facilities = 60 objectives = 2 max_distances = 190 max flows = 99862 overlap =  1.00 seed = 23453464 correlation1 = -0.800 A = -5 B = 5 M = 0 K = 1 m = 100
 0 69 97 18 30 71 113 76 35 97 38 19 72  1 101 31 41 92 29 76 52 90 34 50 72 104 23 75 34 48 32 56 72 29 77 80 88 83 44 45 62 54 70 85 20 52 30 71 79 47 28 92 29 50 38 68 61 28  4 76 
69  0 31 60 50  2 101 12 43 30 77 86 54 68 60 39 27 144 83 128 115 21 47 30  8 50 61 72 38 68 91 35  9 62 71 28 54 14 41 33 18 19 87 86 50 28 40 12 94 99 49 132 49 24 103 18 78 41 66 26 
97 31  0 84 73 29 95 34 65 30 97 112 57 96 44 69 57 162 113 146 145 19 69 60 25 59 85 76 63 84 114 49 25 93 98 48 74 21 60 54 35 43 96 88 80 47 67 25 101 120 73 145 72 47 133 45 89 69 94 26 
18 60 84  0 12 62 94 69 19 89 25 27 54 18 83 29 34 88 47 72 71 81 16 49 61 102  5 57 22 31 31 39 61 41 86 77 90 74 27 30 49 42 53 67 23 37 20 59 62 42 11 83 12 37 57 63 44 21 14 61 
30 50 73 12  0 52 85 61  8 81 27 39 43 29 71 28 28 94 57 78 82 71  4 46 51 96 11 48 14 26 41 27 51 47 87 71 87 64 15 19 38 32 49 60 27 26 16 49 57 49  3 85  1 27 68 57 39 18 25 49 
71  2 29 62 52  0 101 12 44 28 79 88 54 70 59 42 30 146 85 129 117 19 49 32  7 49 63 73 40 70 93 36  8 64 72 28 54 12 42 34 19 20 88 87 53 29 42 11 94 101 51 134 51 25 105 19 79 43 68 25 
113 101 95 94 85 101  0 114 85 123 80 112 48 113 51 110 102 110 142 101 163 109 83 120 94 149 90 37 93 65 101 71 94 132 166 130 155 106 77 83 84 90 49 28 112 81 98 90 43 92 88 84 86 88 149 118 54 101 108 76 
76 12 34 69 61 12 114  0 53 21 88 94 67 75 70 45 35 155 85 139 117 17 58 29 19 37 71 85 47 80 100 48 20 63 63 16 43 13 53 44 31 31 99 99 56 40 48 23 106 110 59 144 60 35 107 11 91 49 74 37 
35 43 65 19  8 44 85 53  0 73 34 46 39 34 65 25 22 101 60 85 87 63  4 41 43 89 19 48  8 30 49 21 43 47 84 64 82 56  9 11 30 24 52 60 27 18 13 41 60 56  7 92  7 19 74 50 42 16 31 42 
97 30 30 89 81 28 123 21 73  0 108 115 79 96 74 66 56 175 105 158 137 13 77 49 32 28 91 99 67 98 121 64 33 83 74 24 47 18 71 63 47 49 115 112 77 58 69 36 122 130 79 162 80 54 127 30 107 70 95 47 
38 77 97 25 27 79 80 88 34 108  0 32 51 38 83 53 56 67 67 50 83 97 30 73 76 124 20 45 42 17 22 48 76 65 111 99 114 90 37 44 62 58 32 51 48 50 43 73 41 23 30 58 29 53 69 85 25 44 34 71 
19 86 112 27 39 88 112 94 46 115 32  0 78 20 109 49 59 73 39 58 51 107 43 70 88 123 28 76 48 47 15 67 88 47 96 100 107 100 54 57 76 69 64 83 39 65 46 86 73 31 39 77 39 64 37 86 57 45 20 88 
72 54 57 54 43 54 48 67 39 79 51 78  0 72 31 62 54 109 99 94 125 66 39 71 48 104 51 19 46 34 73 23 47 86 117 83 107 61 30 35 36 41 40 32 67 32 51 44 43 72 45 89 43 39 111 70 35 54 68 32 
 1 68 96 18 29 70 113 75 34 96 38 20 72  0 100 30 40 92 29 77 53 89 33 50 71 103 22 75 33 48 33 55 71 28 77 79 87 82 43 44 61 53 70 85 19 51 29 70 79 48 27 92 29 49 39 67 61 27  4 75 
101 60 44 83 71 59 51 70 65 74 83 109 31 100  0 84 72 138 125 124 153 61 67 86 52 102 80 45 69 66 105 45 51 109 130 86 113 59 56 57 47 56 68 52 91 51 75 48 69 104 72 117 71 57 140 78 65 78 96 34 
31 39 69 29 28 42 110 45 25 66 53 49 62 30 84  0 12 117 44 101 75 60 28 21 44 74 33 73 17 54 59 40 44 25 59 50 61 53 33 27 38 29 77 86 11 32 12 45 85 71 25 112 26 26 63 37 67  9 29 53 
41 27 57 34 28 30 102 35 22 56 56 59 54 40 72 12  0 122 56 105 88 48 26 19 31 67 37 67 14 52 65 31 32 37 64 43 59 41 26 19 25 16 74 80 23 22 13 32 82 76 26 114 27 15 76 29 64 14 39 40 
92 144 162 88 94 146 110 155 101 175 67 73 109 92 138 117 122  0 111 16 108 164 97 138 143 190 85 93 108 78 59 113 143 120 169 165 178 157 104 111 129 125 70 89 109 117 109 140 71 46 96 27 95 120 99 151 74 109 91 135 
29 83 113 47 57 85 142 85 60 105 67 39 99 29 125 44 56 111  0 97 32 102 60 56 88 105 51 104 55 77 55 80 88 21 63 84 82 96 69 68 82 72 99 114 34 74 50 89 108 71 54 117 56 70 23 75 90 47 33 96 
76 128 146 72 78 129 101 139 85 158 50 58 94 77 124 101 105 16 97  0 97 147 80 122 127 173 68 80 92 62 43 97 126 105 154 149 162 141 87 95 113 109 57 77 93 101 92 124 59 29 80 25 79 104 87 135 59 93 75 119 
52 115 145 71 82 117 163 117 87 137 83 51 125 53 153 75 88 108 32 97  0 134 86 88 119 136 74 126 84 97 64 108 120 54 88 116 112 128 97 96 112 103 116 134 65 104 80 120 124 79 80 120 82 100 13 107 108 77 57 127 
90 21 19 81 71 19 109 17 63 13 97 107 66 89 61 60 48 164 102 147 134  0 67 46 20 41 82 85 59 87 112 51 21 81 80 29 55  7 60 52 35 39 103 99 71 46 61 24 109 120 70 150 70 44 123 29 95 62 87 33 
34 47 69 16  4 49 83 58  4 77 30 43 39 33 67 28 26 97 60 80 86 67  0 45 47 93 15 46 12 26 45 23 47 49 88 69 86 60 10 15 34 28 48 58 29 22 16 45 57 52  5 87  4 23 73 54 38 18 29 45 
50 30 60 49 46 32 120 29 41 49 73 70 71 50 86 21 19 138 56 122 88 46 45  0 37 53 53 86 32 71 80 48 38 34 46 30 41 41 46 38 38 31 93 99 30 39 30 39 102 92 43 132 45 32 78 18 84 29 50 52 
72  8 25 61 51  7 94 19 43 32 76 88 48 71 52 44 31 143 88 127 119 20 47 37  0 55 62 67 39 66 92 31  1 68 79 35 61 14 39 32 14 19 83 80 55 25 42  4 89 99 50 130 50 24 107 26 74 44 69 18 
104 50 59 102 96 49 149 37 89 28 124 123 104 103 102 74 67 190 105 173 136 41 93 53 55  0 105 122 81 117 133 85 56 84 58 24 28 43 89 81 68 68 137 136 84 77 81 60 144 144 93 181 94 72 128 38 128 81 103 73 
23 61 85  5 11 63 90 71 19 91 20 28 51 22 80 33 37 85 51 68 74 82 15 53 62 105  0 52 23 26 30 38 62 46 91 80 94 75 26 30 49 43 48 62 28 37 23 60 57 39 12 79 12 38 60 66 39 24 18 60 
75 72 76 57 48 73 37 85 48 99 45 76 19 75 45 73 67 93 104 80 126 85 46 86 67 122 52  0 56 28 67 38 66 95 131 100 123 80 40 47 54 57 23 13 75 47 61 62 25 62 51 72 49 54 112 87 21 64 71 52 
34 38 63 22 14 40 93 47  8 67 42 48 46 33 69 17 14 108 55 92 84 59 12 32 39 81 23 56  0 38 53 25 39 40 75 57 73 52 16 12 28 20 61 69 21 19  5 38 69 62 12 100 13 16 71 42 51  8 30 42 
48 68 84 31 26 70 65 80 30 98 17 47 34 48 66 54 52 78 77 62 97 87 26 71 66 117 26 28 38  0 39 35 65 71 113 93 112 80 28 36 52 49 23 37 52 40 42 62 32 38 29 64 27 45 84 79 13 44 44 57 
32 91 114 31 41 93 101 100 49 121 22 15 73 33 105 59 65 59 55 43 64 112 45 80 92 133 30 67 53 39  0 66 92 61 110 108 119 105 54 60 79 73 52 72 50 67 52 90 60 16 42 61 42 68 52 94 47 52 31 89 
56 35 49 39 27 36 71 48 21 64 48 67 23 55 45 40 31 113 80 97 108 51 23 48 31 85 38 38 25 35 66  0 30 65 94 62 85 45 12 13 17 18 52 52 46  9 30 27 58 71 28 98 27 16 95 49 43 33 52 23 
72  9 25 61 51  8 94 20 43 33 76 88 47 71 51 44 32 143 88 126 120 21 47 38  1 56 62 66 39 65 92 30  0 68 80 36 62 14 39 32 13 19 82 80 55 25 42  3 88 99 50 129 50 24 108 27 74 44 69 17 
29 62 93 41 47 64 132 63 47 83 65 47 86 28 109 25 37 120 21 105 54 81 49 34 68 84 46 95 40 71 61 65 68  0 48 62 63 74 56 52 63 54 94 107 20 58 35 69 103 77 44 121 46 52 44 53 85 32 31 78 
77 71 98 86 87 72 166 63 84 74 111 96 117 77 130 59 64 169 63 154 88 80 88 46 79 58 91 131 75 113 110 94 80 48  0 51 30 77 90 83 84 77 136 144 62 85 71 83 145 125 84 169 86 78 84 53 126 69 79 96 
80 28 48 77 71 28 130 16 64 24 99 100 83 79 86 50 43 165 84 149 116 29 69 30 35 24 80 100 57 93 108 62 36 62 51  0 27 28 65 57 46 44 113 114 60 54 56 40 121 119 69 157 70 48 107 14 104 56 79 54 
88 54 74 90 87 54 155 43 82 47 114 107 107 87 113 61 59 178 82 162 112 55 86 41 61 28 94 123 73 112 119 85 62 63 30 27  0 55 85 77 70 66 134 137 69 76 71 66 142 132 84 173 86 69 105 36 124 70 88 80 
83 14 21 74 64 12 106 13 56 18 90 100 61 82 59 53 41 157 96 141 128  7 60 41 14 43 75 80 52 80 105 45 14 74 77 28 55  0 53 46 28 32 97 94 64 40 54 18 103 113 63 144 63 37 117 24 89 55 80 29 
44 41 60 27 15 42 77 53  9 71 37 54 30 43 56 33 26 104 69 87 97 60 10 46 39 89 26 40 16 28 54 12 39 56 90 65 85 53  0  8 25 21 48 53 36 13 21 36 56 60 16 91 15 17 83 51 38 24 40 34 
45 33 54 30 19 34 83 44 11 63 44 57 35 44 57 27 19 111 68 95 96 52 15 38 32 81 30 47 12 36 60 13 32 52 83 57 77 46  8  0 19 13 56 61 33  7 17 30 64 67 18 100 18  8 83 43 47 20 41 31 
62 18 35 49 38 19 84 31 30 47 62 76 36 61 47 38 25 129 82 113 112 35 34 38 14 68 49 54 28 52 79 17 13 63 84 46 70 28 25 19  0  9 69 68 47 12 32 11 75 85 37 115 37 12 99 34 60 35 59 15 
54 19 43 42 32 20 90 31 24 49 58 69 41 53 56 29 16 125 72 109 103 39 28 31 19 68 43 57 20 49 73 18 19 54 77 44 66 32 21 13  9  0 69 71 38 10 24 17 76 80 31 113 31  5 90 30 60 26 50 24 
70 87 96 53 49 88 49 99 52 115 32 64 40 70 68 77 74 70 99 57 116 103 48 93 83 137 48 23 61 23 52 52 82 94 136 113 134 97 48 56 69 69  0 21 75 59 64 79  9 43 52 49 50 65 102 99  9 67 66 70 
85 86 88 67 60 87 28 99 60 112 51 83 32 85 52 86 80 89 114 77 134 99 58 99 80 136 62 13 69 37 72 52 80 107 144 114 137 94 53 61 68 71 21  0 87 61 73 76 17 65 63 65 61 68 120 101 25 76 81 65 
20 50 80 23 27 53 112 56 27 77 48 39 67 19 91 11 23 109 34 93 65 71 29 30 55 84 28 75 21 52 50 46 55 20 62 60 69 64 36 33 47 38 75 87  0 40 16 55 84 63 24 106 26 35 52 48 65 13 19 62 
52 28 47 37 26 29 81 40 18 58 50 65 32 51 51 32 22 117 74 101 104 46 22 39 25 77 37 47 19 40 67  9 25 58 85 54 76 40 13  7 12 10 59 61 40  0 24 23 66 73 26 104 25  7 90 40 50 27 48 23 
30 40 67 20 16 42 98 48 13 69 43 46 51 29 75 12 13 109 50 92 80 61 16 30 42 81 23 61  5 42 52 30 42 35 71 56 71 54 21 17 32 24 64 73 16 24  0 41 73 63 13 101 15 20 67 42 55  3 26 47 
71 12 25 59 49 11 90 23 41 36 73 86 44 70 48 45 32 140 89 124 120 24 45 39  4 60 60 62 38 62 90 27  3 69 83 40 66 18 36 30 11 17 79 76 55 23 41  0 85 96 48 126 48 22 108 30 71 43 68 14 
79 94 101 62 57 94 43 106 60 122 41 73 43 79 69 85 82 71 108 59 124 109 57 102 89 144 57 25 69 32 60 58 88 103 145 121 142 103 56 64 75 76  9 17 84 66 73 85  0 50 61 48 59 72 111 107 18 75 75 75 
47 99 120 42 49 101 92 110 56 130 23 31 72 48 104 71 76 46 71 29 79 120 52 92 99 144 39 62 62 38 16 71 99 77 125 119 132 113 60 67 85 80 43 65 63 73 63 96 50  0 50 45 50 75 67 105 41 63 46 94 
28 49 73 11  3 51 88 59  7 79 30 39 45 27 72 25 26 96 54 80 80 70  5 43 50 93 12 51 12 29 42 28 50 44 84 69 84 63 16 18 37 31 52 63 24 26 13 48 61 50  0 88  2 26 67 55 42 15 24 49 
92 132 145 83 85 134 84 144 92 162 58 77 89 92 117 112 114 27 117 25 120 150 87 132 130 181 79 72 100 64 61 98 129 121 169 157 173 144 91 100 115 113 49 65 106 104 101 126 48 45 88  0 87 109 110 142 55 103 90 119 
29 49 72 12  1 51 86 60  7 80 29 39 43 29 71 26 27 95 56 79 82 70  4 45 50 94 12 49 13 27 42 27 50 46 86 70 86 63 15 18 37 31 50 61 26 25 15 48 59 50  2 87  0 26 68 55 40 17 25 49 
50 24 47 37 27 25 88 35 19 54 53 64 39 49 57 26 15 120 70 104 100 44 23 32 24 72 38 54 16 45 68 16 24 52 78 48 69 37 17  8 12  5 65 68 35  7 20 22 72 75 26 109 26  0 87 34 55 22 46 26 
38 103 133 57 68 105 149 107 74 127 69 37 111 39 140 63 76 99 23 87 13 123 73 78 107 128 60 112 71 84 52 95 108 44 84 107 105 117 83 83 99 90 102 120 52 90 67 108 111 67 67 110 68 87  0 97 95 64 43 114 
68 18 45 63 57 19 118 11 50 30 85 86 70 67 78 37 29 151 75 135 107 29 54 18 26 38 66 87 42 79 94 49 27 53 53 14 36 24 51 43 34 30 99 101 48 40 42 30 107 105 55 142 55 34 97  0 90 42 66 44 
61 78 89 44 39 79 54 91 42 107 25 57 35 61 65 67 64 74 90 59 108 95 38 84 74 128 39 21 51 13 47 43 74 85 126 104 124 89 38 47 60 60  9 25 65 50 55 71 18 41 42 55 40 55 95 90  0 57 57 63 
28 41 69 21 18 43 101 49 16 70 44 45 54 27 78  9 14 109 47 93 77 62 18 29 44 81 24 64  8 44 52 33 44 32 69 56 70 55 24 20 35 26 67 76 13 27  3 43 75 63 15 103 17 22 64 42 57  0 25 49 
 4 66 94 14 25 68 108 74 31 95 34 20 68  4 96 29 39 91 33 75 57 87 29 50 69 103 18 71 30 44 31 52 69 31 79 79 88 80 40 41 59 50 66 81 19 48 26 68 75 46 24 90 25 46 43 66 57 25  0 72 
76 26 26 61 49 25 76 37 42 47 71 88 32 75 34 53 40 135 96 119 127 33 45 52 18 73 60 52 42 57 89 23 17 78 96 54 80 29 34 31 15 24 70 65 62 23 47 14 75 94 49 119 49 26 114 44 63 49 72  0 

 0  6 498  2  0  0 154  3  0 162  0 868  0  0  2 2172 23478  0  0 27  0  0  0 10433  0 846  7  0 364  0  0 35240  0  0  0 43398  0  0 19 574  0  0  0 184 51352 46527  0  0  0  4 7172  0 38 909  0  1 412  0 138 13765 
 6  0 6659 44  0 203  0  0 1132  0  1 863  0  0 417  5 81 74098  0  0  0 164 22227 457 21  0  0  0  0  0 2930  0  0 30425  0  0 43  1 138 60509  0 81376 10158  0 10  0  5  0  0 22077  2  0 10568  0 3929 63712 13823  7 19191 19 
498 6659  0 385 18992  0  0  0 468 8995  0 10947  0  0  0 65744 5087  0  0 14566 12  0 2365 16 3130 52703  9  0  0  0  0  0  0  0  0 6211  0 37269  0 82  3 1803  0  7  0 3594  0  0 7163 44  6  0  0  2 41397  0 91475 122 2999  0 
 2 44 385  0  0  0  0  0 38972  0 18  0  0  0  0  0 40349  0 66271 3018  0 259 3041 2686  0  0 10283 15210  0 286 18 511  1 7817 91 368  0 968  0  0  0  0  0  0  1 111  1 14816  0  0 1071  0  0  5  0 62 2485  0  0  0 
 0  0 18992  0  0 39  1  0  1 1596  0  0  0  2  0  7 53  0  0 17795  0  0 63 212  0  4  9  0 8678  0  0 14525 792  3 507  3 5081  0  0  0  0  1  0 66552 13 26802 52578  0 6335  0  0 14847 16576 1079  0 56575  0 834  0  0 
 0 203  0  0 39  0  0  0  0 12  0 139  0 61 4881 37  0  3  0  0 5163 39  0  0  0 708  0  0  0  0 542  0 564  0 287  0  0  0 2176 17686 58 475 506 21086  3 41079 2618  0 3072 9629  0 18 32  0 5990  0 1162 75774 1130 121 
154  0  0  0  1  0  0  0 5552  0 11  7 1481 11518  3 39 110  0  0  0  0 92  0  2  0 22666  0  0  0 1843  0  0 25  0  0 24 331  0  0  0 11240  0  0  0  0 78928 320 64  0 414 2607 10 10021 55704  0  0 42 462  0 4442 
 3  0  0  0  0  0  0  0 5468  0  0 9802  0  0 24 3503  0  0 5216  0 20 354 19853  5  0  0 11 195  0  0  0 68033 14  0 1502  0 4986  0  0 39  2  7  0 47 1541 6423  0  0 8349  0 44905  0  0  2 10778 29951  8  0 38  0 
 0 1132 468 38972  1  0 5552 5468  0  0  0 65979  0  1  3  0  0  0  0  0  0  0 248 138 169 2487  0  1  0 32  0  0  0  0  0  0  0 9758 7799  0  0  1  0  0 149  0  0  0  0  0  0 1019  0 1387  0  0  0  0 3255  8 
162  0 8995  0 1596 12  0  0  0  0  0  0 50  2 6151  1  0 5306  0 14  0  0 163  1  0 126  0  0  0  1 35  0 7558  0  0  0  0 100 19 7063  0  0  0 301  0 4767  0  0  0 726 3796 134  0  0 19012  0 10  0 2159 10033 
 0  1  0 18  0  0 11  0  0  0  0  0  0  0  0 39  0 218  0 1069  0 50  9 16  0 16 46268  0 38  0 13  1 12 55370 14362  0  0 349 2524  0  0 1551  0  0 949 2598 165  0 21571 15  0 104  0  0  0  0  0 84  0 24 
868 863 10947  0  0 139  7 9802 65979  0  0  0  0  0 223  0 54094  0 21298 272 899  0  5 55431 89 18  0  0 40  0  0  0 12360  0 65  0 98330  0  0 2115 42  0  0 37  0  0  6  4  0  0  0 8689 64361  1  6  6  1  6  5  0 
 0  0  0  0  0  0 1481  0  0 50  0  0  0  0  0 110  0 18  0 52718 40553 844  0  4 12 57  1  0  0  2  0  0  5  0  0 19  0 31329 8308  0 31  0  0  0  0  0 233 171 11492 38 11  0  0  1  0 848  0  0 66 105 
 0  0  0  0  2 61 11518  0  1  2  0  0  0  0  0  0 1028  0 27609  0  0  0 25  0 13440  0  0 87880  0  0 7557  0 227  0  0  0 1052  0  0  0 965 2576  0  0 34  0  0  0  2 31  0  0 468  0  4  0 392 300  0  0 
 2 417  0  0  0 4881  3 24  3 6151  0 223  0  0  0 145 529  0 13 25056 39469  0  0  0 12  1 3454  0 60  0 39083  0  0  0  0  2 109 13 457  0  0  0 872  0  1 40570 636 175 100  0  0  0 486  0 1545 295  0 244  0 26 
2172  5 65744  0  7 37 39 3503  0  1 39  0 110  0 145  0 2985  0 55494 577  3 15919  0 168 33236  0 8303 30  0  1  0  0  1  0 28184  0  7 804  0  0 45  0 381 1078 13856 16550  0 1366  0  0  0  0  0  0 873 796  5  0  0 20289 
23478 81 5087 40349 53  0 110  0  0  0  0 54094  0 1028 529 2985  0 27 41  0  5  0 113 16423  0  0  0  1 6618  0  0  0 29021 1090  0  0 640  0  0 70790  0  0  0  0  0  0 180  8 129  0  0  0  0 55  0  0  0 73419 34  0 
 0 74098  0  0  0  3  0  0  0 5306 218  0 18  0  0  0 27  0  0  0  0  0  0  0  0 559  0 6066  2  0 7901  0  0  0 98  0  1  0  3  0 354 233  0 86247  1  0  0  2 17  0  0  0 1539  0 41  0  0 24 9725  0 
 0  0  0 66271  0  0  0 5216  0  0  0 21298  0 27609 13 55494 41  0  0 101  0  0  0  0  0  0  0  0  0  0 91850 98723  0 1112  0 775 30802  1  0 1853  0  0 91  5  0  4 118  0  1  0  0  0 17573 36  0  0  0 27  2 71 
27  0 14566 3018 17795  0  0  0  0 14 1069 272 52718  0 25056 577  0  0 101  0  0 7741  5  0  3  0 54281  0  0 88904  3  1  0  0  0  0 28 657  0  0 11760 1993 2823  0  0  0 252  2  0  0  0 22  0  0  0  2  0 2046 23  0 
 0  0 12  0  0 5163  0 20  0  0  0 899 40553  0 39469  3  5  0  0  0  0  0 2207  0  0  0  0  0 29824  0 62162 19  0  0 99 2718 45  0  0 457  0  0  0 32479 4544  0 195  4 568  0 902  0  3  0  0 169 3031 135 10352 12285 
 0 164  0 259  0 39 92 354  0  0 50  0 844  0  0 15919  0  0  0 7741  0  0 33  0  4  4  0  0 12  1  0  0 86  0 282  0 21586  1 7532 82299 62842  2  0 1179  0 15310  0  1  1 1728  0  0 18807  1 74 87109  0 299 89 96403 
 0 22227 2365 3041 63  0  0 19853 248 163  9  5  0 25  0  0 113  0  0  5 2207 33  0 2704  0 26018 161 31611  0  1  0 915 10  0  2  0  0  0  0  0 542  0 678  0  0  0  0 64  3  2  0 15712  0 89284 1757  0 6675 151  0  0 
10433 457 16 2686 212  0  2  5 138  1 16 55431  4  0  0 168 16423  0  0  0  0  0 2704  0  0  0 50910  0 5774 83309  0 1092  0 4724 76656  0  0 1900 77639 80  1  0  0  6 23791 1263  0  1 81409  0  0 1876  0 23293  0 132  7  6 47582  0 
 0 21 3130  0  0  0  0  0 169  0  0 89 12 13440 12 33236  0  0  0  3  0  4  0  0  0  0 137  9  0  0  0  0  0 3665 73  3  0  0 2965 48673 3265 84  0  8  0  0 93  0 358  2  0 4378  9  6  0  0  0 1197  0 11506 
846  0 52703  0  4 708 22666  0 2487 126 16 18 57  0  1  0  0 559  0  0  0  4 26018  0  0  0 1984 77 137  0  0  0 12 2218  0 36725  0  0 1325 451  0  0  0  0 182  0 173  0  0  0  0  0  0  0 100  5 259  0  0  0 
 7  0  9 10283  9  0  0 11  0  0 46268  0  1  0 3454 8303  0  0  0 54281  0  0 161 50910 137 1984  0  0  4  0  0 146 90900  0 10  0 5458  0  0  8 323 834 49418 1840 470 2874 827  0  0  0 10874 1229  0  0 359  0 59 5880  4  0 
 0  0  0 15210  0  0  0 195  1  0  0  0  0 87880  0 30  1 6066  0  0  0  0 31611  0  9 77  0  0  0  0  0  0 2412 42 2993  0  0  0  0  0  0 3410  0  0  0  0  0  0  2  9 1722 1434  0 14  0  0  0  0  0  0 
364  0  0  0 8678  0  0  0  0  0 38 40  0  0 60  0 6618  2  0  0 29824 12  0 5774  0 137  4  0  0 1691  0  0  0 63630 16  8 4967  0 4339 2617 396  0 8444  0  0 26433 864 8267 2684  0 28 16095  0  0  0  0  0 2694 2313 225 
 0  0  0 286  0  0 1843  0 32  1  0  0  2  0  0  1  0  0  0 88904  0  1  1 83309  0  0  0  0 1691  0  0  3  0 854  5  0  0  0  0  8 25  0  1 81 16171  0  0  0 18 91540 209 126  0 27 13  0  0 92603  0 249 
 0 2930  0 18  0 542  0  0  0 35 13  0  0 7557 39083  0  0 7901 91850  3 62162  0  0  0  0  0  0  0  0  0  0 22 123  0  0  0  1  2  0 142 645 39793 98  0  0  0  0  0 17760 25  0  0  0  0 13 27203  0 26587 12160  0 
35240  0  0 511 14525  0  0 68033  0  0  1  0  0  0  0  0  0  0 98723  1 19  0 915 1092  0  0 146  0  0  3 22  0  0  0  0  0  0  0 43 102 256 1856 144 1342  0  4  0 144  0 2058 122 4589 1115 5575  0 29  0  1  0 51338 
 0  0  0  1 792 564 25 14  0 7558 12 12360  5 227  0  1 29021  0  0  0  0 86 10  0  0 12 90900 2412  0  0 123  0  0  0  0 95840 443 27  0  0 37986  1  0  0 46456  0  0  0  0  0  0 1065  2 8830 1919  0  0 7148  0 3866 
 0 30425  0 7817  3  0  0  0  0  0 55370  0  0  0  0  0 1090  0 1112  0  0  0  0 4724 3665 2218  0 42 63630 854  0  0  0  0 6804 9312 305  0  0 23638  0  0  0  0 29  0  5  0  0 21408 86513 294 1554  0  0 34  2 97696  0 205 
 0  0  0 91 507 287  0 1502  0  0 14362 65  0  0  0 28184  0 98  0  0 99 282  2 76656 73  0 10 2993 16  5  0  0  0 6804  0  0  0 399  9  0 214  0 2697  0 23  0  0  0  0  0  3  0  0  0 227 2139  0 41219 11  0 
43398  0 6211 368  3  0 24  0  0  0  0  0 19  0  2  0  0  0 775  0 2718  0  0  0  3 36725  0  0  8  0  0  0 95840 9312  0  0  0  0  0 183  0  0 1497  0 6982 17  0 2439 22  0 1914  0  0 1403 209 86 3604  0 12206 31 
 0 43  0  0 5081  0 331 4986  0  0  0 98330  0 1052 109  7 640  1 30802 28 45 21586  0  0  0  0 5458  0 4967  0  1  0 443 305  0  0  0  0 4634  0  0 67 48930 9983  0 15  0 16  0  0 60 5302  0 1488  1  0  0  0  6  0 
 0  1 37269 968  0  0  0  0 9758 100 349  0 31329  0 13 804  0  0  1 657  0  1  0 1900  0  0  0  0  0  0  2  0 27  0 399  0  0  0  0 444  0  0  0  0  3  0 12  0  0  0 2487  4 1074  0 558 2116  0 44  0  0 
19 138  0  0  0 2176  0  0 7799 19 2524  0 8308  0 457  0  0  3  0  0  0 7532  0 77639 2965 1325  0  0 4339  0  0 43  0  0  9  0 4634  0  0  0  0 214  5  0  0 3315 20012 70  0  0  0  0 11 30609  0  4 405  3  0  0 
574 60509 82  0  0 17686  0 39  0 7063  0 2115  0  0  0  0 70790  0 1853  0 457 82299  0 80 48673 451  8  0 2617  8 142 102  0 23638  0 183  0 444  0  0  0 7770  0 39100  2  0  0  0  0  0  0  0 500 137  0  0 527  0  2 1555 
 0  0  3  0  0 58 11240  2  0  0  0 42 31 965  0 45  0 354  0 11760  0 62842 542  1 3265  0 323  0 396 25 645 256 37986  0 214  0  0  0  0  0  0 3499 2446 16 75466 23414 1054  0 148 3109 102  0 12  0  0  0  0  0  0  0 
 0 81376 1803  0  1 475  0  7  1  0 1551  0  0 2576  0  0  0 233  0 1993  0  2  0  0 84  0 834 3410  0  0 39793 1856  1  0  0  0 67  0 214 7770 3499  0  0 97  0  0  0  0 32  0  0 273  0  1  0  0  0  0 44  0 
 0 10158  0  0  0 506  0  0  0  0  0  0  0  0 872 381  0  0 91 2823  0  0 678  0  0  0 49418  0 8444  1 98 144  0  0 2697 1497 48930  0  5  0 2446  0  0 60 18226  0 17 1609  0  0  0  0  0  0  0  0 97 154 1641 90017 
184  0  7  0 66552 21086  0 47  0 301  0 37  0  0  0 1078  0 86247  5  0 32479 1179  0  6  8  0 1840  0  0 81  0 1342  0  0  0  0 9983  0  0 39100 16 97 60  0  0  0 13372  2 21  5  0  0  1  0 17  0 17 2926 1246  0 
51352 10  0  1 13  3  0 1541 149  0 949  0  0 34  1 13856  0  1  0  0 4544  0  0 23791  0 182 470  0  0 16171  0  0 46456 29 23 6982  0  3  0  2 75466  0 18226  0  0  0 571 11 253  8  0  0  0  0 18  1 91 13  0 82 
46527  0 3594 111 26802 41079 78928 6423  0 4767 2598  0  0  0 40570 16550  0  0  4  0  0 15310  0 1263  0  0 2874  0 26433  0  0  4  0  0  0 17 15  0 3315  0 23414  0  0  0  0  0  0  0 49245  0  4 1908  0  0 22289 13 2166 11  0  0 
 0  5  0  1 52578 2618 320  0  0  0 165  6 233  0 636  0 180  0 118 252 195  0  0  0 93 173 827  0 864  0  0  0  0  5  0  0  0 12 20012  0 1054  0 17 13372 571  0  0  0  0 120  0  0 1277  0  6 37 12  0 1071 42 
 0  0  0 14816  0  0 64  0  0  0  0  4 171  0 175 1366  8  2  0  2  4  1 64  1  0  0  0  0 8267  0  0 144  0  0  0 2439 16  0 70  0  0  0 1609  2 11  0  0  0 291 2735 562  9  0  0 6140 158  3  0  0  0 
 0  0 7163  0 6335 3072  0 8349  0  0 21571  0 11492  2 100  0 129 17  1  0 568  1  3 81409 358  0  0  2 2684 18 17760  0  0  0  0 22  0  0  0  0 148 32  0 21 253 49245  0 291  0 80 40337  0  0 446  0  0  2  0 2925  0 
 4 22077 44  0  0 9629 414  0  0 726 15  0 38 31  0  0  0  0  0  0  0 1728  2  0  2  0  0  9  0 91540 25 2058  0 21408  0  0  0  0  0  0 3109  0  0  5  8  0 120 2735 80  0  0 2029  2 25589 17 2446  0  0  0  0 
7172  2  6 1071  0  0 2607 44905  0 3796  0  0 11  0  0  0  0  0  0  0 902  0  0  0  0  0 10874 1722 28 209  0 122  0 86513  3 1914 60 2487  0  0 102  0  0  0  0  4  0 562 40337  0  0  0 1030 5746  0  0 72509 93  0 62467 
 0  0  0  0 14847 18 10  0 1019 134 104 8689  0  0  0  0  0  0  0 22  0  0 15712 1876 4378  0 1229 1434 16095 126  0 4589 1065 294  0  0 5302  4  0  0  0 273  0  0  0 1908  0  9  0 2029  0  0 44 12284  2  0  0 26637  8 205 
38 10568  0  0 16576 32 10021  0  0  0  0 64361  0 468 486  0  0 1539 17573  0  3 18807  0  0  9  0  0  0  0  0  0 1115  2 1554  0  0  0 1074 11 500 12  0  0  1  0  0 1277  0  0  2 1030 44  0  0 9998 5223  0 6828  0  0 
909  0  2  5 1079  0 55704  2 1387  0  0  1  1  0  0  0 55  0 36  0  0  1 89284 23293  6  0  0 14  0 27  0 5575 8830  0  0 1403 1488  0 30609 137  0  1  0  0  0  0  0  0 446 25589 5746 12284  0  0  9  8  0  6 45128  0 
 0 3929 41397  0  0 5990  0 10778  0 19012  0  6  0  4 1545 873  0 41  0  0  0 74 1757  0  0 100 359  0  0 13 13  0 1919  0 227 209  1 558  0  0  0  0  0 17 18 22289  6 6140  0 17  0  2 9998  9  0  0 1226  0  0  0 
 1 63712  0 62 56575  0  0 29951  0  0  0  6 848  0 295 796  0  0  0  2 169 87109  0 132  0  5  0  0  0  0 27203 29  0 34 2139 86  0 2116  4  0  0  0  0  0  1 13 37 158  0 2446  0  0 5223  8  0  0  0  0  0  0 
412 13823 91475 2485  0 1162 42  8  0 10  0  1  0 392  0  5  0  0  0  0 3031  0 6675  7  0 259 59  0  0  0  0  0  0  2  0 3604  0  0 405 527  0  0 97 17 91 2166 12  3  2  0 72509  0  0  0 1226  0  0  0  0  0 
 0  7 122  0 834 75774 462  0  0  0 84  6  0 300 244  0 73419 24 27 2046 135 299 151  6 1197  0 5880  0 2694 92603 26587  1 7148 97696 41219  0  0 44  3  0  0  0 154 2926 13 11  0  0  0  0 93 26637 6828  6  0  0  0  0  0  0 
138 19191 2999  0  0 1130  0 38 3255 2159  0  5 66  0  0  0 34 9725  2 23 10352 89  0 47582  0  0  4  0 2313  0 12160  0  0  0 11 12206  6  0  0  2  0 44 1641 1246  0  0 1071  0 2925  0  0  8  0 45128  0  0  0  0  0 13 
13765 19  0  0  0 121 4442  0  8 10033 24  0 105  0 26 20289  0  0 71  0 12285 96403  0  0 11506  0  0  0 225 249  0 51338 3866 205  0 31  0  0  0 1555  0  0 90017  0 82  0 42  0  0  0 62467 205  0  0  0  0  0  0 13  0 

 0  0  0  0 51  2  0  0 13690  0 1344  0 2169 1096  0  0  0  0  3  0 3757 21  0  0 38601  0  0 3731  0  0 10381  0 4179 11344 29  0 216 93  0  0 49281  0 997  0  0  0 6061 12 3457  0  0 1715  0  0 71  0  0 37  0  0 
 0  0  0  0  0  0  0 206  0 1297  0  0 89844 301  0  1  0  0 722 57 7687  0  0  0  0  4 418  0 236 812  0  4 161  0  7  0  0 35  0  0 530  0  0 19955  0 73  0 168 32401  0  2 55071  0  0  0  0  0  0  0  0 
 0  0  0  0  0 39794 36564 25  0  0 83577  0  0  0 1812  0  0 20957 30  0  0  0  0  0  0  0  0  1 3997 93  6 247 15979 795 266  0 1175  0  2  0  0  0 25  0 30355  0  1  5  0  0  0 337 2003  0  0 23446  0  0  0 5302 
 0  0  0  0  0 75899  1 22  0 10805  0 353 1576  0 394 48301  0 583  0  0  0  0  0  0  0 81255  0  0 37424  0  0  0  0  0  0  0  0  0 5188 7967 22919  9 94071  0  0  0  1  0 57 1977  0 35881 347  0 1291  0  0  2 538 312 
51  0  0  0  0  0  2 71  0  0 1085  1  9 19 1647  0  0 11833  0  0 3426 23  0  0 49  0  0 115  0 7498 34511  0  0  0  0  0  0 2288  3  2 2052  0 28936  0  1  0  0  2  0  0 37117  0  0  0  2  0  4  0 176 8015 
 2  0 39794 75899  0  0  0 100  2  0  0  0 19  0  0  0  3  0 33059 33719  0  0 810 5624  0  0 34348  8  2  0  0 1486  0 64  0  0 31 1201  0  0  0  0  0  0  0  0  0 24158  0  0 13  0  0 56035  0 10  0  0  0  0 
 0  0 36564  1  2  0  0 1552  0 289  0  0  0  0  7  0  0  3  2 44288 1229  0 2474  0 2883  0 17 1375 99790  0  2 22335  0 153 13109  0  0 26581 86 32  0 2107 15446 206 30824  0  0  0  0  0  0  0  0  0 476 15068  0  0 25  0 
 0 206 25 22 71 100 1552  0  0  2 285  0 58412  5  0  0  0  7  0 71  0  0  0  0 252 53622  0  0 12017 16 63896  0  0 2603  0 58546  0  8 836  0  0  0  0  0  0  0 3372 10  0 536  0 9591 24637  0  0  0 80 3742  0  4 
13690  0  0  0  0  2  0  0  0 43993  3  0 32  0  0  2  0 11128 23 890  0 978  0  0  0  0 16448  0 153  0 3865  0 4727 5560 26  0  3  0  0 71561 56665 27 381  6  0 348 3076  3 5023 9480 10  0 6733  0 17 35 1311  0  0  0 
 0 1297  0 10805  0  0 289  2 43993  0  0 902  0  3  0  0 10  0 6053  3 42734  0  0 21 8856  0 387 84 1941  2  0  1  0  6 12481 34 260  0  0  0 8278  1 9624  0  9  0 318 53045 302  0  0  0 2707 169  0 134  1 48439  0  0 
1344  0 83577  0 1085  0  0 285  3  0  0 99589 16 11 25340  0 3064  0 884  0 49883  0  0  0 674  0  0 65298  0 20542  2  0  0  0  0 99817 30  0  0 68321 4451  0  1 69442  0  0  0 1642  0  0 18  0 93059 377 34  6  2  0 28157  0 
 0  0  0 353  1  0  0  0  0 902 99589  0 80774  9  0 6838  0 1485  0  0  0  7  0  0  0  0 6879 275  0 901 105  0  0 25  3 6955  0 2300 532  0  0 49995 537  0 33768 85  0  1 52273 1355 219  0  0  7  0  1  0 15  7 954 
2169 89844  0 1576  9 19  0 58412 32  0 16 80774  0 54 28  0 252  1 2592  0  0  0 126  0  0  0  0 17 288  0  9 521  2 800 184  0 16  0  0 12423  0  0 16  9 1304 299  0  0  0  0  0 23 3392 255 74  0 2952 2825  0  0 
1096 301  0  0 19  0  0  5  0  3 11  9 54  0 2432  6  0 13650  0 1131 7128  3  0 8178  0 28472 407  0 6084 1444  0 18377  0 552 700  1  0 628 844 10  0  0 73811 2939  0 2194 16750 511  0  0  2 3635  0  3  0 8181  0  0 3051  3 
 0  0 1812 394 1647  0  7  0  0  0 25340  0 28 2432  0  0  0 9375  0  0  0 8010  1 315  0  0  0 182  0 529  0 52  0 24 233  0  0  0  0 2012 855 3498  0 26  0  0  0  0  0 10623 59  8  0  0  0  0 570  0  0  4 
 0  1  0 48301  0  0  0  0  2  0  0 6838  0  6  0  0  0 20  0  0  0  0 59  0  0 907  0  0 3080  0  5 91398  2  9  0 2649  0  0  2 5416  0 474  0  0  0  0 2341  0  0 94 344 20614 10668 15  0  0  0 18410  3  0 
 0  0  0  0  0  3  0  0  0 10 3064  0 252  0  0  0  0  0  0 10  5 852  0  0 884 1889 141  0  0 1716 257 340  0  0  4  0  0 6563 5225  0 82 20  0 79 56 66  0 50  0 551  3 127  0  0 294 10240 2833  0  0 31 
 0  0 20957 583 11833  0  3  7 11128  0  0 1485  1 13650 9375 20  0  0 27830 30456 14697 5162  2 37 247  0 1484  0  0 13  0 257 295 34771  0 336  0 35853  1  7  0  0  0  0  0 62 59  4 25 23 457  3  0 106  0 9019 46  0  0 70871 
 3 722 30  0  0 33059  2  0 23 6053 884  0 2592  0  0  0  0 27830  0  0 12493 15090 12 1855 11 394 54 1664 9123 105  0  0 741  0  9  0  0  0 18  0 20926  6  0  1 194  1  0 28  1 1333 4001 1031  0  0 3787 13696 1372  0  0  0 
 0 57  0  0  0 33719 44288 71 890  3  0  0  0 1131  0  0 10 30456  0  0 786  0  0 2827 40 1082  0 817 44734  0  0  0  2 1212 784 3111  0  0 44 22  0  0  0 32351 1600 84  0  1 1625 177  0  0 62 77445 71  0 49  0  0  6 
3757 7687  0  0 3426  0 1229  0  0 42734 49883  0  0 7128  0  0  5 14697 12493 786  0 37  0 435 659 59 954 126  0  1  0  0 7093 5788  0  0  0 6285  0  0 354 51  1  0  0 476  0  0  0  5  0 690  0 346  3  0  0  0  0  0 
21  0  0  0 23  0  0  0 978  0  0  7  0  3 8010  0 852 5162 15090  0 37  0  0 87  0 29 3313 21796  0  2  3  0  0 1222  0 12676  0  0  0  0  0  0 6307  0 40645  0 74  1  0  0 24152  0  0  0  0  0 82864  0  0  0 
 0  0  0  0  0 810 2474  0  0  0  0  0 126  0  1 59  0  2 12  0  0  0  0  0  7  0  0  0  3 305 82965  0 12 2064  0 170  1  0  0 184  0  0  0 21 584  2 626  0  1  0 27  0 151  0  0 554  0  0  2  8 
 0  0  0  0  0 5624  0  0  0 21  0  0  0 8178 315  0  0 37 1855 2827 435 87  0  0 13  0  0 22735  0  0  4  0 1123  0  0 502 1912  0  0  0  0 26 1422  1  0  0 9513  3  0  0 152  0 8882  0  0  0  0  0  0  0 
38601  0  0  0 49  0 2883 252  0 8856 674  0  0  0  0  0 884 247 11 40 659  0  7 13  0 78  0  0  0 36 1281  2 443  0  0  0 53959 165  0  0  0  0 170  0 974 26  0 29  0  0  0  0  0  0 116  0  0  0  6  0 
 0  4  0 81255  0  0  0 53622  0  0  0  0  0 28472  0 907 1889  0 394 1082 59 29  0  0 78  0  0  0  0  6  2  6  0  0  0  0 18857  3  0  0  0  4 27278 28  0 75  0  0  5 26 35 54633  2 10229  0  0  0  3 80  1 
 0 418  0  0  0 34348 17  0 16448 387  0 6879  0 407  0  0 141 1484 54  0 954 3313  0  0  0  0  0 15685  0 3611 55  0  0 1209  0 1708  0 4488  0  0  0  0  0  0  0  0  0 34 77270 10937  0  0 1968 66839  0 25787  0  0 20 29 
3731  0  1  0 115  8 1375  0  0 84 65298 275 17  0 182  0  0  0 1664 817 126 21796  0 22735  0  0 15685  0  1  0 886 155  0  0  0 391 13 108 36  0 194  0  0 414 54 7289 41 10539  1  0  0  0 408  0 29  6 277 7479 9839 130 
 0 236 3997 37424  0  2 99790 12017 153 1941  0  0 288 6084  0 3080  0  0 9123 44734  0  0  3  0  0  0  0  1  0  0 86  0 29  0  0  1  0  1  0  0  0 4637  0 1350  3  0  0  0  0 1478  0  0 303 16828  4  0 13397  0  0  0 
 0 812 93  0 7498  0  0 16  0  2 20542 901  0 1444 529  0 1716 13 105  0  1  2 305  0 36  6 3611  0  0  0 298  0 18  0  0 17 20 2303 38929  0  0 1238  0  0  0 69 6267 5857  0  0  0  0  4  0  0  2 14067  0 53399  0 
10381  0  6  0 34511  0  2 63896 3865  0  2 105  9  0  0  5 257  0  0  0  0  3 82965  4 1281  2 55 886 86 298  0  0  0  4 178 182  2  1 392  0  0  0  0 97771 223 1867 127 21  0  0 6440 2819 66 3596  0  0 39  0  0 69971 
 0  4 247  0  0 1486 22335  0  0  1  0  0 521 18377 52 91398 340 257  0  0  0  0  0  0  2  6  0 155  0  0  0  0 26 877 15180 36186 497  1  0  0  0  0  0  0 69690  0 11979  0 41259  0  0  0  0  0 5342  0 3837  1  0  0 
4179 161 15979  0  0  0  0  0 4727  0  0  0  2  0  0  2  0 295 741  2 7093  0 12 1123 443  0  0  0 29 18  0 26  0  2  0  0  0  0 25 37913  0  0 1421 15629  0  0  9 3053 14881  4 48354  0  0  0  0 12 28  0 47496  0 
11344  0 795  0  0 64 153 2603 5560  6  0 25 800 552 24  9  0 34771  0 1212 5788 1222 2064  0  0  0 1209  0  0  0  4 877  2  0  0  0  0 2208 279  0 1562 9201  2 10342  0  2  0  0 11265  0  0  0  0 5970 19  0 33  0 103  0 
29  7 266  0  0  0 13109  0 26 12481  0  3 184 700 233  0  4  0  9 784  0  0  0  0  0  0  0  0  0  0 178 15180  0  0  0 1760  0  0  0 35  0 13986  0 35  0  0 11 100 85811 29  2  6 6195 746  0  0 45360  0  0 195 
 0  0  0  0  0  0  0 58546  0 34 99817 6955  0  1  0 2649  0 336  0 3111  0 12676 170 502  0  0 1708 391  1 17 182 36186  0  0 1760  0 78210  2 130  0 4784 219  0 155  0  0  0  0  0  1  0 66997 3909  0  0  0  0 38  0  0 
216  0 1175  0  0 31  0  0  3 260 30  0 16  0  0  0  0  0  0  0  0  0  1 1912 53959 18857  0 13  0 20  2 497  0  0  0 78210  0 24783  0 16 7412  0  0  0  2  0 9081  0 197 302  0  0 16524  0  0 711 1120  0  0 29168 
93 35  0  0 2288 1201 26581  8  0  0  0 2300  0 628  0  0 6563 35853  0  0 6285  0  0  0 165  3 4488 108  1 2303  1  1  0 2208  0  2 24783  0 6759  0 200 145 2203 49741 11 11  1 3106 42 10  0  0  0  1  0  0 26  0 989  8 
 0  0  2 5188  3  0 86 836  0  0  0 532  0 844  0  2 5225  1 18 44  0  0  0  0  0  0  0 36  0 38929 392  0 25 279  0 130  0 6759  0 10 3641  0  0 83010 1859  0  0  0 159  0 41 19365  0  0 86  0  0  0 959 88 
 0  0  0 7967  2  0 32  0 71561  0 68321  0 12423 10 2012 5416  0  7  0 22  0  0 184  0  0  0  0  0  0  0  0  0 37913  0 35  0 16  0 10  0 354  0 252  0  2 772 29  0 2383 113 34369  0  0  0 29653 12  0 20  0  0 
49281 530  0 22919 2052  0  0  0 56665 8278 4451  0  0  0 855  0 82  0 20926  0 354  0  0  0  0  0  0 194  0  0  0  0  0 1562  0 4784 7412 200 3641 354  0  0  0  0  0  0  0 4141  0  0  0 4380  0 47 7126  7  7 14 3782 75 
 0  0  0  9  0  0 2107  0 27  1  0 49995  0  0 3498 474 20  0  6  0 51  0  0 26  0  4  0  0 4637 1238  0  0  0 9201 13986 219  0 145  0  0  0  0 2642  0 1127 10284  0 69  0 247 138  0  1  3 14117 63 6742 11  0 89 
997  0 25 94071 28936  0 15446  0 381 9624  1 537 16 73811  0  0  0  0  0  0  1 6307  0 1422 170 27278  0  0  0  0  0  0 1421  2  0  0  0 2203  0 252  0 2642  0  0  0 48  0  0  9 291 622 7193 23 5640 95 11  0  0  0  0 
 0 19955  0  0  0  0 206  0  6  0 69442  0  9 2939 26  0 79  0  1 32351  0  0 21  1  0 28  0 414 1350  0 97771  0 15629 10342 35 155  0 49741 83010  0  0  0  0  0 57 43090  0 137  0  0 30 201  0 14612  0 33  0  0  0 40241 
 0  0 30355  0  1  0 30824  0  0  9  0 33768 1304  0  0  0 56  0 194 1600  0 40645 584  0 974  0  0 54  3  0 223 69690  0  0  0  0  2 11 1859  2  0 1127  0 57  0 300  0  0  0  0 99567 21984  5 366  0 11  0  0 4013  0 
 0 73  0  0  0  0  0  0 348  0  0 85 299 2194  0  0 66 62  1 84 476  0  2  0 26 75  0 7289  0 69 1867  0  0  2  0  0  0 11  0 772  0 10284 48 43090 300  0 10805  6  0 426  1  0 122 19  0  0  0  0 61 43 
6061  0  1  1  0  0  0 3372 3076 318  0  0  0 16750  0 2341  0 59  0  0  0 74 626 9513  0  0  0 41  0 6267 127 11979  9  0 11  0 9081  1  0 29  0  0  0  0  0 10805  0 6980 97272  0 12717 10355  0 1552  0  0  0 578  0  0 
12 168  5  0  2 24158  0 10  3 53045 1642  1  0 511  0  0 50  4 28  1  0  1  0  3 29  0 34 10539  0 5857 21  0 3053  0 100  0  0 3106  0  0 4141 69  0 137  0  6 6980  0  0  0  0  0 559  2  0  0  0  1 454 3117 
3457 32401  0 57  0  0  0  0 5023 302  0 52273  0  0  0  0  0 25  1 1625  0  0  1  0  0  5 77270  1  0  0  0 41259 14881 11265 85811  0 197 42 159 2383  0  0  9  0  0  0 97272  0  0  0  0 429 29  0 33176 213  1 3092  0  0 
 0  0  0 1977  0  0  0 536 9480  0  0 1355  0  0 10623 94 551 23 1333 177  5  0  0  0  0 26 10937  0 1478  0  0  0  4  0 29  1 302 10  0 113  0 247 291  0  0 426  0  0  0  0 380  0 51  0  1  0 26761 1073 166  1 
 0  2  0  0 37117 13  0  0 10  0 18 219  0  2 59 344  3 457 4001  0  0 24152 27 152  0 35  0  0  0  0 6440  0 48354  0  2  0  0  0 41 34369  0 138 622 30 99567  1 12717  0  0 380  0  7  0  0  8 405  0  0 4082  0 
1715 55071 337 35881  0  0  0 9591  0  0  0  0 23 3635  8 20614 127  3 1031  0 690  0  0  0  0 54633  0  0  0  0 2819  0  0  0  6 66997  0  0 19365  0 4380  0 7193 201 21984  0 10355  0 429  0  7  0  0  0  0 5823 99556  0  0  0 
 0  0 2003 347  0  0  0 24637 6733 2707 93059  0 3392  0  0 10668  0  0  0 62  0  0 151 8882  0  2 1968 408 303  4 66  0  0  0 6195 3909 16524  0  0  0  0  1 23  0  5 122  0 559 29 51  0  0  0 7145  0  0 419  0 11844 20972 
 0  0  0  0  0 56035  0  0  0 169 377  7 255  3  0 15  0 106  0 77445 346  0  0  0  0 10229 66839  0 16828  0 3596  0  0 5970 746  0  0  1  0  0 47  3 5640 14612 366 19 1552  2  0  0  0  0 7145  0  0  0 30801  0  0 28479 
71  0  0 1291  2  0 476  0 17  0 34  0 74  0  0  0 294  0 3787 71  3  0  0  0 116  0  0 29  4  0  0 5342  0 19  0  0  0  0 86 29653 7126 14117 95  0  0  0  0  0 33176  1  8  0  0  0  0 1183  0 10238 87 3258 
 0  0 23446  0  0 10 15068  0 35 134  6  1  0 8181  0  0 10240 9019 13696  0  0  0 554  0  0  0 25787  6  0  2  0  0 12  0  0  0 711  0  0 12  7 63 11 33 11  0  0  0 213  0 405 5823  0  0 1183  0  2 5078  0 10436 
 0  0  0  0  4  0  0 80 1311  1  2  0 2952  0 570  0 2833 46 1372 49  0 82864  0  0  0  0  0 277 13397 14067 39 3837 28 33 45360  0 1120 26  0  0  7 6742  0  0  0  0  0  0  1 26761  0 99556 419 30801  0  2  0 383  0 107 
37  0  0  2  0  0  0 3742  0 48439  0 15 2825  0  0 18410  0  0  0  0  0  0  0  0  0  3  0 7479  0  0  0  1  0  0  0 38  0  0  0 20 14 11  0  0  0  0 578  1 3092 1073  0  0  0  0 10238 5078 383  0 9683 3632 
 0  0  0 538 176  0 25  0  0  0 28157  7  0 3051  0  3  0  0  0  0  0  0  2  0  6 80 20 9839  0 53399  0  0 47496 103  0  0  0 989 959  0 3782  0  0  0 4013 61  0 454  0 166 4082  0 11844  0 87  0  0 9683  0  0 
 0  0 5302 312 8015  0  0  4  0  0  0 954  0  3  4  0 31 70871  0  6  0  0  8  0  0  1 29 130  0  0 69971  0  0  0 195  0 29168  8 88  0 75 89  0 40241  0 43  0 3117  0  1  0  0 20972 28479 3258 10436 107 3632  0  0 
