facilities = 60 objectives = 4 max_distances = 190 max flows = 99694 overlap =  1.00 seed = 23453464 correlation1 = 0.000 correlation2 = 0.000 correlation3 = 0.000 A = -5 B = 5 M = 0 K = 1 m = 100
 0 69 97 18 30 71 113 76 35 97 38 19 72  1 101 31 41 92 29 76 52 90 34 50 72 104 23 75 34 48 32 56 72 29 77 80 88 83 44 45 62 54 70 85 20 52 30 71 79 47 28 92 29 50 38 68 61 28  4 76 
69  0 31 60 50  2 101 12 43 30 77 86 54 68 60 39 27 144 83 128 115 21 47 30  8 50 61 72 38 68 91 35  9 62 71 28 54 14 41 33 18 19 87 86 50 28 40 12 94 99 49 132 49 24 103 18 78 41 66 26 
97 31  0 84 73 29 95 34 65 30 97 112 57 96 44 69 57 162 113 146 145 19 69 60 25 59 85 76 63 84 114 49 25 93 98 48 74 21 60 54 35 43 96 88 80 47 67 25 101 120 73 145 72 47 133 45 89 69 94 26 
18 60 84  0 12 62 94 69 19 89 25 27 54 18 83 29 34 88 47 72 71 81 16 49 61 102  5 57 22 31 31 39 61 41 86 77 90 74 27 30 49 42 53 67 23 37 20 59 62 42 11 83 12 37 57 63 44 21 14 61 
30 50 73 12  0 52 85 61  8 81 27 39 43 29 71 28 28 94 57 78 82 71  4 46 51 96 11 48 14 26 41 27 51 47 87 71 87 64 15 19 38 32 49 60 27 26 16 49 57 49  3 85  1 27 68 57 39 18 25 49 
71  2 29 62 52  0 101 12 44 28 79 88 54 70 59 42 30 146 85 129 117 19 49 32  7 49 63 73 40 70 93 36  8 64 72 28 54 12 42 34 19 20 88 87 53 29 42 11 94 101 51 134 51 25 105 19 79 43 68 25 
113 101 95 94 85 101  0 114 85 123 80 112 48 113 51 110 102 110 142 101 163 109 83 120 94 149 90 37 93 65 101 71 94 132 166 130 155 106 77 83 84 90 49 28 112 81 98 90 43 92 88 84 86 88 149 118 54 101 108 76 
76 12 34 69 61 12 114  0 53 21 88 94 67 75 70 45 35 155 85 139 117 17 58 29 19 37 71 85 47 80 100 48 20 63 63 16 43 13 53 44 31 31 99 99 56 40 48 23 106 110 59 144 60 35 107 11 91 49 74 37 
35 43 65 19  8 44 85 53  0 73 34 46 39 34 65 25 22 101 60 85 87 63  4 41 43 89 19 48  8 30 49 21 43 47 84 64 82 56  9 11 30 24 52 60 27 18 13 41 60 56  7 92  7 19 74 50 42 16 31 42 
97 30 30 89 81 28 123 21 73  0 108 115 79 96 74 66 56 175 105 158 137 13 77 49 32 28 91 99 67 98 121 64 33 83 74 24 47 18 71 63 47 49 115 112 77 58 69 36 122 130 79 162 80 54 127 30 107 70 95 47 
38 77 97 25 27 79 80 88 34 108  0 32 51 38 83 53 56 67 67 50 83 97 30 73 76 124 20 45 42 17 22 48 76 65 111 99 114 90 37 44 62 58 32 51 48 50 43 73 41 23 30 58 29 53 69 85 25 44 34 71 
19 86 112 27 39 88 112 94 46 115 32  0 78 20 109 49 59 73 39 58 51 107 43 70 88 123 28 76 48 47 15 67 88 47 96 100 107 100 54 57 76 69 64 83 39 65 46 86 73 31 39 77 39 64 37 86 57 45 20 88 
72 54 57 54 43 54 48 67 39 79 51 78  0 72 31 62 54 109 99 94 125 66 39 71 48 104 51 19 46 34 73 23 47 86 117 83 107 61 30 35 36 41 40 32 67 32 51 44 43 72 45 89 43 39 111 70 35 54 68 32 
 1 68 96 18 29 70 113 75 34 96 38 20 72  0 100 30 40 92 29 77 53 89 33 50 71 103 22 75 33 48 33 55 71 28 77 79 87 82 43 44 61 53 70 85 19 51 29 70 79 48 27 92 29 49 39 67 61 27  4 75 
101 60 44 83 71 59 51 70 65 74 83 109 31 100  0 84 72 138 125 124 153 61 67 86 52 102 80 45 69 66 105 45 51 109 130 86 113 59 56 57 47 56 68 52 91 51 75 48 69 104 72 117 71 57 140 78 65 78 96 34 
31 39 69 29 28 42 110 45 25 66 53 49 62 30 84  0 12 117 44 101 75 60 28 21 44 74 33 73 17 54 59 40 44 25 59 50 61 53 33 27 38 29 77 86 11 32 12 45 85 71 25 112 26 26 63 37 67  9 29 53 
41 27 57 34 28 30 102 35 22 56 56 59 54 40 72 12  0 122 56 105 88 48 26 19 31 67 37 67 14 52 65 31 32 37 64 43 59 41 26 19 25 16 74 80 23 22 13 32 82 76 26 114 27 15 76 29 64 14 39 40 
92 144 162 88 94 146 110 155 101 175 67 73 109 92 138 117 122  0 111 16 108 164 97 138 143 190 85 93 108 78 59 113 143 120 169 165 178 157 104 111 129 125 70 89 109 117 109 140 71 46 96 27 95 120 99 151 74 109 91 135 
29 83 113 47 57 85 142 85 60 105 67 39 99 29 125 44 56 111  0 97 32 102 60 56 88 105 51 104 55 77 55 80 88 21 63 84 82 96 69 68 82 72 99 114 34 74 50 89 108 71 54 117 56 70 23 75 90 47 33 96 
76 128 146 72 78 129 101 139 85 158 50 58 94 77 124 101 105 16 97  0 97 147 80 122 127 173 68 80 92 62 43 97 126 105 154 149 162 141 87 95 113 109 57 77 93 101 92 124 59 29 80 25 79 104 87 135 59 93 75 119 
52 115 145 71 82 117 163 117 87 137 83 51 125 53 153 75 88 108 32 97  0 134 86 88 119 136 74 126 84 97 64 108 120 54 88 116 112 128 97 96 112 103 116 134 65 104 80 120 124 79 80 120 82 100 13 107 108 77 57 127 
90 21 19 81 71 19 109 17 63 13 97 107 66 89 61 60 48 164 102 147 134  0 67 46 20 41 82 85 59 87 112 51 21 81 80 29 55  7 60 52 35 39 103 99 71 46 61 24 109 120 70 150 70 44 123 29 95 62 87 33 
34 47 69 16  4 49 83 58  4 77 30 43 39 33 67 28 26 97 60 80 86 67  0 45 47 93 15 46 12 26 45 23 47 49 88 69 86 60 10 15 34 28 48 58 29 22 16 45 57 52  5 87  4 23 73 54 38 18 29 45 
50 30 60 49 46 32 120 29 41 49 73 70 71 50 86 21 19 138 56 122 88 46 45  0 37 53 53 86 32 71 80 48 38 34 46 30 41 41 46 38 38 31 93 99 30 39 30 39 102 92 43 132 45 32 78 18 84 29 50 52 
72  8 25 61 51  7 94 19 43 32 76 88 48 71 52 44 31 143 88 127 119 20 47 37  0 55 62 67 39 66 92 31  1 68 79 35 61 14 39 32 14 19 83 80 55 25 42  4 89 99 50 130 50 24 107 26 74 44 69 18 
104 50 59 102 96 49 149 37 89 28 124 123 104 103 102 74 67 190 105 173 136 41 93 53 55  0 105 122 81 117 133 85 56 84 58 24 28 43 89 81 68 68 137 136 84 77 81 60 144 144 93 181 94 72 128 38 128 81 103 73 
23 61 85  5 11 63 90 71 19 91 20 28 51 22 80 33 37 85 51 68 74 82 15 53 62 105  0 52 23 26 30 38 62 46 91 80 94 75 26 30 49 43 48 62 28 37 23 60 57 39 12 79 12 38 60 66 39 24 18 60 
75 72 76 57 48 73 37 85 48 99 45 76 19 75 45 73 67 93 104 80 126 85 46 86 67 122 52  0 56 28 67 38 66 95 131 100 123 80 40 47 54 57 23 13 75 47 61 62 25 62 51 72 49 54 112 87 21 64 71 52 
34 38 63 22 14 40 93 47  8 67 42 48 46 33 69 17 14 108 55 92 84 59 12 32 39 81 23 56  0 38 53 25 39 40 75 57 73 52 16 12 28 20 61 69 21 19  5 38 69 62 12 100 13 16 71 42 51  8 30 42 
48 68 84 31 26 70 65 80 30 98 17 47 34 48 66 54 52 78 77 62 97 87 26 71 66 117 26 28 38  0 39 35 65 71 113 93 112 80 28 36 52 49 23 37 52 40 42 62 32 38 29 64 27 45 84 79 13 44 44 57 
32 91 114 31 41 93 101 100 49 121 22 15 73 33 105 59 65 59 55 43 64 112 45 80 92 133 30 67 53 39  0 66 92 61 110 108 119 105 54 60 79 73 52 72 50 67 52 90 60 16 42 61 42 68 52 94 47 52 31 89 
56 35 49 39 27 36 71 48 21 64 48 67 23 55 45 40 31 113 80 97 108 51 23 48 31 85 38 38 25 35 66  0 30 65 94 62 85 45 12 13 17 18 52 52 46  9 30 27 58 71 28 98 27 16 95 49 43 33 52 23 
72  9 25 61 51  8 94 20 43 33 76 88 47 71 51 44 32 143 88 126 120 21 47 38  1 56 62 66 39 65 92 30  0 68 80 36 62 14 39 32 13 19 82 80 55 25 42  3 88 99 50 129 50 24 108 27 74 44 69 17 
29 62 93 41 47 64 132 63 47 83 65 47 86 28 109 25 37 120 21 105 54 81 49 34 68 84 46 95 40 71 61 65 68  0 48 62 63 74 56 52 63 54 94 107 20 58 35 69 103 77 44 121 46 52 44 53 85 32 31 78 
77 71 98 86 87 72 166 63 84 74 111 96 117 77 130 59 64 169 63 154 88 80 88 46 79 58 91 131 75 113 110 94 80 48  0 51 30 77 90 83 84 77 136 144 62 85 71 83 145 125 84 169 86 78 84 53 126 69 79 96 
80 28 48 77 71 28 130 16 64 24 99 100 83 79 86 50 43 165 84 149 116 29 69 30 35 24 80 100 57 93 108 62 36 62 51  0 27 28 65 57 46 44 113 114 60 54 56 40 121 119 69 157 70 48 107 14 104 56 79 54 
88 54 74 90 87 54 155 43 82 47 114 107 107 87 113 61 59 178 82 162 112 55 86 41 61 28 94 123 73 112 119 85 62 63 30 27  0 55 85 77 70 66 134 137 69 76 71 66 142 132 84 173 86 69 105 36 124 70 88 80 
83 14 21 74 64 12 106 13 56 18 90 100 61 82 59 53 41 157 96 141 128  7 60 41 14 43 75 80 52 80 105 45 14 74 77 28 55  0 53 46 28 32 97 94 64 40 54 18 103 113 63 144 63 37 117 24 89 55 80 29 
44 41 60 27 15 42 77 53  9 71 37 54 30 43 56 33 26 104 69 87 97 60 10 46 39 89 26 40 16 28 54 12 39 56 90 65 85 53  0  8 25 21 48 53 36 13 21 36 56 60 16 91 15 17 83 51 38 24 40 34 
45 33 54 30 19 34 83 44 11 63 44 57 35 44 57 27 19 111 68 95 96 52 15 38 32 81 30 47 12 36 60 13 32 52 83 57 77 46  8  0 19 13 56 61 33  7 17 30 64 67 18 100 18  8 83 43 47 20 41 31 
62 18 35 49 38 19 84 31 30 47 62 76 36 61 47 38 25 129 82 113 112 35 34 38 14 68 49 54 28 52 79 17 13 63 84 46 70 28 25 19  0  9 69 68 47 12 32 11 75 85 37 115 37 12 99 34 60 35 59 15 
54 19 43 42 32 20 90 31 24 49 58 69 41 53 56 29 16 125 72 109 103 39 28 31 19 68 43 57 20 49 73 18 19 54 77 44 66 32 21 13  9  0 69 71 38 10 24 17 76 80 31 113 31  5 90 30 60 26 50 24 
70 87 96 53 49 88 49 99 52 115 32 64 40 70 68 77 74 70 99 57 116 103 48 93 83 137 48 23 61 23 52 52 82 94 136 113 134 97 48 56 69 69  0 21 75 59 64 79  9 43 52 49 50 65 102 99  9 67 66 70 
85 86 88 67 60 87 28 99 60 112 51 83 32 85 52 86 80 89 114 77 134 99 58 99 80 136 62 13 69 37 72 52 80 107 144 114 137 94 53 61 68 71 21  0 87 61 73 76 17 65 63 65 61 68 120 101 25 76 81 65 
20 50 80 23 27 53 112 56 27 77 48 39 67 19 91 11 23 109 34 93 65 71 29 30 55 84 28 75 21 52 50 46 55 20 62 60 69 64 36 33 47 38 75 87  0 40 16 55 84 63 24 106 26 35 52 48 65 13 19 62 
52 28 47 37 26 29 81 40 18 58 50 65 32 51 51 32 22 117 74 101 104 46 22 39 25 77 37 47 19 40 67  9 25 58 85 54 76 40 13  7 12 10 59 61 40  0 24 23 66 73 26 104 25  7 90 40 50 27 48 23 
30 40 67 20 16 42 98 48 13 69 43 46 51 29 75 12 13 109 50 92 80 61 16 30 42 81 23 61  5 42 52 30 42 35 71 56 71 54 21 17 32 24 64 73 16 24  0 41 73 63 13 101 15 20 67 42 55  3 26 47 
71 12 25 59 49 11 90 23 41 36 73 86 44 70 48 45 32 140 89 124 120 24 45 39  4 60 60 62 38 62 90 27  3 69 83 40 66 18 36 30 11 17 79 76 55 23 41  0 85 96 48 126 48 22 108 30 71 43 68 14 
79 94 101 62 57 94 43 106 60 122 41 73 43 79 69 85 82 71 108 59 124 109 57 102 89 144 57 25 69 32 60 58 88 103 145 121 142 103 56 64 75 76  9 17 84 66 73 85  0 50 61 48 59 72 111 107 18 75 75 75 
47 99 120 42 49 101 92 110 56 130 23 31 72 48 104 71 76 46 71 29 79 120 52 92 99 144 39 62 62 38 16 71 99 77 125 119 132 113 60 67 85 80 43 65 63 73 63 96 50  0 50 45 50 75 67 105 41 63 46 94 
28 49 73 11  3 51 88 59  7 79 30 39 45 27 72 25 26 96 54 80 80 70  5 43 50 93 12 51 12 29 42 28 50 44 84 69 84 63 16 18 37 31 52 63 24 26 13 48 61 50  0 88  2 26 67 55 42 15 24 49 
92 132 145 83 85 134 84 144 92 162 58 77 89 92 117 112 114 27 117 25 120 150 87 132 130 181 79 72 100 64 61 98 129 121 169 157 173 144 91 100 115 113 49 65 106 104 101 126 48 45 88  0 87 109 110 142 55 103 90 119 
29 49 72 12  1 51 86 60  7 80 29 39 43 29 71 26 27 95 56 79 82 70  4 45 50 94 12 49 13 27 42 27 50 46 86 70 86 63 15 18 37 31 50 61 26 25 15 48 59 50  2 87  0 26 68 55 40 17 25 49 
50 24 47 37 27 25 88 35 19 54 53 64 39 49 57 26 15 120 70 104 100 44 23 32 24 72 38 54 16 45 68 16 24 52 78 48 69 37 17  8 12  5 65 68 35  7 20 22 72 75 26 109 26  0 87 34 55 22 46 26 
38 103 133 57 68 105 149 107 74 127 69 37 111 39 140 63 76 99 23 87 13 123 73 78 107 128 60 112 71 84 52 95 108 44 84 107 105 117 83 83 99 90 102 120 52 90 67 108 111 67 67 110 68 87  0 97 95 64 43 114 
68 18 45 63 57 19 118 11 50 30 85 86 70 67 78 37 29 151 75 135 107 29 54 18 26 38 66 87 42 79 94 49 27 53 53 14 36 24 51 43 34 30 99 101 48 40 42 30 107 105 55 142 55 34 97  0 90 42 66 44 
61 78 89 44 39 79 54 91 42 107 25 57 35 61 65 67 64 74 90 59 108 95 38 84 74 128 39 21 51 13 47 43 74 85 126 104 124 89 38 47 60 60  9 25 65 50 55 71 18 41 42 55 40 55 95 90  0 57 57 63 
28 41 69 21 18 43 101 49 16 70 44 45 54 27 78  9 14 109 47 93 77 62 18 29 44 81 24 64  8 44 52 33 44 32 69 56 70 55 24 20 35 26 67 76 13 27  3 43 75 63 15 103 17 22 64 42 57  0 25 49 
 4 66 94 14 25 68 108 74 31 95 34 20 68  4 96 29 39 91 33 75 57 87 29 50 69 103 18 71 30 44 31 52 69 31 79 79 88 80 40 41 59 50 66 81 19 48 26 68 75 46 24 90 25 46 43 66 57 25  0 72 
76 26 26 61 49 25 76 37 42 47 71 88 32 75 34 53 40 135 96 119 127 33 45 52 18 73 60 52 42 57 89 23 17 78 96 54 80 29 34 31 15 24 70 65 62 23 47 14 75 94 49 119 49 26 114 44 63 49 72  0 

 0  0 17850 593  5 148 2873 5417 72494  6 1809 51569 105  5 1481  0  0 761  0 16180 144 105  0  0  0  0 15611  0 16 240  0 4017 4752 20907  0  0 16 26  0 28286 733 316 391  0 289  0  0  0  1 58  0  0  0 1930  0 1591  0 2896 55838  0 
 0  0 319  0  0 1075 78396  0 891 201  0 10306 101  0  0  4  0 4525  0 23972 16  0 3018  0 369 23 211  0  0 9135 194  0  0  0 1427 37343  0  0  0 62458  1 89 11 6186 18  0  0 4047 17076 277  0 50328  0  0  0  0  2 102 4045  0 
17850 319  0 320  3 20766  0  0  7  0 2589 22  0  0  0  0 748  0  0  0  0  0 2006  0 34 2834  2  0 53 2815  0  0 119 11467  0 143  0  0 8120  0 40 8989  0  0  0 31 158  0 2662 8125  0  0  0  0  0  0  0  0  0  0 
593  0 320  0  0 21  0  4  0  3 18986  0 130 6414  0  0 90  0  1  3 2939  0 40  0 345  0 202  0  0  4 46268  0 14  9  0  0 8707  0 48581  0 82533  0  0  2 918 217  0 250 1302  3 2172  0  0  0 4023  0 6987 46903 54178  0 
 5  0  3  0  0  2 30  0  0  0  0 1810  0 216  3  0 685 23  0  0  0 101  0  0  0  1 65952  0  0  0 109  0 58892  0 10206  0 108 4432  0 77235 33 1621  0  0 57  0 1196  0  0 23406  0 74  1  0 48311 2346 43378  0 1700  0 
148 1075 20766 21  2  0 141 12956 21537 2364  0  0 35148 79  2  0  0  0 103  0 34 52  0  0  0 232  0  0  1 60630 661  0  0  0  0 491 5076  0  0 465  0  0  0  0 5301 30129  0 82  0  0 185  0 2204  0 12  5  0 3857  0  0 
2873 78396  0  0 30 141  0 574  0  0  0  0 31  0 5421  0  0  0 117 2497  0  4  6  0 14548 5202  0  0  0 390  0 16850  0  0  0  0  1 371 43721 27 837  0  0  0 27 170  0  0  1 5632  1 18354 1966  0  0  0  6  5  0 11 
5417  0  0  4  0 12956 574  0  0 82 5035  0  0  0  0  0  0 26 20  0  0  0  3  2 214  1 46197 253 708  0  1  0 57795  0 17 35961 1340  0 1884  3 60219  6  0  0 62736 84884  0  0  0  0  1  2 46  0 56  0  0  0  0  0 
72494 891  7  0  0 21537  0  0  0 22  0 108  0 405  9  0  0  0  0 64  0 53 47  0 16 212 1735  0  0  0  0  0  0  0  1  0 1770 371  0  0  0  1 13 1168  0  0  0 6978 19125  0 39100  0 307  5  1 57 188 213  0 7168 
 6 201  0  3  0 2364  0 82 22  0  2  0 51002  0  0 11866 13761  0 25 57028 966  0  4 33  0 2919 83342 7681  0  0  0  0  0 59374  0  8  0  0 12 5989  0  0 5259 657 24099  0  0  0 8639  0 6033  0  0  0 1435 49 390 94780 55031 3333 
1809  0 2589 18986  0  0  0 5035  0  2  0  0 24  0 17 8668  0  0 122  0  5  0 34044 608  0  0  0  0  0 295 266  0 8678  0 244  0  0 915 43  8  0  4 39319  0  0  0  0  0  8  0  7 56  1  0  0  0 9629 277 35 1454 
51569 10306 22  0 1810  0  0  0 108  0  0  0  6  0 2819 1258  6 19  0  0 15910  1  3  8 1146  0  0  0 121  0 12491  7  0  1  0 154  2 22701  0 14362 138 15093  0 203  0 140 2350  0 3032 25  2 81  0 1713  2  0 89  0  0 2336 
105 101  0 130  0 35148 31  0  0 51002 24  6  0  0  0  0 62979 5511  0 11779  0  0 31570  0 65414  0  0  0 888  5 8904 64 120 58535 2477 31166  0  0  0  0  2  0 17  0  0  1 980  0  0  0 43 3215  0 462 67 5273 13928  1  0  0 
 5  0  0 6414 216 79  0  0 405  0  0  0  0  0  2 78664  7 3623  0 437 281 35022  8  0  0  0 1385 892  0  2  0  0 111  0  0 26 115  0  0 2086  0 1497  0  3 3509 17009 159  0 509  0  0 75466  0  0  0  3  9  0 554 180 
1481  0  0  0  3  2 5421  0  9  0 17 2819  0  2  0  0  0  6  0  0  0  0  2  0  0 5954 15 931 11495 35100  0  1  0  0 13422 1297  6 180  0 1096 35260  0 164  0 10712 81 926 12897  0 154 14000 62 14005  0 1366  0  5 10097 926 20 
 0  4  0  0  0  0  0  0  0 11866 8668 1258  0 78664  0  0  0 2938  0  0  0  0 233  3 57  0  0 15 16508 3239  0  0 11734 14555  2 13659  0 350  0 22 655  0  0 478  0 73854  0  0  0 4404 503  0 9437  0 10374  0  0  0  0 176 
 0  0 748 90 685  0  0  0  0 13761  0  6 62979  7  0  0  0 1175  0  2  1  0  0 12  0  0 34 37967  0 253 656 30 19  0  6 69  0  0  0  0 4741  0  0  0 1811 195  0  0  0 10 1315  0 12264 1411  0  0 11357 4079 205 5745 
761 4525  0  0 23  0  0 26  0  0  0 19 5511 3623  6 2938 1175  0 3602  0 330  0 28  0  0 2381  6 10077  0  5  6  0  0 34194  0  0  0  1  0  0  0  0 1121  0  0  0 115 58  0 58  6 216 68  0  0 2188  0  0  0 13 
 0  0  0  1  0 103 117 20  0 25 122  0  0  0  0  0  0 3602  0 1160  4 14 577 494  0  2  0  0 87  9  0 6066  0  0 270  0 2773  2  0  0  3  0 87651 215  0 7063  0 4234 26663 13507 33969 18226  0 332  2 32342 21010  0  0  1 
16180 23972  0  3  0  0 2497  0 64 57028  0  0 11779 437  0  0  2  0 1160  0 47 4728 45268 82 20731 175  5  0  0 12  0  4  0  4 3140 42  0  4 31430 31 4950  0  0 3313  0 209  0 283 36823  0  0  1 1401  0  0 125  0  0 356  0 
144 16  0 2939  0 34  0  0  0 966  5 15910  0 281  0  0  1 330  4 47  0  0  0  0  0 5061  0 672  9  0  0 96132  0 286 14  0 683  0 30940 5817 503  8  1 11 24  0  0  0  0  0 93  0 4550 943 68  0  0 655  3  3 
105  0  0  0 101 52  4  0 53  0  0  1  0 35022  0  0  0  0 14 4728  0  0  0  0 8879  0 21552  0 68648  0 137  5  0 5148 24  0  0 85243  0  0  4  0 32475  0 136 9365  0  0  0  0  1 230  3 1736  0 695  0  0  0  0 
 0 3018 2006 40  0  0  6  3 47  4 34044  3 31570  8  2 233  0 28 577 45268  0  0  0 53187 83  0  0  0  0  0 73  0  0 203 110  0  0  0  0 714  0 116 70  0  0  0  0 1156 2892 98  0  0 5012 28 26976  0 1996  1 221  0 
 0  0  0  0  0  0  0  2  0 33 608  8  0  0  0  3 12  0 494 82  0  0 53187  0 354 189  0  0 433 481  0  0 28818  0 16969  0  6 22318 547  0 73 8335 81710  0  0  0  0  0 27555 369 18936 16411 7088 17642  0 568  0  0 53159  0 
 0 369 34 345  0  0 14548 214 16  0  0 1146 65414  0  0 57  0  0  0 20731  0 8879 83 354  0 10  0 3639  1  0  0 99378  0  0  0  4 972  0 24 43742  0 43 41336 84  0  0  0 555  0  0  1  0  0  0  0 2718  0  2 1375  0 
 0 23 2834  0  1 232 5202  1 212 2919  0  0  0  0 5954  0  0 2381  2 175 5061  0  0 189 10  0  1 120  0 14  0  0 22 83  9 1364 1148 28232  0 13539  1  0  0  0  0  0  0  0  0  0 14  0  0 1364  0  3 1795  0  0  0 
15611 211  2 202 65952  0  0 46197 1735 83342  0  0  0 1385 15  0 34  6  0  5  0 21552  0  0  0  1  0  0 13  0  2 15656 13  0 8175  0  0 1050 44  0  0  0  0 445  0  0 25  0  0  0  0 2273  0  0 30935  0 41740  0  0 5210 
 0  0  0  0  0  0  0 253  0 7681  0  0  0 892 931 15 37967 10077  0  0 672  0  0  0 3639 120  0  0 73 11774  0  1  0  0  1  0  0 25026 33490  0  0  0 4353  0  2 15 31 11508  0  2  0  0  0 96525  8 81276  0  0 3601 23 
16  0 53  0  0  1  0 708  0  0  0 121 888  0 11495 16508  0  0 87  0  9 68648  0 433  1  0 13 73  0 171  0  0  0  0  0 680 576 10719  0 17589  7  3 96676 2185  0 1714 3100 3669  0  0 10174  0  0  0  0 56517  0 536  0  0 
240 9135 2815  4  0 60630 390  0  0  0 295  0  5  2 35100 3239 253  5  9 12  0  0  0 481  0 14  0 11774 171  0 1394  0  0  0 1926  0 1302  0  0 10  0  0 129 4566  3  0 58865  0  0  0 29  0  0 84699  0  0 39223  0  0  0 
 0 194  0 46268 109 661  0  1  0  0 266 12491 8904  0  0  0 656  6  0  0  0 137 73  0  0  0  2  0  0 1394  0 26 2305  0  0  0  0 43 5592  0  0  0  0 234  0  0  0 99373 389  6 430  0  0  0  0  0  0  0 87466  0 
4017  0  0  0  0  0 16850  0  0  0  0  7 64  0  1  0 30  0 6066  4 96132  5  0  0 99378  0 15656  1  0  0 26  0 2739  0  0 190 2936 10  1 865 9444 22083  0  1  0  0 25 2576  0 1667  0  0  0  0 54  0  0 1223 17939  9 
4752  0 119 14 58892  0  0 57795  0  0 8678  0 120 111  0 11734 19  0  0  0  0  0  0 28818  0 22 13  0  0  0 2305 2739  0  0  0 1581 691 227  0 5572  0 6101 47015  2  0  0  0 63 68  0 13  0  0  0 30761 1725 19  0 19  0 
20907  0 11467  9  0  0  0  0  0 59374  0  1 58535  0  0 14555  0 34194  0  4 286 5148 203  0  0 83  0  0  0  0  0  0  0  0  0  0  0  0  0 16  0  0 73 211  2 82299  0 16  5  0  0 138  0 19 41 43267  2 167  0  0 
 0 1427  0  0 10206  0  0 17  1  0 244  0 2477  0 13422  2  6  0 270 3140 14 24 110 16969  0  9 8175  1  0 1926  0  0  0  0  0  0 117  0 16760  7 26  0  0 68653  0  0 55271 26 18  0 71  6  0  0 1296 40 1042 5692  0 44 
 0 37343 143  0  0 491  0 35961  0  8  0 154 31166 26 1297 13659 69  0  0 42  0  0  0  0  4 1364  0  0 680  0  0 190 1581  0  0  0 156  0  1  0 113  0 9576  0  0  0  0 947  0  0 548 16277  4  0  0 2307 13690  2  0 115 
16  0  0 8707 108 5076  1 1340 1770  0  0  2  0 115  6  0  0  0 2773  0 683  0  0  6 972 1148  0  0 576 1302  0 2936 691  0 117 156  0 134  1  1  0  0 91  6  0  0  0  0  0  0  0 7802  0 66 13  0 2058  0  0 2768 
26  0  0  0 4432  0 371  0 371  0 915 22701  0  0 180 350  0  1  2  4  0 85243  0 22318  0 28232 1050 25026 10719  0 43 10 227  0  0  0 134  0 28289  0  0  0  1  0  0 73137 664  0 11  0 949 40847  1 795  0 10 1014  0 9522 35 
 0  0 8120 48581  0  0 43721 1884  0 12 43  0  0  0  0  0  0  0  0 31430 30940  0  0 547 24  0 44 33490  0  0 5592  1  0  0 16760  1  1 28289  0  0 178  0  0  1  4  0  0  0  0  0  0  0  0 2952  0 82  4 60 10  0 
28286 62458  0  0 77235 465 27  3  0 5989  8 14362  0 2086 1096 22  0  0  0 31 5817  0 714  0 43742 13539  0  0 17589 10  0 865 5572 16  7  0  1  0  0  0 12 109 968 5398 8813 80  0  0  0 37 377  0  7 1054  0 19 21408 829  0 67780 
733  1 40 82533 33  0 837 60219  0  0  0 138  2  0 35260 655 4741  0  3 4950 503  4  0 73  0  1  0  0  7  0  0 9444  0  0 26 113  0  0 178 12  0  0 52278 26426 97135 105 282 1836  1  3  0 279  0 32 50696  0  0  0 588  0 
316 89 8989  0 1621  0  0  6  1  0  4 15093  0 1497  0  0  0  0  0  0  8  0 116 8335 43  0  0  0  3  0  0 22083 6101  0  0  0  0  0  0 109  0  0  0 13  7  0 10  2  0  0  0  0  0  0 124 16 44  0 28404  9 
391 11  0  0  0  0  0  0 13 5259 39319  0 17  0 164  0  0 1121 87651  0  1 32475 70 81710 41336  0  0 4353 96676 129  0  0 47015 73  0 9576 91  1  0 968 52278  0  0  0  0  0  0 58518 10367  0  0  0  0 3230  0 18  0 73  0  0 
 0 6186  0  2  0  0  0  0 1168 657  0 203  0  3  0 478  0  0 215 3313 11  0  0  0 84  0 445  0 2185 4566 234  1  2 211 68653  0  6  0  1 5398 26426 13  0  0  0  2  0 38 449  9  0  0 74 112  1 2665  0 102  0 26696 
289 18  0 918 57 5301 27 62736  0 24099  0  0  0 3509 10712  0 1811  0  0  0 24 136  0  0  0  0  0  2  0  3  0  0  0  2  0  0  0  0  4 8813 97135  7  0  0  0  0  0  0  0  2  0 16226 2035  0  0  0  0 13520 26 31 
 0  0 31 217  0 30129 170 84884  0  0  0 140  1 17009 81 73854 195  0 7063 209  0 9365  0  0  0  0  0 15 1714  0  0  0  0 82299  0  0  0 73137  0 80 105  0  0  2  0  0  0  0  0  0  0 4767  0  9 15198  6  0 696  0  0 
 0  0 158  0 1196  0  0  0  0  0  0 2350 980 159 926  0  0 115  0  0  0  0  0  0  0  0 25 31 3100 58865  0 25  0  0 55271  0  0 664  0  0 282 10  0  0  0  0  0  0 10 151  2 103  0  0 143  0 845  0 17  0 
 0 4047  0 250  0 82  0  0 6978  0  0  0  0  0 12897  0  0 58 4234 283  0  0 1156  0 555  0  0 11508 3669  0 99373 2576 63 16 26 947  0  0  0  0 1836  2 58518 38  0  0  0  0  0  0 14537 42 146  9 3147  0  1 229  0  0 
 1 17076 2662 1302  0  0  1  0 19125 8639  8 3032  0 509  0  0  0  0 26663 36823  0  0 2892 27555  0  0  0  0  0  0 389  0 68  5 18  0  0 11  0  0  1  0 10367 449  0  0 10  0  0 18  0  0 26703  0 9862  7  0  0  0  0 
58 277 8125  3 23406  0 5632  0  0  0  0 25  0  0 154 4404 10 58 13507  0  0  0 98 369  0  0  0  2  0  0  6 1667  0  0  0  0  0  0  0 37  3  0  0  9  2  0 151  0 18  0 143  0  0  0  0 48501 52  0 59461  0 
 0  0  0 2172  0 185  1  1 39100 6033  7  2 43  0 14000 503 1315  6 33969  0 93  1  0 18936  1 14  0  0 10174 29 430  0 13  0 71 548  0 949  0 377  0  0  0  0  0  0  2 14537  0 143  0 2816 690  0  0  0 2492  0  0  0 
 0 50328  0  0 74  0 18354  2  0  0 56 81 3215 75466 62  0  0 216 18226  1  0 230  0 16411  0  0 2273  0  0  0  0  0  0 138  6 16277 7802 40847  0  0 279  0  0  0 16226 4767 103 42  0  0 2816  0  6 220  0  0 60669  0  0  0 
 0  0  0  0  1 2204 1966 46 307  0  1  0  0  0 14005 9437 12264 68  0 1401 4550  3 5012 7088  0  0  0  0  0  0  0  0  0  0  0  4  0  1  0  7  0  0  0 74 2035  0  0 146 26703  0 690  6  0 4464 787  1 2735 12091  0 12 
1930  0  0  0  0  0  0  0  5  0  0 1713 462  0  0  0 1411  0 332  0 943 1736 28 17642  0 1364  0 96525  0 84699  0  0  0 19  0  0 66 795 2952 1054 32  0 3230 112  0  9  0  9  0  0  0 220 4464  0  0  0  0  0  0  0 
 0  0  0 4023 48311 12  0 56  1 1435  0  2 67  0 1366 10374  0  0  2  0 68  0 26976  0  0  0 30935  8  0  0  0 54 30761 41 1296  0 13  0  0  0 50696 124  0  1  0 15198 143 3147 9862  0  0  0 787  0  0  5  0  0 16591 411 
1591  0  0  0 2346  5  0  0 57 49  0  0 5273  3  0  0  0 2188 32342 125  0 695  0 568 2718  3  0 81276 56517  0  0  0 1725 43267 40 2307  0 10 82 19  0 16 18 2665  0  6  0  0  7 48501  0  0  1  0  5  0  2 10  0  0 
 0  2  0 6987 43378  0  6  0 188 390 9629 89 13928  9  5  0 11357  0 21010  0  0  0 1996  0  0 1795 41740  0  0 39223  0  0 19  2 1042 13690 2058 1014  4 21408  0 44  0  0  0  0 845  1  0 52 2492 60669 2735  0  0  2  0  0  0  0 
2896 102  0 46903  0 3857  5  0 213 94780 277  0  1  0 10097  0 4079  0  0  0 655  0  1  0  2  0  0  0 536  0  0 1223  0 167 5692  2  0  0 60 829  0  0 73 102 13520 696  0 229  0  0  0  0 12091  0  0 10  0  0 3438 3577 
55838 4045  0 54178 1700  0  0  0  0 55031 35  0  0 554 926  0 205  0  0 356  3  0 221 53159 1375  0  0 3601  0  0 87466 17939 19  0  0  0  0 9522 10  0 588 28404  0  0 26  0 17  0  0 59461  0  0  0  0 16591  0  0 3438  0  0 
 0  0  0  0  0  0 11  0 7168 3333 1454 2336  0 180 20 176 5745 13  1  0  3  0  0  0  0  0 5210 23  0  0  0  9  0  0 44 115 2768 35  0 67780  0  9  0 26696 31  0  0  0  0  0  0  0 12  0 411  0  0 3577  0  0 

 0  1 483  0  0  0  0 461  0  0  0  0  0  0  0  0  0 15 1058  0 6984 1381  0  0 12034  0  0 8484  0 24 27167 13 11  1  0  0  0 1087 9099 91  0  2 4873  0  0 202  0  0 13868 4425  5  0  5 2618  0  0  0  0  0 27276 
 1  0  8  0 32084 12689  1 19783  0  0 576  0  0  0  0  0  5  0 822 49 30475  0 15 183  0 311  0  0  0 31787 34  0 10630 2183 4003  0  0 996  0  0 10 8402  3  0  0 26586  0  0  6  0  0 91161  9 46054 20156 21  0  0  0  0 
483  8  0  0  0  0 20602 4755 38420  0 1072 111  0 775 82836  0 41217 24 63  0 1078  0  0 30712 51  0  0 421  0  0  2  0 17 129  0  0  0 3860 895 27862  0 2362  0  0  0  3  0  0 67 344  0 134  0  0  0 1244  0  3 245  0 
 0  0  0  0 20  0 149 323 1079  0  0  0  0 240  2  0  0 27384 12  0  0 326  0  4 14786 33486 80643  0 76  0  0  0  0  0  0 19  0  0 1112 225  0 589  4  0  0  0  0  3  0 5802  0  0 8898  1  0 59  0  0 9479  0 
 0 32084  0 20  0 35  0  0 26  0 1752  0  0  1  0 45  0  0 32  8 1972 5216 13413  0  1  0 490  0  0  0  0  1 769  0  0 32  2  0  0 14524  0 28  0 14153  0  0 16399 47577 218 27552 15 14  0  0  0  7  0 2768 1948  0 
 0 12689  0  0 35  0  0 10176  0  0  0  0 3276  0  0 3897 46  0 18  0  0  0 1635 1810 24810 555  0 33 697  1 1543  0 87087  0  1 844  0  0  0 271 2013  0  0  0  0  1 3410  1  0 16 34 29  0 80729  0  0 5658  0  0  0 
 0  1 20602 149  0  0  0  0  0  0  0 43 38094  0  0  0  0  0 88  0 16  0 539  0 78 84  0  0  0  0  0 745 2542  0  0  0  0  0 78888  0  3  0 61  0  1  0  2 985 3499 95  0 6982 86 86828 1026  0  0  1 26061  0 
461 19783 4755 323  0 10176  0  0  0  0  0  0 31687  0 200  0  0  0  0 27 31  0  0  0  0 147 37980  1 59532 22 19311 15548  0  0 360  0  0  0  0  0  0  0 15741  0 7048  5  0  0  0  0  0  0 3776 12599  0  3 10592  3  0 918 
 0  0 38420 1079 26  0  0  0  0  0 106 41  4  0  0 11350 11264 6459  0  0 11087  0  0  0  0  0  0 5893  0  0 269 25  1  1  0  0 4624  0  0 1270  7  0  0 88  0 46745 35334 26800 101  4  6 173 2874  0 62 190  0  0 1830  0 
 0  0  0  0  0  0  0  0  0  0  0 4325  0  0 454  0  1 24119  0  0  0  7  0 19 4382  0  0  0 7132  2  8  0  0 19911  9 3314  0  0  0  0 15  0 872  0  0 863  0 84  0  0  0  0  0  0  0  0 14358  0 14847 53888 
 0 576 1072  0 1752  0  0  0 106  0  0  0 33406  0  0 23171 1172 222  9  1  0  2 166  0  6  8  0  0 13 3511  0 3103  0  1 122 29 54 368 82  0  0 204 392  0  0 9672  0  0  0  0  0  0  0 527  0  0 13206 44905  0 15114 
 0  0 111  0  0  0 43  0 41 4325  0  0 5955  0  0 137  0 55  7  3 2980  1  0 3184  0  0 2428  6  0 17  0  0  0  0 6444  0  0 116  0 24849 13 330  0 40  0  0 80  0  0 48972 33360  0  6  0 7854  0  0  0  0  0 
 0  0  0  0  0 3276 38094 31687  4  0 33406 5955  0  1 12  0  0  0  0  0 58515 199 1069  0 128 56  0  0  0 64792 13  0 23  0 204 8276  0  1  0  0  8  0  0  0  0  1  0  0  0  0  0  2 43519  0 12949  0  0 23  0 1260 
 0  0 775 240  1  0  0  0  0  0  0  0  1  0  5 7437  0  0  0 5026 21001 1658 27 136  0  0 916  0 2892 7208  0 98 63  0  0  2 11  2  0  0  3 36795  0  0  0  1  0 19673 56182  0 1744  0 13513 42 1553  0 44  0  1  3 
 0  0 82836  2  0  0  0 200  0 454  0  0 12  5  0 152  0  1  0 536  0  0 471  0  0  0  0 1190  0  4 969 17  2  4 24  0 5405 1086 3665 999  4 24747 8765  0  0  0  6  0  0  0  0  0  0  0  0  0 62  0  0 522 
 0  0  0  0 45 3897  0  0 11350  0 23171 137  0 7437 152  0  0 22564 22538 18  0 3959  0  0  0  0  0  9 454  5  0  0  0  0  0 27795 554  0  0  1  0  0  0 500  1  6  0  2  0  0  0 43509  2  0  0  2  0 4120  0  0 
 0  5 41217  0  0 46  0  0 11264  1 1172  0  0  0  0  0  0  1  0  0 218  0 52718  0 4803  0  0  0 3657  3 19112  8  0 1164 883  0 54 7305  2  0  0  0 4753  0  0 3075  1 17033  0  0  0 162  0  6  0  0 38 10 464 21 
15  0 24 27384  0  0  0  0 6459 24119 222 55  0  0  1 22564  1  0 929 176  0  0 25056  2  0  7 20  0  0 67  0  0 959  0  0 40 61733  4 13250  6  0  0  0  0  0  0 8075 13 13  3  0 9391  0  0 537 17451 219 98606 4649  0 
1058 822 63 12 32 18 88  0  0  0  9  7  0  0  0 22538  0 929  0 84 770  0  0 11  0  0 16 42  0  0 17055 464 263 155  0  0 895 2407  0 44 27826  0  0  0  0  0  0 53 42709  0  0  0 15 435  0  2  0 57  0  0 
 0 49  0  0  8  0  0 27  0  0  1  3  0 5026 536 18  0 176 84  0  8  0 23  0 1225  0  0 40246  0  0  0  4 1384  0  0 24  0 36  0  0  3 2150  0 20105 33338  0  2  0  2 303  0  0 197 126  0  4  8 9908  0  0 
6984 30475 1078  0 1972  0 16 31 11087  0  0 2980 58515 21001  0  0 218  0 770  8  0  0  1  0  0  0 212 11 57 37548  0  0  0  0  0  0  0  0  0  2 40457  0  2 64936 28288  0  0  0 4071  0 243 2035 20809  0  0 680 1344  0  0  0 
1381  0  0 326 5216  0  0  0  0  7  2  1 199 1658  0 3959  0  0  0  0  0  0  0  0  4  4  3 78  2  0  0  0 6809  0  0  0  0 25  0 89 6003 803  0  0 21  2 18  0  0 37838  4 85 77 173 1718 12 45807  0 72655  0 
 0 15  0  0 13413 1635 539  0  0  0 166  0 1069 27 471  0 52718 25056  0 23  1  0  0 17 92 82211  2 903 199  2 44579  7  0  0 6716 1813  0 462  3 236  0  0  0 879 197 62 58  0  0 1591  0 91  1  0  0 12 34  0 23982  0 
 0 183 30712  4  0 1810  0  0  0 19  0 3184  0 136  0  0  0  2 11  0  0  0 17  0  8 5615  0 15692  0 103 259 743  2 276  0  0  2  0  0 5145  0  0  0  0  0 14705 23640  0 98953 257  0  0  0 20 689  0  0  0  0  0 
12034  0 51 14786  1 24810 78  0  0 4382  6  0 128  0  0  0 4803  0  0 1225  0  4 92  8  0  0 138  0 12104 6316 540  0  0  0  0  0 2226 16 16945  2  0  0  9 17524 43119  0  0  0  0  0 326  0 11100  4  0 51 52009 26 2193  0 
 0 311  0 33486  0 555 84 147  0  0  8  0 56  0  0  0  0  7  0  0  0  4 82211 5615  0  0  0  0  0  0 52466  0 22 59871  1  0 8253 5333  0  0 13616  0  3  0 5840 2869 218  0  0 25 80  7  0  3 9209 96877  0 504 19 6138 
 0  0  0 80643 490  0  0 37980  0  0  0 2428  0 916  0  0  0 20 16  0 212  3  2  0 138  0  0 172 31  0  0  0  0 32 23893 99622  0 6256  0 60577  0  0 178 399 13 46002 3434  0  0  1 32691  6 1313  0  0 10 9859 25  0 13359 
8484  0 421  0  0 33  0  1 5893  0  0  6  0  0 1190  9  0  0 42 40246 11 78 903 15692  0  0 172  0 227  0 1323  0  0  0  0  0  0  0  5  0  0 33  0  0  0 14 37 3228  0 89592  0  0  0  0 29748 3774  0 209 446 630 
 0  0  0 76  0 697  0 59532  0 7132 13  0  0 2892  0 454 3657  0  0  0 57  2 199  0 12104  0 31 227  0  0 43 60  0 42  0  0 61193 5443  0 21196  0  0  0 72  0  0  1  9 10 203 10 26819  0 609 90581  0  0  0  0 2672 
24 31787  0  0  0  1  0 22  0  2 3511 17 64792 7208  4  5  3 67  0  0 37548  0  2 103 6316  0  0  0  0  0 276  0  0  0  0 82369  0  2  2  0 2947  2  0  0  0  0 45  1  0  0 36261 1635 2198  0 45449 129  2  0  2  0 
27167 34  2  0  0 1543  0 19311 269  8  0  0 13  0 969  0 19112  0 17055  0  0  0 44579 259 540 52466  0 1323 43 276  0  0 5774  0  0 84445  0  0 26820  0 2650  0  0  0  0  0  0  0  0  7 4392  0  0  0  0  0 46  0  0  0 
13  0  0  0  1  0 745 15548 25  0 3103  0  0 98 17  0  8  0 464  4  0  0  7 743  0  0  0  0 60  0  0  0  0 368 7557 25  0 29843  0  0  0 16231  0 4087 9914 35223  0  0  0  1 41970 20 1640 691 20188  0 30  0 16095  0 
11 10630 17  0 769 87087 2542  0  1  0  0  0 23 63  2  0  0 959 263 1384  0 6809  0  2  0 22  0  0  0  0 5774  0  0  0 14  0  4  0 44659 1081 79370 4986  0  2 617 61831 31617  0  0 66552  0 866 1955  0  0 41 2338  0  0  6 
 1 2183 129  0  0  0  0  0  1 19911  1  0  0  0  4  0 1164  0 155  0  0  0  0 276  0 59871 32  0 42  0  0 368  0  0  0 13  0  2 1036  0 300  0 11  0  0  0 1522  0 18182 885  0 4365 8266 45963  0  0 40881 646 16 197 
 0 4003  0  0  0  1  0 360  0  9 122 6444 204  0 24  0 883  0  0  0  0  0 6716  0  0  1 23893  0  0  0  0 7557 14  0  0 13  0 11707 3026  9  0  3  5 82  2  0 66 4179 3492 29232 967  0  0  0  0  0 40 86513  0  0 
 0  0  0 19 32 844  0  0  0 3314 29  0 8276  2  0 27795  0 40  0 24  0  0 1813  0  0  0 99622  0  0 82369 84445 25  0 13 13  0  0 2091  0  0 368  0  0 965  0  0  0  0 187 13  4 175 58997 16  0  0 64548 304 4442 31751 
 0  0  0  0  2  0  0  0 4624  0 54  0  0 11 5405 554 54 61733 895  0  0  0  0  2 2226 8253  0  0 61193  0  0  0  4  0  0  0  0  4 144 6804  0 3701  0  0 28443  0  0  0  0  0 39  0 3556 12  3 14908  0 13033  0  0 
1087 996 3860  0  0  0  0  0  0  0 368 116  1  2 1086  0 7305  4 2407 36  0 25 462  0 16 5333 6256  0 5443  2  0 29843  0  2 11707 2091  4  0 168  0  0  0  0  0  0  1 160  0 31687  0  0 54295  0  0  0 3805  0  0  0 37778 
9099  0 895 1112  0  0 78888  0  0  0 82  0  0  0 3665  0  2 13250  0  0  0  0  3  0 16945  0  0  5  0  2 26820  0 44659 1036 3026  0 144 168  0  0  0  0  0  2  0 8190  0  0  0 1025  0  0 320 6782  0 149 9106  0  0 67 
91  0 27862 225 14524 271  0  0 1270  0  0 24849  0  0 999  1  0  6 44  0  2 89 236 5145  2  0 60577  0 21196  0  0  0 1081  0  9  0 6804  0  0  0 2979  0 80864  4  0 5536  0  0 6483 250 20408  0 30599 323  0  0 1776  0  0 1604 
 0 10  0  0  0 2013  3  0  7 15  0 13  8  3  4  0  0  0 27826  3 40457 6003  0  0  0 13616  0  0  0 2947 2650  0 79370 300  0 368  0  0  0 2979  0 45729  0  0  0  0 260 46912  0  0  0  0  0 526 70  0 169  0 71500 490 
 2 8402 2362 589 28  0  0  0  0  0 204 330  0 36795 24747  0  0  0  0 2150  0 803  0  0  0  0  0 33  0  2  0 16231 4986  0  3  0 3701  0  0  0 45729  0 264  0  0  0  0  0  0 33 13856 148  0 57 10609  0 272 27319 27983  0 
4873  3  0  4  0  0 61 15741  0 872 392  0  0  0 8765  0 4753  0  0  0  2  0  0  0  9  3 178  0  0  0  0  0  0 11  5  0  0  0  0 80864  0 264  0 26047  0  0  1  0 26  0  0  0 1698 57  0  1 45298  0 125  0 
 0  0  0  0 14153  0  0  0 88  0  0 40  0  0  0 500  0  0  0 20105 64936  0 879  0 17524  0 399  0 72  0  0 4087  2  0 82 965  0  0  2  4  0  0 26047  0 19601 2617  3  0  0  3 6204 6133  0  0  3  0  0 3363  0  2 
 0  0  0  0  0  0  1 7048  0  0  0  0  0  0  0  1  0  0  0 33338 28288 21 197  0 43119 5840 13  0  0  0  0 9914 617  0  2  0 28443  0  0  0  0  0  0 19601  0  0  0 955  0 25  1 2798 123 216 11  0  0  0  0 234 
202 26586  3  0  0  1  0  5 46745 863 9672  0  1  1  0  6 3075  0  0  0  0  2 62 14705  0 2869 46002 14  0  0  0 35223 61831  0  0  0  0  1 8190 5536  0  0  0 2617  0  0 13785 3147 26001 43156  0  0  0  0  0  0  0 417 208 7745 
 0  0  0  0 16399 3410  2  0 35334  0  0 80  0  0  6  0  1 8075  0  2  0 18 58 23640  0 218 3434 37  1 45  0  0 31617 1522 66  0  0 160  0  0 260  0  1  3  0 13785  0  0  0 19 23975  0 77  1  0 163  0  0  0  0 
 0  0  0  3 47577  1 985  0 26800 84  0  0  0 19673  0  2 17033 13 53  0  0  0  0  0  0  0  0 3228  9  1  0  0  0  0 4179  0  0  0  0  0 46912  0  0  0 955 3147  0  0  0  0  0  0  1  0  4  0  0 7139 47  0 
13868  6 67  0 218  0 3499  0 101  0  0  0  0 56182  0  0  0 13 42709  2 4071  0  0 98953  0  0  0  0 10  0  0  0  0 18182 3492 187  0 31687  0 6483  0  0 26  0  0 26001  0  0  0  0 3431  0 539  0  0  0  0  3 5302 869 
4425  0 344 5802 27552 16 95  0  4  0  0 48972  0  0  0  0  0  3  0 303  0 37838 1591 257  0 25  1 89592 203  0  7  1 66552 885 29232 13  0  0 1025 250  0 33  0  3 25 43156 19  0  0  0  0  0  0 1105  0 28797  0  4  1  9 
 5  0  0  0 15 34  0  0  6  0  0 33360  0 1744  0  0  0  0  0  0 243  4  0  0 326 80 32691  0 10 36261 4392 41970  0  0 967  4 39  0  0 20408  0 13856  0 6204  1  0 23975  0 3431  0  0  0  0  0 879  0 3766  0  9  0 
 0 91161 134  0 14 29 6982  0 173  0  0  0  2  0  0 43509 162 9391  0  0 2035 85 91  0  0  7  6  0 26819 1635  0 20 866 4365  0 175  0 54295  0  0  0 148  0 6133 2798  0  0  0  0  0  0  0 5364 58973 1583  8 120 36023 21  1 
 5  9  0 8898  0  0 86 3776 2874  0  0  6 43519 13513  0  2  0  0 15 197 20809 77  1  0 11100  0 1313  0  0 2198  0 1640 1955 8266  0 58997 3556  0 320 30599  0  0 1698  0 123  0 77  1 539  0  0 5364  0  0 10 27620  0  0  0 51 
2618 46054  0  1  0 80729 86828 12599  0  0 527  0  0 42  0  0  6  0 435 126  0 173  0 20  4  3  0  0 609  0  0 691  0 45963  0 16 12  0 6782 323 526 57 57  0 216  0  1  0  0 1105  0 58973  0  0 2497 289 10581  2  0  0 
 0 20156  0  0  0  0 1026  0 62  0  0 7854 12949 1553  0  0  0 537  0  0  0 1718  0 689  0 9209  0 29748 90581 45449  0 20188  0  0  0  0  3  0  0  0 70 10609  0  3 11  0  0  4  0  0 879 1583 10 2497  0 25535 2847 40858  0 280 
 0 21 1244 59  7  0  0  3 190  0  0  0  0  0  0  2  0 17451  2  4 680 12 12  0 51 96877 10 3774  0 129  0  0 41  0  0  0 14908 3805 149  0  0  0  1  0  0  0 163  0  0 28797  0  8 27620 289 25535  0 39089  0  0  0 
 0  0  0  0  0 5658  0 10592  0 14358 13206  0  0 44 62  0 38 219  0  8 1344 45807 34  0 52009  0 9859  0  0  2 46 30 2338 40881 40 64548  0  0 9106 1776 169 272 45298  0  0  0  0  0  0  0 3766 120  0 10581 2847 39089  0 26  0  1 
 0  0  3  0 2768  0  1  3  0  0 44905  0 23  0  0 4120 10 98606 57 9908  0  0  0  0 26 504 25 209  0  0  0  0  0 646 86513 304 13033  0  0  0  0 27319  0 3363  0 417  0 7139  3  4  0 36023  0  2 40858  0 26  0  0  0 
 0  0 245 9479 1948  0 26061  0 1830 14847  0  0  0  1  0  0 464 4649  0  0  0 72655 23982  0 2193 19  0 446  0  2  0 16095  0 16  0 4442  0  0  0  0 71500 27983 125  0  0 208  0 47 5302  1  9 21  0  0  0  0  0  0  0 3302 
27276  0  0  0  0  0  0 918  0 53888 15114  0 1260  3 522  0 21  0  0  0  0  0  0  0  0 6138 13359 630 2672  0  0  0  6 197  0 31751  0 37778 67 1604 490  0  0  2 234 7745  0  0 869  9  0  1 51  0 280  0  1  0 3302  0 

 0  0 68213  0  0  0 9309  0  0 6484  0 1731  4  8  0 3998  0  6  0  0  0  0 3603  2 414  0 18  0  0  4  0  0 69398 269 389  0  0  0  0  0 739  1 829 27347  0  0  7  0  2 12500  0 11  0  0  0  0  0  2  0 288 
 0  0 46687  0 16866 290 110  5 17  0  0  0 93  0  0  0 54  0  0 1772  0  0  0  0  0  1  0  0 6167  0  0 6024 2722  0 52 22890 35866  0 56 821  0  2  0  4  0  0 27339  0  0 2697  0  0 278  0 5778 40471  0 964 378 63063 
68213 46687  0 54  0 274  0 40  0 210 3647  0  0  0  0  0  0 2778 3306 178  0  0  0 25681 10  0  0  0 13451  0  0  3  0  0  0 80537  7  0  0  0 73 49  9 58 45 3588  0 3584  0  0 78259  0  0 5232  0 759 33  0 12  0 
 0  0 54  0  0 94  0 253  0  0 11  0  0  0  0  0  0 308 2139  0 26  0 16  3 20835 19 19 730 111 120 84 37039  0  0 241 10177  0  0  0 507 3322 21106  0  0 7799 12 24602  0  0  9  0  0 13 1121 398  0 10 1853  0  0 
 0 16866  0  0  0  0 2614  0 67  0 89024 85  0  0  0 2561  0  0  0  0  0 410  0  0  3 23 13754 23  3  0  0  0 613 117 125  0 67496  0  0 19722 15  0  9  0  0 37  0 33 43373  0  0  0  0  0  0 7163  0  0  0 21540 
 0 290 274 94  0  0  0 12 13 2437  2  3  0  0  0 57 1758  0  0  0 44275  0  0  0  0  0  8  0 1511  0  0  0 27  0  0 23  0 95935  0 1174  0  0  0  0  0  0  0  0 7770 2018 12458  5  0 50  4 16424 2678  0  0 5016 
9309 110  0  0 2614  0  0 10652 27980 12800 28116 84795 46  0 33  0 103 1143  0  0 151  0  0  0  0 6179  0  0 79 65555  6  0 364  4 250  7 10  0  0  0  0 28228 36  0 562  0  1  0 33405  5 166 7649  0  0  0  0 49009  0 49694 148 
 0  5 40 253  0 12 10652  0  0  0  0  0  0 8230 316  2  0  0  0 529  0 88241  0 207 11663  0 190  0 27797 231 102 51 2306 1927  0  0 92676  0  0 6476 40 134 2320  0  2  0  0  0 7077  0 119  0 148  0  0 1928  0  0 35  0 
 0 17  0  0 67 13 27980  0  0 42017  0  0  0  0 179  2 636 12089 10106  0  1  8 41178 11  0  0  0 548  0 4581  0 24 54055 215  0  0 2086  1 17 379  0 63412 121  0 270  0  0  0  0  0  0  0  0  0 539 172 781  0  0  0 
6484  0 210  0  0 2437 12800  0 42017  0 52 4278 76 102 139 15  0  0 45 49  0  0  0 428  0 26807  3 80 43966 2271  1  0  0  0 1102  0  0 42  0  0  0  0 35  0 1302 536  2 67 216  1 97533 60  0  0  4  2  0 2607 888  1 
