facilities = 60 objectives = 3 max_distances = 190 max flows = 99622 overlap =  1.00 seed = 23453464 correlation1 = 0.500 correlation2 = 0.500 A = -5 B = 5 M = 0 K = 1 m = 100
 0 69 97 18 30 71 113 76 35 97 38 19 72  1 101 31 41 92 29 76 52 90 34 50 72 104 23 75 34 48 32 56 72 29 77 80 88 83 44 45 62 54 70 85 20 52 30 71 79 47 28 92 29 50 38 68 61 28  4 76 
69  0 31 60 50  2 101 12 43 30 77 86 54 68 60 39 27 144 83 128 115 21 47 30  8 50 61 72 38 68 91 35  9 62 71 28 54 14 41 33 18 19 87 86 50 28 40 12 94 99 49 132 49 24 103 18 78 41 66 26 
97 31  0 84 73 29 95 34 65 30 97 112 57 96 44 69 57 162 113 146 145 19 69 60 25 59 85 76 63 84 114 49 25 93 98 48 74 21 60 54 35 43 96 88 80 47 67 25 101 120 73 145 72 47 133 45 89 69 94 26 
18 60 84  0 12 62 94 69 19 89 25 27 54 18 83 29 34 88 47 72 71 81 16 49 61 102  5 57 22 31 31 39 61 41 86 77 90 74 27 30 49 42 53 67 23 37 20 59 62 42 11 83 12 37 57 63 44 21 14 61 
30 50 73 12  0 52 85 61  8 81 27 39 43 29 71 28 28 94 57 78 82 71  4 46 51 96 11 48 14 26 41 27 51 47 87 71 87 64 15 19 38 32 49 60 27 26 16 49 57 49  3 85  1 27 68 57 39 18 25 49 
71  2 29 62 52  0 101 12 44 28 79 88 54 70 59 42 30 146 85 129 117 19 49 32  7 49 63 73 40 70 93 36  8 64 72 28 54 12 42 34 19 20 88 87 53 29 42 11 94 101 51 134 51 25 105 19 79 43 68 25 
113 101 95 94 85 101  0 114 85 123 80 112 48 113 51 110 102 110 142 101 163 109 83 120 94 149 90 37 93 65 101 71 94 132 166 130 155 106 77 83 84 90 49 28 112 81 98 90 43 92 88 84 86 88 149 118 54 101 108 76 
76 12 34 69 61 12 114  0 53 21 88 94 67 75 70 45 35 155 85 139 117 17 58 29 19 37 71 85 47 80 100 48 20 63 63 16 43 13 53 44 31 31 99 99 56 40 48 23 106 110 59 144 60 35 107 11 91 49 74 37 
35 43 65 19  8 44 85 53  0 73 34 46 39 34 65 25 22 101 60 85 87 63  4 41 43 89 19 48  8 30 49 21 43 47 84 64 82 56  9 11 30 24 52 60 27 18 13 41 60 56  7 92  7 19 74 50 42 16 31 42 
97 30 30 89 81 28 123 21 73  0 108 115 79 96 74 66 56 175 105 158 137 13 77 49 32 28 91 99 67 98 121 64 33 83 74 24 47 18 71 63 47 49 115 112 77 58 69 36 122 130 79 162 80 54 127 30 107 70 95 47 
38 77 97 25 27 79 80 88 34 108  0 32 51 38 83 53 56 67 67 50 83 97 30 73 76 124 20 45 42 17 22 48 76 65 111 99 114 90 37 44 62 58 32 51 48 50 43 73 41 23 30 58 29 53 69 85 25 44 34 71 
19 86 112 27 39 88 112 94 46 115 32  0 78 20 109 49 59 73 39 58 51 107 43 70 88 123 28 76 48 47 15 67 88 47 96 100 107 100 54 57 76 69 64 83 39 65 46 86 73 31 39 77 39 64 37 86 57 45 20 88 
72 54 57 54 43 54 48 67 39 79 51 78  0 72 31 62 54 109 99 94 125 66 39 71 48 104 51 19 46 34 73 23 47 86 117 83 107 61 30 35 36 41 40 32 67 32 51 44 43 72 45 89 43 39 111 70 35 54 68 32 
 1 68 96 18 29 70 113 75 34 96 38 20 72  0 100 30 40 92 29 77 53 89 33 50 71 103 22 75 33 48 33 55 71 28 77 79 87 82 43 44 61 53 70 85 19 51 29 70 79 48 27 92 29 49 39 67 61 27  4 75 
101 60 44 83 71 59 51 70 65 74 83 109 31 100  0 84 72 138 125 124 153 61 67 86 52 102 80 45 69 66 105 45 51 109 130 86 113 59 56 57 47 56 68 52 91 51 75 48 69 104 72 117 71 57 140 78 65 78 96 34 
31 39 69 29 28 42 110 45 25 66 53 49 62 30 84  0 12 117 44 101 75 60 28 21 44 74 33 73 17 54 59 40 44 25 59 50 61 53 33 27 38 29 77 86 11 32 12 45 85 71 25 112 26 26 63 37 67  9 29 53 
41 27 57 34 28 30 102 35 22 56 56 59 54 40 72 12  0 122 56 105 88 48 26 19 31 67 37 67 14 52 65 31 32 37 64 43 59 41 26 19 25 16 74 80 23 22 13 32 82 76 26 114 27 15 76 29 64 14 39 40 
92 144 162 88 94 146 110 155 101 175 67 73 109 92 138 117 122  0 111 16 108 164 97 138 143 190 85 93 108 78 59 113 143 120 169 165 178 157 104 111 129 125 70 89 109 117 109 140 71 46 96 27 95 120 99 151 74 109 91 135 
29 83 113 47 57 85 142 85 60 105 67 39 99 29 125 44 56 111  0 97 32 102 60 56 88 105 51 104 55 77 55 80 88 21 63 84 82 96 69 68 82 72 99 114 34 74 50 89 108 71 54 117 56 70 23 75 90 47 33 96 
76 128 146 72 78 129 101 139 85 158 50 58 94 77 124 101 105 16 97  0 97 147 80 122 127 173 68 80 92 62 43 97 126 105 154 149 162 141 87 95 113 109 57 77 93 101 92 124 59 29 80 25 79 104 87 135 59 93 75 119 
52 115 145 71 82 117 163 117 87 137 83 51 125 53 153 75 88 108 32 97  0 134 86 88 119 136 74 126 84 97 64 108 120 54 88 116 112 128 97 96 112 103 116 134 65 104 80 120 124 79 80 120 82 100 13 107 108 77 57 127 
90 21 19 81 71 19 109 17 63 13 97 107 66 89 61 60 48 164 102 147 134  0 67 46 20 41 82 85 59 87 112 51 21 81 80 29 55  7 60 52 35 39 103 99 71 46 61 24 109 120 70 150 70 44 123 29 95 62 87 33 
34 47 69 16  4 49 83 58  4 77 30 43 39 33 67 28 26 97 60 80 86 67  0 45 47 93 15 46 12 26 45 23 47 49 88 69 86 60 10 15 34 28 48 58 29 22 16 45 57 52  5 87  4 23 73 54 38 18 29 45 
50 30 60 49 46 32 120 29 41 49 73 70 71 50 86 21 19 138 56 122 88 46 45  0 37 53 53 86 32 71 80 48 38 34 46 30 41 41 46 38 38 31 93 99 30 39 30 39 102 92 43 132 45 32 78 18 84 29 50 52 
72  8 25 61 51  7 94 19 43 32 76 88 48 71 52 44 31 143 88 127 119 20 47 37  0 55 62 67 39 66 92 31  1 68 79 35 61 14 39 32 14 19 83 80 55 25 42  4 89 99 50 130 50 24 107 26 74 44 69 18 
104 50 59 102 96 49 149 37 89 28 124 123 104 103 102 74 67 190 105 173 136 41 93 53 55  0 105 122 81 117 133 85 56 84 58 24 28 43 89 81 68 68 137 136 84 77 81 60 144 144 93 181 94 72 128 38 128 81 103 73 
23 61 85  5 11 63 90 71 19 91 20 28 51 22 80 33 37 85 51 68 74 82 15 53 62 105  0 52 23 26 30 38 62 46 91 80 94 75 26 30 49 43 48 62 28 37 23 60 57 39 12 79 12 38 60 66 39 24 18 60 
75 72 76 57 48 73 37 85 48 99 45 76 19 75 45 73 67 93 104 80 126 85 46 86 67 122 52  0 56 28 67 38 66 95 131 100 123 80 40 47 54 57 23 13 75 47 61 62 25 62 51 72 49 54 112 87 21 64 71 52 
34 38 63 22 14 40 93 47  8 67 42 48 46 33 69 17 14 108 55 92 84 59 12 32 39 81 23 56  0 38 53 25 39 40 75 57 73 52 16 12 28 20 61 69 21 19  5 38 69 62 12 100 13 16 71 42 51  8 30 42 
48 68 84 31 26 70 65 80 30 98 17 47 34 48 66 54 52 78 77 62 97 87 26 71 66 117 26 28 38  0 39 35 65 71 113 93 112 80 28 36 52 49 23 37 52 40 42 62 32 38 29 64 27 45 84 79 13 44 44 57 
32 91 114 31 41 93 101 100 49 121 22 15 73 33 105 59 65 59 55 43 64 112 45 80 92 133 30 67 53 39  0 66 92 61 110 108 119 105 54 60 79 73 52 72 50 67 52 90 60 16 42 61 42 68 52 94 47 52 31 89 
56 35 49 39 27 36 71 48 21 64 48 67 23 55 45 40 31 113 80 97 108 51 23 48 31 85 38 38 25 35 66  0 30 65 94 62 85 45 12 13 17 18 52 52 46  9 30 27 58 71 28 98 27 16 95 49 43 33 52 23 
72  9 25 61 51  8 94 20 43 33 76 88 47 71 51 44 32 143 88 126 120 21 47 38  1 56 62 66 39 65 92 30  0 68 80 36 62 14 39 32 13 19 82 80 55 25 42  3 88 99 50 129 50 24 108 27 74 44 69 17 
29 62 93 41 47 64 132 63 47 83 65 47 86 28 109 25 37 120 21 105 54 81 49 34 68 84 46 95 40 71 61 65 68  0 48 62 63 74 56 52 63 54 94 107 20 58 35 69 103 77 44 121 46 52 44 53 85 32 31 78 
77 71 98 86 87 72 166 63 84 74 111 96 117 77 130 59 64 169 63 154 88 80 88 46 79 58 91 131 75 113 110 94 80 48  0 51 30 77 90 83 84 77 136 144 62 85 71 83 145 125 84 169 86 78 84 53 126 69 79 96 
80 28 48 77 71 28 130 16 64 24 99 100 83 79 86 50 43 165 84 149 116 29 69 30 35 24 80 100 57 93 108 62 36 62 51  0 27 28 65 57 46 44 113 114 60 54 56 40 121 119 69 157 70 48 107 14 104 56 79 54 
88 54 74 90 87 54 155 43 82 47 114 107 107 87 113 61 59 178 82 162 112 55 86 41 61 28 94 123 73 112 119 85 62 63 30 27  0 55 85 77 70 66 134 137 69 76 71 66 142 132 84 173 86 69 105 36 124 70 88 80 
83 14 21 74 64 12 106 13 56 18 90 100 61 82 59 53 41 157 96 141 128  7 60 41 14 43 75 80 52 80 105 45 14 74 77 28 55  0 53 46 28 32 97 94 64 40 54 18 103 113 63 144 63 37 117 24 89 55 80 29 
44 41 60 27 15 42 77 53  9 71 37 54 30 43 56 33 26 104 69 87 97 60 10 46 39 89 26 40 16 28 54 12 39 56 90 65 85 53  0  8 25 21 48 53 36 13 21 36 56 60 16 91 15 17 83 51 38 24 40 34 
45 33 54 30 19 34 83 44 11 63 44 57 35 44 57 27 19 111 68 95 96 52 15 38 32 81 30 47 12 36 60 13 32 52 83 57 77 46  8  0 19 13 56 61 33  7 17 30 64 67 18 100 18  8 83 43 47 20 41 31 
62 18 35 49 38 19 84 31 30 47 62 76 36 61 47 38 25 129 82 113 112 35 34 38 14 68 49 54 28 52 79 17 13 63 84 46 70 28 25 19  0  9 69 68 47 12 32 11 75 85 37 115 37 12 99 34 60 35 59 15 
54 19 43 42 32 20 90 31 24 49 58 69 41 53 56 29 16 125 72 109 103 39 28 31 19 68 43 57 20 49 73 18 19 54 77 44 66 32 21 13  9  0 69 71 38 10 24 17 76 80 31 113 31  5 90 30 60 26 50 24 
70 87 96 53 49 88 49 99 52 115 32 64 40 70 68 77 74 70 99 57 116 103 48 93 83 137 48 23 61 23 52 52 82 94 136 113 134 97 48 56 69 69  0 21 75 59 64 79  9 43 52 49 50 65 102 99  9 67 66 70 
85 86 88 67 60 87 28 99 60 112 51 83 32 85 52 86 80 89 114 77 134 99 58 99 80 136 62 13 69 37 72 52 80 107 144 114 137 94 53 61 68 71 21  0 87 61 73 76 17 65 63 65 61 68 120 101 25 76 81 65 
20 50 80 23 27 53 112 56 27 77 48 39 67 19 91 11 23 109 34 93 65 71 29 30 55 84 28 75 21 52 50 46 55 20 62 60 69 64 36 33 47 38 75 87  0 40 16 55 84 63 24 106 26 35 52 48 65 13 19 62 
52 28 47 37 26 29 81 40 18 58 50 65 32 51 51 32 22 117 74 101 104 46 22 39 25 77 37 47 19 40 67  9 25 58 85 54 76 40 13  7 12 10 59 61 40  0 24 23 66 73 26 104 25  7 90 40 50 27 48 23 
30 40 67 20 16 42 98 48 13 69 43 46 51 29 75 12 13 109 50 92 80 61 16 30 42 81 23 61  5 42 52 30 42 35 71 56 71 54 21 17 32 24 64 73 16 24  0 41 73 63 13 101 15 20 67 42 55  3 26 47 
71 12 25 59 49 11 90 23 41 36 73 86 44 70 48 45 32 140 89 124 120 24 45 39  4 60 60 62 38 62 90 27  3 69 83 40 66 18 36 30 11 17 79 76 55 23 41  0 85 96 48 126 48 22 108 30 71 43 68 14 
79 94 101 62 57 94 43 106 60 122 41 73 43 79 69 85 82 71 108 59 124 109 57 102 89 144 57 25 69 32 60 58 88 103 145 121 142 103 56 64 75 76  9 17 84 66 73 85  0 50 61 48 59 72 111 107 18 75 75 75 
47 99 120 42 49 101 92 110 56 130 23 31 72 48 104 71 76 46 71 29 79 120 52 92 99 144 39 62 62 38 16 71 99 77 125 119 132 113 60 67 85 80 43 65 63 73 63 96 50  0 50 45 50 75 67 105 41 63 46 94 
28 49 73 11  3 51 88 59  7 79 30 39 45 27 72 25 26 96 54 80 80 70  5 43 50 93 12 51 12 29 42 28 50 44 84 69 84 63 16 18 37 31 52 63 24 26 13 48 61 50  0 88  2 26 67 55 42 15 24 49 
92 132 145 83 85 134 84 144 92 162 58 77 89 92 117 112 114 27 117 25 120 150 87 132 130 181 79 72 100 64 61 98 129 121 169 157 173 144 91 100 115 113 49 65 106 104 101 126 48 45 88  0 87 109 110 142 55 103 90 119 
29 49 72 12  1 51 86 60  7 80 29 39 43 29 71 26 27 95 56 79 82 70  4 45 50 94 12 49 13 27 42 27 50 46 86 70 86 63 15 18 37 31 50 61 26 25 15 48 59 50  2 87  0 26 68 55 40 17 25 49 
50 24 47 37 27 25 88 35 19 54 53 64 39 49 57 26 15 120 70 104 100 44 23 32 24 72 38 54 16 45 68 16 24 52 78 48 69 37 17  8 12  5 65 68 35  7 20 22 72 75 26 109 26  0 87 34 55 22 46 26 
38 103 133 57 68 105 149 107 74 127 69 37 111 39 140 63 76 99 23 87 13 123 73 78 107 128 60 112 71 84 52 95 108 44 84 107 105 117 83 83 99 90 102 120 52 90 67 108 111 67 67 110 68 87  0 97 95 64 43 114 
68 18 45 63 57 19 118 11 50 30 85 86 70 67 78 37 29 151 75 135 107 29 54 18 26 38 66 87 42 79 94 49 27 53 53 14 36 24 51 43 34 30 99 101 48 40 42 30 107 105 55 142 55 34 97  0 90 42 66 44 
61 78 89 44 39 79 54 91 42 107 25 57 35 61 65 67 64 74 90 59 108 95 38 84 74 128 39 21 51 13 47 43 74 85 126 104 124 89 38 47 60 60  9 25 65 50 55 71 18 41 42 55 40 55 95 90  0 57 57 63 
28 41 69 21 18 43 101 49 16 70 44 45 54 27 78  9 14 109 47 93 77 62 18 29 44 81 24 64  8 44 52 33 44 32 69 56 70 55 24 20 35 26 67 76 13 27  3 43 75 63 15 103 17 22 64 42 57  0 25 49 
 4 66 94 14 25 68 108 74 31 95 34 20 68  4 96 29 39 91 33 75 57 87 29 50 69 103 18 71 30 44 31 52 69 31 79 79 88 80 40 41 59 50 66 81 19 48 26 68 75 46 24 90 25 46 43 66 57 25  0 72 
76 26 26 61 49 25 76 37 42 47 71 88 32 75 34 53 40 135 96 119 127 33 45 52 18 73 60 52 42 57 89 23 17 78 96 54 80 29 34 31 15 24 70 65 62 23 47 14 75 94 49 119 49 26 114 44 63 49 72  0 

 0  0 12  0  0 2161  0 5967 89024 129  0 42 393 60880 921 81  0  0 5849 15773 2553 20  0 481  0 7134  0  0 76587 4624 7318 25  0  0 67  0  0  0 58 20  0  3  0  0 29174  0  0  1  0 5844  0  0 2590 38 322  0 540 57 86151  0 
 0  0  0 32136 21316 21742  0  0  0 1023  0 17  0  2  1  1 4639 65717 29791 49154  0 2686 89  0 582 67636 12341 31905  0  0  0  0  0  0  3 68653 37 709  0  0 180  0  0 1054 236  0 17 511  0 72  0 282 3724 59 7063 342  7  1 34245  0 
12  0  0  0  0  0 1248 15013  2  0  0  0  0  5  3  0  5 156  0  0 2282 212  0  0  0  8  0  9  0  0  0 111  0 98 32475  7 387  0  2  0  4  0  2 526  3  0  0  0 18532 148  0  0 58959 37 1739  0 40771  0 152  0 
 0 32136  0  0 2679  0 10580  0 106  0 2448  0 4756  0  0  0 2980  0  0  7 4472  0 26  0  0 2136 52994  1 13945 151  0  1  0 12  0  0 95 27  0  0 4388 3020 2198 143  0 390  0 937  1  0 209  0  3 289  3  0  0 36 762  0 
 0 21316  0 2679  0  1  0  0  0 66773  0 53052 84956  0  0  0 3962  1 125  0  0  2 13  0  0 24393  0  0 422  0  0  0 33141  0  0 29  2  0  0  9  0  0 467 4644 37 154  0  0 19217 96 2320  0  0  0  0  0  2  0 8920 19 
2161 21742  0  0  1  0  0  0  0  0  0 5240  0 6243  7  0  0  0  0  1 56 13 624 206  0  0  0 83309 86285  0  0  0  0 209 178 22 19  0 17614  1  0 26805  0 4729 23  0  0 588  0  0  0 18  2  1  0  0  0  5  0  0 
 0  0 1248 10580  0  0  0  0 1884  0  0  0  0  0 846  0  0 77 86168 14786 604 138 228  0  0  0 159  0  0 69  0  0  0 1665 41 16  2 91  0  0 1342 32  0 216  0 4981 536 1620 3085 197  0 824 205  0 749 56050  0 1780 40684  0 
5967  0 15013  0  0  0  0  0 10150  0 7381  0  3 17674  0 16180  0 919  0  0  0  3  0  0  6 43175 23 339 609  1 114  0  0  0  0 13 58369  0 2925 8932  0  0 13426 17 10  5  0 57 1429 2370 921 158  0  0 24  0  0 78762  3  0 
89024  0  2 106  0  0 1884 10150  0  0 33456  0  0  0  0  0  0  2  0  0 60161 16 15 12  0  4  0  0 80537 42  0  0 109 3267  0  0 50 1175  0 34559  0  0  0  0 40471 76 1223  0  0 25  0  0 5336  0 75  0 38 6749  1  0 
129 1023  0  0 66773  0  0  0  0  0  0 1481 1416 70 21064 178 88443  0  1 16  0 93990 188  0 331  0 69  0 481  0 39 14  0  0 671  0  0  1  0 10  0  0 3556  0  1  2  0 17  0  0  0  0  0 195 25005 73  0 12915  0  0 
 0  0  0 2448  0  0  0 7381 33456  0  0  0  0  0  0  0  0  0 222 4384  0  0  0  0  0  0 2204 11303 14  7  0 547 2204  0  0  0  0 767  0 2823 78259  0  0  0  0 45459  0 78700  0  0 19 35169  0 1014  1  0 97 67 1183 14 
42 17  0  0 53052 5240  0  0  0 1481  0  0  0  0  3  0 172  0 427  0  0 1577  0  0  0 98056 105 1292  0  0  0  7  0 157 11 62439  1 2562  0  8  3 22 12213  0  0 31 86513  0  0 157 39  0 84  0 948 163 1022  0  4 6159 
393  0  0 4756 84956  0  0  3  0 1416  0  0  0  8  0  0 159  4 14  0  0 3728 88119  0  0  0  0  1  0  0  0 15 95874  0  0  0  0 39514 5480  0 185 5459 52  0  0  2 712  1  0  0  6  0  1  7 196  0  0  0  0  0 
60880  2  5  0  0 6243  0 17674  0 70  0  0  8  0 110 64 75831  0 591  0  0  0 71461 2815  0 432  2  0 8497 972  0  0  0 19  0  0 8774 133 4179 678  0 961  4 46 33 83877  0  1 113 5173  0 11830  0  0 81  0 3890 277 12 19137 
921  1  3  0  0  7 846  0  0 21064  0  3  0 110  0 2985  0  0  0  0 189 83 415 153  0  0  0 324 154  0  0 884 3322 768  1 8263  0  1  0  0  1 91 1521 364  2  0  0 8016  0  0 54997 79689 173 179  0 17 6213  0  0  1 
81  1  0  0  0  0  0 16180  0 178  0  0  0 64 2985  0  1 98  0  0  0  0  0  0  0 1463  0  0  3  0 1148  0  0  0  0  0  0  0 35443  0  6  0 2060 1478  0  0 5587  3 92 6918 7170  0  0  0  0  0  0 47319  0 22900 
 0 4639  5 2980 3962  0  0  0  0 88443  0 172 159 75831  0  1  0  1  0 5788 70070  0  0  0  0  0  0  0 1297  0  0  5 837  0 52278  3  0  0  0  0 97533 970  0  0  0 728  0 104 497 22  0 2016 18983 775  0 429  7  0  0  0 
 0 65717 156  0  1  0 77 919  2  0  0  0  4  0  0 98  1  0  0  0  5 63 10 65555 50910 19  0  3  0  0 21  0 71  0 264  1  1 68148 41  0  0  0 63431 15218  0 62056 3363  0 1366 18  0 412 169  0  0  7 14 37851  0  0 
5849 29791  0  0 125  0 86168  0  0  1 222 427 14 591  0  0  0  0  0 476  0  0  0 1132  0 107  0 4003 1372  0  0 5044  0 85 27  0  0 18  0  0  3  0  0  0 37541  2 851  0  0  0  0 61  0 7009  2 57221  0 9054  0 395 
15773 49154  0  7  0  1 14786  0  0 16 4384  0  0  0  0  0 5788  0 476  0 25 90124  0  1 31  0 851  0 40 691  0  0  0  0 11  0 24790  0  0 98 11011  0  0  0  0  0 417  0  0 5223 4826 115  0  0  0 14 22  0  0  0 
2553  0 2282 4472  0 56 604  0 60161  0  0  0  0  0 189  0 70070  5  0 25  0  0  0  0  0 3650 100  0  1  4 523  0  0 234  0  0 13 661  0  3  0 80318 690  0 67 13003  3  0 5545  0 54 2485  0 57 31 108  0  0 151 17024 
20 2686 212  0  2 13 138  3 16 93990  0 1577 3728  0 83  0  0 63  0 90124  0  0 7663  0 540 81552  0 1718 14  0  0 52 281  3  0 30636 4797  0  0 12500 4780  0 5364  0 17  2 7139 646  2  0  0  0 6998 5947  0  0  8  0 3641  0 
 0 89  0 26 13 624 228  0 15 188  0  0 88119 71461 415  0  0 10  0  0  0 7663  0 30162  0 51463  0  0  0  0  0 91  6  0  0  0 7652  0  0 844 95737  0  0 62707  4 26  0  0  4 2001 62  0 1863 17891  0  0  0 226  0 77 
481  0  0  0  0 206  0  0 12  0  0  0  0 2815 153  0  0 65555 1132  1  0  0 30162  0 1830 5374  0 155 18  0  0  0  3 1991 55121  0  0 3100  0  9 5122  3 32  2  1  1 262  0  0 611 20794  0  0 2611 91  0  0 25  5 500 
 0 582  0  0  0  0  0  6  0 331  0  0  0  0  0  0  0 50910  0 31  0 540  0 1830  0 29  0  9  0 12  0 14524  5 113 15757  0 81 1256  2 73  2 54295  0 18260 132  0 40337  0  0 17387  2  0  0  0 6078  0  0  0 11563  0 
7134 67636  8 2136 24393  0  0 43175  4  0  0 98056  0 432  0 1463  0 19 107  0 3650 81552 51463 5374 29  0  0  0 14  0  0 42227  0 6101  0  0  6 1555  0  8  0  0  2  0  0  1 527  1  1 26579 135  0  8  0  0  0 16 1284 102  0 
 0 12341  0 52994  0  0 159 23  0 69 2204 105  0  2  0  0  0  0  0 851 100  0  0  0  0  0  0 220 6594  2 12607  0  0 2333  0  5 52046 92915  0  0  0 27426  0 11 67  0  0  0  0  0  0 392 468  0 10  0  0  0  0 37 
 0 31905  9  1  0 83309  0 339  0  0 11303 1292  1  0 324  0  0  3 4003  0  0 1718  0 155  9  0 220  0 99622 12  0 977 13827  0 45119 562  0  0  0  0  0  0  0 539  2  0 813  0  0 2011  0  0 19  0  7  0 111  0  0 144 
76587  0  0 13945 422 86285  0 609 80537 481 14  0  0 8497 154  3 1297  0 1372 40  1 14  0 18  0 14 6594 99622  0 6484  0  0 40313 497 18964  0 209  0 7860  0  0 3534  0  0  0  0 49  0  0 17 1447 15730 26 19587  0  0 31881  0 11  0 
4624  0  0 151  0  0 69  1 42  0  7  0  0 972  0  0  0  0  0 691  4  0  0  0 12  0  2 12 6484  0 41360 5989  0  1 8910  0 120  0  0  0 367  0 1459  0 96877 5819  1 1454 5204  3  0  0 370  9 29 2064  6 25383  0 4116 
7318  0  0  0  0  0  0 114  0 39  0  0  0  0  0 1148  0 21  0  0 523  0  0  0  0  0 12607  0  0 41360  0  4 440  0  0 23  0 34 333 10  0 66  0 12949 358  2  6  0 43 57276  0 563  4 35760  1  0  0  0 1463 579 
25  0 111  1  0  0  0  0  0 14 547  7 15  0 884  0  5  0 5044  0  0 52 91  0 14524 42227  0 977  0 5989  4  0  0  0  0 29 2694 7665  1 3229  1 1275  0  0  0  0 27174  0  0  0  0  1 7148  2 74470 79348  0  1 960 1170 
 0  0  0  0 33141  0  0  0 109  0 2204  0 95874  0 3322  0 837 71  0  0  0 281  6  3  5  0  0 13827 40313  0 440  0  0  1  0  0  0 1122  0  0  0  0 60400  0  0  0 769 921 49031  0  0  0  0 6250 99 11  8  0  0  0 
 0  0 98 12  0 209 1665  0 3267  0  0 157  0 19 768  0  0  0 85  0 234  3  0 1991 113 6101 2333  0 497  1  0  0  1  0 13  0 34454 4609  0  0  0  0 12  0 20789  0  0  0  0  0  0 1440 3956  0  0 743  0  0  8 25824 
67  3 32475  0  0 178 41  0  0 671  0 11  0  0  1  0 52278 264 27 11  0  0  0 55121 15757  0  0 45119 18964 8910  0  0  0 13  0  0  0 11  0  1  7  2 462 7466 1725  6 22212  0  0  0  0 14424 44 3010  0  0  0  0 89 56 
 0 68653  7  0 29 22 16 13  0  0  0 62439  0  0 8263  0  3  1  0  0  0 30636  0  0  0  0  5 562  0  0 23 29  0  0  0  0 12448  0  1 263  0  0  0  0  0  0  0  0 544  0  0  0  0 83414 43  0  0  1  0 12 
 0 37 387 95  2 19  2 58369 50  0  0  1  0 8774  0  0  0  1  0 24790 13 4797 7652  0 81  6 52046  0 209 120  0 2694  0 34454  0 12448  0  0 51  0  0  0  0  0  0  0  8  0  0  0  0  0  0 109 223  0  0 48  0 979 
 0 709  0 27  0  0 91  0 1175  1 767 2562 39514 133  1  0  0 68148 18  0 661  0  0 3100 1256 1555 92915  0  0  0 34 7665 1122 4609 11  0  0  0  0  0  6  0  0 68 14908  1  0  0 20  1  0  8 265  0 5385 40773  0  1 608  9 
58  0  2  0  0 17614  0 2925  0  0  0  0 5480 4179  0 35443  0 41  0  0  0  0  0  0  2  0  0  0 7860  0 333  1  0  0  0  1 51  0  0  0  0 283  0  0  0 2847  0 52792 158  0  2  6 82661 3208 3626 82028 939  0 13249 11 
20  0  0  0  9  1  0 8932 34559 10 2823  8  0 678  0  0  0  0  0 98  3 12500 844  9 73  8  0  0  0  0 10 3229  0  0  1 263  0  0  0  0  0 285 4195  0  0  0 14847  0  0  0 1679 59  2  0 665 93  0  0  5  0 
 0 180  4 4388  0  0 1342  0  0  0 78259  3 185  0  1  6 97533  0  3 11011  0 4780 95737 5122  2  0  0  0  0 367  0  1  0  0  7  0  0  6  0  0  0 1248 1411  0 16 41 764 3660 2951  0  0  0  0 15  4 109 985 140  0  0 
 3  0  0 3020  0 26805 32  0  0  0  0 22 5459 961 91  0 970  0  0  0 80318  0  0  3 54295  0 27426  0 3534  0 66 1275  0  0  2  0  0  0 283 285 1248  0  0  0  1  2 14  0  0 30 739  0  0 14  0 29517  0  0  0 57064 
 0  0  2 2198 467  0  0 13426  0 3556  0 12213 52  4 1521 2060  0 63431  0  0 690 5364  0 32  0  2  0  0  0 1459  0  0 60400 12 462  0  0  0  0 4195 1411  0  0 3892 6667  0 554 6138  1 32062 13130 1260 99 20673  0  7 188  7  0  4 
 0 1054 526 143 4644 4729 216 17  0  0  0  0  0 46 364 1478  0 15218  0  0  0  0 62707  2 18260  0 11 539  0  0 12949  0  0  0 7466  0  0 68  0  0  0  0 3892  0  7  0 1563  0  1 5885  0 15  0  0  0  0 10622  0  0  5 
29174 236  3  0 37 23  0 10 40471  1  0  0  0 33  2  0  0  0 37541  0 67 17  4  1 132  0 67  2  0 96877 358  0  0 20789 1725  0  0 14908  0  0 16  1 6667  7  0  0 97292 2672 907 1322 9325 2570  0 1468  0 20251  2 14  0  0 
 0  0  0 390 154  0 4981  5 76  2 45459 31  2 83877  0  0 728 62056  2  0 13003  2 26  1  0  1  0  0  0 5819  2  0  0  0  6  0  0  1 2847  0 41  2  0  0  0  0  0  0  0 415 3121 7606 941  0  0 77019  0 13157  0 55 
 0 17  0  0  0  0 536  0 1223  0  0 86513 712  0  0 5587  0 3363 851 417  3 7139  0 262 40337 527  0 813 49  1  6 27174 769  0 22212  0  8  0  0 14847 764 14 554 1563 97292  0  0  1 1028 395 25  0 31006  0 11834 142 200  4  4  0 
 1 511  0 937  0 588 1620 57  0 17 78700  0  1  1 8016  3 104  0  0  0  0 646  0  0  0  1  0  0  0 1454  0  0 921  0  0  0  0  0 52792  0 3660  0 6138  0 2672  0  1  0 165 842  0  0 16  0 1387 37784  0  0  0 37436 
 0  0 18532  1 19217  0 3085 1429  0  0  0  0  0 113  0 92 497 1366  0  0 5545  2  4  0  0  1  0  0  0 5204 43  0 49031  0  0 544  0 20 158  0 2951  0  1  1 907  0 1028 165  0 2045  5 55820 16  0  0  0  0 79  0 9520 
5844 72 148  0 96  0 197 2370 25  0  0 157  0 5173  0 6918 22 18  0 5223  0  0 2001 611 17387 26579  0 2011 17  3 57276  0  0  0  0  0  0  1  0  0  0 30 32062 5885 1322 415 395 842 2045  0 117 5550  0  0 1534  0  0  0  0  0 
 0  0  0 209 2320  0  0 921  0  0 19 39  6  0 54997 7170  0  0  0 4826 54  0 62 20794  2 135  0  0 1447  0  0  0  0  0  0  0  0  0  2 1679  0 739 13130  0 9325 3121 25  0  5 117  0 209  0  0  0 89837 14603 705  0  0 
 0 282  0  0  0 18 824 158  0  0 35169  0  0 11830 79689  0 2016 412 61 115 2485  0  0  0  0  0 392  0 15730  0 563  1  0 1440 14424  0  0  8  6 59  0  0 1260 15 2570 7606  0  0 55820 5550 209  0 374 856  0  0  0  0 12 62 
2590 3724 58959  3  0  2 205  0 5336  0  0 84  1  0 173  0 18983 169  0  0  0 6998 1863  0  0  8 468 19 26 370  4 7148  0 3956 44  0  0 265 82661  2  0  0 99  0  0 941 31006 16 16  0  0 374  0  0 10261  0 79  8 15753  0 
38 59 37 289  0  1  0  0  0 195 1014  0  7  0 179  0 775  0 7009  0 57 5947 17891 2611  0  0  0  0 19587  9 35760  2 6250  0 3010 83414 109  0 3208  0 15 14 20673  0 1468  0  0  0  0  0  0 856  0  0  0  0 187  0  0  0 
322 7063 1739  3  0  0 749 24 75 25005  1 948 196 81  0  0  0  0  2  0 31  0  0 91 6078  0 10  7  0 29  1 74470 99  0  0 43 223 5385 3626 665  4  0  0  0  0  0 11834 1387  0 1534  0  0 10261  0  0  0  0  0 34  0 
 0 342  0  0  0  0 56050  0  0 73  0 163  0  0 17  0 429  7 57221 14 108  0  0  0  0  0  0  0  0 2064  0 79348 11 743  0  0  0 40773 82028 93 109 29517  7  0 20251 77019 142 37784  0  0 89837  0  0  0  0  0  0  0  0  0 
540  7 40771  0  2  0  0  0 38  0 97 1022  0 3890 6213  0  7 14  0 22  0  8  0  0  0 16  0 111 31881  6  0  0  8  0  0  0  0  0 939  0 985  0 188 10622  2  0 200  0  0  0 14603  0 79 187  0  0  0  2 490 458 
57  1  0 36  0  5 1780 78762 6749 12915 67  0  0 277  0 47319  0 37851 9054  0  0  0 226 25  0 1284  0  0  0 25383  0  1  0  0  0  1 48  1  0  0 140  0  7  0 14 13157  4  0 79  0 705  0  8  0  0  0  2  0 29 64757 
86151 34245 152 762 8920  0 40684  3  1  0 1183  4  0 12  0  0  0  0  0  0 151 3641  0  5 11563 102  0  0 11  0 1463 960  0  8 89  0  0 608 13249  5  0  0  0  0  0  0  4  0  0  0  0 12 15753  0 34  0 490 29  0 199 
 0  0  0  0 19  0  0  0  0  0 14 6159  0 19137  1 22900  0  0 395  0 17024  0 77 500  0  0 37 144  0 4116 579 1170  0 25824 56 12 979  9 11  0  0 57064  4  5  0 55  0 37436 9520  0  0 62  0  0  0  0 458 64757 199  0 

 0  0  4  0  0  8  0 9439 9921  0  0  1  1 1396 4594 172  0 10 15815  5  0 37508  0  0 28 98  0  5 13 2086 637  0  0  0 1602 211 84  1 13  0  0  0  0  0  0  0  0  0  0 5575  0  2  0 42 21  0  0 18 281  0 
 0  0  0  5 10787 74  0 2105  0 381  0 2402 11866 53989 50 28 10 560 2330 12298  0 129 22006  0  0 70727  2 47275  0 892  0  0  0  0 12816 82 13 376  0 11  0  0  0 323 5559  0 13874  1  0  0  0 1065  0 2159 140  0  0  9 430  0 
 4  0  0  0  0  0 34  0 1665  0 110  0  0 63911  1  1 9794 99  5  0 3359 728 15952 1254 61  0  1 32  0 25 34967 574  0  0  4  0 99  0  6 11  1 60  0  2  0  0  0  0  0  0  0  0 10  0 71  0 3438  0 169  0 
 0  5  0  0 76  0 939  0 27905  0  0  0 1552  0  0  0 686  0  0  0  5 143 15 14 109  1 1041 47 2599 13711 63 55  0  0  6  0 3350 177  0  0 81  2 49 49  0 14358  0  0  0 74917  0  0 459 77  0  0  0 106 204  0 
 0 10787  0 76  0  0  0  0  0 55640  0 215  2  0  0  0 21001  0 200  0  0 81562  1 304  0 394  0  0 10  0  0  0  1 239  0 156  0  4  0 68640  0  0 27  8  0 89 185 51 12521 231 29022  0  0  0  0  0  0  0 3157 451 
 8 74  0  0  0  0  0  0  0  0  0 76900  0 24 11  0  0  0  0 46  0  0 23045  0 2388  0  0 168 454  0  0  0  0  0 1194  6 13149  0 475  0  3 1209  0  0  0  0  3 71500 12  0  0 16061  5 61081  0  0  0  0  0  0 
 0  0 34 939  0  0  0 11 1594  0 68  0  0  0 120  0  0 75  1 20835 1131  8 10584  0  0  0 5964  0  0  0  1  0  0 15093 967  0 32561  6  0  0  0  0  0 3725  0 726 1221 5882 63744 137  0 6736  0  0 48130 14  6 242 183 40 
9439 2105  0  0  0  0 11  0 20  0 35588  6  0 6151 1665  0  1 25 44  0  0  0  0 1688  0  0 168 5557 143  0 1050  0  3  0  0  0 52777  0  2 53335  0  0  0 974  0 62  0  0  0  0  0  0  0  1  0  0  5 31462  0  0 
9921  0 1665 27905  0  0 1594 20  0  0 1839  0  0  0  0  0  0  0  0  0 407 194  6  0  1  0  2  0  0 2773  0  0 28 112  0  0  0 170  0 1018 3482  0  0  0 33 16667 9977  0  1  1  0  0 330 143 11506  0 64  0  0  0 
 0 381  0  0 55640  0  0  0  0  0  0  0 39  0 49319 17 11363 1695  1  0  0 60317 20620  0 12491 19 1370 14 13454  0  0  0  0 29 4577  0  0  1 1921  0  0 322  0  0  0 1270  0 3260 13273  0  0  1 2097 247 631  2  0 252  0  0 
 0  0 110  0  0  0 68 35588 1839  0  0  0  0  0  0  0  0  0 74  8  0  0  0  0  4  0  0  0 282  0 11  0  0  0  0  0  1  0  0  4 3659  0  0  0  0 21010  0 26359  0  0 3307 68338 45  0 159  0 54  0 13  0 
 1 2402  0  0 215 76900  0  6  0  0  0  0  0  0  0  0 427 159  1  1  0  0  0 53  0 90795  0 26060  0  0  0 1455 58 106 214 1470  1 80  0  1 26 646 4310  0  0  8 26981  0  0  0  0  0 4371  0 444 80 3321 2933 13 20127 
 1 11866  0 1552  2  0  0  0  0 39  0  0  0  1  0  0 1385 405  0  0  0  8 29383  0  0 643  1  0  1  6 1092 325 13  0  0  0  0 159 4880  1 34  0  1  0  3 11 1272 399  0  0  0  0  0  1 5348  9  0  0  0 12 
1396 53989 63911  0  0 24  0 6151  0  0  0  0  1  0  5  0 533  0 538  0  0  0 42  0  0 82386  8  0 134 2226  0  0  0 39  0  0  0  6 14053  9  0  0 74 68538 49 45807  0 218 912 1868  0 56234  0  0  3  0 7806 202  0 18 
4594 50  1  0  0 11 120 1665  0 49319  0  0  0  5  0 4806  0 46  0  0 5615  0  0 632  0  0  0 4634  0  0  0 36149 52 409  0 23490  0  0  0  0  0  3 823 15  0  0  0  0 20 222 1419 503  1 952  0  0 2127  0  0  7 
172 28  1  0  0  0  0  0  0 17  0  0  0  0 4806  0 46 3785  0  0  0 74 10  0  0 2314  0 1347  0  0  0 252  0  0  0 66298 185  0 9730  0 6033  0  2 601 1446  0 5282  0  0 4828 3757  0  0  0  0  5  0 71026  0 11813 
 0 10 9794 686 21001  0  0  1  0 11363  0 427 1385 533  0 46  0  2  0 6526 78941  0  0 390  0  0  0  0  0  0  0  0  3  0 6555 20  0  0  3  0 225 2273  0  0  0  0  0 273 18662  0  0 1358  0 7826  0  0 32753  0  0  1 
10 560 99  0  0  0 75 25  0 1695  0 159 405  0 46 3785  2  0  0  0  0 255  0 2681 683 2439  0  6  0  0 57683  0 284  0  0  5 170  2 1836  0  0  0 146 6106  0 2934 4593  0 432 446  0  0 126  0  0 1616  8 57718 206  0 
15815 2330  5  0 200  0  1 44  0  1 74  1  0 538  0  0  0  0  0 825 86 8460  0 131  0 4805 20 52 60 142  0 16094  0  0 765 19  0 21  0  0 3848  0 30 1668 33  1 238  0 34  0  0 35  0 61294  6 2015 312 12145  0 312 
 5 12298  0  0  0 46 20835  0  0  0  8  1  0  0  0  0 6526  0 825  0  0 1698  0  2  0  0 47331  0  0  4  2  0  0  7  2 191 22552 19  0 1034 1257  0  0  0  0  0 168 34260  0 928 4895 13  0 188  0  0 1207  0  0  0 
 0  0 3359  5  0  0 1131  0 407  0  0  0  0  0 5615  0 78941  0 86  0  0  0  0  0  0 37564 414  0 9757 11  0  0  2  0  0  0  0 10  0 58  0 11461  0  0 23990  2 110 34 27  0  0 333 151 16 563 1018  0  0  0 18 
37508 129 728 143 81562  0  8  0 194 60317  0  0  8  0  0 74  0 255 8460 1698  0  0 376  0 12465 9924  0 161 58  0  0 12 60  0  0 157 140  0  0 6698 2620  0 2275  0 2188 40881  0 495  0  0  0  0 6327 22  3  0  0  0 213  0 
 0 22006 15952 15  1 23045 10584  0  6 20620  0  0 29383 42  0 10  0  0  0  0  0 376  0 1366 22 8383  0  0  0  0  0  1  0  0  0  0 676  0  0  3 8753  0  0 4023  2  0  0  0  0 39 174  0 173 63409  0 1731  0  0  0  0 
 0  0 1254 14 304  0  0 1688  0  0  0 53  0  0 632  0 390 2681 131  2  0  0 1366  0 13 2586 38073  6  0  0  0  0  0 1259  0  2  0 21  0 27552 36 438  0 68438 129 25  0  0  0  0 63712  0  0  0  0  0  0 292  0 183 
28  0 61 109  0 2388  0  0  1 12491  4  0  0  0  0  0  0 683  0  0  0 12465 22 13  0  0  0 59  0  7  0 19722 23 2267 24691  0 299  2  0 2018  0 7158 21 114  9  0 30867  0  1 12817 4992  0  0 316  0  4  0  0 10  0 
98 70727  0  1 394  0  0  0  0 19  0 90795 643 82386  0 2314  0 2439 4805  0 37564 9924 8383 2586  0  0  0  0  4 14  0 2637  0 4986  0  0 195 354  0  8 121  0  0  0  0  0 410  0 2517 63579 73  0  0  0  0  0  0 508 462  0 
 0  2  1 1041  0  0 5964 168  2 1370  0  0  1  8  0  0  0  0 20 47331 414  0  0 38073  0  0  0 58648 921 18 8681  0  0 8021  0 27 9237 55271  0  0  0 157 12 58874 65  0  0  0  0  0  7 14141 30579 1232  0  0  0  0 12  2 
 5 47275 32 47  0 168  0 5557  0 14  0 26060  0  0 4634 1347  0  6 52  0  0 161  0  6 59  0 58648  0 680 140 1307 1502 5358  0 231 84  0 172  0  4  1  0  0  0  0  0  6  0  0 296  0  0 5414  1 52  0  5  0  0  0 
13  0  0 2599 10 454  0 143  0 13454 282  0  1 134  0  0  0  0 60  0 9757 58  0  0  0  4 921 680  0 1586  0  0  0 30129 24  0  0  0 65  0  0 90444 46054  0  1  0  4  0  0  0 24497  0 2694 7170  0  0 11191  0  0 57 
2086 892 25 13711  0  0  0  0 2773  0  0  0  6 2226  0  0  0  0 142  4 11  0  0  0  7 14 18 140 1586  0 5766  0  0  5  0  0 60  0  0  0  0  0 5232  0 2171 3109  0 15114 63003  0 29951  0  7  0  0  0  0 5125 13 25923 
637  0 34967 63  0  0  1 1050  0  0 11  0 1092  0  0  0  0 57683  0  2  0  0  0  0  0  0 8681 1307  0 5766  0 102  2 764  0  0  0 282  0  0 10  4  0 165 272  0 49  0  6  5  0 106 43  0 15 4816  0  0 12  0 
 0  0 574 55  0  0  0  0  0  0  0 1455 325  0 36149 252  0  0 16094  0  0 12  1  0 19722 2637  0 1502  0  0 102  0 2125  0  0  0  0 24333  0 8360  0  0  0  0  0  0 4045  0  0  0 18  0  0  2  1 1314  0 74 79114 5606 
 0  0  0  0  1  0  0  3 28  0  0 58 13  0 52  0  3 284  0  0  2 60  0  0 23  0  0 5358  0  0  2 2125  0  0  0  0  0  0 79  0 202  0 86828  0  0 439 245 20 78165  0  0  0 483 252  0  0  0  0 49  1 
 0  0  0  0 239  0 15093  0 112 29  0 106  0 39 409  0  0  0  0  7  0  0  0 1259 2267 4986 8021  0 30129  5 764  0  0  0  4  0 1047  0  0  0  0  0 165  0 2684  0  6  0 61  0  0 163 81454  0  3 67957  0  0  1 26 
1602 12816  4  6  0 1194 967  0  0 4577  0 214  0  0  0  0 6555  0 765  2  0  0  0  0 24691  0  0 231 24  0  0  0  0  4  0  3 101 17  0  0  3  6  0 1355 41 2492 2034 13 21  0  0 12980  0 1830 20  3 107  0 309  0 
211 82  0  0 156  6  0  0  0  0  0 1470  0  0 23490 66298 20  5 19 191  0 157  0  2  0  0 27 84  0  0  0  0  0  0  3  0 80  0  0  0 70  0  0  0  0  0  0  0  0  0  0 324  0 4401  0  0 90 762  0  0 
84 13 99 3350  0 13149 32561 52777  0  0  1  1  0  0  0 185  0 170  0 22552  0 140 676  0 299 195 9237  0  0 60  0  0  0 1047 101 80  0  0  0  0  0  1  0  0  0 2735  6  0 15646  0  0  0 66298  0  3  0  0 2393  0  4 
 1 376  0 177  4  0  6  0 170  1  0 80 159  6  0  0  0  2 21 19 10  0  0 21  2 354 55271 172  0  0 282 24333  0  0 17  0  0  0  0  0  0  0  8 57  7  0 35  0  3 884  0  2  0  0 3619 162 134 31086  0  0 
13  0  6  0  0 475  0  2  0 1921  0  0 4880 14053  0 9730  3 1836  0  0  0  0  0  0  0  0  0  0 65  0  0  0 79  0  0  0  0  0  0  0  0 1929  0  0  0  0  0 250 5133  0  4  0  0 21944 58538 2637  8  0 69508 606 
 0 11 11  0 68640  0  0 53335 1018  0  4  1  1  9  0  0  0  0  0 1034 58 6698  3 27552 2018  8  0  4  0  0  0 8360  0  0  0  0  0  0  0  0 40  0  0  9 15  0 888 59828 1521  0 2035  2 13 1942 5209  0  0  0 28  0 
 0  0  1 81  0  3  0  0 3482  0 3659 26 34  0  0 6033 225  0 3848 1257  0 2620 8753 36  0 121  0  1  0  0 10  0 202  0  3 70  0  0  0 40  0 45 9711  0 59 6022  0 10021 1387  4  0  1  0  0 65 12452 407 87  5  0 
 0  0 60  2  0 1209  0  0  0 322  0 646  0  0  3  0 2273  0  0  0 11461  0  0 438 7158  0 157  0 90444  0  4  0  0  0  6  0  1  0 1929  0 45  0  0  0  0  7  2  0  0 58477 250  0  0  0  2 7429  0  0  0  9 
 0  0  0 49 27  0  0  0  0  0  0 4310  1 74 823  2  0 146 30  0  0 2275  0  0 21  0 12  0 46054 5232  0  0 86828 165  0  0  0  8  0  0 9711  0  0 4411 186  0  1 5210 22804 1985 4068 15258 76139 639  0 2012  2 195  0  0 
 0 323  2 49  8  0 3725 974  0  0  0  0  0 68538 15 601  0 6106 1668  0  0  0 4023 68438 114  0 58874  0  0  0 165  0  0  0 1355  0  0 57  0  9  0  0 4411  0  4  0 134  0  0  6  0  0 1813  0  2  0 31  0  2 27 
 0 5559  0  0  0  0  0  0 33  0  0  0  3 49  0 1446  0  0 33  0 23990 2188  2 129  9  0 65  0  1 2171 272  0  0 2684 41  0  0  7  0 15 59  0 186  4  0  8 464  0 281  0  0 811  0 3447  0 383 102 210  0  0 
 0  0  0 14358 89  0 726 62 16667 1270 21010  8 11 45807  0  0  0 2934  1  0  2 40881  0 25  0  0  0  0  0 3109  0  0 439  0 2492  0 2735  0  0  0 6022  7  0  0  8  0  0  0  0  0 392 3685 965  2  4 106  0  0  0  3 
 0 13874  0  0 185  3 1221  0 9977  0  0 26981 1272  0  0 5282  0 4593 238 168 110  0  0  0 30867 410  0  6  4  0 49 4045 245  6 2034  0  6 35  0 888  0  2  1 134 464  0  0 269 16318 38608  0  0 93  6 1684  0  2 12897  0  0 
 0  1  0  0 51 71500 5882  0  0 3260 26359  0 399 218  0  0 273  0  0 34260 34 495  0  0  0  0  0  0  0 15114  0  0 20  0 13  0  0  0 250 59828 10021  0 5210  0  0  0 269  0 23515 1495  0  0 26637  0 35 549  0  0 1124  0 
 0  0  0  0 12521 12 63744  0  1 13273  0  0  0 912 20  0 18662 432 34  0 27  0  0  0  1 2517  0  0  0 63003  6  0 78165 61 21  0 15646  3 5133 1521 1387  0 22804  0 281  0 16318 23515  0 380  0 405  0  0  0  0  0 191  0 5384 
5575  0  0 74917 231  0 137  0  1  0  0  0  0 1868 222 4828  0 446  0 928  0  0 39  0 12817 63579  0 296  0  0  5  0  0  0  0  0  0 884  0  0  4 58477 1985  6  0  0 38608 1495 380  0 2943 205 23  1 82  0 300  0  0  0 
 0  0  0  0 29022  0  0  0  0  0 3307  0  0  0 1419 3757  0  0  0 4895  0  0 174 63712 4992 73  7  0 24497 29951  0 18  0  0  0  0  0  0  4 2035  0 250 4068  0  0 392  0  0  0 2943  0 97  0 19  0 26  3 187  0  0 
 2 1065  0  0  0 16061 6736  0  0  1 68338  0  0 56234 503  0 1358  0 35 13 333  0  0  0  0  0 14141  0  0  0 106  0  0 163 12980 324  0  2  0  2  1  0 15258  0 811 3685  0  0 405 205 97  0 951  0  0  1  0 25  0 1036 
 0  0 10 459  0  5  0  0 330 2097 45 4371  0  0  1  0  0 126  0  0 151 6327 173  0  0  0 30579 5414 2694  7 43  0 483 81454  0  0 66298  0  0 13  0  0 76139 1813  0 965 93 26637  0 23  0 951  0  0  4 51  0  0 177 59988 
42 2159  0 77  0 61081  0  1 143 247  0  0  1  0 952  0 7826  0 61294 188 16 22 63409  0 316  0 1232  1 7170  0  0  2 252  0 1830 4401  0  0 21944 1942  0  0 639  0 3447  2  6  0  0  1 19  0  0  0  0  0 359  0  0  0 
21 140 71  0  0  0 48130  0 11506 631 159 444 5348  3  0  0  0  0  6  0 563  3  0  0  0  0  0 52  0  0 15  1  0  3 20  0  3 3619 58538 5209 65  2  0  2  0  4 1684 35  0 82  0  0  4  0  0 455  0 42  0  0 
 0  0  0  0  0  0 14  0  0  2  0 80  9  0  0  5  0 1616 2015  0 1018  0 1731  0  4  0  0  0  0  0 4816 1314  0 67957  3  0  0 162 2637  0 12452 7429 2012  0 383 106  0 549  0  0 26  1 51  0 455  0  0  0  0  0 
 0  0 3438  0  0  0  6  5 64  0 54 3321  0 7806 2127  0 32753  8 312 1207  0  0  0  0  0  0  0  5 11191  0  0  0  0  0 107 90  0 134  8  0 407  0  2 31 102  0  2  0  0 300  3  0  0 359  0  0  0 3865 31 7379 
18  9  0 106  0  0 242 31462  0 252  0 2933  0 202  0 71026  0 57718 12145  0  0  0  0 292  0 508  0  0  0 5125  0 74  0  0  0 762 2393 31086  0  0 87  0 195  0 210  0 12897  0 191  0 187 25  0  0 42  0 3865  0 40 63667 
281 430 169 204 3157  0 183  0  0  0 13 13  0  0  0  0  0 206  0  0  0 213  0  0 10 462 12  0  0 13 12 79114 49  1 309  0  0  0 69508 28  5  0  0  2  0  0  0 1124  0  0  0  0 177  0  0  0 31 40  0  0 
 0  0  0  0 451  0 40  0  0  0  0 20127 12 18  7 11813  1  0 312  0 18  0  0 183  0  0  2  0 57 25923  0 5606  1 26  0  0  4  0 606  0  0  9  0 27  0  3  0  0 5384  0  0 1036 59988  0  0  0 7379 63667  0  0 

 0  2  0 44  0  1 2108  0  1  0  0  0  1 13532 1310 19  0  0 685 174  0 32  0 169 34 87880  0  0 42757 1552 40  9  0  0  0  1  3  0 108  1  0 25  0  0 940  0  0  0  0  3  0  0 7732 170 4099  0  2 140 74 22 
 2  0  0  1 10105 1826  0  0  0 21027  0  0 15  0 55 19 5306 169 1560 13642 148 33669 36  0 244 11112 2739 72846  1 54  0  0  0  0  0 682 4463 15041  0  0  0  0  0  0  1  0  0  3  0 3209 30 59  1  3 10932 456 314 14  0  0 
 0  0  0  0  0  0 93659 4463 66  0  0  0  0  0  4 53  0  0 85  0  8 310  0  0  0 329 20  0 22 20748  0 1583  0 174 2294 36  0 158 1803  0  0 56 1505 19 27 803  0 10  9 916 99  0 347 10  8 280 86 3524 1719  0 
44  1  0  0 8240  0  0  0 52  1 303  0 21689  0  0  0 3546  1  3 67  0  0  1 14  0 90926 28853 4573 75356 11  0  1  0  0  0  1 427 22  0  0  0 43 345 57  2 96  0 39994  5  0 20029  0  0 10789 26989  0  0  0  0  0 
 0 10105  0 8240  0  0  0  0  0 2609  0 2860 56585 1711  0  0 18 75732 1429 34  0  0 12159  0 15 96132  0  0  6  0  0  4 10  0 17 5398  0  0  2  0  0  0 1640 91394  5 18  4 387  1 411 558  0  0  0  0  0  0  0 38010 10 
 1 1826  0  0  0  0  0 18  8 13  0 161  0  0 29073  0  0  0 12 924  0  1  5  1  6  2  0 531  2 48  0 138 16 204 4353 34  0 3410 555  0  0 7576 64074  0 1118  0  0 33  0  0 20  0 29  0  0  0  0  0  0 29 
2108  0 93659  0  0  0  0  0  0  0  0  2  0  0  6 25241  0 46 19773 774 1845  1 12  6  0  0 738  0  0 535 1388  0  0 384  0 68268 50  1  0  0 496  1  0  9  0 1605 14662 1272 280  0  0  7 9412  0  3  1 149  0 7727  1 
 0  0 4463  0  0 18  0  0 69  0 574 20 1249 536  0 401  0  0  0 78  0  0  0  0 1121 23472 176 25 21  0  0  0 70039  0  0  1 129 427  0  2  0  0  0  0 529  0  0  0 3270 1094  0  0  0  0 517  0 170 10366  0  0 
 1  0 66 52  0  8  0 69  0  0 868  0  0  0  0  0 770 173  0  0  7  0 75  0  0 9212  0  0 32 32786  0  0 3446 31  0  0  0  0  0 10687  0  0  0  0 59 11357 46  0  1 11  0  0 2252 22  0  0  1 11253 35  0 
 0 21027  0  1 2609 13  0  0  0  0  0 22835 459 78 8239 934  0  0  0  0  0 10840 54  0 67  0  0  0 9538  0  0 48 41  0  1  0  0  0  4  3  0  0 2195  0  1  2  0  0  0  9  0  0 25 13064 602  0  0 909  0  0 
 0  0  0 303  0  0  0 574 868  0  0  0  0  0 69  0  0  0  0 23  0  0  7  0  9  0 1892 16644 441 9519  8 141 36101 22 35 3167  0 808  0  0 9983  1  0  0  0 42  0  0  0  0  0  5  0  0  0  0  0  7  1 55 
 0  0  0  0 2860 161  2 20  0 22835  0  0  0  0  0  0 329 20 739  5 248 18664  0  0  0 1426 20790 5131  0  0 10  0  0  4  0 4182 48 1167 16  0  0 59335 3630  0  0  0 15  4  0 2873 4160  4 41405  0  0 46 1307  0  0 580 
