facilities = 60 objectives = 2 max_distances = 190 max flows = 98602 overlap =  1.00 seed = 23453464 correlation1 = 0.300 A = -5 B = 5 M = 0 K = 1 m = 100
 0 69 97 18 30 71 113 76 35 97 38 19 72  1 101 31 41 92 29 76 52 90 34 50 72 104 23 75 34 48 32 56 72 29 77 80 88 83 44 45 62 54 70 85 20 52 30 71 79 47 28 92 29 50 38 68 61 28  4 76 
69  0 31 60 50  2 101 12 43 30 77 86 54 68 60 39 27 144 83 128 115 21 47 30  8 50 61 72 38 68 91 35  9 62 71 28 54 14 41 33 18 19 87 86 50 28 40 12 94 99 49 132 49 24 103 18 78 41 66 26 
97 31  0 84 73 29 95 34 65 30 97 112 57 96 44 69 57 162 113 146 145 19 69 60 25 59 85 76 63 84 114 49 25 93 98 48 74 21 60 54 35 43 96 88 80 47 67 25 101 120 73 145 72 47 133 45 89 69 94 26 
18 60 84  0 12 62 94 69 19 89 25 27 54 18 83 29 34 88 47 72 71 81 16 49 61 102  5 57 22 31 31 39 61 41 86 77 90 74 27 30 49 42 53 67 23 37 20 59 62 42 11 83 12 37 57 63 44 21 14 61 
30 50 73 12  0 52 85 61  8 81 27 39 43 29 71 28 28 94 57 78 82 71  4 46 51 96 11 48 14 26 41 27 51 47 87 71 87 64 15 19 38 32 49 60 27 26 16 49 57 49  3 85  1 27 68 57 39 18 25 49 
71  2 29 62 52  0 101 12 44 28 79 88 54 70 59 42 30 146 85 129 117 19 49 32  7 49 63 73 40 70 93 36  8 64 72 28 54 12 42 34 19 20 88 87 53 29 42 11 94 101 51 134 51 25 105 19 79 43 68 25 
113 101 95 94 85 101  0 114 85 123 80 112 48 113 51 110 102 110 142 101 163 109 83 120 94 149 90 37 93 65 101 71 94 132 166 130 155 106 77 83 84 90 49 28 112 81 98 90 43 92 88 84 86 88 149 118 54 101 108 76 
76 12 34 69 61 12 114  0 53 21 88 94 67 75 70 45 35 155 85 139 117 17 58 29 19 37 71 85 47 80 100 48 20 63 63 16 43 13 53 44 31 31 99 99 56 40 48 23 106 110 59 144 60 35 107 11 91 49 74 37 
35 43 65 19  8 44 85 53  0 73 34 46 39 34 65 25 22 101 60 85 87 63  4 41 43 89 19 48  8 30 49 21 43 47 84 64 82 56  9 11 30 24 52 60 27 18 13 41 60 56  7 92  7 19 74 50 42 16 31 42 
97 30 30 89 81 28 123 21 73  0 108 115 79 96 74 66 56 175 105 158 137 13 77 49 32 28 91 99 67 98 121 64 33 83 74 24 47 18 71 63 47 49 115 112 77 58 69 36 122 130 79 162 80 54 127 30 107 70 95 47 
38 77 97 25 27 79 80 88 34 108  0 32 51 38 83 53 56 67 67 50 83 97 30 73 76 124 20 45 42 17 22 48 76 65 111 99 114 90 37 44 62 58 32 51 48 50 43 73 41 23 30 58 29 53 69 85 25 44 34 71 
19 86 112 27 39 88 112 94 46 115 32  0 78 20 109 49 59 73 39 58 51 107 43 70 88 123 28 76 48 47 15 67 88 47 96 100 107 100 54 57 76 69 64 83 39 65 46 86 73 31 39 77 39 64 37 86 57 45 20 88 
72 54 57 54 43 54 48 67 39 79 51 78  0 72 31 62 54 109 99 94 125 66 39 71 48 104 51 19 46 34 73 23 47 86 117 83 107 61 30 35 36 41 40 32 67 32 51 44 43 72 45 89 43 39 111 70 35 54 68 32 
 1 68 96 18 29 70 113 75 34 96 38 20 72  0 100 30 40 92 29 77 53 89 33 50 71 103 22 75 33 48 33 55 71 28 77 79 87 82 43 44 61 53 70 85 19 51 29 70 79 48 27 92 29 49 39 67 61 27  4 75 
101 60 44 83 71 59 51 70 65 74 83 109 31 100  0 84 72 138 125 124 153 61 67 86 52 102 80 45 69 66 105 45 51 109 130 86 113 59 56 57 47 56 68 52 91 51 75 48 69 104 72 117 71 57 140 78 65 78 96 34 
31 39 69 29 28 42 110 45 25 66 53 49 62 30 84  0 12 117 44 101 75 60 28 21 44 74 33 73 17 54 59 40 44 25 59 50 61 53 33 27 38 29 77 86 11 32 12 45 85 71 25 112 26 26 63 37 67  9 29 53 
41 27 57 34 28 30 102 35 22 56 56 59 54 40 72 12  0 122 56 105 88 48 26 19 31 67 37 67 14 52 65 31 32 37 64 43 59 41 26 19 25 16 74 80 23 22 13 32 82 76 26 114 27 15 76 29 64 14 39 40 
92 144 162 88 94 146 110 155 101 175 67 73 109 92 138 117 122  0 111 16 108 164 97 138 143 190 85 93 108 78 59 113 143 120 169 165 178 157 104 111 129 125 70 89 109 117 109 140 71 46 96 27 95 120 99 151 74 109 91 135 
29 83 113 47 57 85 142 85 60 105 67 39 99 29 125 44 56 111  0 97 32 102 60 56 88 105 51 104 55 77 55 80 88 21 63 84 82 96 69 68 82 72 99 114 34 74 50 89 108 71 54 117 56 70 23 75 90 47 33 96 
76 128 146 72 78 129 101 139 85 158 50 58 94 77 124 101 105 16 97  0 97 147 80 122 127 173 68 80 92 62 43 97 126 105 154 149 162 141 87 95 113 109 57 77 93 101 92 124 59 29 80 25 79 104 87 135 59 93 75 119 
52 115 145 71 82 117 163 117 87 137 83 51 125 53 153 75 88 108 32 97  0 134 86 88 119 136 74 126 84 97 64 108 120 54 88 116 112 128 97 96 112 103 116 134 65 104 80 120 124 79 80 120 82 100 13 107 108 77 57 127 
90 21 19 81 71 19 109 17 63 13 97 107 66 89 61 60 48 164 102 147 134  0 67 46 20 41 82 85 59 87 112 51 21 81 80 29 55  7 60 52 35 39 103 99 71 46 61 24 109 120 70 150 70 44 123 29 95 62 87 33 
34 47 69 16  4 49 83 58  4 77 30 43 39 33 67 28 26 97 60 80 86 67  0 45 47 93 15 46 12 26 45 23 47 49 88 69 86 60 10 15 34 28 48 58 29 22 16 45 57 52  5 87  4 23 73 54 38 18 29 45 
50 30 60 49 46 32 120 29 41 49 73 70 71 50 86 21 19 138 56 122 88 46 45  0 37 53 53 86 32 71 80 48 38 34 46 30 41 41 46 38 38 31 93 99 30 39 30 39 102 92 43 132 45 32 78 18 84 29 50 52 
72  8 25 61 51  7 94 19 43 32 76 88 48 71 52 44 31 143 88 127 119 20 47 37  0 55 62 67 39 66 92 31  1 68 79 35 61 14 39 32 14 19 83 80 55 25 42  4 89 99 50 130 50 24 107 26 74 44 69 18 
104 50 59 102 96 49 149 37 89 28 124 123 104 103 102 74 67 190 105 173 136 41 93 53 55  0 105 122 81 117 133 85 56 84 58 24 28 43 89 81 68 68 137 136 84 77 81 60 144 144 93 181 94 72 128 38 128 81 103 73 
23 61 85  5 11 63 90 71 19 91 20 28 51 22 80 33 37 85 51 68 74 82 15 53 62 105  0 52 23 26 30 38 62 46 91 80 94 75 26 30 49 43 48 62 28 37 23 60 57 39 12 79 12 38 60 66 39 24 18 60 
75 72 76 57 48 73 37 85 48 99 45 76 19 75 45 73 67 93 104 80 126 85 46 86 67 122 52  0 56 28 67 38 66 95 131 100 123 80 40 47 54 57 23 13 75 47 61 62 25 62 51 72 49 54 112 87 21 64 71 52 
34 38 63 22 14 40 93 47  8 67 42 48 46 33 69 17 14 108 55 92 84 59 12 32 39 81 23 56  0 38 53 25 39 40 75 57 73 52 16 12 28 20 61 69 21 19  5 38 69 62 12 100 13 16 71 42 51  8 30 42 
48 68 84 31 26 70 65 80 30 98 17 47 34 48 66 54 52 78 77 62 97 87 26 71 66 117 26 28 38  0 39 35 65 71 113 93 112 80 28 36 52 49 23 37 52 40 42 62 32 38 29 64 27 45 84 79 13 44 44 57 
32 91 114 31 41 93 101 100 49 121 22 15 73 33 105 59 65 59 55 43 64 112 45 80 92 133 30 67 53 39  0 66 92 61 110 108 119 105 54 60 79 73 52 72 50 67 52 90 60 16 42 61 42 68 52 94 47 52 31 89 
56 35 49 39 27 36 71 48 21 64 48 67 23 55 45 40 31 113 80 97 108 51 23 48 31 85 38 38 25 35 66  0 30 65 94 62 85 45 12 13 17 18 52 52 46  9 30 27 58 71 28 98 27 16 95 49 43 33 52 23 
72  9 25 61 51  8 94 20 43 33 76 88 47 71 51 44 32 143 88 126 120 21 47 38  1 56 62 66 39 65 92 30  0 68 80 36 62 14 39 32 13 19 82 80 55 25 42  3 88 99 50 129 50 24 108 27 74 44 69 17 
29 62 93 41 47 64 132 63 47 83 65 47 86 28 109 25 37 120 21 105 54 81 49 34 68 84 46 95 40 71 61 65 68  0 48 62 63 74 56 52 63 54 94 107 20 58 35 69 103 77 44 121 46 52 44 53 85 32 31 78 
77 71 98 86 87 72 166 63 84 74 111 96 117 77 130 59 64 169 63 154 88 80 88 46 79 58 91 131 75 113 110 94 80 48  0 51 30 77 90 83 84 77 136 144 62 85 71 83 145 125 84 169 86 78 84 53 126 69 79 96 
80 28 48 77 71 28 130 16 64 24 99 100 83 79 86 50 43 165 84 149 116 29 69 30 35 24 80 100 57 93 108 62 36 62 51  0 27 28 65 57 46 44 113 114 60 54 56 40 121 119 69 157 70 48 107 14 104 56 79 54 
88 54 74 90 87 54 155 43 82 47 114 107 107 87 113 61 59 178 82 162 112 55 86 41 61 28 94 123 73 112 119 85 62 63 30 27  0 55 85 77 70 66 134 137 69 76 71 66 142 132 84 173 86 69 105 36 124 70 88 80 
83 14 21 74 64 12 106 13 56 18 90 100 61 82 59 53 41 157 96 141 128  7 60 41 14 43 75 80 52 80 105 45 14 74 77 28 55  0 53 46 28 32 97 94 64 40 54 18 103 113 63 144 63 37 117 24 89 55 80 29 
44 41 60 27 15 42 77 53  9 71 37 54 30 43 56 33 26 104 69 87 97 60 10 46 39 89 26 40 16 28 54 12 39 56 90 65 85 53  0  8 25 21 48 53 36 13 21 36 56 60 16 91 15 17 83 51 38 24 40 34 
45 33 54 30 19 34 83 44 11 63 44 57 35 44 57 27 19 111 68 95 96 52 15 38 32 81 30 47 12 36 60 13 32 52 83 57 77 46  8  0 19 13 56 61 33  7 17 30 64 67 18 100 18  8 83 43 47 20 41 31 
62 18 35 49 38 19 84 31 30 47 62 76 36 61 47 38 25 129 82 113 112 35 34 38 14 68 49 54 28 52 79 17 13 63 84 46 70 28 25 19  0  9 69 68 47 12 32 11 75 85 37 115 37 12 99 34 60 35 59 15 
54 19 43 42 32 20 90 31 24 49 58 69 41 53 56 29 16 125 72 109 103 39 28 31 19 68 43 57 20 49 73 18 19 54 77 44 66 32 21 13  9  0 69 71 38 10 24 17 76 80 31 113 31  5 90 30 60 26 50 24 
70 87 96 53 49 88 49 99 52 115 32 64 40 70 68 77 74 70 99 57 116 103 48 93 83 137 48 23 61 23 52 52 82 94 136 113 134 97 48 56 69 69  0 21 75 59 64 79  9 43 52 49 50 65 102 99  9 67 66 70 
85 86 88 67 60 87 28 99 60 112 51 83 32 85 52 86 80 89 114 77 134 99 58 99 80 136 62 13 69 37 72 52 80 107 144 114 137 94 53 61 68 71 21  0 87 61 73 76 17 65 63 65 61 68 120 101 25 76 81 65 
20 50 80 23 27 53 112 56 27 77 48 39 67 19 91 11 23 109 34 93 65 71 29 30 55 84 28 75 21 52 50 46 55 20 62 60 69 64 36 33 47 38 75 87  0 40 16 55 84 63 24 106 26 35 52 48 65 13 19 62 
52 28 47 37 26 29 81 40 18 58 50 65 32 51 51 32 22 117 74 101 104 46 22 39 25 77 37 47 19 40 67  9 25 58 85 54 76 40 13  7 12 10 59 61 40  0 24 23 66 73 26 104 25  7 90 40 50 27 48 23 
30 40 67 20 16 42 98 48 13 69 43 46 51 29 75 12 13 109 50 92 80 61 16 30 42 81 23 61  5 42 52 30 42 35 71 56 71 54 21 17 32 24 64 73 16 24  0 41 73 63 13 101 15 20 67 42 55  3 26 47 
71 12 25 59 49 11 90 23 41 36 73 86 44 70 48 45 32 140 89 124 120 24 45 39  4 60 60 62 38 62 90 27  3 69 83 40 66 18 36 30 11 17 79 76 55 23 41  0 85 96 48 126 48 22 108 30 71 43 68 14 
79 94 101 62 57 94 43 106 60 122 41 73 43 79 69 85 82 71 108 59 124 109 57 102 89 144 57 25 69 32 60 58 88 103 145 121 142 103 56 64 75 76  9 17 84 66 73 85  0 50 61 48 59 72 111 107 18 75 75 75 
47 99 120 42 49 101 92 110 56 130 23 31 72 48 104 71 76 46 71 29 79 120 52 92 99 144 39 62 62 38 16 71 99 77 125 119 132 113 60 67 85 80 43 65 63 73 63 96 50  0 50 45 50 75 67 105 41 63 46 94 
28 49 73 11  3 51 88 59  7 79 30 39 45 27 72 25 26 96 54 80 80 70  5 43 50 93 12 51 12 29 42 28 50 44 84 69 84 63 16 18 37 31 52 63 24 26 13 48 61 50  0 88  2 26 67 55 42 15 24 49 
92 132 145 83 85 134 84 144 92 162 58 77 89 92 117 112 114 27 117 25 120 150 87 132 130 181 79 72 100 64 61 98 129 121 169 157 173 144 91 100 115 113 49 65 106 104 101 126 48 45 88  0 87 109 110 142 55 103 90 119 
29 49 72 12  1 51 86 60  7 80 29 39 43 29 71 26 27 95 56 79 82 70  4 45 50 94 12 49 13 27 42 27 50 46 86 70 86 63 15 18 37 31 50 61 26 25 15 48 59 50  2 87  0 26 68 55 40 17 25 49 
50 24 47 37 27 25 88 35 19 54 53 64 39 49 57 26 15 120 70 104 100 44 23 32 24 72 38 54 16 45 68 16 24 52 78 48 69 37 17  8 12  5 65 68 35  7 20 22 72 75 26 109 26  0 87 34 55 22 46 26 
38 103 133 57 68 105 149 107 74 127 69 37 111 39 140 63 76 99 23 87 13 123 73 78 107 128 60 112 71 84 52 95 108 44 84 107 105 117 83 83 99 90 102 120 52 90 67 108 111 67 67 110 68 87  0 97 95 64 43 114 
68 18 45 63 57 19 118 11 50 30 85 86 70 67 78 37 29 151 75 135 107 29 54 18 26 38 66 87 42 79 94 49 27 53 53 14 36 24 51 43 34 30 99 101 48 40 42 30 107 105 55 142 55 34 97  0 90 42 66 44 
61 78 89 44 39 79 54 91 42 107 25 57 35 61 65 67 64 74 90 59 108 95 38 84 74 128 39 21 51 13 47 43 74 85 126 104 124 89 38 47 60 60  9 25 65 50 55 71 18 41 42 55 40 55 95 90  0 57 57 63 
28 41 69 21 18 43 101 49 16 70 44 45 54 27 78  9 14 109 47 93 77 62 18 29 44 81 24 64  8 44 52 33 44 32 69 56 70 55 24 20 35 26 67 76 13 27  3 43 75 63 15 103 17 22 64 42 57  0 25 49 
 4 66 94 14 25 68 108 74 31 95 34 20 68  4 96 29 39 91 33 75 57 87 29 50 69 103 18 71 30 44 31 52 69 31 79 79 88 80 40 41 59 50 66 81 19 48 26 68 75 46 24 90 25 46 43 66 57 25  0 72 
76 26 26 61 49 25 76 37 42 47 71 88 32 75 34 53 40 135 96 119 127 33 45 52 18 73 60 52 42 57 89 23 17 78 96 54 80 29 34 31 15 24 70 65 62 23 47 14 75 94 49 119 49 26 114 44 63 49 72  0 

 0  0  2 19 3538  0  7  0  0  0  0 35  0 34986  8 15743  1  0 66  5 144  0 23373  0  0  0  0  3 62979  0 599  0 48  0 24847  0  0 21472  0  1  9  0  0 18  9  0  0 56154  0 12 2815  0  0  0 30  0 13 2678 90  0 
 0  0 14 61  0 343  0  0  0  0 27767  0  0  1 20 20393 25449  0  0 1526 6870  0 651 37263  0 25 85808 4539  0  0  0  0 28  0 15  1 4850  0 79  0  0  0  0  4 724 15611 83  0  0 14 49481  0  0  9  1 32123  0  0  0  0 
 2 14  0 29 68427  0 1596 1020  0  0  0  2 5417 235 3096  0 20  0 12 8037  0 2757  0 219  0 3671  0 4065  7 555  0 315  0  0 115 72755  0  0 42915  1  0 3008  0 1063 17061  0  0  0 15 499  0 11 4151  0  0  0  0 9887 34331  0 
19 61 29  0 80  0 478  0  0  0  2  0 1961  2 28652 77287  4 9909  0 2650 13110 2888  8 1670 86456  0  4  0  0  0 103 5146 88973 206  0 330 1080  0  0 2077 184 48195 476 2123  0 8976 767 47  0  0 84760  0  6 31007  0  0  0  0  0 2477 
3538  0 68427 80  0  0  0  0 780  0 21 366  0 29335 83  1  0  0 1968 771 79332  0 2016 178  2 13  0  0  0 714  0 162 160  0  0  0  0 169 3018  0 33 15 20731 2418 7579 302  0  0 10 2269 3977  0  7 8441 6066  0  0  0  2  2 
 0 343  0  0  0  0 162  0 17 25 16 17 982  0  0 161  0  0 20 2188 3609  5  0 6605 43256 31195 1617 1492 1244  0  0  0 32  0 73 6102  0 99  0 14 8653 24  0  0  5  0  0  0 35  0 9462  0 60  0  0  0  0  0  5  0 
 7  0 1596 478  0 162  0 724  0  1 8941  0 40  0  7  0  0  0 214  0 71 11 139 24789  0 2530  0  0 30634 71  0  0  0 2985 126  0  7 25217 2006 3864 608  0  0  0 233 10  0 42  0 14767  0 1690  0 298  0 40  0  0 88904 10805 
 0  0 1020  0  0  0 724  0  0 20681 398 7557  0 51168  0  0 34463  0 21460  0 1946  0  7  0 15  0 1235  0  2 56525  0  0  0 289  0  0  0  0 136 10664 10297  0  0  0  0  1 176  0 10 189  0  0 88145 11  0  0 5774  3  0 13422 
 0  0  0  0 780 17  0  0  0  0 228 644 253 18  0 30 107 11  0  0  0  0 9802 157  0  4  2  6 1112 94  0  0 395 1680 2341 179 960  1  1  0 5743  0 8879 39024  0 65574  0  0 5073  0  0 266  1  0  0  0 2739  0  0  0 
 0  0  0  0  0 25  1 20681  0  0 6120 142 103  0 163  0 11043  0 47  0  0 24  0  0  0  2  1 2343 20 30 34 3306  1 1500 17764  6 341  0  1 5849  0  0 112 80 25  0 178  0  0  0  0  0  0 15597 47 10 137  0 10  2 
 0 27767  0  2 21 16 8941 398 228 6120  0  0  0  0 2205 5967  1  8 2867  1  0  0 22  0 5724  0  2 1172  0  0 340  1 55  3 1392 21382  0  0  0  2  5  0 83 74261  0  0 210  8  0  0  0 224 13967  2 1374  0 1041 79  0  0 
35  0  2  0 366 17  0 7557 644 142  0  0  0 147 925  3 3718  4  0  0 4577 57886  0 458  0  0  0 36957 15772  0  3 2139  4  0  0  0  0 1183 42022 458  0 13939 30198  0  0 3124 1698  0  0 93663 1132  0  7  0  0 478  8 3112  0  0 
 0  0 5417 1961  0 982 40  0 253 103  0  0  0 94853 691  0  7  0  0  0  2  0 15  0  0  7 15 254  0  0  0 41  0  0  7 279  0 77  0 29791  0  0 354 13037 38 37980  0  0  0  0  0 665  1  3 1399 665 4294 19  0 47 
34986  1 235  2 29335  0  0 51168 18  0  0 147 94853  0 6072 3976  4  0  0 4278 3915 19 11  0 50  0 23171  9 69  0  0  0  0  1 14159  0 83  0 539 4720 1964  0  0  2  0 22520 53  0  0  0  0  0  0 50  0 273 10244  0  1  0 
 8 20 3096 28652 83  0  7  0  0 163 2205 925 691 6072  0 32  0  0 75  0 18  0 4597  0  0  0  0  0  0 170 7525  0 930 5026  1  4  0  0  0 99  0 1894  0  0 9486  0  0  0  0 52703 2271 93675  0 19910  0  0 86  8 83309  0 
15743 20393  0 77287  1 161  0  0 30  0 5967  3  0 3976 32  0  0  1  0  0  0  0  0  0  0  0 4756  6  3  0  0  0  0  2  0  0  0  0  0  0 18  0 50  0 4404  0  0 29407 42733  0 3511 21811  0  0  0 4752 23  0  0 1444 
 1 25449 20  4  0  0  0 34463 107 11043  1 3718  7  4  0  0  0 576 77723  4  0 5980 247 76 40965 772  0 2503 82078  0  5  0 7788 536  0 75831  0  0  0  0 2189  0 4256 30  0  0 69439  0  0 84 449  0  6 6776 457  1 77108 11  0  0 
 0  0  0 9909  0  0  0  0 11  0  8  4  0  0  0  1 576  0 18 65  0 648  0  0  0 8061 85636 7622  0 79  0  0 428 285  0  0 66271 173  0 88367 186  0 13953  0  0 3377  0  0  1 446 17  0  0 65924  0  0 13 56409  0 85 
66  0 12  0 1968 20 214 21460  0 47 2867  0  0  0 75  0 77723 18  0 3871 1420  0 184 6032  0 68 153 12  0  0  0  0  0 18  0  1  0 20925  2 83139 2463 31022  0 315  0  0  0  0 6167 5921  0 6376  0 33149 15656 196  0  0  0  0 
 5 1526 8037 2650 771 2188  0  0  0  0  1  0  0 4278  0  0  4 65 3871  0 2513 1264 53  0  0 5316  0  0  0  0 510 23  0 55 35 8964  0 11002 7951  3  0 2655 16  0  0  0  0  0  0  1 64792  0  0  0  0 22 69  0  0 24 
144 6870  0 13110 79332 3609 71 1946  0  0  0 4577  2 3915 18  0  0  0 1420 2513  0  0  0  0 45563  0  6 21  0  0 71  1 75  0  0 94188  0  0 62 94467  0 7045 73232  0 41070  0  0 2764  0  0  2  0  0 16  1 9621 1202  0 47  2 
 0  0 2757 2888  0  5 11  0  0 24  0 57886  0 19  0  0 5980 648  0 1264  0  0  0  1  9 12385  0  1  1  0 306  0 30957  0 11 46  0  0  0  0 12  6 303 23 150  0  0 163 7074 261  7 192 85 71  0 7888  2 8429 5557 110 
23373 651  0  8 2016  0 139  7 9802  0 22  0 15 11 4597  0 247  0 184 53  0  0  0  4 316  0  7 78432 1396  0  0  0 819 176 2361  0 18040 11 14  0 3858  0  0 9853 190  0 204  0  0 53031 35100  0 13 333  0  0 2204  0 16 33 
 0 37263 219 1670 178 6605 24789  0 157  0  0 458  0  0  0  0 76  0 6032  0  0  1  4  0  0 72167  2  0 53989  0  0 223  0 10941 133  0 326  0  0 86168 2421  0 28130 2834 63190 46 352  0 697 56404 5905  2  0 6876 90795 613 21820  0  0 16969 
 0  0  0 86456  2 43256  0 15  0  0 5724  0  0 50  0  0 40965  0  0  0 45563  9 316  0  0  3 61  0  0  0  0  0  8 85378 113 167 101 20  0  0  9  0  0 858 75278  0  0 1912  0 10  3  0 13  0  0 114  5  0  0  0 
 0 25 3671  0 13 31195 2530  0  4  2  0  0  7  0  0  0 772 8061 68 5316  0 12385  0 72167  3  0 11518 33543  0  0 7480  0 151 37 1483  0 7819 405  0  2  0  0  0 9181  0  0  0  0  0  0  0  3 31  0  0 151 131  0 1691  6 
 0 85808  0  4  0 1617  0 1235  2  1  2  0 15 23171  0 4756  0 85636 153  0  6  0  7  2 61 11518  0  0  0  0  0  0  0 56 210 3881 85  0  0 19773 22959  0  0 11568  0  0 73  0  2 22666 6922  0 55  0  1  9 20790  0 115  0 
 3 4539 4065  0  0 1492  0  0  6 2343 1172 36957 254  9  0  6 2503 7622 12  0 21  1 78432  0  0 33543  0  0  0  0 61071  0 10 19  2  0 60142 8938 772 3757  0 16802  0 3660  2  0  0 20924 50842  1  0 53390  0  5  0  0 13729  0 107  0 
62979  0  7  0  0 1244 30634  2 1112 20  0 15772  0 69  0  3 82078  0  0  0  0  1 1396 53989  0  0  0  0  0 1608  0 540  0  0  0 154 10941  0 4481  0  0 14038  0  0  0  4 23281 36492 704  6 114  0  0 329  9  0  0  3 16644 542 
 0  0 555  0 714  0 71 56525 94 30  0  0  0  0 170  0  0 79  0  0  0  0  0  0  0  0  0  0 1608  0  0  0  4  0  0 221  0 46  2 90  2 414 17  0  0 19  0 12  0  0  0  5 1984  0 82386 54055 6509  4  0  0 
599  0  0 103  0  0  0  0  0 34 340  3  0  0 7525  0  5  0  0 510 71 306  0  0  0 7480  0 61071  0  0  0 37  0 27 161  0  0  0  4 32 32 67  0 35326 106  0 2936 13440 17 90877  0  0 17219  0  0 7320  0  0  0  0 
 0  0 315 5146 162  0  0  0  0 3306  1 2139 41  0  0  0  0  0  0 23  1  0  0 223  0  0  0  0 540  0 37  0 36713  4 18085 1776 3284  0 482  0  0  0 60  0 88 37508  0 14657  0  0 10046  0 52466  0 88171  0  0 286  0  0 
48 28  0 88973 160 32  0  0 395  1 55  4  0  0 930  0 7788 428  0  0 75 30957 819  0  8 151  0 10  0  4  0 36713  0  0  0 16054  0  0 17611 159  0  0  0  0  6  7  0 630  0  4  2 21  0 818  0 1793  0 15  0 470 
 0  0  0 206  0  0 2985 289 1680 1500  3  0  0  1 5026  2 536 285 18 55  0  0 176 10941 85378 37 56 19  0  0 27  4  0  0  0  0 1897 1729 25056 17 13 345 1990 48076 35 2686 11  0  0 8126  0 69707 23246 15210  0  0  0 5148  0  1 
24847 15 115  0  0 73 126  0 2341 17764 1392  0  7 14159  1  0  0  0  0 35  0 11 2361 133 113 1483 210  2  0  0 161 18085  0  0  0 170 13  0 4609  0  0  8  0  0  0  0  0  5 313 785  7 11  0 32  0  0  0  0  8 35 
 0  1 72755 330  0 6102  0  0 179  6 21382  0 279  0  4  0 75831  0  1 8964 94188 46  0  0 167  0 3881  0 154 221  0 1776 16054  0 170  0 2921  0  0  0 15  0  0 2282  0 7256 85227 13 2892 126 21158  8 7098 62193  0 120 19044  0 1560  0 
 0 4850  0 1080  0  0  7  0 960 341  0  0  0 83  0  0  0 66271  0  0  0  0 18040 326 101 7819 85 60142 10941  0  0 3284  0 1897 13 2921  0 30688  0  0  0  1  0 12  0 536  0  0 11495 481  0  0  0  0 19 47  0  0  0 69678 
21472  0  0  0 169 99 25217  0  1  0  0 1183 77  0  0  0  0 173 20925 11002  0  0 11  0 20 405  0 8938  0 46  0  0  0 1729  0  0 30688  0 23  1 1773  0 16476  5  0  0 19 934  0  0 4478  0  0  6  0 111  4  0  0  0 
 0 79 42915  0 3018  0 2006 136  1  1  0 42022  0 539  0  0  0  0  2 7951 62  0 14  0  0  0  0 772 4481  2  4 482 17611 25056 4609  0  0 23  0  0  0 17285 12173  0  0  0 18048 827  0  0 208  0  0  1 5401 12  5  0  0  0 
 1  0  1 2077  0 14 3864 10664  0 5849  2 458 29791 4720 99  0  0 88367 83139  3 94467  0  0 86168  0  2 19773 3757  0 90 32  0 159 17  0  0  0  1  0  0  2  0 719  0  0 365  0 228 1370  0 4186  0  0  0  0  0  0  0  0  0 
 9  0  0 184 33 8653 608 10297 5743  0  5  0  0 1964  0 18 2189 186 2463  0  0 12 3858 2421  9  0 22959  0  0  2 32  0  0 13  0 15  0 1773  0  2  0  0  5 56  0  0  0 10584 4392  1 25730  3 78  0 5905  0  0 59871  0 6760 
 0  0 3008 48195 15 24  0  0  0  0  0 13939  0  0 1894  0  0  0 31022 2655 7045  6  0  0  0  0  0 16802 14038 414 67  0  0 345  8  0  1  0 17285  0  0  0 84137  0 71060 13  0 35718 75341 4203 324  0  0 16850  1 11734  0  1  0  0 
 0  0  0 476 20731  0  0  0 8879 112 83 30198 354  0  0 50 4256 13953  0 16 73232 303  0 28130  0  0  0  0  0 17  0 60  0 1990  0  0  0 16476 12173 719  5 84137  0  0  0  0 9448  0  1  0  0  0 2408  0 37564 22562 10  0 52  0 
18  4 1063 2123 2418  0  0  0 39024 80 74261  0 13037  2  0  0 30  0 315  0  0 23 9853 2834 858 9181 11568 3660  0  0 35326  0  0 48076  0 2282 12  5  0  0 56  0  0  0 63578 1289  0  0 87211  0 538  0 21  0  0  0  0  0  1  0 
 9 724 17061  0 7579  5 233  0  0 25  0  0 38  0 9486 4404  0  0  0  0 41070 150 190 63190 75278  0  0  2  0  0 106 88  6 35  0  0  0  0  0  0  0 71060  0 63578  0  0  0 759 294  0 1258  0  0 154  0  0 684 42  0 62 
 0 15611  0 8976 302  0 10  1 65574  0  0 3124 37980 22520  0  0  0 3377  0  0  0  0  0 46  0  0  0  0  4 19  0 37508  7 2686  0 7256 536  0  0 365  0 13  0 1289  0  0 77  0 56928 206  3  0  0  0 558  0  0  0 10  6 
 0 83  0 767  0  0  0 176  0 178 210 1698  0 53  0  0 69439  0  0  0  0  0 204 352  0  0 73  0 23281  0 2936  0  0 11  0 85227  0 19 18048  0  0  0 9448  0  0 77  0 75  0 74710  0 11 2352  1  0  0  0 30078 241 303 
56154  0  0 47  0  0 42  0  0  0  8  0  0  0  0 29407  0  0  0  0 2764 163  0  0 1912  0  0 20924 36492 12 13440 14657 630  0  5 13  0 934 827 228 10584 35718  0  0 759  0 75  0  0  0  0  0  1  0 2586 703  0  0  0  0 
 0  0 15  0 10 35  0 10 5073  0  0  0  0  0  0 42733  0  1 6167  0  0 7074  0 697  0  0  2 50842 704  0 17  0  0  0 313 2892 11495  0  0 1370 4392 75341  1 87211 294 56928  0  0  0  0 15797 52980 14974  0  0 1384 631  2  0  0 
12 14 499  0 2269  0 14767 189  0  0  0 93663  0  0 52703  0 84 446 5921  1  0 261 53031 56404 10  0 22666  1  6  0 90877  0  4 8126 785 126 481  0  0  0  1 4203  0  0  0 206 74710  0  0  0  3 244 73115  7 73914  5  0  8  1 23997 
2815 49481  0 84760 3977 9462  0  0  0  0  0 1132  0  0 2271 3511 449 17  0 64792  2  7 35100 5905  3  0 6922  0 114  0  0 10046  2  0  7 21158  0 4478 208 4186 25730 324  0 538 1258  3  0  0 15797  3  0 61  0  0  0  0  0  0 84  0 
 0  0 11  0  0  0 1690  0 266  0 224  0 665  0 93675 21811  0  0 6376  0  0 192  0  2  0  3  0 53390  0  5  0  0 21 69707 11  8  0  0  0  0  3  0  0  0  0  0 11  0 52980 244 61  0 16  1  8  0  1  0  0  0 
 0  0 4151  6  7 60  0 88145  1  0 13967  7  1  0  0  0  6  0  0  0  0 85 13  0 13 31 55  0  0 1984 17219 52466  0 23246  0 7098  0  0  0  0 78  0 2408 21  0  0 2352  1 14974 73115  0 16  0 7134 59913 34925  0 6720 69246 12 
 0  9  0 31007 8441  0 298 11  0 15597  2  0  3 50 19910  0 6776 65924 33149  0 16 71 333 6876  0  0  0  5 329  0  0  0 818 15210 32 62193  0  6  1  0  0 16850  0  0 154  0  1  0  0  7  0  1 7134  0 47  0 5632 734 360  0 
30  1  0  0 6066  0  0  0  0 47 1374  0 1399  0  0  0 457  0 15656  0  1  0  0 90795  0  0  1  0  9 82386  0 88171  0  0  0  0 19  0 5401  0 5905  1 37564  0  0 558  0 2586  0 73914  0  8 59913 47  0  0 16650 102  0  0 
 0 32123  0  0  0  0 40  0  0 10  0 478 665 273  0 4752  1  0 196 22 9621 7888  0 613 114 151  9  0  0 54055 7320  0 1793  0  0 120 47 111 12  0  0 11734 22562  0  0  0  0 703 1384  5  0  0 34925  0  0  0 47805  0  0 91850 
13  0  0  0  0  0  0 5774 2739 137 1041  8 4294 10244 86 23 77108 13  0 69 1202  2 2204 21820  5 131 20790 13729  0 6509  0  0  0  0  0 19044  0  4  5  0  0  0 10  0 684  0  0  0 631  0  0  1  0 5632 16650 47805  0  0  0 121 
2678  0 9887  0  0  0  0  3  0  0 79 3112 19  0  8  0 11 56409  0  0  0 8429  0  0  0  0  0  0  3  4  0 286 15 5148  0  0  0  0  0  0 59871  1  0  0 42  0 30078  0  2  8  0  0 6720 734 102  0  0  0  9  7 
90  0 34331  0  2  5 88904  0  0 10  0  0  0  1 83309  0  0  0  0  0 47 5557 16  0  0 1691 115 107 16644  0  0  0  0  0  8 1560  0  0  0  0  0  0 52  1  0 10 241  0  0  1 84  0 69246 360  0  0  0  9  0  0 
 0  0  0 2477  2  0 10805 13422  0  2  0  0 47  0  0 1444  0 85  0 24  2 110 33 16969  0  6  0  0 542  0  0  0 470  1 35  0 69678  0  0  0 6760  0  0  0 62  6 303  0  0 23997  0  0 12  0  0 91850 121  7  0  0 

 0  0 18  1 18 740  0  0 428  0  0  0  0 294 18  0  0  0  0 9955  0  0 45022 270 29  0  0  0  0  0  0  0 27649  0 10333  0  0  0 61  0  0 295  0  0  0  0  1 300 1325 73  0  0  0  0  8  0 14664 11467  4  0 
 0  0  0 2479  0  0  0 61  6  0 304  0 843  5  0 2400 3275  0 48389  0 1159  0  1 8137  8 12490 42489  0  0  0 68 145  2  0 3746 218 212  0 334  0 372  0  0 11 10 44660  0  0 415  0  4  0  0  0 2136 28580  0  1  1 6444 
18  0  0  0 13099  0 12 24418 11  0  0  0 461  0  0  0  0  0 248  0  0  0  0  9  0  0 45 18  0 108  0 39  1  0  0  4  0  0  2 2495  0  0  0 15185 16968 211  0  0 28472 4843  0  0 24  0  0  2  0  9 82 10 
 1 2479  0  0 77632  0  0  0  0  0 244  0  0  0  0 27450  0 34535  1 433  2 63  0 5929 18170  0 160 95  0  0  0 8660  6  0 18520 430 1382  0 70 46 212  1 825  0  0  0 6152 19914  0  0  0  0 266  6 121  0  0  0 31905 204 
18  0 13099 77632  0  0  0  2 4956 335  0  4  0 44261  0  0 1358  0  2 248 18 13606 18612  0 230  0  4 969  0 43  0  0  0  2  0  4  0  0 15  0 19  0 1225  0 16  2 5984 4578  0 154  0  0 331 2964 464  0 12  0  0 6582 
740  0  0  0  0  0  0  0  5 2165  0  0 119 485  0  0  0  0 688 966 292 196  0 83080 8669  3 100 125  5  0  0  0 4382 5931  9 88443 1225  2  0  5 394 183 10  0  0  0  0  3  2  0  0  0 12491  0  0  0  0  0  0  0 
 0  0 12  0  0  0  0  0  0  1 29  7 13  0  0  0 99  0  0  0  3  5 3411 69  0 5265  0  0  0  0 1652  0  0 4806  0  0 220  0  0  3  0 4171  0  0  0 65952 10826  1  0  0  0 209  0  7  0 65530  0  0 47275 785 
 0 61 24418  0  2  0  0  0  0  4  2 51016 225  0  0 73 545  1 14002 13 17 1212  7  0 183  1 18 52 19808 1477  2 71  0  0  0  0  0  1 40 834 30453  0  0  0  0  1 16452  3  0 914  0  0 153 3645  0 948 346 3511  0 24 
428  6 11  0 4956  5  0  0  0  0 13339  0  0 94 30 73204  0  0  0  0  4  0  1  0  0 10773  0 92556  0  0  0  0 5369 22764  8  0 1188 21392 34  3  0  2  4 1706  0  0  0  0  0  0 535  0  9  0  5 1314  1  0  9  0 
 0  0  0  0 335 2165  1  4  0  0  0  0 12956  0 48 884  0  1 59792  0  0 6694  0  0  0  0 339 80109  0  0  0 47  0  7  3  0 2117  0 60 15815  0  0 39 1268  0 98107 16796 78 1063  0 28  0  0  0  1 51  1  0  0  0 
 0 304  0 244  0  0 29  2 13339  0  0  0 85 2353 6805 9439  1  0 35502  0 582  6 97979  1 1805  0  1 1087 52975 7224  0  1  0 40292 5941 12597  0  0  0  0 1988  0 92  3  0  0  0 365 156  0 16 72  0  0  2 59 352  0 47 655 
 0  0  0  0  4  0  7 51016  0  0  0  0 574 486 1500  0 27065  0  0 26350 18206  0  0 1972  0  0  0  0 92028 37  0 11  0 3123  0 828  1  0 67 685  0 34 1386  0 239  0 76 903 81113 846 131 26190  0  0  0 38  0 18  0  0 
 0 843 461  0  0 119 13 225  0 12956 85 574  0 23740  0  0 178  1  0  2  0  0  0 809  0  0 62020 86747  0  0  0 47377  0  0 336  0  0 75 11281 2330  0  0  8 872 38 190 240  0  5 693  5 17 54281 113 31611 4697 2185  0  0  1 
294  5  0  0 44261 485  0  0 94  0 2353 486 23740  0  0 15013  0  0 85 4146  0 1678  0 557 34 2001 11952 58985 3673  3  0 18  0  5 1121  0  4  0  3  0 10635  0  1  0  0 2937 209  0  0  0 1103  0  0  0 5337 9190 159 19911  0  0 
18  0  0  0  0  0  0  0 30 48 6805 1500  0  0  0 76  0  0 121  0  0  0  3  0 210 14  0  0  0  0  0  4  0 6284  0  0  0  0 3111  0  4  0 11  0 42  0  0  1  0 636 672  1 19112 113  0 63 738  0 168  0 
 0 2400  0 27450  0  0  0 73 73204 884 9439  0  0 15013 76  0  0  0 835 28  3 11  0  0  0  0  0  0 15083 72 39733  7 32  8  0 392  0  2 47  0  3  1  0  0 19962  0 15 19112 19635  1 4859  2  0  0 226 11 168  1 4680 22494 
 0 3275  0  0 1358  0 99 545  0  0  1 27065 178  0  0  0  0  0 26373  0  0 41  6  0 2848  0  4 1082 2967  0 273  0 9548 12370  0 533  0  0  0 19  0 12924 21773  0  0  3 2128 74 24032  0 23  0  0 2369  4 10432  8  0  0 967 
 0  0  0 34535  0  0  0  1  0  1  0  0  1  0  0  0  0  0 127 40  0  0  4  0  0 44 78664 327  0 649  2  0 29  0 413 17 97  0  0 16 6137  0 513  0 188  6  0  0  1 118  0  0  0 825  0  0 288  0  0 416 
 0 48389 248  1  2 688  0 14002  0 59792 35502  0  0 85 121 835 26373 127  0  0  0 40558 36906 30439  0 23048 900 1350  0  0  0  0  0 57577  0  0  0 24362  1  0 49  7  0  0 8790  3 10 38  1 50091 85456  0 17055  3  0 119  0  0  0 81999 
9955  0  0 433 248 966  0 13  0  0  0 26350  2 4146  0 28  0 40  0  0 746  0 1383  0  0  0  0  0  0 641 11  0 20  0  0  0  0 10221  4 200  0 196  1  0  0 2428  0 31  0  0  0  0  0  0  0  0  0  0 51600  0 
 0 1159  0  2 18 292  3 17  4  0 582 18206  0  0  0  3  0  0  0 746  0  0  0  0  0  0 1835 18106 27 717  0 66  0 47533 205 29983  2 19 121 847  0  0 27  0 4780  0  0 951 76  1 7208  0  0  0  0 14 10172  0  0 2192 
 0  0  0 63 13606 196  5 1212  0 6694  6  0  0 1678  0 11 41  0 40558  0  0  0 30  0 61594 10  0 20037 588 40551  0  0 48  0 1720  0  0  0  0 1258 815  0  0 311 16044  0  2  0  3  0 18  0  0 24749  0  0  0  0 23 6716 
45022  1  0  0 18612  0 3411  7  1  0 97979  0  0  0  3  0  6  4 36906 1383  0 30  0 20 1550 43  0  0  9  0  0  0  0  0 2774  1  1  0  0 12 20 39  0 207  1  0  0  0  0 6693 634  0 1238  0 60  0  0  0 25450  0 
270 8137  9 5929  0 83080 69  0  0  0  1 1972 809 557  0  0  0  0 30439  0  0  0 20  0  0 4881  0  0 50907  6  3  0  0 84 1869  0  0  0  0  1 23068 81 4769  0 36 21 12642  0 1511 17833 17  0  0 12 7129 87087 745 409  0 2930 
29  8  0 18170 230 8669  0 183  0  0 1805  0  0 34 210  0 2848  0  0  0  0 61594 1550  0  0 1164 110  0  0  0  0 10  0 31  0 90 5216  0  4  0 17  0 12  0 20 495  0 156  0 1092  0 5485  0 49049  0  1 105 177 14  0 
 0 12490  0  0  0  3 5265  1 10773  0  0  0  0 2001 14  0  0 44 23048  0  0 10 43 4881 1164  0  1 474  0  0 5987 2889 3526  0  0 270 52 73726  0  0 131 13642  0  0  0  0  0  0  0 5939 8673 25  0  0 26  0 75082  0 48 18 
 0 42489 45 160  4 100  0 18  0 339  1  0 62020 11952  0  0  4 78664 900  0 1835  0  0  0 110  1  0 54  0 30 4594 7835  0 13992 261 48  0  0  0 1294 2677  0  0 232  0  0 12  0 126  0 26752  0  0  0  0  0  1  0 38029  9 
 0  0 18 95 969 125  0 52 92556 80109 1087  0 86747 58985  0  0 1082 327 1350  0 18106 20037  0  0  0 474 54  0  0  1  0  0 2036 31  0  0  4  0 72739 144  0 469 6915  0 2332  0 3758 89  0 11236 10239  2 95082  0 41 316 25530 155  0  0 
 0  0  0  0  0  5  0 19808  0  0 52975 92028  0 3673  0 15083 2967  0  0  0 27 588  9 50907  0  0  0  0  0  0  1  6  0  2  0 25  0 5253 2319  0  0  0 233 5202  0  9 404 22006  0 23454 9680 14 3628  0  0  1 13  0 26060 8175 
 0  0 108  0 43  0  0 1477  0  0 7224 37  0  3  0 72  0 649  0 641 717 40551  0  6  0  0 30  1  0  0  0  0 132 71  0 574  0  0 1612  0 20  0  0  0  5 10433 417 84  0  4  0  0 29644 3410  5 225  0  0  0  0 
 0 68  0  0  0  0 1652  2  0  0  0  0  0  0  0 39733 273  2  0 11  0  0  0  3  0 5987 4594  0  1  0  0  0  0  2 15  4 89  0  0  2  0  1 9372  1 60011  0 995  0  0  1  0  0 892 12  0  0 24  0 123  0 
 0 145 39 8660  0  0  0 71  0 47  1 11 47377 18  4  7  0  0  0  0 66  0  0  0 10 2889 7835  0  6  0  0  0 23478 34356 65003 17  0  1 122  0  0  0 39678 307  4  0  0 26  0 378 1956  0  0  0 22271  0  0  0  0  0 
27649  2  1  6  0 4382  0  0 5369  0  0  0  0  0  0 32 9548 29  0 20  0 48  0  0  0 3526  0 2036  0 132  0 23478  0  0  0 70140 909  0  0  0 477  2  0 212 11145 32  0 73754  0  0  0  0  1  0  0  7  0 14 441  0 
 0  0  0  0  2 5931 4806  0 22764  7 40292 3123  0  5 6284  8 12370  0 57577  0 47533  0  0 84 31  0 13992 31  2 71  2 34356  0  0  0 286 72431 578  0 98  0 14786 30  0  0 129 49  0  0 671  0  4 622  0 13 511  0 11283 23  0 
10333 3746  0 18520  0  9  0  0  8  3 5941  0 336 1121  0  0  0 413  0  0 205 1720 2774 1869  0  0 261  0  0  0 15 65003  0  0  0  0  0  0  0 5538  0 1828  0 148  0  0  0  1  0 21297 58544 71 1830  3  1  0  0  0 18586 13 
 0 218  4 430  4 88443  0  0  0  0 12597 828  0  0  0 392 533 17  0  0 29983  0  1  0 90 270 48  0 25 574  4 17 70140 286  0  0 25432 62  0  0 39469  1 12 3359  0 1771 135  1 31  0  0  0  3 55  0 23 45 3379 4634  0 
 0 212  0 1382  0 1225 220  0 1188 2117  0  1  0  4  0  0  0 97  0  0  2  0  1  0 5216 52  0  4  0  0 89  0 909 72431  0 25432  0  4  0  0  1 774  9 9752 15 310  0  0  0  0  0  0  0 37039  0 95771  9  0 191  0 
 0  0  0  0  0  2  0  1 21392  0  0  0 75  0  0  2  0  0 24362 10221 19  0  0  0  0 73726  0  0 5253  0  0  1  0 578  0 62  4  0  0  0 31 6656  6  1  0 143  0 136 16508  0 481  0 47 1062  0 63 1388  0  0 123 
61 334  2 70 15  0  0 40 34 60  0 67 11281  3 3111 47  0  0  1  4 121  0  0  0  4  0  0 72739 2319 1612  0 122  0  0  0  0  0  0  0 14  0 14548  0  0  0 340 18859  5 2496 14654  0  9  0  0 9589  2  0  0 515  0 
 0  0 2495 46  0  5  3 834  3 15815  0 685 2330  0  0  0 19 16  0 200 847 1258 12  1  0  0 1294 144  0  0  2  0  0 98 5538  0  0  0 14  0 14  0 10999  0 305  0 174  0  0  0 455 10029  0  0  0  2  0 64710  0 14 
 0 372  0 212 19 394  0 30453  0  0 1988  0  0 10635  4  3  0 6137 49  0  0 815 20 23068 17 131 2677  0  0 20  0  0 477  0  0 39469  1 31  0 14  0 214 257  0  0  0  0  2 2299  0 662 222  0 183 587  0  0 41  0  3 
295  0  0  1  0 183 4171  0  2  0  0 34  0  0  0  1 12924  0  7 196  0  0 39 81  0 13642  0 469  0  0  1  0  2 14786 1828  1 774 6656 14548  0 214  0  0  0 2988  0  0 12  0  0 244  6 237 745 192  0  0  0  0  0 
 0  0  0 825 1225 10  0  0  4 39 92 1386  8  1 11  0 21773 513  0  1 27  0  0 4769 12  0  0 6915 233  0 9372 39678  0 30  0 12  9  6  0 10999 257  0  0  0  1  0  1  0  0  0 24832  0 2358  0  0 657 949  0  0  8 
 0 11 15185  0  0  0  0  0 1706 1268  3  0 872  0  0  0  0  0  0  0  0 311 207  0  0  0 232  0 5202  0  1 307 212  0 148 3359 9752  1  0  0  0  0  0  0  4  1  0  4 87  0  0  5 62  0 1007  0  0  0  1  0 
 0 10 16968  0 16  0  0  0  0  0  0 239 38  0 42 19962  0 188 8790  0 4780 16044  1 36 20  0  0 2332  0  5 60011  4 11145  0  0  0 15  0  0 305  0 2988  1  4  0 27 273  0  0  0 412  0 295  0 51463  0  4  7  0  0 
 0 44660 211  0  2  0 65952  1  0 98107  0  0 190 2937  0  0  3  6  3 2428  0  0  0 21 495  0  0  0  9 10433  0  0 32 129  0 1771 310 143 340  0  0  0  0  1 27  0  0  0 616  0  0  0  0  0 8383  0  0  0  2  0 
 1  0  0 6152 5984  0 10826 16452  0 16796  0 76 240 209  0 15 2128  0 10  0  0  2  0 12642  0  0 12 3758 404 417 995  0  0 49  0 135  0  0 18859 174  0  0  1  0 273  0  0  0 2153 26350 134 194  0  3  0  0  1 395  0  0 
300  0  0 19914 4578  3  1  3  0 78 365 903  0  0  1 19112 74  0 38 31 951  0  0  0 156  0  0 89 22006 84  0 26 73754  0  1  1  0 136  5  0  2 12  0  4  0  0  0  0 82  3 12 582  0  0 1274 6503 38073  0 125  5 
1325 415 28472  0  0  2  0  0  0 1063 156 81113  5  0  0 19635 24032  1  1  0 76  3  0 1511  0  0 126  0  0  0  0  0  0  0  0 31  0 16508 2496  0 2299  0  0 87  0 616 2153 82  0  6 6139  0  0  0 29  0  0  0  0  0 
73  0 4843  0 154  0  0 914  0  0  0 846 693  0 636  1  0 118 50091  0  1  0 6693 17833 1092 5939  0 11236 23454  4  1 378  0 671 21297  0  0  0 14654  0  0  0  0  0  0  0 26350  3  6  0  0  0 108 16539 60  0  0  0  0 7901 
 0  4  0  0  0  0  0  0 535 28 16 131  5 1103 672 4859 23  0 85456  0 7208 18 634 17  0 8673 26752 10239 9680  0  0 1956  0  0 58544  0  0 481  0 455 662 244 24832  0 412  0 134 12 6139  0  0 46268  0  9 33  0  0  0 83263  0 
 0  0  0  0  0  0 209  0  0  0 72 26190 17  0  1  2  0  0  0  0  0  0  0  0 5485 25  0  2 14  0  0  0  0  4 71  0  0  0  9 10029 222  6  0  5  0  0 194 582  0  0 46268  0  0 14 73  0 21  0 250  0 
 0  0 24 266 331 12491  0 153  9  0  0  0 54281  0 19112  0  0  0 17055  0  0  0 1238  0  0  0  0 95082 3628 29644 892  0  1 622 1830  3  0 47  0  0  0 237 2358 62 295  0  0  0  0 108  0  0  0 98  1 6618  0  1  4  0 
 0  0  0  6 2964  0  7 3645  0  0  0  0 113  0 113  0 2369 825  3  0  0 24749  0 12 49049  0  0  0  0 3410 12  0  0  0  3 55 37039 1062  0  0 183 745  0  0  0  0  3  0  0 16539  9 14 98  0 96854  2 77 588  0 755 
 8 2136  0 121 464  0  0  0  5  1  2  0 31611 5337  0 226  4  0  0  0  0  0 60 7129  0 26  0 41  0  5  0 22271  0 13  1  0  0  0 9589  0 587 192  0 1007 51463 8383  0 1274 29 60 33 73  1 96854  0  0 24032  1  0 61 
 0 28580  2  0  0  0 65530 948 1314 51 59 38 4697 9190 63 11 10432  0 119  0 14  0  0 87087  1  0  0 316  1 225  0  0  7 511  0 23 95771 63  2  2  0  0 657  0  0  0  0 6503  0  0  0  0 6618  2  0  0 19504  0  0  4 
14664  0  0  0 12  0  0 346  1  1 352  0 2185 159 738 168  8 288  0  0 10172  0  0 745 105 75082  1 25530 13  0 24  0  0  0  0 45  9 1388  0  0  0  0 949  0  4  0  1 38073  0  0  0 21  0 77 24032 19504  0 243  0 260 
11467  1  9  0  0  0  0 3511  0  0  0 18  0 19911  0  1  0  0  0  0  0  0  0 409 177  0  0 155  0  0  0  0 14 11283  0 3379  0  0  0 64710 41  0  0  0  7  0 395  0  0  0  0  0  1 588  1  0 243  0 1102 62024 
 4  1 82 31905  0  0 47275  0  9  0 47  0  0  0 168 4680  0  0  0 51600  0 23 25450  0 14 48 38029  0 26060  0 123  0 441 23 18586 4634 191  0 515  0  0  0  0  1  0  2  0 125  0  0 83263 250  4  0  0  0  0 1102  0 1437 
 0 6444 10 204 6582  0 785 24  0  0 655  0  1  0  0 22494 967 416 81999  0 2192 6716  0 2930  0 18  9  0 8175  0  0  0  0  0 13  0  0 123  0 14  3  0  8  0  0  0  0  5  0 7901  0  0  0 755 61  4 260 62024 1437  0 
