facilities = 60 objectives = 2 max_distances = 190 max flows = 98864 overlap =  1.00 seed = 23453464 correlation1 = 0.000 A = -5 B = 5 M = 0 K = 1 m = 100
 0 69 97 18 30 71 113 76 35 97 38 19 72  1 101 31 41 92 29 76 52 90 34 50 72 104 23 75 34 48 32 56 72 29 77 80 88 83 44 45 62 54 70 85 20 52 30 71 79 47 28 92 29 50 38 68 61 28  4 76 
69  0 31 60 50  2 101 12 43 30 77 86 54 68 60 39 27 144 83 128 115 21 47 30  8 50 61 72 38 68 91 35  9 62 71 28 54 14 41 33 18 19 87 86 50 28 40 12 94 99 49 132 49 24 103 18 78 41 66 26 
97 31  0 84 73 29 95 34 65 30 97 112 57 96 44 69 57 162 113 146 145 19 69 60 25 59 85 76 63 84 114 49 25 93 98 48 74 21 60 54 35 43 96 88 80 47 67 25 101 120 73 145 72 47 133 45 89 69 94 26 
18 60 84  0 12 62 94 69 19 89 25 27 54 18 83 29 34 88 47 72 71 81 16 49 61 102  5 57 22 31 31 39 61 41 86 77 90 74 27 30 49 42 53 67 23 37 20 59 62 42 11 83 12 37 57 63 44 21 14 61 
30 50 73 12  0 52 85 61  8 81 27 39 43 29 71 28 28 94 57 78 82 71  4 46 51 96 11 48 14 26 41 27 51 47 87 71 87 64 15 19 38 32 49 60 27 26 16 49 57 49  3 85  1 27 68 57 39 18 25 49 
71  2 29 62 52  0 101 12 44 28 79 88 54 70 59 42 30 146 85 129 117 19 49 32  7 49 63 73 40 70 93 36  8 64 72 28 54 12 42 34 19 20 88 87 53 29 42 11 94 101 51 134 51 25 105 19 79 43 68 25 
113 101 95 94 85 101  0 114 85 123 80 112 48 113 51 110 102 110 142 101 163 109 83 120 94 149 90 37 93 65 101 71 94 132 166 130 155 106 77 83 84 90 49 28 112 81 98 90 43 92 88 84 86 88 149 118 54 101 108 76 
76 12 34 69 61 12 114  0 53 21 88 94 67 75 70 45 35 155 85 139 117 17 58 29 19 37 71 85 47 80 100 48 20 63 63 16 43 13 53 44 31 31 99 99 56 40 48 23 106 110 59 144 60 35 107 11 91 49 74 37 
35 43 65 19  8 44 85 53  0 73 34 46 39 34 65 25 22 101 60 85 87 63  4 41 43 89 19 48  8 30 49 21 43 47 84 64 82 56  9 11 30 24 52 60 27 18 13 41 60 56  7 92  7 19 74 50 42 16 31 42 
97 30 30 89 81 28 123 21 73  0 108 115 79 96 74 66 56 175 105 158 137 13 77 49 32 28 91 99 67 98 121 64 33 83 74 24 47 18 71 63 47 49 115 112 77 58 69 36 122 130 79 162 80 54 127 30 107 70 95 47 
38 77 97 25 27 79 80 88 34 108  0 32 51 38 83 53 56 67 67 50 83 97 30 73 76 124 20 45 42 17 22 48 76 65 111 99 114 90 37 44 62 58 32 51 48 50 43 73 41 23 30 58 29 53 69 85 25 44 34 71 
19 86 112 27 39 88 112 94 46 115 32  0 78 20 109 49 59 73 39 58 51 107 43 70 88 123 28 76 48 47 15 67 88 47 96 100 107 100 54 57 76 69 64 83 39 65 46 86 73 31 39 77 39 64 37 86 57 45 20 88 
72 54 57 54 43 54 48 67 39 79 51 78  0 72 31 62 54 109 99 94 125 66 39 71 48 104 51 19 46 34 73 23 47 86 117 83 107 61 30 35 36 41 40 32 67 32 51 44 43 72 45 89 43 39 111 70 35 54 68 32 
 1 68 96 18 29 70 113 75 34 96 38 20 72  0 100 30 40 92 29 77 53 89 33 50 71 103 22 75 33 48 33 55 71 28 77 79 87 82 43 44 61 53 70 85 19 51 29 70 79 48 27 92 29 49 39 67 61 27  4 75 
101 60 44 83 71 59 51 70 65 74 83 109 31 100  0 84 72 138 125 124 153 61 67 86 52 102 80 45 69 66 105 45 51 109 130 86 113 59 56 57 47 56 68 52 91 51 75 48 69 104 72 117 71 57 140 78 65 78 96 34 
31 39 69 29 28 42 110 45 25 66 53 49 62 30 84  0 12 117 44 101 75 60 28 21 44 74 33 73 17 54 59 40 44 25 59 50 61 53 33 27 38 29 77 86 11 32 12 45 85 71 25 112 26 26 63 37 67  9 29 53 
41 27 57 34 28 30 102 35 22 56 56 59 54 40 72 12  0 122 56 105 88 48 26 19 31 67 37 67 14 52 65 31 32 37 64 43 59 41 26 19 25 16 74 80 23 22 13 32 82 76 26 114 27 15 76 29 64 14 39 40 
92 144 162 88 94 146 110 155 101 175 67 73 109 92 138 117 122  0 111 16 108 164 97 138 143 190 85 93 108 78 59 113 143 120 169 165 178 157 104 111 129 125 70 89 109 117 109 140 71 46 96 27 95 120 99 151 74 109 91 135 
29 83 113 47 57 85 142 85 60 105 67 39 99 29 125 44 56 111  0 97 32 102 60 56 88 105 51 104 55 77 55 80 88 21 63 84 82 96 69 68 82 72 99 114 34 74 50 89 108 71 54 117 56 70 23 75 90 47 33 96 
76 128 146 72 78 129 101 139 85 158 50 58 94 77 124 101 105 16 97  0 97 147 80 122 127 173 68 80 92 62 43 97 126 105 154 149 162 141 87 95 113 109 57 77 93 101 92 124 59 29 80 25 79 104 87 135 59 93 75 119 
52 115 145 71 82 117 163 117 87 137 83 51 125 53 153 75 88 108 32 97  0 134 86 88 119 136 74 126 84 97 64 108 120 54 88 116 112 128 97 96 112 103 116 134 65 104 80 120 124 79 80 120 82 100 13 107 108 77 57 127 
90 21 19 81 71 19 109 17 63 13 97 107 66 89 61 60 48 164 102 147 134  0 67 46 20 41 82 85 59 87 112 51 21 81 80 29 55  7 60 52 35 39 103 99 71 46 61 24 109 120 70 150 70 44 123 29 95 62 87 33 
34 47 69 16  4 49 83 58  4 77 30 43 39 33 67 28 26 97 60 80 86 67  0 45 47 93 15 46 12 26 45 23 47 49 88 69 86 60 10 15 34 28 48 58 29 22 16 45 57 52  5 87  4 23 73 54 38 18 29 45 
50 30 60 49 46 32 120 29 41 49 73 70 71 50 86 21 19 138 56 122 88 46 45  0 37 53 53 86 32 71 80 48 38 34 46 30 41 41 46 38 38 31 93 99 30 39 30 39 102 92 43 132 45 32 78 18 84 29 50 52 
72  8 25 61 51  7 94 19 43 32 76 88 48 71 52 44 31 143 88 127 119 20 47 37  0 55 62 67 39 66 92 31  1 68 79 35 61 14 39 32 14 19 83 80 55 25 42  4 89 99 50 130 50 24 107 26 74 44 69 18 
104 50 59 102 96 49 149 37 89 28 124 123 104 103 102 74 67 190 105 173 136 41 93 53 55  0 105 122 81 117 133 85 56 84 58 24 28 43 89 81 68 68 137 136 84 77 81 60 144 144 93 181 94 72 128 38 128 81 103 73 
23 61 85  5 11 63 90 71 19 91 20 28 51 22 80 33 37 85 51 68 74 82 15 53 62 105  0 52 23 26 30 38 62 46 91 80 94 75 26 30 49 43 48 62 28 37 23 60 57 39 12 79 12 38 60 66 39 24 18 60 
75 72 76 57 48 73 37 85 48 99 45 76 19 75 45 73 67 93 104 80 126 85 46 86 67 122 52  0 56 28 67 38 66 95 131 100 123 80 40 47 54 57 23 13 75 47 61 62 25 62 51 72 49 54 112 87 21 64 71 52 
34 38 63 22 14 40 93 47  8 67 42 48 46 33 69 17 14 108 55 92 84 59 12 32 39 81 23 56  0 38 53 25 39 40 75 57 73 52 16 12 28 20 61 69 21 19  5 38 69 62 12 100 13 16 71 42 51  8 30 42 
48 68 84 31 26 70 65 80 30 98 17 47 34 48 66 54 52 78 77 62 97 87 26 71 66 117 26 28 38  0 39 35 65 71 113 93 112 80 28 36 52 49 23 37 52 40 42 62 32 38 29 64 27 45 84 79 13 44 44 57 
32 91 114 31 41 93 101 100 49 121 22 15 73 33 105 59 65 59 55 43 64 112 45 80 92 133 30 67 53 39  0 66 92 61 110 108 119 105 54 60 79 73 52 72 50 67 52 90 60 16 42 61 42 68 52 94 47 52 31 89 
56 35 49 39 27 36 71 48 21 64 48 67 23 55 45 40 31 113 80 97 108 51 23 48 31 85 38 38 25 35 66  0 30 65 94 62 85 45 12 13 17 18 52 52 46  9 30 27 58 71 28 98 27 16 95 49 43 33 52 23 
72  9 25 61 51  8 94 20 43 33 76 88 47 71 51 44 32 143 88 126 120 21 47 38  1 56 62 66 39 65 92 30  0 68 80 36 62 14 39 32 13 19 82 80 55 25 42  3 88 99 50 129 50 24 108 27 74 44 69 17 
29 62 93 41 47 64 132 63 47 83 65 47 86 28 109 25 37 120 21 105 54 81 49 34 68 84 46 95 40 71 61 65 68  0 48 62 63 74 56 52 63 54 94 107 20 58 35 69 103 77 44 121 46 52 44 53 85 32 31 78 
77 71 98 86 87 72 166 63 84 74 111 96 117 77 130 59 64 169 63 154 88 80 88 46 79 58 91 131 75 113 110 94 80 48  0 51 30 77 90 83 84 77 136 144 62 85 71 83 145 125 84 169 86 78 84 53 126 69 79 96 
80 28 48 77 71 28 130 16 64 24 99 100 83 79 86 50 43 165 84 149 116 29 69 30 35 24 80 100 57 93 108 62 36 62 51  0 27 28 65 57 46 44 113 114 60 54 56 40 121 119 69 157 70 48 107 14 104 56 79 54 
88 54 74 90 87 54 155 43 82 47 114 107 107 87 113 61 59 178 82 162 112 55 86 41 61 28 94 123 73 112 119 85 62 63 30 27  0 55 85 77 70 66 134 137 69 76 71 66 142 132 84 173 86 69 105 36 124 70 88 80 
83 14 21 74 64 12 106 13 56 18 90 100 61 82 59 53 41 157 96 141 128  7 60 41 14 43 75 80 52 80 105 45 14 74 77 28 55  0 53 46 28 32 97 94 64 40 54 18 103 113 63 144 63 37 117 24 89 55 80 29 
44 41 60 27 15 42 77 53  9 71 37 54 30 43 56 33 26 104 69 87 97 60 10 46 39 89 26 40 16 28 54 12 39 56 90 65 85 53  0  8 25 21 48 53 36 13 21 36 56 60 16 91 15 17 83 51 38 24 40 34 
45 33 54 30 19 34 83 44 11 63 44 57 35 44 57 27 19 111 68 95 96 52 15 38 32 81 30 47 12 36 60 13 32 52 83 57 77 46  8  0 19 13 56 61 33  7 17 30 64 67 18 100 18  8 83 43 47 20 41 31 
62 18 35 49 38 19 84 31 30 47 62 76 36 61 47 38 25 129 82 113 112 35 34 38 14 68 49 54 28 52 79 17 13 63 84 46 70 28 25 19  0  9 69 68 47 12 32 11 75 85 37 115 37 12 99 34 60 35 59 15 
54 19 43 42 32 20 90 31 24 49 58 69 41 53 56 29 16 125 72 109 103 39 28 31 19 68 43 57 20 49 73 18 19 54 77 44 66 32 21 13  9  0 69 71 38 10 24 17 76 80 31 113 31  5 90 30 60 26 50 24 
70 87 96 53 49 88 49 99 52 115 32 64 40 70 68 77 74 70 99 57 116 103 48 93 83 137 48 23 61 23 52 52 82 94 136 113 134 97 48 56 69 69  0 21 75 59 64 79  9 43 52 49 50 65 102 99  9 67 66 70 
85 86 88 67 60 87 28 99 60 112 51 83 32 85 52 86 80 89 114 77 134 99 58 99 80 136 62 13 69 37 72 52 80 107 144 114 137 94 53 61 68 71 21  0 87 61 73 76 17 65 63 65 61 68 120 101 25 76 81 65 
20 50 80 23 27 53 112 56 27 77 48 39 67 19 91 11 23 109 34 93 65 71 29 30 55 84 28 75 21 52 50 46 55 20 62 60 69 64 36 33 47 38 75 87  0 40 16 55 84 63 24 106 26 35 52 48 65 13 19 62 
52 28 47 37 26 29 81 40 18 58 50 65 32 51 51 32 22 117 74 101 104 46 22 39 25 77 37 47 19 40 67  9 25 58 85 54 76 40 13  7 12 10 59 61 40  0 24 23 66 73 26 104 25  7 90 40 50 27 48 23 
30 40 67 20 16 42 98 48 13 69 43 46 51 29 75 12 13 109 50 92 80 61 16 30 42 81 23 61  5 42 52 30 42 35 71 56 71 54 21 17 32 24 64 73 16 24  0 41 73 63 13 101 15 20 67 42 55  3 26 47 
71 12 25 59 49 11 90 23 41 36 73 86 44 70 48 45 32 140 89 124 120 24 45 39  4 60 60 62 38 62 90 27  3 69 83 40 66 18 36 30 11 17 79 76 55 23 41  0 85 96 48 126 48 22 108 30 71 43 68 14 
79 94 101 62 57 94 43 106 60 122 41 73 43 79 69 85 82 71 108 59 124 109 57 102 89 144 57 25 69 32 60 58 88 103 145 121 142 103 56 64 75 76  9 17 84 66 73 85  0 50 61 48 59 72 111 107 18 75 75 75 
47 99 120 42 49 101 92 110 56 130 23 31 72 48 104 71 76 46 71 29 79 120 52 92 99 144 39 62 62 38 16 71 99 77 125 119 132 113 60 67 85 80 43 65 63 73 63 96 50  0 50 45 50 75 67 105 41 63 46 94 
28 49 73 11  3 51 88 59  7 79 30 39 45 27 72 25 26 96 54 80 80 70  5 43 50 93 12 51 12 29 42 28 50 44 84 69 84 63 16 18 37 31 52 63 24 26 13 48 61 50  0 88  2 26 67 55 42 15 24 49 
92 132 145 83 85 134 84 144 92 162 58 77 89 92 117 112 114 27 117 25 120 150 87 132 130 181 79 72 100 64 61 98 129 121 169 157 173 144 91 100 115 113 49 65 106 104 101 126 48 45 88  0 87 109 110 142 55 103 90 119 
29 49 72 12  1 51 86 60  7 80 29 39 43 29 71 26 27 95 56 79 82 70  4 45 50 94 12 49 13 27 42 27 50 46 86 70 86 63 15 18 37 31 50 61 26 25 15 48 59 50  2 87  0 26 68 55 40 17 25 49 
50 24 47 37 27 25 88 35 19 54 53 64 39 49 57 26 15 120 70 104 100 44 23 32 24 72 38 54 16 45 68 16 24 52 78 48 69 37 17  8 12  5 65 68 35  7 20 22 72 75 26 109 26  0 87 34 55 22 46 26 
38 103 133 57 68 105 149 107 74 127 69 37 111 39 140 63 76 99 23 87 13 123 73 78 107 128 60 112 71 84 52 95 108 44 84 107 105 117 83 83 99 90 102 120 52 90 67 108 111 67 67 110 68 87  0 97 95 64 43 114 
68 18 45 63 57 19 118 11 50 30 85 86 70 67 78 37 29 151 75 135 107 29 54 18 26 38 66 87 42 79 94 49 27 53 53 14 36 24 51 43 34 30 99 101 48 40 42 30 107 105 55 142 55 34 97  0 90 42 66 44 
61 78 89 44 39 79 54 91 42 107 25 57 35 61 65 67 64 74 90 59 108 95 38 84 74 128 39 21 51 13 47 43 74 85 126 104 124 89 38 47 60 60  9 25 65 50 55 71 18 41 42 55 40 55 95 90  0 57 57 63 
28 41 69 21 18 43 101 49 16 70 44 45 54 27 78  9 14 109 47 93 77 62 18 29 44 81 24 64  8 44 52 33 44 32 69 56 70 55 24 20 35 26 67 76 13 27  3 43 75 63 15 103 17 22 64 42 57  0 25 49 
 4 66 94 14 25 68 108 74 31 95 34 20 68  4 96 29 39 91 33 75 57 87 29 50 69 103 18 71 30 44 31 52 69 31 79 79 88 80 40 41 59 50 66 81 19 48 26 68 75 46 24 90 25 46 43 66 57 25  0 72 
76 26 26 61 49 25 76 37 42 47 71 88 32 75 34 53 40 135 96 119 127 33 45 52 18 73 60 52 42 57 89 23 17 78 96 54 80 29 34 31 15 24 70 65 62 23 47 14 75 94 49 119 49 26 114 44 63 49 72  0 

 0  0 16  2 27953 17850 8686 478 25731 160  5  0  0  0 872 2873 64 24877  5 39433 72494  0 27 126  0 1809  0  0  0  0 105  0 132  0  0 1481  0 174 36302 6958  0  0  0 23734 13927  0  0  0  0  0 144 159  7 67  0  0 111 17609  0  0 
 0  0 468  0  0  0  0  0  4  0  0 23 85329 262 149  0 26 154  0  0 111 23143  0  8 50119 4384  0 441  0  1  0 40558  0 3134  9 134 8200  0  0  0 919  0  0 834  1 7303 44757 2036  0  0  0  0 339  0  0  0 582 3757 30453  0 
16 468  0 130  0  0 1148  0  0  0 174 20  0  0  0 254  0  0 199  0  0  0  0  0  0  1 46479  0  7  0 42589  0 1646 570  0 77  0 75  0  0  0 1396 11  0  0 1880  0 838  0 6144 10 10  0  0  0 70 95 251 211 317 
 2  0 130  0  0  7 415  1  0 4444  0 23 85  0 48301  0 77 16  0  0 83  0 23 3422  3  0  0  0  0 144  0 17  1  0  0 5724  0 912 78664 135 245 13532 18 3623 29701 3152  0  0 437  0 1976  0  0 35022 52 43  0  0  0 254 
27953  0  0  0  0 46687 15  0 20697  0 16866  0 69  0  1 110 4528  0  0  0 17  0  0  0 20716  0 2343 39760 303  6 93 3036  1  0  0  0  0  9  0  0 54 1507  0 56529 14  0 36  0  0  0  0  0 9758 57413  0  0  5 90  5 65928 
17850  0  0  7 46687  0  0  0  0  2  3  0  0  0 1286  0  0  0 321 12  7 33085 2802  0  0 2589  9 3606  0 1159  0  0 33846 5725 438  0  2  8 84956  0 748 50907  0  0  0  0  0 47489  2  0  0  9  6  0 405 2006  0  0  0 44 
8686  0 1148 415 15  0  0  0 42898 658 24418  0 6697  0  0 14886  0 36124 340 2353 470 124  1  0  0 6446 131  0  0  0  0 5667 2016  0 65160  3  0  0  6 1107  0 3413 43  0 4062  0  0  9 206  0  3  0  0  0  0  0  5  2  0 786 
478  0  0  1  0  0  0  0  0  0 1513  1  6 18 8092  0  4  0  0  0 12  0  3  0  0  0  8 4115  0 63732  0  0 572  0  0  0 23  1 3273  0  0 50  0  2  0  0 5672 777 12370  0 43551 8964  0 893  0  9 4152  0  0  0 
25731  4  0  0 20697  0 42898  0  0 21  0 3749  0 350 372  0  0 69  0  0  0  0  0  0 103 3363  4 345  0  0  0 620  0  0 4995 34 11376  0  0  0  0  0 764 2938  0  0  0 24  0 47  0  0 212  0 8938  1  0  1  3  0 
160  0  0 4444  0  2 658  0 21  0  0 9124 21006 25  0  0 25628  0  0 23740  0  0 70112  0  0 11 452  0 3677  0  0  1  0  0 70406  0  8 66  0  0  0 24795 56525  0  4 2139 70 12016 23722 24847 26  0  0 50571  0 16  0 17  0  2 
 5  0 174  0 16866  3 24418 1513  0  0  0 1018 1578  2 282 30 7557  0 15  0  0 10141 3976  0  0  0  0  0  0 79332  0 3481  2 156  0  3 463 9084 11 969 685  0 96 10422  0  0  0  0 55  0  0 46  0  0 5253  0  4 222  0 37363 
 0 23 20 23  0  0  0  1 3749 9124 1018  0  0  1 557  0 336  0 240 9842  0 55202 7882 468  0  0  0  2  0  0  0 66709 9802 46789  0 40965 25  2 1306  0 2933  0  0  0 55 47377 37  0  0 4499  0  0 1382  0 18344 60 2373 952  3 25254 
 0 85329  0 85 69  0 6697  6  0 21006 1578  0  0 3526  0  9  0 8397  0 9207  0 5475 76 7487 54938  1  0  0 555  0  2 156  0 46733  0 13 16  0 61  0  1  0 30 513  0  0  0 172 47533  8 16548  1  0  2 98 6469 28939  0  2 95 
 0 262  0  0  0  0  0 18 350 25  2  1 3526  0  0  0 142  0 211 3684  0 1380  0  0 45588 696  0  0  0 71  0  0  0 101  4  0  0 53666  0  0  0  0  0  0  0 17472 235  0  0 55915  0 340  0  0  0  0 15  0  0 448 
872 149  0 48301  1 1286  0 8092 372  0 282 557  0  0  0  0 3158 67  0  0 13  0  0 259 350  2  0  0  0  1  0 409  0  0  0  0  0  0  1  0 1758 1711 7224 1104 12  0  0  1 12 115 44275  0 1225  0 15  0  0 755 6137 45 
2873  0 254  0 110  0 14886  0  0  0 30  0  9  0  0  0 869  0  0 594  0  0 198  0  0  0  0 162 26 17 31  0  0  0  0 5421  0 43865  0  1  0  3  0 590  0 117 97862  0 10941  0  0  0 62482  0  2  6 10  1 2555  0 
64 26  0 77 4528  0  0  4  0 25628 7557 336  0 142 3158 869  0 2081 80678 269  1  0  0 719  1  0 12  1  0 1360  3  0  0 155 9342 45563 30 85  0 92556  0 71 61036  0  0  4 2117 11 24144 43327 84 1827  2 16 1729 3204  0  0  0  0 
24877 154  0 16  0  0 36124  0 69  0  0  0 8397  0 67  0 2081  0  1 1248 2334  0  0  4  0  0  0 59  3 25 488  0 128  0 8174  0 31195 109  0 120  4  0  0  0 88640  0  0  1 15  0  0  4 960 8872  0  0  0 14  1  0 
 5  0 199  0  0 321 340  0  0  0 15 240  0 211  0  0 80678  1  0  0  8  0 22026  0  0  0  1  0  0  0  0  9 18490 1010 3847  0  0  0  5  7 65152  0  0 11327  0  0 534 53 37  0 74246  0 68 4728  1  0  0 27 82 295 
39433  0  0  0  0 12 2353  0  0 23740  0 9842 9207 3684  0 594 269 1248  0  0  0  0  0 20  0  0  0  0 11055 53  0 231 4597 28564  0 316 5265  0  0 36957  0 45662  0 123 32  0  0  1  0  9  0  0 2117 24338  0  0  2 313  0  0 
72494 111  0 83 17  7 470 12  0  0  0  0  0  0 13  0  1 2334  8  0  0  0 5231  0  0  0  0  0 1023 28  0 21265  0 17120  1  9 1317  0 4180  0  0 26  0  0  0  0 93 418  0  0  0  0  0 15384  0 47 15 538 11147  4 
 0 23143  0  0  0 33085 124  0  0  0 10141 55202 5475 1380  0  0  0  0  0  0  0  0 231  0 872 2780 688 5876 8434  0  0 10934  0  6  0  0 16  0  0 86747  0 53751 41707  0  0  0 10 110 19  0 44 221  0  0  0  0 8326  0 815  0 
27  0  0 23  0 2802  1  3  0 70112 3976 7882 76  0  0 198  0  0 22026  0 5231 231  0 5552  4 27905  0  0 1574 18206 7098 201  0  0  0  0  0 916 45898 761  0 17674 7771 29740  0 16  0  0  0  0  0 3198  0 14839  4  1  0 6712  4  9 
126  8  0 3422  0  0  0  0  0  0  0 468 7487  0 259  0 719  4  0 20  0  0 5552  0 235  0 100 61275 117 31 54 63  0 270  6  0  2  9  2  0  0 2888 79  3 11  0  0  0  2  0 10  4  1  0 22347  0 19898  0  0  0 
 0 50119  0  3 20716  0  0  0 103  0  0  0 54938 45588 350  0  1  0  0  0  0 872  4 235  0 52  0  0 17876 48758 76  0 8500  0  0 139  0  2  0  6  0 17 4303 41590 29073 45  0 10555 1037 191  0 944  4 72152 1519  0 2495  0  9 24 
1809 4384  1  0  0 2589 6446  0 3363 11  0  0  1 696  2  0  0  0  0  0  0 2780 27905  0 52  0  0 18534 585  0 24  1 184 154  0 17  0  0 91 888  0  0  6  0  0 122 1147 2535 79370 1392  5 196  0  0 53 34044 141  0 61  1 
 0  0 46479  0 2343  9 131  8  4 452  0  0  0  0  0  0 12  0  1  0  0 688  0 100  0  0  0 760  0 66614 118  0  0  9 7110  0  0  0  0  0  2  0  0 599  2  0  6 67050  4  0 3489  0 3502  0 1896 62 15  0 4619 4171 
 0 441  0  0 39760 3606  0 4115 345  0  0  2  0  0  0 162  1 59  0  0  0 5876  0 61275  0 18534 760  0 49173  2  0  0  0 198  0 1148  8 12524  0 1082  0  0 66  0 3503 1316  0 70  0  0  0  0  9  0  0 31 18964  4  0 116 
 0  0  7  0 303  0  0  0  0 3677  0  0 555  0  0 26  0  3  0 11055 1023 8434 1574 117 17876 585  0 49173  0  0  0  0 1383 29399 56  1  0  0 292 65643  0  0  0 68  0  0 160  0  0  0  0  0  0  7 7208  0 14  0 988  0 
 0  1  0 144  6 1159  0 63732  0  0 79332  0  0 71  1 17 1360 25  0 53 28  0 18206 31 48758  0 66614  2  0  0 117  0  0 6605 3034  9 14367 981 1763 14974  0  2 43928  0 3079 259  0 25241 491  0  0 62483 132  0 11996  0 15  0 17720  2 
105  0 42589  0 93  0  0  0  0  0  0  0  2  0  0 31  3 488  0  0  0  0 7098 54 76 24 118  0  0 117  0 34 24 114 39  0  0  0  1  0 62979 11536 717  0  0  0 4382  0  0  1  0  0  0  0  0 31570  0 1841 22959  0 
 0 40558  0 17 3036  0 5667  0 620  1 3481 66709 156  0 409  0  0  0  9 231 21265 10934 201 63  0  1  0  0  0  0 34  0  8 69 62378 368 14 3998 2842 1350  1  0  6  0  0  0 15533  0  0  1 3546  0  0 31947  0  0  3  2  0  0 
132  0 1646  1  1 33846 2016 572  0  0  2 9802  0  0  0  0  0 128 18490 4597  0  0  0  0 8500 184  0  0 1383  0 24  8  0  0 2319  0  0  4  0  0  0  0 4525  3 269  0 211 23972 6208 30357 694  0  0 65717 21810  0  5  0  0  0 
 0 3134 570  0  0 5725  0  0  0  0 156 46789 46733 101  0  0 155  0 1010 28564 17120  6  0 270  0 154  9 198 29399 6605 114 69  0  0 21780 64204  0  0  0 72 10635  0  0  0 179 7835  0 35679  0  0  9  0  0  0  4 36265  0  0  0 54 
 0  9  0  0  0 438 65160  0 4995 70406  0  0  0  4  0  0 9342 8174 3847  0  1  0  0  6  0  0 7110  0 56 3034 39 62378 2319 21780  0  0 8061  0  0  0  0 915  0 4828  0  0  1  0  1 39 149 407 20 10221  0  0 5849 10187  0 65 
1481 134 77 5724  0  0  3  0 34  0  3 40965 13  0  0 5421 45563  0  0 316  9  0  0  0 139 17  0 1148  1  9  0 368  0 64204  0  0  0 2331  0  1  0 38184 1120 648 49319  0  5  0  0 413  0  0 63846  0  5  2 14186  0 140  0 
 0 8200  0  0  0  2  0 23 11376  8 463 25 16  0  0  0 30 31195  0 5265 1317 16  0  2  0  0  0  8  0 14367  0 14  0  0 8061  0  0  0 84538 26949 50188  0 2778  2  0  0 55 178 3183  0  0  0  0 99  0 72739  0 25681 20  0 
174  0 75 912  9  8  0  1  0 66 9084  2  0 53666  0 43865 85 109  0  0  0  0 916  9  2  0  0 12524  0 981  0 3998  4  0  0 2331  0  0 1135 56  0 254  0 195  0 528  0  3  0  0  0 2691  0  8 1147 272 60  0  6  0 
36302  0  0 78664  0 84956  6 3273  0  0 11 1306 61  0  1  0  0  0  5  0 4180  0 45898  2  0 91  0  0 292 1763  1 2842  0  0  0  0 84538 1135  0  0  5  9 17  1  1  1  0 8282  0  0  0  0  0  0  0 28015  0 9790 40553 2817 
6958  0  0 135  0  0 1107  0  0  0 969  0  0  0  0  1 92556 120  7 36957  0 86747 761  0  6 888  0 1082 65643 14974  0 1350  0 72  0  1 26949 56  0  0  1 37072  0 46  0 3102 10  7  0  1  2  1  0  0  0  4 27  0  0  2 
 0 919  0 245 54 748  0  0  0  0 685 2933  1  0 1758  0  0  4 65152  0  0  0  0  0  0  0  2  0  0  0 62979  1  0 10635  0  0 50188  0  5  1  0  0 30 340  0  0 119  1 182  0  1  0  7  0  0  0 4720  0  0 12924 
 0  0 1396 13532 1507 50907 3413 50  0 24795  0  0  0  0 1711  3 71  0  0 45662 26 53751 17674 2888 17  0  0  0  0  2 11536  0  0  0 915 38184  0 254  9 37072  0  0  0  0  0  0 930  0  0 2361  0  0 410 21392  0 122  0  0  0 13 
 0  0 11 18  0  0 43  0 764 56525 96  0 30  0 7224  0 61036  0  0  0  0 41707 7771 79 4303  6  0 66  0 43928 717  6 4525  0  0 1120 2778  0 17  0 30  0  0  0  0 44  0  0 7289 1618  4 5076 52  0  0  0  0  0 419 42 
23734 834  0 3623 56529  0  0  2 2938  0 10422  0 513  0 1104 590  0  0 11327 123  0  0 29740  3 41590  0 599  0 68  0  0  0  3  0 4828 648  2 195  1 46 340  0  0  0  0 1591 32  0  0  6  0  0 1652 75732  0  0  0 28426  0  7 
13927  1  0 29701 14  0 4062  0  0  4  0 55  0  0 12  0  0 88640  0 32  0  0  0 11 29073  0  2 3503  0 3079  0  0 269 179  0 49319  0  0  1  0  0  0  0  0  0 6435 85189  0 11460 1869 22  9 4737 43  8  0  3 210 39469 974 
 0 7303 1880 3152  0  0  0  0  0 2139  0 47377  0 17472  0 117  4  0  0  0  0  0 16  0 45 122  0 1316  0 259  0  0  0 7835  0  0  0 528  1 3102  0  0 44 1591 6435  0 1232  0 122 1072  4 27 10941 1183  0 577 88367  0 2763 30 
 0 44757  0  0 36  0  0 5672  0 70  0 37  0 235  0 97862 2117  0 534  0 93 10  0  0  0 1147  6  0 160  0 4382 15533 211  0  1  5 55  0  0 10 119 930  0 32 85189 1232  0  0  0  0  0  0  0 56819 27  1 62  0 2345  6 
 0 2036 838  0  0 47489  9 777 24 12016  0  0 172  0  1  0 11  1 53  1 418 110  0  0 10555 2535 67050 70  0 25241  0  0 23972 35679  0  0 178  3 8282  7  1  0  0  0  0  0  0  0 655 210  0 2485  0  0 238  0  0  2  0  0 
 0  0  0 437  0  2 206 12370  0 23722 55  0 47533  0 12 10941 24144 15 37  0  0 19  0  2 1037 79370  4  0  0 491  0  0 6208  0  1  0 3183  0  0  0 182  0 7289  0 11460 122  0 655  0 28219 11363 32  0 75  0  0 125 1461  5 339 
 0  0 6144  0  0  0  0  0 47 24847  0 4499  8 55915 115  0 43327  0  0  9  0  0  0  0 191 1392  0  0  0  0  1  1 30357  0 39 413  0  0  0  1  0 2361 1618  6 1869 1072  0 210 28219  0  0  0  0 46 20  0 653 372 14  0 
144  0 10 1976  0  0  3 43551  0 26  0  0 16548  0 44275  0 84  0 74246  0  0 44  0 10  0  5 3489  0  0  0  0 3546 694  9 149  0  0  0  0  2  1  0  4  0 22  4  0  0 11363  0  0 24647  0  0 13951  0  0  0  0  5 
159  0 10  0  0  9  0 8964  0  0 46  0  1 340  0  0 1827  4  0  0  0 221 3198  4 944 196  0  0  0 62483  0  0  0  0 407  0  0 2691  0  1  0  0 5076  0  9 27  0 2485 32  0 24647  0  8  0  0 11  0 11 555 174 
 7 339  0  0 9758  6  0  0 212  0  0 1382  0  0 1225 62482  2 960 68 2117  0  0  0  1  4  0 3502  9  0 132  0  0  0  0 20 63846  0  0  0  0  7 410 52 1652 4737 10941  0  0  0  0  0  8  0 30 3720  0 17 33  0  0 
67  0  0 35022 57413  0  0 893  0 50571  0  0  2  0  0  0 16 8872 4728 24338 15384  0 14839  0 72152  0  0  0  7  0  0 31947 65717  0 10221  0 99  8  0  0  0 21392  0 75732 43 1183 56819  0 75 46  0  0 30  0 2075  0  0 1203  0 32423 
 0  0  0 52  0 405  0  0 8938  0 5253 18344 98  0 15  2 1729  0  1  0  0  0  4 22347 1519 53 1896  0 7208 11996  0  0 21810  4  0  5  0 1147  0  0  0  0  0  0  8  0 27 238  0 20 13951  0 3720 2075  0 7054 12 394  7 74 
 0  0 70 43  0 2006  0  9  1 16  0 60 6469  0  0  6 3204  0  0  0 47  0  1  0  0 34044 62 31  0  0 31570  0  0 36265  0  2 72739 272 28015  4  0 122  0  0  0 577  1  0  0  0  0 11  0  0 7054  0 36910 9468  0  0 
111 582 95  0  5  0  5 4152  0  0  4 2373 28939 15  0 10  0  0  0  2 15 8326  0 19898 2495 141 15 18964 14 15  0  3  5  0 5849 14186  0 60  0 27 4720  0  0  0  3 88367 62  0 125 653  0  0 17  0 12 36910  0 181 1402  0 
17609 3757 251  0 90  0  2  0  1 17 222 952  0  0 755  1  0 14 27 313 538  0 6712  0  0  0  0  4  0  0 1841  2  0  0 10187  0 25681  0 9790  0  0  0  0 28426 210  0  0  2 1461 372  0 11 33 1203 394 9468 181  0  8 1739 
 0 30453 211  0  5  0  0  0  3  0  0  3  2  0 6137 2555  0  1 82  0 11147 815  4  0  9 61 4619  0 988 17720 22959  0  0  0  0 140 20  6 40553  0  0  0 419  0 39469 2763 2345  0  5 14  0 555  0  0  7  0 1402  8  0 9608 
 0  0 317 254 65928 44 786  0  0  2 37363 25254 95 448 45  0  0  0 295  0  4  0  9  0 24  1 4171 116  0  2  0  0  0 54 65  0  0  0 2817  2 12924 13 42  7 974 30  6  0 339  0  5 174  0 32423 74  0  0 1739 9608  0 

 0  0  0  6 245 483  0 223 45  2  0  0 27137  1  0  0  0  0  3 38  0  3  4  5 1189  0 61 3165 10 6834  0 160  0 257  5  0  0 141  0  0  0  1  0  0  0 1058 151 12 3123 10 6984 1385  0  8  0  0  0  0 320 12 
 0  0  1 1103  0 724 161  0 1271 6250  3  0  0  0 1002  0  0  1 22795 16419  0  0 59276  0  0 92 64  0 3871 576 64768 107 651 10715 37615 94  0  0  4  0 88  0 10  0  0  0  0 34151 23225 55 12  0  0  0 159  0 3050  0  1 78118 
 0  1  0 362  0 50 1260 67723  0 527  0  0 274  0 22  0 48225  3 129 18  3  0 30  0  0  0  0  0  0  7  0  0  0  0 22  0 59278 13 575 78 11  0 555  0  0  4 323  4  0  0  2 75831  0 22646 566 7421  0  0  0 14 
 6 1103 362  0  0 113  0 88931  0  0  1  0 1216  0 2991  0  2  0 3291 58535  0 5532  0  4 28545  0 22457  2  0  0 13340 1938 1575  1 341 1805  2  0 7437  0  0  9 48204  0  0  0  0 6302 5026 739  0  0 365 1658 20  0  0  0 136  0 
245  0  0  0  0 29560  3  2  0 2923 61 435  0 17  0 11  1  0 866  0  0  0  0  7  0  0 645  0 660  1 44942  0  8  0 34243 8482  0  0  0 14  0  0  0  0 23452 71  0  0  0  0  0 55148  0  0  0 611 1684  0 1988 306 
483 724 50 113 29560  0  0 2004  2 1660  0 182  9 673  0 20602  0  0 2189  0 38420 12768 5967  0 3095 1072  0 1236  0  9  0 250  0  0  0 82836 242 494  0 9590 41217  5  0  0 299 63  0 36713  8 19 1078  1  0  0  0  0  0 4494  0  0 
 0 161 1260  0  3  0  0  0  1 1364  0  3 41987  0 339 60073  0 245  0  0  0  2  0  0  0  0  0 55  0 13110  0  7 18612  0  0 50  0 4487 1835 4065 60  0  4  0 61071  0  0  0 17599 23 2731 1949  0  0  0 136 7076  1  0  0 
223  0 67723 88931  2 2004  0  0  4  0  0  0 109  6  0  0  0  0  0 94853 45  0  0  3 101  0  0 30688 2871  1  0  0  0 3497  0 1286 65  0  0 1042  0 16311 71 36  0  1  0 27 8120  0  5  0 94244  0 51026  0 625 159 1964  0 
45 1271  0  0  0  2  1  4  0 193  1 22  0  0  0  1  0 379  0  1  0 81315  0 12400  0  0  0 9792 8678 1105  0 71831 21598  2  0  0  0 134  0 95  0  0  0 22564  1  0 35287 3166 18  0  4 70  0 3959  0 34  0  0  0  0 
 2 6250 527  0 2923 1660 1364  0 193  0  0 13306  0 2165 4180 22513  0  0 153  0  0 43 2423  0  0  0 8995  0  0  0  0 701  7  0 132  0  0  0  2 3285  0  0 1477 133 2893 11  0 21717  0  0 6663 817 1080 8120  0 173 63 98  4 1810 
 0  3  0  1 61  0  0  0  1  0  0  0 508 45706  0  0 51016 84663  0 1865 26  0 15013 26287  0 1752 314  0  0 18  0  0  0  0 11  0 2250 2652 2335  0  0 14043  0 618  3 32  0  0  0  0 1972  0 1011  0  0 13413  0  0  0  0 
 0  0  0  0 435 182  3  0 22 13306  0  0  0 121 750  0  0  0  9  0  0 2131  0 133 89738  0  0  0 7566  0  1 80  1  0  0 2848 12490 90  0  0  0  0  0  0 225  0 49 14989 12  0 38061  0 4673  3  0 203  0  0  6  0 
27137  0 274 1216  0  9 41987 109  0  0 508  0  0  0 28130 30406  0  0  0  0  0 53016  0  0  0  2  6  0 444  0 950 15462  0  0  0 54  0 2304 110  0  0 12195  0  0 10208  0 97262 97611 8541 15  0  0  0  0 3785 42022 25  0  0  0 
 1  0  0  0 17 673  0  6  0 2165 45706 121  0  0  0  0  0 525 2969 2108  0  5  0  2 84 9921  2  0  0  3  0  0 65979 70724  0 41  0 125  0 10  0 4881  1  1  0  0 855 40349 176 20 3331 167 12206  0 441 843 44271 427  2 193 
 0 1002 22 2991  0  0 339  0  0 4180  0 750 28130  0  0 19884  0 227  0 9696  0 12  0 38972  0  1  0 283  2  0 47  1 97979  4  0  0 82  0 308 52  4  1  1  0 1652  1 42 28  0  0 388  0  4 27110  0 5161  3  0 66 488 
 0  0  0  0 11 20602 60073  0  1 22513  0  0 30406  0 19884  0  1 27  1  0  0 4104 141  0  0  0  0 714 4486 135 38094  0 15064 67834 190  0 13 3371 33252 12738  0  0  0 46831 8366 88  0 19  0  0 16 2358  0 4243  0 539  0  0  0  0 
 0  0 48225  2  1  0  0  0  0  0 51016  0  0  0  0  1  0  0  0 15  0  0  0  0 17183 6239 248 493  0  0 8080 22  0  0 193  0  3  0 47  0 2483 24  0  0  0 54614 547  0 85378  0  0 3881  0  0 578 230  0  0 49  0 
 0  1  3  0  0  0 245  0 379  0 84663  0  0 525 227 27  0  0 742  0  0  0  0 25449 1458  3  0 2021  0 135  1 51993 11  0 1559  9  3  1 272 1172 23276  0  0  0  0  7  0  0 10  0 648 1612 1188 60 13539  0  0  0  0 64661 
 3 22795 129 3291 866 2189  0  0  0 153  0  9  0 2969  0  1  0 742  0 254 18 71021  0  7  0  0 1377  0  0 539  0 41824  0 9818 33846  0 954  0  3  1  0 2181 170 144 1173  0  0 674  0 194  1  0  0  0 473 3111 12835  0  0  0 
38 16419 18 58535  0  0  0 94853  1  0 1865  0  0 2108 9696  0 15  0 254  0  1 450  0  0  0 82  2  0  0 582 28 157  3 2037 71342 1550 39979 341  0  0  0  0  0 12016  0 5344  0  0  1  0  0 201  0 63883 62  0  3 123  0 3008 
 0  0  3  0  0 38420  0 45  0  0 26  0  0  0  0  0  0  0 18  1  0  0 3517  0  0 106 57793 184 381  0  4  0  0 80  0  0 81716  0  0 83570 11264 215  0 325 184  0 78  0  0  0 11087 2813  0 87452  0  0  1 13  0  0 
 3  0  0 5532  0 12768  2  0 81315 43  0 2131 53016  5 12 4104  0  0 71021 450  0  0  0  0 2809  0 1612 4999 21027 51874  0 157  0  0  0 157  4 33  0  1  0  0  0  0 43240  0 2153  0 31  0  0 574 17508  0 2801  0 36395  2  0  0 
 4 59276 30  0  0 5967  0  0  0 2423 15013  0  0  0  0 141  0  0  0  0 3517  0  0  0 608  0 21460 79 1973  0  3 57  6  0  0  0 67  0  0  0  0  1  0 9113 20509 101 28 36  7 31  0 34  0  0 5213 8542  0 203 2421 15 
 5  0  0  4  7  0  0  3 12400  0 26287 133  0  2 38972  0  0 25449  7  0  0  0  0  0 102 16587  0  0 58923 3915 31322  0  0  0 39881  5  0 297 1716 12924  0 1541  0  0  0  0  6 4895 584 17764  0  0 351 87 29  7 14  0  0  1 
1189  0  0 28545  0 3095  0 101  0  0  0 89738  0 84  0  0 17183 1458  0  0  0 2809 608 102  0  0  0 53  0  0 133 6125  0 219 93267 13068 26060  1 1416  0  0  0  0 84 91148  1 605  0 27  6 402 17  2 52756  0 7951  0 62719  0 183 
 0 92  0  0  0 1072  0  0  0  0 1752  0  2 9921  1  0 6239  3  0 82 106  0  0 16587  0  0  7 14  3  0 33406  0 36906  2  0  0  0  6  0 2503 1172 414 37356 238 39  9  1 5470  0 5941  0 13 18563 1966  0 166  0 3176  0 3872 
61 64  0 22457 645  0  0  0  0 8995 314  0  6  2  0  0 248  0 1377  2 57793 1612 21460  0  0  7  0  0 17432  0 156 110  0  0  0 13  0 31160 5789 42 229 223 68484  0  0  0 4547  0 34356  0 218 14262  0  0  0 121 494  0  0  0 
3165  0  0  2  0 1236 55 30688 9792  0  0  0  0  0 283 714 493 2021  0  0 184 4999 79  0 53 14  0  0  0 22659  0  0 50 178 44847  0  0 166 4557  0  0  0 641  0  0 74  0 31607 49  1  0  0 46330  0 45  0  0 20197 36  0 
10 3871  0  0 660  0  0 2871 8678  0  0 7566 444  0  2 4486  0  0  0  0 381 21027 1973 58923  0  3 17432  0  0  0  0 20808 4327  0  0  0  0  0 1397 12  0 148  0 20140 11  0  0 1144 3244 14159  1 11400  0  0 31895  0  0 202  6 26279 
6834 576  7  0  1  9 13110  1 1105  0 18  0  0  3  0 135  0 135 539 582  0 51874  0 3915  0  0  0 22659  0  0  0  0  0 83080  0  0 2001  0  0 98801  0  0 6085 103  0  0  0  4  0 10  2 170  0  0  0  0 3864  0  0  0 
 0 64768  0 13340 44942  0  0  0  0  0  0  1 950  0 47 38094 8080  1  0 28  4  0  3 31322 133 33406 156  0  0  0  0 34336  0  0  0 12  1  5 2358 36026  0  0  0  0 46207  0  2 462 19062  0 58515  0 59  0  0 1069 1499  0  0  0 
160 107  0 1938  0 250  7  0 71831 701  0 80 15462  0  1  0 22 51993 41824 157  0 157 57  0 6125  0 110  0 20808  0 34336  0 237 29  0 19  0 33036  0 19894 340  0  0  0  0 2889  0  6 13 77287  3  0  0  0  0  4  0  0  0 211 
 0 651  0 1575  8  0 18612  0 21598  7  0  1  0 65979 97979 15064  0 11  0  3  0  0  6  0  0 36906  0 50 4327  0  0 237  0 157 42  1 772  0 151 11600  0 13  0  0  0 71  0 49  0 20416  0  0  0  0  0 26078  0 183 317 239 
257 10715  0  1  0  0  0 3497  2  0  0  0  0 70724  4 67834  0  0 9818 2037 80  0  0  0 219  2  0 178  0 83080  0 29 157  0 335 1442  2 2288  0 21  0  9  6  0 21064 16  0  0  0  0  0  0 15 13 26167  0  0 29 2636  0 
 5 37615 22 341 34243  0  0  0  0 132 11  0  0  0  0 190 193 1559 33846 71342  0  0  0 39881 93267  0  0 44847  0  0  0  0 42 335  0  0  0 76  0 32  0  2  0  0 101 540  1 2147  0  0  0  0  0 169  0  0 15815  0  0  0 
 0 94  0 1805 8482 82836 50 1286  0  0  0 2848 54 41  0  0  0  9  0 1550  0 157  0  5 13068  0 13  0  0  0 12 19  1 1442  0  0 44  0 56  0  0  8 43  0  0  0  0  0 139  0  0  0  0  0 99 471  0  0  0  0 
 0  0 59278  2  0 242  0 65  0  0 2250 12490  0  0 82 13  3  3 954 39979 81716  4 67  0 26060  0  0  0  0 2001  1  0 772  2  0 44  0  0  0 78432  0 11601 233  2 20784 1488  0  0 5440 35 46 12173 88577  2  0  0  0 169 899  0 
141  0 13  0  0 494 4487  0 134  0 2652 90 2304 125  0 3371  0  1  0 341  0 33  0 297  1  6 31160 166  0  0  5 33036  0 2288 76  0  0  0  0  0 15550  0 27384 1632  0 37  0  0  0 7471  0 11549 326  1 18290  2 685  4  0 263 
 0  4 575 7437  0  0 1835  0  0  2 2335  0 110  0 308 33252 47 272  3  0  0  0  0 1716 1416  0 5789 4557 1397  0 2358  0 151  0  0 56  0  0  0  0  0  0  0 34 69  0  0  0  0  0  0  0 17090  0 36535  0  0 110 121  1 
 0  0 78  0 14 9590 4065 1042 95 3285  0  0  0 10 52 12738  0 1172  1  0 83570  1  0 12924  0 2503 42  0 12 98801 36026 19894 11600 21 32  0 78432  0  0  0  2  0 30516  0 39 65  0 54094  2 11 83  0  0  1 421  0  0 4804 477  0 
 0 88 11  0  0 41217 60  0  0  0  0  0  0  0  4  0 2483 23276  0  0 11264  0  0  0  0 1172 229  0  0  0  0 340  0  0  0  0  0 15550  0  2  0 31771  0  0  0  0  0  3 497  2 218 34 7819  0  1 52718  0 87233  0  0 
 1  0  0  9  0  5  0 16311  0  0 14043  0 12195 4881  1  0 24  0 2181  0 215  0  1 1541  0 414 223  0 148  0  0  0 13  9  2  8 11601  0  0  0 31771  0 1608  0 4370  0  0 5495  0  0  0  6 55  0  0  0  5 26  0 31022 
 0 10 555 48204  0  0  4 71  0 1477  0  0  0  1  1  0  0  0 170  0  0  0  0  0  0 37356 68484 641  0 6085  0  0  0  6  0 43 233 27384  0 30516  0 1608  0 118  0  0  3  0  0 2774  4  9  0 762  0  0 85 1810  0 2670 
 0  0  0  0  0  0  0 36 22564 133 618  0  0  1  0 46831  0  0 144 12016 325  0 9113  0 84 238  0  0 20140 103  0  0  0  0  0  0  2 1632 34  0  0  0 118  0  0 612 3567 225 74 514 430 181 60142  0 16  0  0  4 492  2 
 0  0  0  0 23452 299 61071  0  1 2893  3 225 10208  0 1652 8366  0  0 1173  0 184 43240 20509  0 91148 39  0  0 11  0 46207  0  0 21064 101  0 20784  0 69 39  0 4370  0  0  0 255  0 1028  3  0 28375  0  0 293  0  0  0 18  0 7045 
1058  0  4  0 71 63  0  1  0 11 32  0  0  0  1 88 54614  7  0 5344  0  0 101  0  1  9  0 74  0  0  0 2889 71 16 540  0 1488 37  0 65  0  0  0 612 255  0 428  0 3412 1483 770  0  0 13 19337  0 16  1 1773  0 
151  0 323  0  0  0  0  0 35287  0  0 49 97262 855 42  0 547  0  0  0 78 2153 28  6 605  1 4547  0  0  0  2  0  0  0  1  0  0  0  0  0  0  0  3 3567  0 428  0  0 100  0  0  0  0  0  0  0  0  0  3  0 
12 34151  4 6302  0 36713  0 27 3166 21717  0 14989 97611 40349 28 19  0  0 674  0  0  0 36 4895  0 5470  0 31607 1144  4 462  6 49  0 2147  0  0  0  0 54094  3 5495  0 225 1028  0  0  0 3285 261 75297  0  0  0 19  0  0  0  0  0 
3123 23225  0 5026  0  8 17599 8120 18  0  0 12 8541 176  0  0 85378 10  0  1  0 31  7 584 27  0 34356 49 3244  0 19062 13  0  0  0 139 5440  0  0  2 497  0  0 74  3 3412 100 3285  0 21  5  0 89  0  0 36  0 5808 2535  0 
10 55  0 739  0 19 23  0  0  0  0  0 15 20  0  0  0  0 194  0  0  0 31 17764  6 5941  0  1 14159 10  0 77287 20416  0  0  0 35 7471  0 11  2  0 2774 514  0 1483  0 261 21  0  0  6 13913  0  2  0 94467  0  0 81 
6984 12  2  0  0 1078 2731  5  4 6663 1972 38061  0 3331 388 16  0 648  1  0 11087  0  0  0 402  0 218  0  1  2 58515  3  0  0  0  0 46  0  0 83 218  0  4 430 28375 770  0 75297  5  0  0  0 27609 90 70  1 1429 184  0  0 
1385  0 75831  0 55148  1 1949  0 70 817  0  0  0 167  0 2358 3881 1612  0 201 2813 574 34  0 17 13 14262  0 11400 170  0  0  0  0  0  0 12173 11549  0  0 34  6  9 181  0  0  0  0  0  6  0  0 1897  2  0 101 3041  0  0 12 
 0  0  0 365  0  0  0 94244  0 1080 1011 4673  0 12206  4  0  0 1188  0  0  0 17508  0 351  2 18563  0 46330  0  0 59  0  0 15  0  0 88577 326 17090  0 7819 55  0 60142  0  0  0  0 89 13913 27609 1897  0  1  0  0  0 19  0  4 
 8  0 22646 1658  0  0  0  0 3959 8120  0  3  0  0 27110 4243  0 60  0 63883 87452  0  0 87 52756 1966  0  0  0  0  0  0  0 13 169  0  2  1  0  1  0  0 762  0 293 13  0  0  0  0 90  2  1  0  0 5699 766 22  0 5752 
 0 159 566 20  0  0  0 51026  0  0  0  0 3785 441  0  0 578 13539 473 62  0 2801 5213 29  0  0  0 45 31895  0  0  0  0 26167  0 99  0 18290 36535 421  1  0  0 16  0 19337  0 19  0  2 70  0  0  0  0 43384  0  0 13  0 
 0  0 7421  0 611  0 136  0 34 173 13413 203 42022 843 5161 539 230  0 3111  0  0  0 8542  7 7951 166 121  0  0  0 1069  4 26078  0  0 471  0  2  0  0 52718  0  0  0  0  0  0  0 36  0  1 101  0 5699 43384  0  0 10297 6341  3 
 0 3050  0  0 1684  0 7076 625  0 63  0  0 25 44271  3  0  0  0 12835  3  1 36395  0 14  0  0 494  0  0 3864 1499  0  0  0 15815  0  0 685  0  0  0  5 85  0  0 16  0  0  0 94467 1429 3041  0 766  0  0  0 22114 27  0 
 0  0  0  0  0 4494  1 159  0 98  0  0  0 427  0  0  0  0  0 123 13  2 203  0 62719 3176  0 20197 202  0  0  0 183 29  0  0 169  4 110 4804 87233 26 1810  4 18  1  0  0 5808  0 184  0 19 22  0 10297 22114  0  0 14038 
320  1  0 136 1988  0  0 1964  0  4  0  6  0  2 66  0 49  0  0  0  0  0 2421  0  0  0  0 36  6  0  0  0 317 2636  0  0 899  0 121 477  0  0  0 492  0 1773  3  0 2535  0  0  0  0  0 13 6341 27  0  0 57200 
12 78118 14  0 306  0  0  0  0 1810  0  0  0 193 488  0  0 64661  0 3008  0  0 15  1 183 3872  0  0 26279  0  0 211 239  0  0  0  0 263  1  0  0 31022 2670  2 7045  0  0  0  0 81  0 12  4 5752  0  3  0 14038 57200  0 
