facilities = 60 objectives = 2 max_distances = 190 max flows = 99833 overlap =  1.00 seed = 23453464 correlation1 = 0.800 A = -5 B = 5 M = 0 K = 1 m = 100
 0 69 97 18 30 71 113 76 35 97 38 19 72  1 101 31 41 92 29 76 52 90 34 50 72 104 23 75 34 48 32 56 72 29 77 80 88 83 44 45 62 54 70 85 20 52 30 71 79 47 28 92 29 50 38 68 61 28  4 76 
69  0 31 60 50  2 101 12 43 30 77 86 54 68 60 39 27 144 83 128 115 21 47 30  8 50 61 72 38 68 91 35  9 62 71 28 54 14 41 33 18 19 87 86 50 28 40 12 94 99 49 132 49 24 103 18 78 41 66 26 
97 31  0 84 73 29 95 34 65 30 97 112 57 96 44 69 57 162 113 146 145 19 69 60 25 59 85 76 63 84 114 49 25 93 98 48 74 21 60 54 35 43 96 88 80 47 67 25 101 120 73 145 72 47 133 45 89 69 94 26 
18 60 84  0 12 62 94 69 19 89 25 27 54 18 83 29 34 88 47 72 71 81 16 49 61 102  5 57 22 31 31 39 61 41 86 77 90 74 27 30 49 42 53 67 23 37 20 59 62 42 11 83 12 37 57 63 44 21 14 61 
30 50 73 12  0 52 85 61  8 81 27 39 43 29 71 28 28 94 57 78 82 71  4 46 51 96 11 48 14 26 41 27 51 47 87 71 87 64 15 19 38 32 49 60 27 26 16 49 57 49  3 85  1 27 68 57 39 18 25 49 
71  2 29 62 52  0 101 12 44 28 79 88 54 70 59 42 30 146 85 129 117 19 49 32  7 49 63 73 40 70 93 36  8 64 72 28 54 12 42 34 19 20 88 87 53 29 42 11 94 101 51 134 51 25 105 19 79 43 68 25 
113 101 95 94 85 101  0 114 85 123 80 112 48 113 51 110 102 110 142 101 163 109 83 120 94 149 90 37 93 65 101 71 94 132 166 130 155 106 77 83 84 90 49 28 112 81 98 90 43 92 88 84 86 88 149 118 54 101 108 76 
76 12 34 69 61 12 114  0 53 21 88 94 67 75 70 45 35 155 85 139 117 17 58 29 19 37 71 85 47 80 100 48 20 63 63 16 43 13 53 44 31 31 99 99 56 40 48 23 106 110 59 144 60 35 107 11 91 49 74 37 
35 43 65 19  8 44 85 53  0 73 34 46 39 34 65 25 22 101 60 85 87 63  4 41 43 89 19 48  8 30 49 21 43 47 84 64 82 56  9 11 30 24 52 60 27 18 13 41 60 56  7 92  7 19 74 50 42 16 31 42 
97 30 30 89 81 28 123 21 73  0 108 115 79 96 74 66 56 175 105 158 137 13 77 49 32 28 91 99 67 98 121 64 33 83 74 24 47 18 71 63 47 49 115 112 77 58 69 36 122 130 79 162 80 54 127 30 107 70 95 47 
38 77 97 25 27 79 80 88 34 108  0 32 51 38 83 53 56 67 67 50 83 97 30 73 76 124 20 45 42 17 22 48 76 65 111 99 114 90 37 44 62 58 32 51 48 50 43 73 41 23 30 58 29 53 69 85 25 44 34 71 
19 86 112 27 39 88 112 94 46 115 32  0 78 20 109 49 59 73 39 58 51 107 43 70 88 123 28 76 48 47 15 67 88 47 96 100 107 100 54 57 76 69 64 83 39 65 46 86 73 31 39 77 39 64 37 86 57 45 20 88 
72 54 57 54 43 54 48 67 39 79 51 78  0 72 31 62 54 109 99 94 125 66 39 71 48 104 51 19 46 34 73 23 47 86 117 83 107 61 30 35 36 41 40 32 67 32 51 44 43 72 45 89 43 39 111 70 35 54 68 32 
 1 68 96 18 29 70 113 75 34 96 38 20 72  0 100 30 40 92 29 77 53 89 33 50 71 103 22 75 33 48 33 55 71 28 77 79 87 82 43 44 61 53 70 85 19 51 29 70 79 48 27 92 29 49 39 67 61 27  4 75 
101 60 44 83 71 59 51 70 65 74 83 109 31 100  0 84 72 138 125 124 153 61 67 86 52 102 80 45 69 66 105 45 51 109 130 86 113 59 56 57 47 56 68 52 91 51 75 48 69 104 72 117 71 57 140 78 65 78 96 34 
31 39 69 29 28 42 110 45 25 66 53 49 62 30 84  0 12 117 44 101 75 60 28 21 44 74 33 73 17 54 59 40 44 25 59 50 61 53 33 27 38 29 77 86 11 32 12 45 85 71 25 112 26 26 63 37 67  9 29 53 
41 27 57 34 28 30 102 35 22 56 56 59 54 40 72 12  0 122 56 105 88 48 26 19 31 67 37 67 14 52 65 31 32 37 64 43 59 41 26 19 25 16 74 80 23 22 13 32 82 76 26 114 27 15 76 29 64 14 39 40 
92 144 162 88 94 146 110 155 101 175 67 73 109 92 138 117 122  0 111 16 108 164 97 138 143 190 85 93 108 78 59 113 143 120 169 165 178 157 104 111 129 125 70 89 109 117 109 140 71 46 96 27 95 120 99 151 74 109 91 135 
29 83 113 47 57 85 142 85 60 105 67 39 99 29 125 44 56 111  0 97 32 102 60 56 88 105 51 104 55 77 55 80 88 21 63 84 82 96 69 68 82 72 99 114 34 74 50 89 108 71 54 117 56 70 23 75 90 47 33 96 
76 128 146 72 78 129 101 139 85 158 50 58 94 77 124 101 105 16 97  0 97 147 80 122 127 173 68 80 92 62 43 97 126 105 154 149 162 141 87 95 113 109 57 77 93 101 92 124 59 29 80 25 79 104 87 135 59 93 75 119 
52 115 145 71 82 117 163 117 87 137 83 51 125 53 153 75 88 108 32 97  0 134 86 88 119 136 74 126 84 97 64 108 120 54 88 116 112 128 97 96 112 103 116 134 65 104 80 120 124 79 80 120 82 100 13 107 108 77 57 127 
90 21 19 81 71 19 109 17 63 13 97 107 66 89 61 60 48 164 102 147 134  0 67 46 20 41 82 85 59 87 112 51 21 81 80 29 55  7 60 52 35 39 103 99 71 46 61 24 109 120 70 150 70 44 123 29 95 62 87 33 
34 47 69 16  4 49 83 58  4 77 30 43 39 33 67 28 26 97 60 80 86 67  0 45 47 93 15 46 12 26 45 23 47 49 88 69 86 60 10 15 34 28 48 58 29 22 16 45 57 52  5 87  4 23 73 54 38 18 29 45 
50 30 60 49 46 32 120 29 41 49 73 70 71 50 86 21 19 138 56 122 88 46 45  0 37 53 53 86 32 71 80 48 38 34 46 30 41 41 46 38 38 31 93 99 30 39 30 39 102 92 43 132 45 32 78 18 84 29 50 52 
72  8 25 61 51  7 94 19 43 32 76 88 48 71 52 44 31 143 88 127 119 20 47 37  0 55 62 67 39 66 92 31  1 68 79 35 61 14 39 32 14 19 83 80 55 25 42  4 89 99 50 130 50 24 107 26 74 44 69 18 
104 50 59 102 96 49 149 37 89 28 124 123 104 103 102 74 67 190 105 173 136 41 93 53 55  0 105 122 81 117 133 85 56 84 58 24 28 43 89 81 68 68 137 136 84 77 81 60 144 144 93 181 94 72 128 38 128 81 103 73 
23 61 85  5 11 63 90 71 19 91 20 28 51 22 80 33 37 85 51 68 74 82 15 53 62 105  0 52 23 26 30 38 62 46 91 80 94 75 26 30 49 43 48 62 28 37 23 60 57 39 12 79 12 38 60 66 39 24 18 60 
75 72 76 57 48 73 37 85 48 99 45 76 19 75 45 73 67 93 104 80 126 85 46 86 67 122 52  0 56 28 67 38 66 95 131 100 123 80 40 47 54 57 23 13 75 47 61 62 25 62 51 72 49 54 112 87 21 64 71 52 
34 38 63 22 14 40 93 47  8 67 42 48 46 33 69 17 14 108 55 92 84 59 12 32 39 81 23 56  0 38 53 25 39 40 75 57 73 52 16 12 28 20 61 69 21 19  5 38 69 62 12 100 13 16 71 42 51  8 30 42 
48 68 84 31 26 70 65 80 30 98 17 47 34 48 66 54 52 78 77 62 97 87 26 71 66 117 26 28 38  0 39 35 65 71 113 93 112 80 28 36 52 49 23 37 52 40 42 62 32 38 29 64 27 45 84 79 13 44 44 57 
32 91 114 31 41 93 101 100 49 121 22 15 73 33 105 59 65 59 55 43 64 112 45 80 92 133 30 67 53 39  0 66 92 61 110 108 119 105 54 60 79 73 52 72 50 67 52 90 60 16 42 61 42 68 52 94 47 52 31 89 
56 35 49 39 27 36 71 48 21 64 48 67 23 55 45 40 31 113 80 97 108 51 23 48 31 85 38 38 25 35 66  0 30 65 94 62 85 45 12 13 17 18 52 52 46  9 30 27 58 71 28 98 27 16 95 49 43 33 52 23 
72  9 25 61 51  8 94 20 43 33 76 88 47 71 51 44 32 143 88 126 120 21 47 38  1 56 62 66 39 65 92 30  0 68 80 36 62 14 39 32 13 19 82 80 55 25 42  3 88 99 50 129 50 24 108 27 74 44 69 17 
29 62 93 41 47 64 132 63 47 83 65 47 86 28 109 25 37 120 21 105 54 81 49 34 68 84 46 95 40 71 61 65 68  0 48 62 63 74 56 52 63 54 94 107 20 58 35 69 103 77 44 121 46 52 44 53 85 32 31 78 
77 71 98 86 87 72 166 63 84 74 111 96 117 77 130 59 64 169 63 154 88 80 88 46 79 58 91 131 75 113 110 94 80 48  0 51 30 77 90 83 84 77 136 144 62 85 71 83 145 125 84 169 86 78 84 53 126 69 79 96 
80 28 48 77 71 28 130 16 64 24 99 100 83 79 86 50 43 165 84 149 116 29 69 30 35 24 80 100 57 93 108 62 36 62 51  0 27 28 65 57 46 44 113 114 60 54 56 40 121 119 69 157 70 48 107 14 104 56 79 54 
88 54 74 90 87 54 155 43 82 47 114 107 107 87 113 61 59 178 82 162 112 55 86 41 61 28 94 123 73 112 119 85 62 63 30 27  0 55 85 77 70 66 134 137 69 76 71 66 142 132 84 173 86 69 105 36 124 70 88 80 
83 14 21 74 64 12 106 13 56 18 90 100 61 82 59 53 41 157 96 141 128  7 60 41 14 43 75 80 52 80 105 45 14 74 77 28 55  0 53 46 28 32 97 94 64 40 54 18 103 113 63 144 63 37 117 24 89 55 80 29 
44 41 60 27 15 42 77 53  9 71 37 54 30 43 56 33 26 104 69 87 97 60 10 46 39 89 26 40 16 28 54 12 39 56 90 65 85 53  0  8 25 21 48 53 36 13 21 36 56 60 16 91 15 17 83 51 38 24 40 34 
45 33 54 30 19 34 83 44 11 63 44 57 35 44 57 27 19 111 68 95 96 52 15 38 32 81 30 47 12 36 60 13 32 52 83 57 77 46  8  0 19 13 56 61 33  7 17 30 64 67 18 100 18  8 83 43 47 20 41 31 
62 18 35 49 38 19 84 31 30 47 62 76 36 61 47 38 25 129 82 113 112 35 34 38 14 68 49 54 28 52 79 17 13 63 84 46 70 28 25 19  0  9 69 68 47 12 32 11 75 85 37 115 37 12 99 34 60 35 59 15 
54 19 43 42 32 20 90 31 24 49 58 69 41 53 56 29 16 125 72 109 103 39 28 31 19 68 43 57 20 49 73 18 19 54 77 44 66 32 21 13  9  0 69 71 38 10 24 17 76 80 31 113 31  5 90 30 60 26 50 24 
70 87 96 53 49 88 49 99 52 115 32 64 40 70 68 77 74 70 99 57 116 103 48 93 83 137 48 23 61 23 52 52 82 94 136 113 134 97 48 56 69 69  0 21 75 59 64 79  9 43 52 49 50 65 102 99  9 67 66 70 
85 86 88 67 60 87 28 99 60 112 51 83 32 85 52 86 80 89 114 77 134 99 58 99 80 136 62 13 69 37 72 52 80 107 144 114 137 94 53 61 68 71 21  0 87 61 73 76 17 65 63 65 61 68 120 101 25 76 81 65 
20 50 80 23 27 53 112 56 27 77 48 39 67 19 91 11 23 109 34 93 65 71 29 30 55 84 28 75 21 52 50 46 55 20 62 60 69 64 36 33 47 38 75 87  0 40 16 55 84 63 24 106 26 35 52 48 65 13 19 62 
52 28 47 37 26 29 81 40 18 58 50 65 32 51 51 32 22 117 74 101 104 46 22 39 25 77 37 47 19 40 67  9 25 58 85 54 76 40 13  7 12 10 59 61 40  0 24 23 66 73 26 104 25  7 90 40 50 27 48 23 
30 40 67 20 16 42 98 48 13 69 43 46 51 29 75 12 13 109 50 92 80 61 16 30 42 81 23 61  5 42 52 30 42 35 71 56 71 54 21 17 32 24 64 73 16 24  0 41 73 63 13 101 15 20 67 42 55  3 26 47 
71 12 25 59 49 11 90 23 41 36 73 86 44 70 48 45 32 140 89 124 120 24 45 39  4 60 60 62 38 62 90 27  3 69 83 40 66 18 36 30 11 17 79 76 55 23 41  0 85 96 48 126 48 22 108 30 71 43 68 14 
79 94 101 62 57 94 43 106 60 122 41 73 43 79 69 85 82 71 108 59 124 109 57 102 89 144 57 25 69 32 60 58 88 103 145 121 142 103 56 64 75 76  9 17 84 66 73 85  0 50 61 48 59 72 111 107 18 75 75 75 
47 99 120 42 49 101 92 110 56 130 23 31 72 48 104 71 76 46 71 29 79 120 52 92 99 144 39 62 62 38 16 71 99 77 125 119 132 113 60 67 85 80 43 65 63 73 63 96 50  0 50 45 50 75 67 105 41 63 46 94 
28 49 73 11  3 51 88 59  7 79 30 39 45 27 72 25 26 96 54 80 80 70  5 43 50 93 12 51 12 29 42 28 50 44 84 69 84 63 16 18 37 31 52 63 24 26 13 48 61 50  0 88  2 26 67 55 42 15 24 49 
92 132 145 83 85 134 84 144 92 162 58 77 89 92 117 112 114 27 117 25 120 150 87 132 130 181 79 72 100 64 61 98 129 121 169 157 173 144 91 100 115 113 49 65 106 104 101 126 48 45 88  0 87 109 110 142 55 103 90 119 
29 49 72 12  1 51 86 60  7 80 29 39 43 29 71 26 27 95 56 79 82 70  4 45 50 94 12 49 13 27 42 27 50 46 86 70 86 63 15 18 37 31 50 61 26 25 15 48 59 50  2 87  0 26 68 55 40 17 25 49 
50 24 47 37 27 25 88 35 19 54 53 64 39 49 57 26 15 120 70 104 100 44 23 32 24 72 38 54 16 45 68 16 24 52 78 48 69 37 17  8 12  5 65 68 35  7 20 22 72 75 26 109 26  0 87 34 55 22 46 26 
38 103 133 57 68 105 149 107 74 127 69 37 111 39 140 63 76 99 23 87 13 123 73 78 107 128 60 112 71 84 52 95 108 44 84 107 105 117 83 83 99 90 102 120 52 90 67 108 111 67 67 110 68 87  0 97 95 64 43 114 
68 18 45 63 57 19 118 11 50 30 85 86 70 67 78 37 29 151 75 135 107 29 54 18 26 38 66 87 42 79 94 49 27 53 53 14 36 24 51 43 34 30 99 101 48 40 42 30 107 105 55 142 55 34 97  0 90 42 66 44 
61 78 89 44 39 79 54 91 42 107 25 57 35 61 65 67 64 74 90 59 108 95 38 84 74 128 39 21 51 13 47 43 74 85 126 104 124 89 38 47 60 60  9 25 65 50 55 71 18 41 42 55 40 55 95 90  0 57 57 63 
28 41 69 21 18 43 101 49 16 70 44 45 54 27 78  9 14 109 47 93 77 62 18 29 44 81 24 64  8 44 52 33 44 32 69 56 70 55 24 20 35 26 67 76 13 27  3 43 75 63 15 103 17 22 64 42 57  0 25 49 
 4 66 94 14 25 68 108 74 31 95 34 20 68  4 96 29 39 91 33 75 57 87 29 50 69 103 18 71 30 44 31 52 69 31 79 79 88 80 40 41 59 50 66 81 19 48 26 68 75 46 24 90 25 46 43 66 57 25  0 72 
76 26 26 61 49 25 76 37 42 47 71 88 32 75 34 53 40 135 96 119 127 33 45 52 18 73 60 52 42 57 89 23 17 78 96 54 80 29 34 31 15 24 70 65 62 23 47 14 75 94 49 119 49 26 114 44 63 49 72  0 

 0  6 498  2  0  0 154  3  0 162  0 868  0  0  2 2172 23478  0  0 27  0  0  0 10433  0 846  7  0 364  0  0 35240  0  0  0 43398  0  0 19 574  0  0  0 184 51352 46527  0  0  0  4 7172  0 38 909  0  1 412  0 138 13765 
 6  0 6659 44  0 203  0  0 1132  0  1 863  0  0 417  5 81 74098  0  0  0 164 22227 457 21  0  0  0  0  0 2930  0  0 30425  0  0 43  1 138 60509  0 81376 10158  0 10  0  5  0  0 22077  2  0 10568  0 3929 63712 13823  7 19191 19 
498 6659  0 385 18992  0  0  0 468 8995  0 10947  0  0  0 65744 5087  0  0 14566 12  0 2365 16 3130 52703  9  0  0  0  0  0  0  0  0 6211  0 37269  0 82  3 1803  0  7  0 3594  0  0 7163 44  6  0  0  2 41397  0 91475 122 2999  0 
 2 44 385  0  0  0  0  0 38972  0 18  0  0  0  0  0 40349  0 66271 3018  0 259 3041 2686  0  0 10283 15210  0 286 18 511  1 7817 91 368  0 968  0  0  0  0  0  0  1 111  1 14816  0  0 1071  0  0  5  0 62 2485  0  0  0 
 0  0 18992  0  0 39  1  0  1 1596  0  0  0  2  0  7 53  0  0 17795  0  0 63 212  0  4  9  0 8678  0  0 14525 792  3 507  3 5081  0  0  0  0  1  0 66552 13 26802 52578  0 6335  0  0 14847 16576 1079  0 56575  0 834  0  0 
 0 203  0  0 39  0  0  0  0 12  0 139  0 61 4881 37  0  3  0  0 5163 39  0  0  0 708  0  0  0  0 542  0 564  0 287  0  0  0 2176 17686 58 475 506 21086  3 41079 2618  0 3072 9629  0 18 32  0 5990  0 1162 75774 1130 121 
154  0  0  0  1  0  0  0 5552  0 11  7 1481 11518  3 39 110  0  0  0  0 92  0  2  0 22666  0  0  0 1843  0  0 25  0  0 24 331  0  0  0 11240  0  0  0  0 78928 320 64  0 414 2607 10 10021 55704  0  0 42 462  0 4442 
 3  0  0  0  0  0  0  0 5468  0  0 9802  0  0 24 3503  0  0 5216  0 20 354 19853  5  0  0 11 195  0  0  0 68033 14  0 1502  0 4986  0  0 39  2  7  0 47 1541 6423  0  0 8349  0 44905  0  0  2 10778 29951  8  0 38  0 
 0 1132 468 38972  1  0 5552 5468  0  0  0 65979  0  1  3  0  0  0  0  0  0  0 248 138 169 2487  0  1  0 32  0  0  0  0  0  0  0 9758 7799  0  0  1  0  0 149  0  0  0  0  0  0 1019  0 1387  0  0  0  0 3255  8 
162  0 8995  0 1596 12  0  0  0  0  0  0 50  2 6151  1  0 5306  0 14  0  0 163  1  0 126  0  0  0  1 35  0 7558  0  0  0  0 100 19 7063  0  0  0 301  0 4767  0  0  0 726 3796 134  0  0 19012  0 10  0 2159 10033 
 0  1  0 18  0  0 11  0  0  0  0  0  0  0  0 39  0 218  0 1069  0 50  9 16  0 16 46268  0 38  0 13  1 12 55370 14362  0  0 349 2524  0  0 1551  0  0 949 2598 165  0 21571 15  0 104  0  0  0  0  0 84  0 24 
868 863 10947  0  0 139  7 9802 65979  0  0  0  0  0 223  0 54094  0 21298 272 899  0  5 55431 89 18  0  0 40  0  0  0 12360  0 65  0 98330  0  0 2115 42  0  0 37  0  0  6  4  0  0  0 8689 64361  1  6  6  1  6  5  0 
 0  0  0  0  0  0 1481  0  0 50  0  0  0  0  0 110  0 18  0 52718 40553 844  0  4 12 57  1  0  0  2  0  0  5  0  0 19  0 31329 8308  0 31  0  0  0  0  0 233 171 11492 38 11  0  0  1  0 848  0  0 66 105 
 0  0  0  0  2 61 11518  0  1  2  0  0  0  0  0  0 1028  0 27609  0  0  0 25  0 13440  0  0 87880  0  0 7557  0 227  0  0  0 1052  0  0  0 965 2576  0  0 34  0  0  0  2 31  0  0 468  0  4  0 392 300  0  0 
 2 417  0  0  0 4881  3 24  3 6151  0 223  0  0  0 145 529  0 13 25056 39469  0  0  0 12  1 3454  0 60  0 39083  0  0  0  0  2 109 13 457  0  0  0 872  0  1 40570 636 175 100  0  0  0 486  0 1545 295  0 244  0 26 
2172  5 65744  0  7 37 39 3503  0  1 39  0 110  0 145  0 2985  0 55494 577  3 15919  0 168 33236  0 8303 30  0  1  0  0  1  0 28184  0  7 804  0  0 45  0 381 1078 13856 16550  0 1366  0  0  0  0  0  0 873 796  5  0  0 20289 
23478 81 5087 40349 53  0 110  0  0  0  0 54094  0 1028 529 2985  0 27 41  0  5  0 113 16423  0  0  0  1 6618  0  0  0 29021 1090  0  0 640  0  0 70790  0  0  0  0  0  0 180  8 129  0  0  0  0 55  0  0  0 73419 34  0 
 0 74098  0  0  0  3  0  0  0 5306 218  0 18  0  0  0 27  0  0  0  0  0  0  0  0 559  0 6066  2  0 7901  0  0  0 98  0  1  0  3  0 354 233  0 86247  1  0  0  2 17  0  0  0 1539  0 41  0  0 24 9725  0 
 0  0  0 66271  0  0  0 5216  0  0  0 21298  0 27609 13 55494 41  0  0 101  0  0  0  0  0  0  0  0  0  0 91850 98723  0 1112  0 775 30802  1  0 1853  0  0 91  5  0  4 118  0  1  0  0  0 17573 36  0  0  0 27  2 71 
27  0 14566 3018 17795  0  0  0  0 14 1069 272 52718  0 25056 577  0  0 101  0  0 7741  5  0  3  0 54281  0  0 88904  3  1  0  0  0  0 28 657  0  0 11760 1993 2823  0  0  0 252  2  0  0  0 22  0  0  0  2  0 2046 23  0 
 0  0 12  0  0 5163  0 20  0  0  0 899 40553  0 39469  3  5  0  0  0  0  0 2207  0  0  0  0  0 29824  0 62162 19  0  0 99 2718 45  0  0 457  0  0  0 32479 4544  0 195  4 568  0 902  0  3  0  0 169 3031 135 10352 12285 
 0 164  0 259  0 39 92 354  0  0 50  0 844  0  0 15919  0  0  0 7741  0  0 33  0  4  4  0  0 12  1  0  0 86  0 282  0 21586  1 7532 82299 62842  2  0 1179  0 15310  0  1  1 1728  0  0 18807  1 74 87109  0 299 89 96403 
 0 22227 2365 3041 63  0  0 19853 248 163  9  5  0 25  0  0 113  0  0  5 2207 33  0 2704  0 26018 161 31611  0  1  0 915 10  0  2  0  0  0  0  0 542  0 678  0  0  0  0 64  3  2  0 15712  0 89284 1757  0 6675 151  0  0 
10433 457 16 2686 212  0  2  5 138  1 16 55431  4  0  0 168 16423  0  0  0  0  0 2704  0  0  0 50910  0 5774 83309  0 1092  0 4724 76656  0  0 1900 77639 80  1  0  0  6 23791 1263  0  1 81409  0  0 1876  0 23293  0 132  7  6 47582  0 
 0 21 3130  0  0  0  0  0 169  0  0 89 12 13440 12 33236  0  0  0  3  0  4  0  0  0  0 137  9  0  0  0  0  0 3665 73  3  0  0 2965 48673 3265 84  0  8  0  0 93  0 358  2  0 4378  9  6  0  0  0 1197  0 11506 
846  0 52703  0  4 708 22666  0 2487 126 16 18 57  0  1  0  0 559  0  0  0  4 26018  0  0  0 1984 77 137  0  0  0 12 2218  0 36725  0  0 1325 451  0  0  0  0 182  0 173  0  0  0  0  0  0  0 100  5 259  0  0  0 
 7  0  9 10283  9  0  0 11  0  0 46268  0  1  0 3454 8303  0  0  0 54281  0  0 161 50910 137 1984  0  0  4  0  0 146 90900  0 10  0 5458  0  0  8 323 834 49418 1840 470 2874 827  0  0  0 10874 1229  0  0 359  0 59 5880  4  0 
 0  0  0 15210  0  0  0 195  1  0  0  0  0 87880  0 30  1 6066  0  0  0  0 31611  0  9 77  0  0  0  0  0  0 2412 42 2993  0  0  0  0  0  0 3410  0  0  0  0  0  0  2  9 1722 1434  0 14  0  0  0  0  0  0 
364  0  0  0 8678  0  0  0  0  0 38 40  0  0 60  0 6618  2  0  0 29824 12  0 5774  0 137  4  0  0 1691  0  0  0 63630 16  8 4967  0 4339 2617 396  0 8444  0  0 26433 864 8267 2684  0 28 16095  0  0  0  0  0 2694 2313 225 
 0  0  0 286  0  0 1843  0 32  1  0  0  2  0  0  1  0  0  0 88904  0  1  1 83309  0  0  0  0 1691  0  0  3  0 854  5  0  0  0  0  8 25  0  1 81 16171  0  0  0 18 91540 209 126  0 27 13  0  0 92603  0 249 
 0 2930  0 18  0 542  0  0  0 35 13  0  0 7557 39083  0  0 7901 91850  3 62162  0  0  0  0  0  0  0  0  0  0 22 123  0  0  0  1  2  0 142 645 39793 98  0  0  0  0  0 17760 25  0  0  0  0 13 27203  0 26587 12160  0 
35240  0  0 511 14525  0  0 68033  0  0  1  0  0  0  0  0  0  0 98723  1 19  0 915 1092  0  0 146  0  0  3 22  0  0  0  0  0  0  0 43 102 256 1856 144 1342  0  4  0 144  0 2058 122 4589 1115 5575  0 29  0  1  0 51338 
 0  0  0  1 792 564 25 14  0 7558 12 12360  5 227  0  1 29021  0  0  0  0 86 10  0  0 12 90900 2412  0  0 123  0  0  0  0 95840 443 27  0  0 37986  1  0  0 46456  0  0  0  0  0  0 1065  2 8830 1919  0  0 7148  0 3866 
 0 30425  0 7817  3  0  0  0  0  0 55370  0  0  0  0  0 1090  0 1112  0  0  0  0 4724 3665 2218  0 42 63630 854  0  0  0  0 6804 9312 305  0  0 23638  0  0  0  0 29  0  5  0  0 21408 86513 294 1554  0  0 34  2 97696  0 205 
 0  0  0 91 507 287  0 1502  0  0 14362 65  0  0  0 28184  0 98  0  0 99 282  2 76656 73  0 10 2993 16  5  0  0  0 6804  0  0  0 399  9  0 214  0 2697  0 23  0  0  0  0  0  3  0  0  0 227 2139  0 41219 11  0 
43398  0 6211 368  3  0 24  0  0  0  0  0 19  0  2  0  0  0 775  0 2718  0  0  0  3 36725  0  0  8  0  0  0 95840 9312  0  0  0  0  0 183  0  0 1497  0 6982 17  0 2439 22  0 1914  0  0 1403 209 86 3604  0 12206 31 
 0 43  0  0 5081  0 331 4986  0  0  0 98330  0 1052 109  7 640  1 30802 28 45 21586  0  0  0  0 5458  0 4967  0  1  0 443 305  0  0  0  0 4634  0  0 67 48930 9983  0 15  0 16  0  0 60 5302  0 1488  1  0  0  0  6  0 
 0  1 37269 968  0  0  0  0 9758 100 349  0 31329  0 13 804  0  0  1 657  0  1  0 1900  0  0  0  0  0  0  2  0 27  0 399  0  0  0  0 444  0  0  0  0  3  0 12  0  0  0 2487  4 1074  0 558 2116  0 44  0  0 
19 138  0  0  0 2176  0  0 7799 19 2524  0 8308  0 457  0  0  3  0  0  0 7532  0 77639 2965 1325  0  0 4339  0  0 43  0  0  9  0 4634  0  0  0  0 214  5  0  0 3315 20012 70  0  0  0  0 11 30609  0  4 405  3  0  0 
574 60509 82  0  0 17686  0 39  0 7063  0 2115  0  0  0  0 70790  0 1853  0 457 82299  0 80 48673 451  8  0 2617  8 142 102  0 23638  0 183  0 444  0  0  0 7770  0 39100  2  0  0  0  0  0  0  0 500 137  0  0 527  0  2 1555 
 0  0  3  0  0 58 11240  2  0  0  0 42 31 965  0 45  0 354  0 11760  0 62842 542  1 3265  0 323  0 396 25 645 256 37986  0 214  0  0  0  0  0  0 3499 2446 16 75466 23414 1054  0 148 3109 102  0 12  0  0  0  0  0  0  0 
 0 81376 1803  0  1 475  0  7  1  0 1551  0  0 2576  0  0  0 233  0 1993  0  2  0  0 84  0 834 3410  0  0 39793 1856  1  0  0  0 67  0 214 7770 3499  0  0 97  0  0  0  0 32  0  0 273  0  1  0  0  0  0 44  0 
 0 10158  0  0  0 506  0  0  0  0  0  0  0  0 872 381  0  0 91 2823  0  0 678  0  0  0 49418  0 8444  1 98 144  0  0 2697 1497 48930  0  5  0 2446  0  0 60 18226  0 17 1609  0  0  0  0  0  0  0  0 97 154 1641 90017 
184  0  7  0 66552 21086  0 47  0 301  0 37  0  0  0 1078  0 86247  5  0 32479 1179  0  6  8  0 1840  0  0 81  0 1342  0  0  0  0 9983  0  0 39100 16 97 60  0  0  0 13372  2 21  5  0  0  1  0 17  0 17 2926 1246  0 
51352 10  0  1 13  3  0 1541 149  0 949  0  0 34  1 13856  0  1  0  0 4544  0  0 23791  0 182 470  0  0 16171  0  0 46456 29 23 6982  0  3  0  2 75466  0 18226  0  0  0 571 11 253  8  0  0  0  0 18  1 91 13  0 82 
46527  0 3594 111 26802 41079 78928 6423  0 4767 2598  0  0  0 40570 16550  0  0  4  0  0 15310  0 1263  0  0 2874  0 26433  0  0  4  0  0  0 17 15  0 3315  0 23414  0  0  0  0  0  0  0 49245  0  4 1908  0  0 22289 13 2166 11  0  0 
 0  5  0  1 52578 2618 320  0  0  0 165  6 233  0 636  0 180  0 118 252 195  0  0  0 93 173 827  0 864  0  0  0  0  5  0  0  0 12 20012  0 1054  0 17 13372 571  0  0  0  0 120  0  0 1277  0  6 37 12  0 1071 42 
 0  0  0 14816  0  0 64  0  0  0  0  4 171  0 175 1366  8  2  0  2  4  1 64  1  0  0  0  0 8267  0  0 144  0  0  0 2439 16  0 70  0  0  0 1609  2 11  0  0  0 291 2735 562  9  0  0 6140 158  3  0  0  0 
 0  0 7163  0 6335 3072  0 8349  0  0 21571  0 11492  2 100  0 129 17  1  0 568  1  3 81409 358  0  0  2 2684 18 17760  0  0  0  0 22  0  0  0  0 148 32  0 21 253 49245  0 291  0 80 40337  0  0 446  0  0  2  0 2925  0 
 4 22077 44  0  0 9629 414  0  0 726 15  0 38 31  0  0  0  0  0  0  0 1728  2  0  2  0  0  9  0 91540 25 2058  0 21408  0  0  0  0  0  0 3109  0  0  5  8  0 120 2735 80  0  0 2029  2 25589 17 2446  0  0  0  0 
7172  2  6 1071  0  0 2607 44905  0 3796  0  0 11  0  0  0  0  0  0  0 902  0  0  0  0  0 10874 1722 28 209  0 122  0 86513  3 1914 60 2487  0  0 102  0  0  0  0  4  0 562 40337  0  0  0 1030 5746  0  0 72509 93  0 62467 
 0  0  0  0 14847 18 10  0 1019 134 104 8689  0  0  0  0  0  0  0 22  0  0 15712 1876 4378  0 1229 1434 16095 126  0 4589 1065 294  0  0 5302  4  0  0  0 273  0  0  0 1908  0  9  0 2029  0  0 44 12284  2  0  0 26637  8 205 
38 10568  0  0 16576 32 10021  0  0  0  0 64361  0 468 486  0  0 1539 17573  0  3 18807  0  0  9  0  0  0  0  0  0 1115  2 1554  0  0  0 1074 11 500 12  0  0  1  0  0 1277  0  0  2 1030 44  0  0 9998 5223  0 6828  0  0 
909  0  2  5 1079  0 55704  2 1387  0  0  1  1  0  0  0 55  0 36  0  0  1 89284 23293  6  0  0 14  0 27  0 5575 8830  0  0 1403 1488  0 30609 137  0  1  0  0  0  0  0  0 446 25589 5746 12284  0  0  9  8  0  6 45128  0 
 0 3929 41397  0  0 5990  0 10778  0 19012  0  6  0  4 1545 873  0 41  0  0  0 74 1757  0  0 100 359  0  0 13 13  0 1919  0 227 209  1 558  0  0  0  0  0 17 18 22289  6 6140  0 17  0  2 9998  9  0  0 1226  0  0  0 
 1 63712  0 62 56575  0  0 29951  0  0  0  6 848  0 295 796  0  0  0  2 169 87109  0 132  0  5  0  0  0  0 27203 29  0 34 2139 86  0 2116  4  0  0  0  0  0  1 13 37 158  0 2446  0  0 5223  8  0  0  0  0  0  0 
412 13823 91475 2485  0 1162 42  8  0 10  0  1  0 392  0  5  0  0  0  0 3031  0 6675  7  0 259 59  0  0  0  0  0  0  2  0 3604  0  0 405 527  0  0 97 17 91 2166 12  3  2  0 72509  0  0  0 1226  0  0  0  0  0 
 0  7 122  0 834 75774 462  0  0  0 84  6  0 300 244  0 73419 24 27 2046 135 299 151  6 1197  0 5880  0 2694 92603 26587  1 7148 97696 41219  0  0 44  3  0  0  0 154 2926 13 11  0  0  0  0 93 26637 6828  6  0  0  0  0  0  0 
138 19191 2999  0  0 1130  0 38 3255 2159  0  5 66  0  0  0 34 9725  2 23 10352 89  0 47582  0  0  4  0 2313  0 12160  0  0  0 11 12206  6  0  0  2  0 44 1641 1246  0  0 1071  0 2925  0  0  8  0 45128  0  0  0  0  0 13 
13765 19  0  0  0 121 4442  0  8 10033 24  0 105  0 26 20289  0  0 71  0 12285 96403  0  0 11506  0  0  0 225 249  0 51338 3866 205  0 31  0  0  0 1555  0  0 90017  0 82  0 42  0  0  0 62467 205  0  0  0  0  0  0 13  0 

 0 20 52 24  0  0 2513 17  0 2343  0 901  0  0  5 39733 21717  2  0 20  0  0 56 37508  0 693 410  0 1511 177  0 4612  0  0  0 63337  0  0 72 536  0  2  0 14792 21036 65820  0  0  0 33 51541  0 460 43  0 69 61  0  6 2233 
20  0 59629 210  1 167  2  0 667  0  2 665  0  0 50  0 172 76147  0  0  0 1225 5954  7 34  0  0 13  0  0 85818  0  0 4597  0 23 418  0  2 4797  0 13703 1787  0 29  0  1  0  0 5658  0  0 3182  1 14182 4992 511  3 4010  7 
52 59629  0 25 115  0  0  0 54 3645  0 23373 29  7  0 88640 24643  0  0 70  6  1 407 32 19112 97232  3  0  0  0  0  0  0  0  0 109  0 12049  0 7652  2 566  0 559  0 157  0  0 27869  6 18  0  0 61 14430  0 9596 12 3679  0 
24 210 25  0  6  0  0  0 719  0  2  0  0  2  0  0 10915  0 28799 173 494 9334 437 33669  5  0 37577 46460  0 15  9 19807  1 1726 245 1229  4 6555  0  0  0  0  0  2  7 148  0 62707  0  0 213  0  0 21  0  8 333  0  0  0 
 0  1 115  6  0 427  0  0  7 48389  0  0  0  0  0 11 674  0  2 6469  0  0  7 728  0  2  5  0 34659  0  0 4094 537 10 271  1 459  0  0  0  0  2  0 181  0 11724 1090  0 182  4  0 888 59828 7666  0 66706  0 896  0  0 
 0 167  0  0 427  0 12  0  0 248  1 3411  0 110 6243 120  0  5  0  0 11147 34  0  0  9 5939  0  0  0  3 8175  0 183  0 24  3  0  0 240 299 103 286 96 885 71 3534 5232  0 1928 13206  0 14 80  0 43633  0 3577 1208 47 41 
2513  2  0  0  0 12  0  0 34463  0  4  7 22835 2707  0 23 36  0  0  0  0 1386  0 13  0 23454  0  0  0 1933  0  0 103  0  0 503 98  0  0  0 23640  0  0  0  0 90444 756 12 33 89 3048  2 298 1125  0  0  6 928  0 43020 
17  0  0  0  0  0  0  0 217  0  0 10921  0  0 26 46207 70  0 410  0  9  8 5061  1  0  0 58 154  0  0  0 6112 84  0 379  0 8021  0  0 47  6  3 11 831 548 2798  0  0 32703  0 8300  0  0 43 374 6900  0  0 42  0 
 0 667 54 719  7  0 34463 217  0  0  0 4597  0 2564  1  0  4  0  0  0 17  0 280  8 6115 21297  0 24  0 41  0  1  0  0  0  1  0 81652 14563  0  0  0  0  0 2248  0  0  0  0  0  0 926  0 23  0  0  0 25 30 531 
2343  0 3645  0 48389 248  0  0  0  0  2  0 34  0 968  3  0 9794  0  0  0 11 189  0  0 481  0  0  0  0 1926  0 6372  0  0  0  0 24 27 3810  0  0  0  2  0 791  0  0  0 62 102 909  0  0 1985  0  0  0 289 76986 
 0  2  0  2  0  1  4  0  0  2  0  0  0  0  0 19  0 613  0 4481  0 513 16 194  0 290 23496  0 959  0  0  1 140 74535 24849  0  0 54 256  0  0 1921  0  0 207 1275 527  0 7192 30  0 205  0  0  0  0  0 4956  0  4 
901 665 23373  0  0 3411  7 10921 4597  0  0  0  0  0 70  0 31159  0 88241 482 308  0  2 60317 22006  1  0  0 703  0  0  1 2467  0  0  0 5700  0  0 120 851  0  0 25  0  0  1  0  0  0  0 734 56534  0 16  0 39  0  0  0 
 0  0 29  0  0  0 22835  0  0 34  0  0  0  0  0  5  0  0  0 17611 39319 565  0 106 84 304  6  0  0  8  0  0  0  0  0  7  0 8414 35264  0 37  2  0  0  0  0 764 67 842 42  6  0  0  0  0 20278  0  0 98 18 
 0  0  7  2  0 110 2707  0 2564  0  0  0  0  0  0  0 206  0 72431  0  0  0 549  0 14657  0  0 70727  0  0 1227  0 159  0  0  0 764  0  0  0 3100 4880  0  0 749  0  0  0 11  8  0  0 115  0 19  0 14141 18  0  0 
 5 50  0  0  0 6243  0 26  1 968  0 70  0  0  0 1307 5931  0 2921 4609 22886  0  0  0 66  2 579  0 43  0 95102  0  6  0  0  1 139  4  1  0  0  0 53335  0 44 2816 205 325  2  0  0  0 12795  1 55039  3  0 173  1  0 
39733  0 88640  0 11 120 23 46207  0  3 19  0  5  0 1307  0 4806  0 25432 562  5 5421  0 3728 5012  0 12491  8  0  9  0  0  0  0 57747  0  6 132  0  0  2  0 352 12572 26970 55381  0 30 125  0  0  0  0  0 842 7003 17  0  0 3073 
21717 172 24643 10915 674  0 36 70  4  0  0 31159  0 206 5931 4806  0 22  8  0  0  0 390 730  0  0  0 121 3828  0  0  0 1967 8120  0  4 24826  0  0 29926  0  0  3  0  0  0 4195  0 37  0  0  0  2 36  0  0  0 50881 247  0 
 2 76147  0  0  0  5  0  0  0 9794 613  0  0  0  0  0 22  0  0  0  0  0  0  0  0 111  0 464 54  0 61  0  0  0 1402  0 31  0  0  0 55636 19061 10 929  5  0  0  0  0  0  0  0 67780  0 183  0  0 12 5369  0 
 0  0  0 28799  2  0  0 410  0  0  0 88241  0 72431 2921 25432  8  0  0 2608  0  0  0  0  0  0  0  0  0  0 32063 10592  0 43721  0 485 19701  4  0 888  0  0  3  0  0  0 16  0  0  0  0  0 1501  2  0  0  0 10  3 168 
20  0 70 173 6469  0  0  0  0  0 4481 482 17611  0 4609 562  0  0 2608  0  0 16476 312  0  0  0 56500  0  0 47275  2  3  0  0  0  0 58 560  0  0 664 5552 2087  0  0  0 332  0  0  0  2 2193  0  0  0  4  0 169 508  0 
 0  0  6 494  0 11147  0  9 17  0  0 308 39319  0 22886  5  0  0  0  0  0  0 51541  0  0  0  0  0 3919  0 8754 1846  0  0 89 313 123  0  3 2856  0  0  0 88887 7473  0 1764  6 51  0 8304  0 22  0  0 2035 2530 51 45989 749 
 0 1225  1 9334  0 34 1386  8  0 11 513  0 565  0  0 5421  0  0  0 16476  0  0 1789  0 42  0  0  0 270  0  0  8 12  0 714  0 55892 677 24 97387 234  4  0 4748  0 8898  0  0  3 5640  0 19 26696 14  4 19258  0 6293 952 48130 
56 5954 407 437  7  0  0 5061 280 189 16  2  0 549  0  0 390  0  0 312 51541 1789  0 90124  0 3977 67957 5337  0  0  0 690  0  0  7  0  0  3 21  0 34 38 9621  0  0  0  0 35  0  1  0 11859  0 211 348  0 13664 6327  0  0 
37508  7 32 33669 728  0 13  1  8  0 194 60317 106  0  0 3728 730  0  0  0  0  0 90124  0  0  1 62832  0 2739 531  0 18216  0 182 13539  0  0 8506 7878 184 10  0  0  0 63360 398  0  0 81276 22  0 1424  0 3491 30 1351  8 173 5829  3 
 0 34 19112  5  0  9  0  0 6115  0  0 22006 84 14657 66 5012  0  0  0  0  0 42  0  0  0  0 3628  1  1  0  0  0  0 1169 112 12  0  0 415 5296 24333 21  0  1  0  0 16  0 272  5 49 20703 88 23  0  1  2 72  0 101 
693  0 97232  0  2 5939 23454  0 21297 481 290  1 304  0  2  0  0 111  0  0  0  0 3977  1  0  0 29644 29 1041  0  0  0 38 49725  1 3273  0  0 387 85 27  0  0  0 1647  0 28  2  0  0  0  0  0  0 30 71 373  0  0  0 
410  0  3 37577  5  0  0 58  0  0 23496  0  6  0 579 12491  0  0  0 56500  0  0 67957 62832 3628 29644  0  0  8  0  0 4025 9931  0 58  0 31775  0  4  8 11  2 24712 501 48 4857 21977  0  0  0 254 407  0  0 5796  0  2 717  0  0 
 0 13  0 46460  0  0  0 154 24  0  0  0  0 70727  0  8 121 464  0  0  0  0 5337  0  1 29  0  0  0 14  0  0 61 930 16381  0  0  0  0  1  0 27115  3  0  0  0  0  0  0 26 259 3949  0 100  0  0  0  0  0  0 
1511  0  0  0 34659  0  0  0  0  0 959 703  0  0 43  0 3828 54  0  0 3919 270  0 2739  1 1041  8  0  0 16644  0  2  0 31430 25  0 14391  0 482 1128 3536  0 795  0  0 2949 812 294 43317  0  6 23043  0  0  0  1  0 18433 1176 444 
177  0  0 15  0  3 1933  0 41  0  0  0  8  0  0  9  0  0  0 47275  0  0  0 531  0  0  0 14 16644  0  0 87  0 180  7  0  0  0  0 15 370  0  4 3233 723  0  0  0 19 64548 536 48  0 15 207  0  0 14374  0 704 
 0 85818  0  9  0 8175  0  0  0 1926  0  0  0 1227 95102  0  0 61 32063  2 8754  0  0  0  0  0  0  0  0  0  0 26 15  0  0  0  0  0  0 1897 1184 32762 1034  0  0  0  0  0 29827 24  0  0  0  0 27 34535  0 9209 21769  0 
4612  0  0 19807 4094  0  0 6112  1  0  1  1  0  0  0  0  0  0 10592  3 1846  8 690 18216  0  0 4025  0  2 87 26  0  0  0  0  0  0  0  7 6839 1250 68 58 496  0  2  0 17  0 25464 50 2445 3085 414  0 16  0  0 14 12165 
 0  0  0  1 537 183 103 84  0 6372 140 2467  0 159  6  0 1967  0  0  0  0 12  0  0  0 38 9931 61  0  0 15  0  0  0  3 98338 202 19  0  0 40150  2  0  0 26297 12  0  0  0  0  0 511 22 1474  9  0  0 11722  0 4058 
 0 4597  0 1726 10  0  0  0  0  0 74535  0  0  0  0  0 8120  0 43721  0  0  0  0 182 1169 49725  0 930 31430 180  0  0  0  0 22660 6800 1260  0  0 3844  0  0  0  0  5  0 84  2  0 1776 26981 39994 1661  0  0  7  0 8119  0 990 
 0  0  0 245 271 24  0 379  0  0 24849  0  0  0  0 57747  0 1402  0  0 89 714  7 13539 112  1 58 16381 25  7  0  0  3 22660  0  0  8 473  3  0 289  0 844  0  5  5  0  0  0  0  0  0  0  0 99 1348  0 81454 80  0 
63337 23 109 1229  1  3 503  0  1  0  0  0  7  0  1  0  4  0 485  0 313  0  0  0 12 3273  0  0  0  0  0  0 98338 6800  0  0  0  0  0 65  0  0 1341  0 7649 85  1 19 12  0 712  0  0 96 241 23 1602  0 7170 24 
 0 418  0  4 459  0 98 8021  0  0  0 5700  0 764 139  6 24826 31 19701 58 123 55892  0  0  0  0 31775  0 14391  0  0  0 202 1260  8  0  0  0 1572  0  0 51 27552 1251  0 159  0 1902  0  0 205 59461  0 411  3  0  0  5 21  0 
 0  0 12049 6555  0  0  0  0 81652 24 54  0 8414  0  4 132  0  0  4 560  0 677  3 8506  0  0  0  0  0  0  0  0 19  0 473  0  0  0  0 115  0  0  0  0  0  0  0  0  0  0 294 13 931  0 20 5486  0  5  0  0 
72  2  0  0  0 240  0  0 14563 27 256  0 35264  0  1  0  0  0  0  0  3 24 21 7878 415 387  4  0 482  0  0  7  0  0  3  0 1572  0  0  0  0 11495 43  0  0 5012 1121 124  0 10  0  0 13 99833  0 14 13759  1  0  0 
536 4797 7652  0  0 299  0 47  0 3810  0 120  0  0  0  0 29926  0 888  0 2856 97387  0 184 5296 85  8  1 1128 15 1897 6839  0 3844  0 65  0 115  0  0  0 9888  0 479  0  0  0  1  0  0  0  1 67 210  0  0 400  0 252 19 
 0  0  2  0  0 103 23640  6  0  0  0 851 37 3100  0  2  0 55636  0 664  0 234 34 10 24333 27 11  0 3536 370 1184 1250 40150  0 289  0  0  0  0  0  0 7077 774 18 43509 56205 38  0 26 845 238  0 92  0  0  0  0  0  0  0 
 2 13703 566  0  2 286  0  3  0  0 1921  0  2 4880  0  0  0 19061  0 5552  0  4 38  0 21  0  2 27115  0  0 32762 68  2  0  0  0 51  0 11495 9888 7077  0  0 225  0  0  9  0 38  0  0 592  0  0  0  0  0  0 1830  0 
 0 1787  0  0  0 96  0 11  0  0  0  0  0  0 53335 352  3 10  3 2087  0  0 9621  0  0  0 24712  3 795  4 1034 58  0  0 844 1341 27552  0 43  0 774  0  0 80 646  0 974 3993  0  0  0  0  0  0  0  0  4 11751 4401 21257 
14792  0 559  2 181 885  0 831  0  2  0 25  0  0  0 12572  0 929  0  0 88887 4748  0  0  1  0 501  0  0 3233  0 496  0  0  0  0 1251  0  0 479 18 225 80  0  0  0 7471  0  6  6  0  0 110  0 12  0  2 16979 9277  0 
21036 29  0  7  0 71  0 548 2248  0 207  0  0 749 44 26970  0  5  0  0 7473  0  0 63360  0 1647 48  0  0 723  0  0 26297  5  5 7649  0  0  0  0 43509  0 646  0  0  0 3220 100 35  3  0  0  0  0  7  0 694 17  0 13 
65820  0 157 148 11724 3534 90444 2798  0 791 1275  0  0  0 2816 55381  0  0  0  0  0 8898  0 398  0  0 4857  0 2949  0  0  2 12  0  5 85 159  0 5012  0 56205  0  0  0  0  0  0  0 14452  0  0 2879  0  0 4160 580 6734  1  0  0 
 0  1  0  0 1090 5232 756  0  0  0 527  1 764  0 205  0 4195  0 16 332 1764  0  0  0 16 28 21977  0 812  0  0  0  0 84  0  1  0  0 1121  0 38  9 974 7471 3220  0  0  0  0 1197  0  0 40266  0  5  7 54  0 3208  1 
 0  0  0 62707  0  0 12  0  0  0  0  0 67  0 325 30  0  0  0  0  6  0 35  0  0  2  0  0 294  0  0 17  0  2  0 19 1902  0 124  1  0  0 3993  0 100  0  0  0 85 39204 433  7  0  0 54997 401 60  0  0  0 
 0  0 27869  0 182 1928 33 32703  0  0 7192  0 842 11  2 125 37  0  0  0 51  3  0 81276 272  0  0  0 43317 19 29827  0  0  0  0 12  0  0  0  0 26 38  0  6 35 14452  0 85  0  7 30867  0  0 1644  0  0  0  0 1942  5 
33 5658  6  0  4 13206 89  0  0 62 30  0 42  8  0  0  0  0  0  0  0 5640  1 22  5  0  0 26  0 64548 24 25464  0 1776  0  0  0  0 10  0 845  0  0  6  3  0 1197 39204  7  0  0 434  0 143  0 4618  0  0  0  0 
51541  0 18 213  0  0 3048 8300  0 102  0  0  6  0  0  0  0  0  0  2 8304  0  0  0 49  0 254 259  6 536  0 50  0 26981  0 712 205 294  0  0 238  0  0  0  0  0  0 433 30867  0  0  0 158 12129  0  0 388 1825  0 45935 
 0  0  0  0 888 14  2  0 926 909 205 734  0  0  0  0  0  0  0 2193  0 19 11859 1424 20703  0 407 3949 23043 48  0 2445 511 39994  0  0 59461 13  0  1  0 592  0  0  0 2879  0  7  0 434  0  0 41 8118 33  0  0 45499 639 464 
460 3182  0  0 59828 80 298  0  0  0  0 56534  0 115 12795  0  2 67780 1501  0 22 26696  0  0 88  0  0  0  0  0  0 3085 22 1661  0  0  0 931 13 67 92  0  0 110  0  0 40266  0  0  0 158 41  0  0 2699 10886  0 2006  0  0 
43  1 61 21 7666  0 1125 43 23  0  0  0  0  0  1  0 36  0  2  0  0 14 211 3491 23  0  0 100  0 15  0 414 1474  0  0 96 411  0 99833 210  0  0  0  0  0  0  0  0 1644 143 12129 8118  0  0 91  4  0  7 39342  0 
 0 14182 14430  0  0 43633  0 374  0 1985  0 16  0 19 55039 842  0 183  0  0  0  4 348 30  0 30 5796  0  0 207 27  0  9  0 99 241  3 20  0  0  0  0  0 12  7 4160  5 54997  0  0  0 33 2699 91  0  0 85  0  0  0 
69 4992  0  8 66706  0  0 6900  0  0  0  0 20278  0  3 7003  0  0  0  4 2035 19258  0 1351  1 71  0  0  1  0 34535 16  0  7 1348 23  0 5486 14  0  0  0  0  0  0 580  7 401  0 4618  0  0 10886  4  0  0  0  0  2  0 
61 511 9596 333  0 3577  6  0  0  0  0 39  0 14141  0 17  0  0  0  0 2530  0 13664  8  2 373  2  0  0  0  0  0  0  0  0 1602  0  0 13759 400  0  0  4  2 694 6734 54 60  0  0 388  0  0  0 85  0  0  0  2  0 
 0  3 12  0 896 1208 928  0 25  0 4956  0  0 18 173  0 50881 12 10 169 51 6293 6327 173 72  0 717  0 18433 14374 9209  0 11722 8119 81454  0  5  5  1  0  0  0 11751 16979 17  1  0  0  0  0 1825 45499 2006  7  0  0  0  0  0  0 
 6 4010 3679  0  0 47  0 42 30 289  0  0 98  0  1  0 247 5369  3 508 45989 952  0 5829  0  0  0  0 1176  0 21769 14  0  0 80 7170 21  0  0 252  0 1830 4401 9277  0  0 3208  0 1942  0  0 639  0 39342  0  2  2  0  0  2 
2233  7  0  0  0 41 43020  0 531 76986  4  0 18  0  0 3073  0  0 168  0 749 48130  0  3 101  0  0  0 444 704  0 12165 4058 990  0 24  0  0  0 19  0  0 21257  0 13  0  1  0  5  0 45935 464  0  0  0  0  0  0  2  0 
