facilities = 60 objectives = 3 max_distances = 190 max flows = 99058 overlap =  1.00 seed = 23453464 correlation1 = 0.000 correlation2 = 0.000 A = -5 B = 5 M = 0 K = 1 m = 100
 0 69 97 18 30 71 113 76 35 97 38 19 72  1 101 31 41 92 29 76 52 90 34 50 72 104 23 75 34 48 32 56 72 29 77 80 88 83 44 45 62 54 70 85 20 52 30 71 79 47 28 92 29 50 38 68 61 28  4 76 
69  0 31 60 50  2 101 12 43 30 77 86 54 68 60 39 27 144 83 128 115 21 47 30  8 50 61 72 38 68 91 35  9 62 71 28 54 14 41 33 18 19 87 86 50 28 40 12 94 99 49 132 49 24 103 18 78 41 66 26 
97 31  0 84 73 29 95 34 65 30 97 112 57 96 44 69 57 162 113 146 145 19 69 60 25 59 85 76 63 84 114 49 25 93 98 48 74 21 60 54 35 43 96 88 80 47 67 25 101 120 73 145 72 47 133 45 89 69 94 26 
18 60 84  0 12 62 94 69 19 89 25 27 54 18 83 29 34 88 47 72 71 81 16 49 61 102  5 57 22 31 31 39 61 41 86 77 90 74 27 30 49 42 53 67 23 37 20 59 62 42 11 83 12 37 57 63 44 21 14 61 
30 50 73 12  0 52 85 61  8 81 27 39 43 29 71 28 28 94 57 78 82 71  4 46 51 96 11 48 14 26 41 27 51 47 87 71 87 64 15 19 38 32 49 60 27 26 16 49 57 49  3 85  1 27 68 57 39 18 25 49 
71  2 29 62 52  0 101 12 44 28 79 88 54 70 59 42 30 146 85 129 117 19 49 32  7 49 63 73 40 70 93 36  8 64 72 28 54 12 42 34 19 20 88 87 53 29 42 11 94 101 51 134 51 25 105 19 79 43 68 25 
113 101 95 94 85 101  0 114 85 123 80 112 48 113 51 110 102 110 142 101 163 109 83 120 94 149 90 37 93 65 101 71 94 132 166 130 155 106 77 83 84 90 49 28 112 81 98 90 43 92 88 84 86 88 149 118 54 101 108 76 
76 12 34 69 61 12 114  0 53 21 88 94 67 75 70 45 35 155 85 139 117 17 58 29 19 37 71 85 47 80 100 48 20 63 63 16 43 13 53 44 31 31 99 99 56 40 48 23 106 110 59 144 60 35 107 11 91 49 74 37 
35 43 65 19  8 44 85 53  0 73 34 46 39 34 65 25 22 101 60 85 87 63  4 41 43 89 19 48  8 30 49 21 43 47 84 64 82 56  9 11 30 24 52 60 27 18 13 41 60 56  7 92  7 19 74 50 42 16 31 42 
97 30 30 89 81 28 123 21 73  0 108 115 79 96 74 66 56 175 105 158 137 13 77 49 32 28 91 99 67 98 121 64 33 83 74 24 47 18 71 63 47 49 115 112 77 58 69 36 122 130 79 162 80 54 127 30 107 70 95 47 
38 77 97 25 27 79 80 88 34 108  0 32 51 38 83 53 56 67 67 50 83 97 30 73 76 124 20 45 42 17 22 48 76 65 111 99 114 90 37 44 62 58 32 51 48 50 43 73 41 23 30 58 29 53 69 85 25 44 34 71 
19 86 112 27 39 88 112 94 46 115 32  0 78 20 109 49 59 73 39 58 51 107 43 70 88 123 28 76 48 47 15 67 88 47 96 100 107 100 54 57 76 69 64 83 39 65 46 86 73 31 39 77 39 64 37 86 57 45 20 88 
72 54 57 54 43 54 48 67 39 79 51 78  0 72 31 62 54 109 99 94 125 66 39 71 48 104 51 19 46 34 73 23 47 86 117 83 107 61 30 35 36 41 40 32 67 32 51 44 43 72 45 89 43 39 111 70 35 54 68 32 
 1 68 96 18 29 70 113 75 34 96 38 20 72  0 100 30 40 92 29 77 53 89 33 50 71 103 22 75 33 48 33 55 71 28 77 79 87 82 43 44 61 53 70 85 19 51 29 70 79 48 27 92 29 49 39 67 61 27  4 75 
101 60 44 83 71 59 51 70 65 74 83 109 31 100  0 84 72 138 125 124 153 61 67 86 52 102 80 45 69 66 105 45 51 109 130 86 113 59 56 57 47 56 68 52 91 51 75 48 69 104 72 117 71 57 140 78 65 78 96 34 
31 39 69 29 28 42 110 45 25 66 53 49 62 30 84  0 12 117 44 101 75 60 28 21 44 74 33 73 17 54 59 40 44 25 59 50 61 53 33 27 38 29 77 86 11 32 12 45 85 71 25 112 26 26 63 37 67  9 29 53 
41 27 57 34 28 30 102 35 22 56 56 59 54 40 72 12  0 122 56 105 88 48 26 19 31 67 37 67 14 52 65 31 32 37 64 43 59 41 26 19 25 16 74 80 23 22 13 32 82 76 26 114 27 15 76 29 64 14 39 40 
92 144 162 88 94 146 110 155 101 175 67 73 109 92 138 117 122  0 111 16 108 164 97 138 143 190 85 93 108 78 59 113 143 120 169 165 178 157 104 111 129 125 70 89 109 117 109 140 71 46 96 27 95 120 99 151 74 109 91 135 
29 83 113 47 57 85 142 85 60 105 67 39 99 29 125 44 56 111  0 97 32 102 60 56 88 105 51 104 55 77 55 80 88 21 63 84 82 96 69 68 82 72 99 114 34 74 50 89 108 71 54 117 56 70 23 75 90 47 33 96 
76 128 146 72 78 129 101 139 85 158 50 58 94 77 124 101 105 16 97  0 97 147 80 122 127 173 68 80 92 62 43 97 126 105 154 149 162 141 87 95 113 109 57 77 93 101 92 124 59 29 80 25 79 104 87 135 59 93 75 119 
52 115 145 71 82 117 163 117 87 137 83 51 125 53 153 75 88 108 32 97  0 134 86 88 119 136 74 126 84 97 64 108 120 54 88 116 112 128 97 96 112 103 116 134 65 104 80 120 124 79 80 120 82 100 13 107 108 77 57 127 
90 21 19 81 71 19 109 17 63 13 97 107 66 89 61 60 48 164 102 147 134  0 67 46 20 41 82 85 59 87 112 51 21 81 80 29 55  7 60 52 35 39 103 99 71 46 61 24 109 120 70 150 70 44 123 29 95 62 87 33 
34 47 69 16  4 49 83 58  4 77 30 43 39 33 67 28 26 97 60 80 86 67  0 45 47 93 15 46 12 26 45 23 47 49 88 69 86 60 10 15 34 28 48 58 29 22 16 45 57 52  5 87  4 23 73 54 38 18 29 45 
50 30 60 49 46 32 120 29 41 49 73 70 71 50 86 21 19 138 56 122 88 46 45  0 37 53 53 86 32 71 80 48 38 34 46 30 41 41 46 38 38 31 93 99 30 39 30 39 102 92 43 132 45 32 78 18 84 29 50 52 
72  8 25 61 51  7 94 19 43 32 76 88 48 71 52 44 31 143 88 127 119 20 47 37  0 55 62 67 39 66 92 31  1 68 79 35 61 14 39 32 14 19 83 80 55 25 42  4 89 99 50 130 50 24 107 26 74 44 69 18 
104 50 59 102 96 49 149 37 89 28 124 123 104 103 102 74 67 190 105 173 136 41 93 53 55  0 105 122 81 117 133 85 56 84 58 24 28 43 89 81 68 68 137 136 84 77 81 60 144 144 93 181 94 72 128 38 128 81 103 73 
23 61 85  5 11 63 90 71 19 91 20 28 51 22 80 33 37 85 51 68 74 82 15 53 62 105  0 52 23 26 30 38 62 46 91 80 94 75 26 30 49 43 48 62 28 37 23 60 57 39 12 79 12 38 60 66 39 24 18 60 
75 72 76 57 48 73 37 85 48 99 45 76 19 75 45 73 67 93 104 80 126 85 46 86 67 122 52  0 56 28 67 38 66 95 131 100 123 80 40 47 54 57 23 13 75 47 61 62 25 62 51 72 49 54 112 87 21 64 71 52 
34 38 63 22 14 40 93 47  8 67 42 48 46 33 69 17 14 108 55 92 84 59 12 32 39 81 23 56  0 38 53 25 39 40 75 57 73 52 16 12 28 20 61 69 21 19  5 38 69 62 12 100 13 16 71 42 51  8 30 42 
48 68 84 31 26 70 65 80 30 98 17 47 34 48 66 54 52 78 77 62 97 87 26 71 66 117 26 28 38  0 39 35 65 71 113 93 112 80 28 36 52 49 23 37 52 40 42 62 32 38 29 64 27 45 84 79 13 44 44 57 
32 91 114 31 41 93 101 100 49 121 22 15 73 33 105 59 65 59 55 43 64 112 45 80 92 133 30 67 53 39  0 66 92 61 110 108 119 105 54 60 79 73 52 72 50 67 52 90 60 16 42 61 42 68 52 94 47 52 31 89 
56 35 49 39 27 36 71 48 21 64 48 67 23 55 45 40 31 113 80 97 108 51 23 48 31 85 38 38 25 35 66  0 30 65 94 62 85 45 12 13 17 18 52 52 46  9 30 27 58 71 28 98 27 16 95 49 43 33 52 23 
72  9 25 61 51  8 94 20 43 33 76 88 47 71 51 44 32 143 88 126 120 21 47 38  1 56 62 66 39 65 92 30  0 68 80 36 62 14 39 32 13 19 82 80 55 25 42  3 88 99 50 129 50 24 108 27 74 44 69 17 
29 62 93 41 47 64 132 63 47 83 65 47 86 28 109 25 37 120 21 105 54 81 49 34 68 84 46 95 40 71 61 65 68  0 48 62 63 74 56 52 63 54 94 107 20 58 35 69 103 77 44 121 46 52 44 53 85 32 31 78 
77 71 98 86 87 72 166 63 84 74 111 96 117 77 130 59 64 169 63 154 88 80 88 46 79 58 91 131 75 113 110 94 80 48  0 51 30 77 90 83 84 77 136 144 62 85 71 83 145 125 84 169 86 78 84 53 126 69 79 96 
80 28 48 77 71 28 130 16 64 24 99 100 83 79 86 50 43 165 84 149 116 29 69 30 35 24 80 100 57 93 108 62 36 62 51  0 27 28 65 57 46 44 113 114 60 54 56 40 121 119 69 157 70 48 107 14 104 56 79 54 
88 54 74 90 87 54 155 43 82 47 114 107 107 87 113 61 59 178 82 162 112 55 86 41 61 28 94 123 73 112 119 85 62 63 30 27  0 55 85 77 70 66 134 137 69 76 71 66 142 132 84 173 86 69 105 36 124 70 88 80 
83 14 21 74 64 12 106 13 56 18 90 100 61 82 59 53 41 157 96 141 128  7 60 41 14 43 75 80 52 80 105 45 14 74 77 28 55  0 53 46 28 32 97 94 64 40 54 18 103 113 63 144 63 37 117 24 89 55 80 29 
44 41 60 27 15 42 77 53  9 71 37 54 30 43 56 33 26 104 69 87 97 60 10 46 39 89 26 40 16 28 54 12 39 56 90 65 85 53  0  8 25 21 48 53 36 13 21 36 56 60 16 91 15 17 83 51 38 24 40 34 
45 33 54 30 19 34 83 44 11 63 44 57 35 44 57 27 19 111 68 95 96 52 15 38 32 81 30 47 12 36 60 13 32 52 83 57 77 46  8  0 19 13 56 61 33  7 17 30 64 67 18 100 18  8 83 43 47 20 41 31 
62 18 35 49 38 19 84 31 30 47 62 76 36 61 47 38 25 129 82 113 112 35 34 38 14 68 49 54 28 52 79 17 13 63 84 46 70 28 25 19  0  9 69 68 47 12 32 11 75 85 37 115 37 12 99 34 60 35 59 15 
54 19 43 42 32 20 90 31 24 49 58 69 41 53 56 29 16 125 72 109 103 39 28 31 19 68 43 57 20 49 73 18 19 54 77 44 66 32 21 13  9  0 69 71 38 10 24 17 76 80 31 113 31  5 90 30 60 26 50 24 
70 87 96 53 49 88 49 99 52 115 32 64 40 70 68 77 74 70 99 57 116 103 48 93 83 137 48 23 61 23 52 52 82 94 136 113 134 97 48 56 69 69  0 21 75 59 64 79  9 43 52 49 50 65 102 99  9 67 66 70 
85 86 88 67 60 87 28 99 60 112 51 83 32 85 52 86 80 89 114 77 134 99 58 99 80 136 62 13 69 37 72 52 80 107 144 114 137 94 53 61 68 71 21  0 87 61 73 76 17 65 63 65 61 68 120 101 25 76 81 65 
20 50 80 23 27 53 112 56 27 77 48 39 67 19 91 11 23 109 34 93 65 71 29 30 55 84 28 75 21 52 50 46 55 20 62 60 69 64 36 33 47 38 75 87  0 40 16 55 84 63 24 106 26 35 52 48 65 13 19 62 
52 28 47 37 26 29 81 40 18 58 50 65 32 51 51 32 22 117 74 101 104 46 22 39 25 77 37 47 19 40 67  9 25 58 85 54 76 40 13  7 12 10 59 61 40  0 24 23 66 73 26 104 25  7 90 40 50 27 48 23 
30 40 67 20 16 42 98 48 13 69 43 46 51 29 75 12 13 109 50 92 80 61 16 30 42 81 23 61  5 42 52 30 42 35 71 56 71 54 21 17 32 24 64 73 16 24  0 41 73 63 13 101 15 20 67 42 55  3 26 47 
71 12 25 59 49 11 90 23 41 36 73 86 44 70 48 45 32 140 89 124 120 24 45 39  4 60 60 62 38 62 90 27  3 69 83 40 66 18 36 30 11 17 79 76 55 23 41  0 85 96 48 126 48 22 108 30 71 43 68 14 
79 94 101 62 57 94 43 106 60 122 41 73 43 79 69 85 82 71 108 59 124 109 57 102 89 144 57 25 69 32 60 58 88 103 145 121 142 103 56 64 75 76  9 17 84 66 73 85  0 50 61 48 59 72 111 107 18 75 75 75 
47 99 120 42 49 101 92 110 56 130 23 31 72 48 104 71 76 46 71 29 79 120 52 92 99 144 39 62 62 38 16 71 99 77 125 119 132 113 60 67 85 80 43 65 63 73 63 96 50  0 50 45 50 75 67 105 41 63 46 94 
28 49 73 11  3 51 88 59  7 79 30 39 45 27 72 25 26 96 54 80 80 70  5 43 50 93 12 51 12 29 42 28 50 44 84 69 84 63 16 18 37 31 52 63 24 26 13 48 61 50  0 88  2 26 67 55 42 15 24 49 
92 132 145 83 85 134 84 144 92 162 58 77 89 92 117 112 114 27 117 25 120 150 87 132 130 181 79 72 100 64 61 98 129 121 169 157 173 144 91 100 115 113 49 65 106 104 101 126 48 45 88  0 87 109 110 142 55 103 90 119 
29 49 72 12  1 51 86 60  7 80 29 39 43 29 71 26 27 95 56 79 82 70  4 45 50 94 12 49 13 27 42 27 50 46 86 70 86 63 15 18 37 31 50 61 26 25 15 48 59 50  2 87  0 26 68 55 40 17 25 49 
50 24 47 37 27 25 88 35 19 54 53 64 39 49 57 26 15 120 70 104 100 44 23 32 24 72 38 54 16 45 68 16 24 52 78 48 69 37 17  8 12  5 65 68 35  7 20 22 72 75 26 109 26  0 87 34 55 22 46 26 
38 103 133 57 68 105 149 107 74 127 69 37 111 39 140 63 76 99 23 87 13 123 73 78 107 128 60 112 71 84 52 95 108 44 84 107 105 117 83 83 99 90 102 120 52 90 67 108 111 67 67 110 68 87  0 97 95 64 43 114 
68 18 45 63 57 19 118 11 50 30 85 86 70 67 78 37 29 151 75 135 107 29 54 18 26 38 66 87 42 79 94 49 27 53 53 14 36 24 51 43 34 30 99 101 48 40 42 30 107 105 55 142 55 34 97  0 90 42 66 44 
61 78 89 44 39 79 54 91 42 107 25 57 35 61 65 67 64 74 90 59 108 95 38 84 74 128 39 21 51 13 47 43 74 85 126 104 124 89 38 47 60 60  9 25 65 50 55 71 18 41 42 55 40 55 95 90  0 57 57 63 
28 41 69 21 18 43 101 49 16 70 44 45 54 27 78  9 14 109 47 93 77 62 18 29 44 81 24 64  8 44 52 33 44 32 69 56 70 55 24 20 35 26 67 76 13 27  3 43 75 63 15 103 17 22 64 42 57  0 25 49 
 4 66 94 14 25 68 108 74 31 95 34 20 68  4 96 29 39 91 33 75 57 87 29 50 69 103 18 71 30 44 31 52 69 31 79 79 88 80 40 41 59 50 66 81 19 48 26 68 75 46 24 90 25 46 43 66 57 25  0 72 
76 26 26 61 49 25 76 37 42 47 71 88 32 75 34 53 40 135 96 119 127 33 45 52 18 73 60 52 42 57 89 23 17 78 96 54 80 29 34 31 15 24 70 65 62 23 47 14 75 94 49 119 49 26 114 44 63 49 72  0 

 0  0  0 323 478 97760  0  0 872 35026 5417 9696  0  0  0  0  0 1001  0  4 1481 4881 586  4  0  0  0 28  0  0 105  0 111  0  0 742  0  0  0  0 16  7  2  0  0  0  0  0  0 37  0 11 4143 103  0  0  0 22  0  0 
 0  0 14  9  0  0 4060 588 1002  0 1781  0  0 12800 668  0 3871  0  7  0 94 1164  0 103 10 7525  0  0 55  0 3188 11 3050  0  0  0 22227 2873  0  0 31  0 6316  6 145  1 47 13 38 92  0 16987 2226  0 32507  0  1  0  0 495 
 0 14  0  0  0  0  0  0  0  7  0 34  0  0 24446  2 143 17693  0  0 69824  0  0  0 108  0 7835  0 11 75297  0 86608  0  0 54  1  0  0  0 8257  1  0 14 19311  0  0 30769  0 34 22494  0 64 1148  0 24924 2759  0  0  0  0 
323  9  0  0 14  0 694 151  0  0  3  0 35 22 149  0 5682 5334 3963 17120 85  0  0  0 714  5 540 418  0  0  0  0  0  0  0  0  0  4 5984  0  0  0  0  0 1096 21589  0  0 20 85  0  0 76 371 50 16787 51 70039  0  0 
478  0  0 14  0  0  0  0 8092  0  0  0  0  0 95 1612  0  0  1  0  0  0  3  0  0  0 54  0  0  0 18040 2801 4152  1 4031 233  0  0  0  0  0  4  0  0 35014  0 16715  0 31905  0  4 1027  0 14 7177 44659  0  0  2 127 
97760  0  0  0  0  0 61  0  0  8  0 23 81315  1  0 14002 8678 72594 823 37263  0 174 97300  0  0  0 22538  0  0  0 190 3787  0 1203 53  0  0 78409 1333 71261 7074  0  3 71 11716  0  0 21  5 30379 42  4  0 4800  0  0  1 5745 50381 409 
 0 4060  0 694  0 61  0  0 59  0  7  0 7727  1 2107 47 16266  0  0 98378  0  0  0 615 4312 17046  0 929  0 828  7 13 35  0 12924 60  0  3 2035  0  3 4058  0 8303 2369  0 19  0  0  2  0 21298  0 31388  1  0  0  0 473  0 
 0 588  0 151  0  0  0  0 2187  1 4046  8 12  0  0  0 23372 53  0 198  0  0  0  0  0  0  0 70 10333  0 55  0 19398  0 31022 4084  0 92728 2704 756 1837 17  5  3 240  0 23 16650  0  0 5574 31026 5307  0  8 3014  0 41  0  0 
872 1002  0  0 8092  0 59 2187  0 1826 12 3962  0 59567  0 23  0  0  0  0  0  0 3432  0 7224  0  0 1144 115 4545  0 31895  0 649 2655 33  0 86173  0 15692 1511  0  0 10937  3  0  0 2701  0  0 23  0 19515 48 46  0  0 1274  0  0 
35026  0  7  0  0  8  0  1 1826  0  0  0 4104  8  0  0 4486  0 8571 33237  0  0 12072  0  0  1  0  0  0  0  0  0  0 30453  0  0 97932 19 240 3639  0 107  0 153 16 29  0 68  0  0  0 1953  0 10  0 1583  1 28 79090 43 
5417 1781  0  3  0  0  7 4046 12  0  0 16  0  0 40380 121 8768  0 35588  0  0 13  0 2641  0  0  0  0  0 75831  0  0  0  0  0  0  0  0  0  0 708 13572  0  0 90475 538 703  0  7  0 35961  0  0  0  0 55  0 664  0 76749 
9696  0 34  0  0 23  0  8 3962  0 16  0  0 1173 1046 77723  3  0  0  0  2  0  6  0  0 5987  3  0  0  0 89  0  0  0  0 783 19853 6405 1190 36  3 14654 31556 10609  4  0  0 4853  0  0 86  0  0  0  0 97 427  0  1  0 
 0  0  0 35  0 81315 7727 12  0 4104  0  0  0  0  0  0 8434  0 574  0  0 28767  0  0 41707 4594  0  0  0  0  0 99 8326  0  0  0 248 18501 84  0  0  0  0 969 624  0 60  1 83309  0 22274  0 691 1086  0 2581  1 42  0  0 
 0 12800  0 22  0  1  1  0 59567  8  0 1173  0  0 11  2 1973  0 1839  0  0  0  0  0  0  0  0 2182 31  0  0 27471  0  3  0  5  0  0 36  5  0 4203  0  0  0 823  0  0  0 78408 29372 2728  0 350 718  0  3 14103  0 25 
 0 668 24446 149 95  0 2107  0  0  0 40380 1046  0 11  0  0 169  0 901  0  5  0 3367  0  0 2893 2249  0  3 817  0  0 2077  4 74  0 125 43 2499  0  0 19105  1  0  0 22092 564 26 4680 22007  0  0 13  0  1 138  0  0  8  0 
 0  0  2  0 1612 14002 47  0 23  0 121 77723  0  2  0  0  0  0 665 25 13354 163 720 1112 2103  3 23139  0  0 237 17  0  0 2189  3 20178 82211 13754  0 2931  0 20106  0  0 329 43  0 117  0  0 214 2524 16809  0  0 160 236 15  0 16266 
 0 3871 143 5682  0 8678 16266 23372  0 4486 8768  3 8434 1973 169  0  0 3276  0  0  1 148 2121 664  0  4 1890  0  0  0  0  0 14 186  0 2301 189  0 18359  0  0  0  0  0  0  1 28818  0  0 35 39959  8  1  0  0 6821  0 2013 14  0 
1001  0 17693 5334  0 72594  0 53  0  0  0  0  0  0  0  0 3276  0 8410  0  0 43865 13 18566 6085  0 42978 2497 10  0  0 35 3864 2555  0 19809 724  0  0  0 59  1  0  0 28 81552  0  0  0  0  0 690  0  0  0  0  7 837  8  3 
 0  7  0 3963  1 823  0  0  0 8571 35588  0 574 1839 901 665  0 8410  0 6032  0  0  0  0  0  0  0  0  4 3881  0  2 10664 49  0  0  0 10285 204  0  0  0  0  0 30  0 54 79  0  0 151 36455  3 40  0 4939  0  3  0  0 
 4  0  0 17120  0 37263 98378 198  0 33237  0  0  0  0  0 25  0  0 6032  0  5  0  0  0  0  0  0 206  0  0 1658  0 145  0  2  0  0  0  0  6 2892  6  0  0  0  0  0  0  0  0  2  0 506  0  0  0  0  0  0 22083 
1481 94 69824 85  0  0  0  0  0  0  0  2  0  0  5 13354  1  0  0  5  0  0 4539  0 1120  7 19  0 413 2174  0  2 14186 12  1 2284 87630 2937  0  0 11495  0  0 50910  0 15216  0  0  0 561 1297  0  0  0  0  0 35  0 19880  0 
4881 1164  0  0  0 174  0  0  0  0 13  0 28767  0  0 163 148 43865  0  0  0  0  0  0 233  0  0  0 35 3198  0  0  0  4  0  0 1783  0 165  0  0  0  0 683  0  0 14664 8720 1691  3  0  0 1561  0 25583 456  2  0  0  0 
586  0  0  0  3 97300  0  0 3432 12072  0  6  0  0 3367 720 2121 13  0  0 4539  0  0  0 308  0 70  0  0  0 50571 15  0  0 20835 1634  0  0  0  0 1363 2364  0  0 37039 29  0  8  0 9327  0 2115 343 25  0  0  0 62  0  0 
 4 103  0  0  0  0 615  0  0  0 2641  0  0  0  0 1112 664 18566  0  0  0  0  0  0  0 330  0  0  0 4011  0  0  0 53187  1  0  0  0  0  0  0 366 1489 73  1  0  5  0  0 39083 2240  0 82512  0  0  4 67  0  0  0 
 0 10 108 714  0  0 4312  0 7224  0  0  0 41707  0  0 2103  0 6085  0  0 1120 233 308  0  0 33  0 3036 1618 56710  0  1  0 3449  0  8 70122  0 5025  0  0  0  0  0  0  0 3059 11  0 523  1 581  0 14281  0 15 1811 10  0 30 
 0 7525  0  5  0  0 17046  0  0  1  0 5987 4594  0 2893  3  4  0  0  0  7  0  0 330 33  0  0 40292 514 62483  4  0  0 17720 17285  0 58269 140 995  0  0  0 26190 95082 1178  0  0  0  1  7  0  0  0  0 12673  0  0  0 64  0 
 0  0 7835 540 54 22538  0  0  0  0  0  3  0  0 2249 23139 1890 42978  0  0 19  0 70  0  0  0  0  0  0  0 16 14566  0  0  0 188 239  0  0  0 294 32 17 1984 19120  0 2305  0 58  0  0  0  0 17 12101  3  0  8 176  0 
28  0  0 418  0  0 929 70 1144  0  0  0  0 2182  0  0  0 2497  0 206  0  0  0  0 3036 40292  0  0  1 10476 60 43  0  0  0 882 38 1385  0 13  0 1667 93675 12465 36  0  0  0 441  0 45  0  2  0  0 6998  0  0  0  0 
 0 55 11  0  0  0  0 10333 115  0  0  0  0 31  3  0  0 10  4  0 413 35  0  0 1618 514  0  1  0 39 670 611 653 18047  0  0 9486 21  0 12159 89  0 21811 1607  0  0 12661  0 23  0 4954  0  0 1388 60471  0 534 34  0  0 
 0  0 75297  0  0  0 828  0 4545  0 75831  0  0  0 817 237  0  0 3881  0 2174 3198  0 4011 56710 62483  0 10476 39  0  0  0 1429 20  0 272 390  0 669 35 57  0  0 83 35  6 52994  0 1560 23997  0  7  0  0  0  0  1  5 995  0 
105 3188  0  0 18040 190  7 55  0  0  0 89  0  0  0 17  0  0  0 1658  0  0 50571  0  0  4 16 60 670  0  0  0  0  0  2  0  0  0  0 91301 68648  0 27 22  3 3626 28853  0 4634  0  0  0 14 56 835  0  6 30 16 56928 
 0 11 86608  0 2801 3787 13  0 31895  0  0  0 99 27471  0  0  0 35  2  0  2  0 15  0  1  0 14566 43 611  0  0  0  0 268  0  0  0 18  0 20920  0  0  0  0  0  0 12918  0  0  5 17328 108  0 47282  0  0 35075 82425 19063  1 
111 3050  0  0 4152  0 35 19398  0  0  0  0 8326  0 2077  0 14 3864 10664 145 14186  0  0  0  0  0  0  0 653 1429  0  0  0  0  0  0 188 1341 30  1  0  0  0 43  7  1 103 55  0  0  0  0 1470 5443 4724  0  0  0 79  9 
 0  0  0  0  1 1203  0  0 649 30453  0  0  0  3  4 2189 186 2555 49  0 12  4  0 53187 3449 17720  0  0 18047 20  0 268  0  0  0  1  0 29  0  1  6  0  0 1394  0  2 96 9250  0 25 635 346  0  0  0  0  0  3  0  6 
 0  0 54  0 4031 53 12924 31022 2655  0  0  0  0  0 74  3  0  0  0  2  1  0 20835  1  0 17285  0  0  0  0  2  0  0  0  0  4  0  0 9448  4 1530  0  2  0 64  0 18973 13  0  0 2995 122 118 10306  0  0  0 1229  0  1 
742  0  1  0 233  0 60 4084 33  0  0 783  0  5  0 20178 2301 19809  0  0 2284  0 1634  0  8  0 188 882  0 272  0  0  0  1  4  0 4780 32 29  0 39  0 2474 4274  0  0 63 370  0  0 6967 40939  0  0  0  0 6804  1 368  2 
 0 22227  0  0  0  0  0  0  0 97932  0 19853 248  0 125 82211 189 724  0  0 87630 1783  0  0 70122 58269 239 38 9486 390  0  0 188  0  0 4780  0  0  0 188 46  0 74961  0 67636  0 116  0 52 19 6594  0  7  0  0 14471  0  3  2 14 
 0 2873  0  4  0 78409  3 92728 86173 19  0 6405 18501  0 43 13754  0  0 10285  0 2937  0  0  0  0 140  0 1385 21  0  0 18 1341 29  0 32  0  0 421  0 12 131  0 2408  0  0 4184 286  0 49  0  0 17535  0 182  0 503 503 2362 31 
 0  0  0 5984  0 1333 2035 2704  0 240  0 1190 84 36 2499  0 18359  0 204  0  0 165  0  0 5025 995  0  0  0 669  0  0 30  0 9448 29  0 421  0  0  0  0 181 19902  0  0  0  0  0 8754 144 14  0 5263  0 5628 459 32044  0 28 
 0  0 8257  0  0 71261  0 756 15692 3639  0 36  0  5  0 2931  0  0  0  6  0  0  0  0  0  0  0 13 12159 35 91301 20920  1  1  4  0 188  0  0  0 227 2271  0 142  0 59  2 71  0 7126  0  0  0  1  0  0 32910 1261  4 58 
16 31  1  0  0 7074  3 1837 1511  0 708  3  0  0  0  0  0 59  0 2892 11495  0 1363  0  0  0 294  0 89 57 68648  0  0  6 1530 39 46 12  0 227  0 3511  0  0  0 665  0  8 1718 2809 680 54 9530 15 267 558 1503  0 5932 1188 
 7  0  0  0  4  0 4058 17  0 107 13572 14654  0 4203 19105 20106  0  1  0  6  0  0 2364 366  0  0 32 1667  0  0  0  0  0  0  0  0  0 131  0 2271 3511  0  0  2 12 16  0  0  0 33  0  2  0  0  1  8 23743 705 175  0 
 2 6316 14  0  0  3  0  5  0  0  0 31556  0  0  1  0  0  0  0  0  0  0  0 1489  0 26190 17 93675 21811  0 27  0  0  0  2 2474 74961  0 181  0  0  0  0  0 1240  0  0 43 84 752  0 13711  3 2091  0  0 19  0  0 14 
 0  6 19311  0  0 71 8303  3 10937 153  0 10609 969  0  0  0  0  0  0  0 50910 683  0 73  0 95082 1984 12465 1607 83 22  0 43 1394  0 4274  0 2408 19902 142  0  2  0  0 464 69398  0  0  0  0  0  1  0 134  0  0  0 4108 46  0 
 0 145  0 1096 35014 11716 2369 240  3 16 90475  4 624  0  0 329  0 28 30  0  0  0 37039  1  0 1178 19120 36  0 35  3  0  7  0 64  0 67636  0  0  0  0 12 1240 464  0 10630 25530 85153  0 5908  6  0 32 11722 31430  0 1608 10 174  1 
 0  1  0 21589  0  0  0  0  0 29 538  0  0 823 22092 43  1 81552  0  0 15216  0 29  0  0  0  0  0  0  6 3626  0  1  2  0  0  0  0  0 59 665 16  0 69398 10630  0 13  0  0  0  0 24 14 1041  0  0  0 156  0  3 
 0 47 30769  0 16715  0 19 23  0  0 703  0 60  0 564  0 28818  0 54  0  0 14664  0  5 3059  0 2305  0 12661 52994 28853 12918 103 96 18973 63 116 4184  0  2  0  0  0  0 25530 13  0 32  0  1  0 1241  0 21  0 16  1  0 63412 152 
 0 13  0  0  0 21  0 16650 2701 68  0 4853  1  0 26 117  0  0 79  0  0 8720  8  0 11  0  0  0  0  0  0  0 55 9250 13 370  0 286  0 71  8  0 43  0 85153  0 32  0  9  0 6414  0  2  2  0 245 2598  0  0 1341 
 0 38 34 20 31905  5  0  0  0  0  7  0 83309  0 4680  0  0  0  0  0  0 1691  0  0  0  1 58 441 23 1560 4634  0  0  0  0  0 52  0  0  0 1718  0 84  0  0  0  0  9  0  5  0  1 215  5 19970  0 19  0  4 60363 
37 92 22494 85  0 30379  2  0  0  0  0  0  0 78408 22007  0 35  0  0  0 561  3 9327 39083 523  7  0  0  0 23997  0  5  0 25  0  0 19 49 8754 7126 2809 33 752  0 5908  0  1  0  5  0 13  1 88  0 71400  0  0  0  0  0 
 0  0  0  0  4 42  0 5574 23  0 35961 86 22274 29372  0 214 39959  0 151  2 1297  0  0 2240  1  0  0 45 4954  0  0 17328  0 635 2995 6967 6594  0 144  0 680  0  0  0  6  0  0 6414  0 13  0 61733 38 981  0 287  0  2  0 59593 
11 16987 64  0 1027  4 21298 31026  0 1953  0  0  0 2728  0 2524  8 690 36455  0  0  0 2115  0 581  0  0  0  0  7  0 108  0 346 122 40939  0  0 14  0 54  2 13711  1  0 24 1241  0  1  1 61733  0 1087 13892 523  0  0  0  0 29648 
4143 2226 1148 76  0  0  0 5307 19515  0  0  0 691  0 13 16809  1  0  3 506  0 1561 343 82512  0  0  0  2  0  0 14  0 1470  0 118  0  7 17535  0  0 9530  0  3  0 32 14  0  2 215 88 38 1087  0  0 29 127  1 1819  0  0 
103  0  0 371 14 4800 31388  0 48 10  0  0 1086 350  0  0  0  0 40  0  0  0 25  0 14281  0 17  0 1388  0 56 47282 5443  0 10306  0  0  0 5263  1 15  0 2091 134 11722 1041 21  2  5  0 981 13892  0  0  0 6476  0  0  0  0 
 0 32507 24924 50 7177  0  1  8 46  0  0  0  0 718  1  0  0  0  0  0  0 25583  0  0  0 12673 12101  0 60471  0 835  0 4724  0  0  0  0 182  0  0 267  1  0  0 31430  0  0  0 19970 71400  0 523 29  0  0 1270  0 18  0  0 
 0  0 2759 16787 44659  0  0 3014  0 1583 55 97 2581  0 138 160 6821  0 4939  0  0 456  0  4 15  0  3 6998  0  0  0  0  0  0  0  0 14471  0 5628  0 558  8  0  0  0  0 16 245  0  0 287  0 127 6476 1270  0  1 61987  0  0 
 0  1  0 51  0  1  0  0  0  1  0 427  1  3  0 236  0  7  0  0 35  2  0 67 1811  0  0  0 534  1  6 35075  0  0  0 6804  0 503 459 32910 1503 23743 19  0 1608  0  1 2598 19  0  0  0  1  0  0  1  0 300  5 22 
22  0  0 70039  0 5745  0 41 1274 28 664  0 42 14103  0 15 2013 837  3  0  0  0 62  0 10  0  8  0 34  5 30 82425  0  3 1229  1  3 503 32044 1261  0 705  0 4108 10 156  0  0  0  0  2  0 1819  0 18 61987 300  0  0  3 
 0  0  0  0  2 50381 473  0  0 79090  0  1  0  0  8  0 14  8  0  0 19880  0  0  0  0 64 176  0  0 995 16 19063 79  0  0 368  2 2362  0  4 5932 175  0 46 174  0 63412  0  4  0  0  0  0  0  0  0  5  0  0  0 
 0 495  0  0 127 409  0  0  0 43 76749  0  0 25  0 16266  0  3  0 22083  0  0  0  0 30  0  0  0  0  0 56928  1  9  6  1  2 14 31 28 58 1188  0 14  0  1  3 152 1341 60363  0 59593 29648  0  0  0  0 22  3  0  0 

 0  0 237 18 223  0  5  7  0  0 461  0  3  0  0 48389 10 1784 10005  1  0  0  0 46050  0  0 962  0 10  4 1381  0  0  0  0 63  0  0  0  0  0  0 234 2388  2 8630 567  0  0 270  0  1  0 8765 114  0 197 15  0  0 
 0  0 1314  0  0 755 674  0  0 206  0 78  0 653  0  0  0  0  0 3569  0 90  0 52198  0  0  0 970  0  0  0  0 16  0  0 701  0 190  0 22  0 22666  0 376  0  0 95771  0 90  0 37343  1  1  1  0 117 2262  0  0  0 
237 1314  0 776 21  0 72456  0  0 437 982 938 3490  0 71195  0  0 138 51790 28564  0  0  0  0  0  2 16  1  0  0 15  0 119 207  0  0 94  4  0 55  5  0  0 102  0 41 12  0  0  0 728  0 8253  0  0 66  0  3 4127  0 
18  0 776  0  0 1519  0  0  0 63571 119 10580 124  0  0 57793  0 101 12 80  3  1  0 11264 43 273  6  0  0 179 31395  0  5  0  0  0 2365 473 18 1424 80171  2  0 269 43 82386  0 1223 96 416 21  0  0  0  0  0  6 38 231 39 
223  0 21  0  0  0  0  0  0  0  0  0  0 932  0  0 2871 160 2524 518 1286  0 46 13761 71  0  0  0  0 23  1 66742 625 33  0 15919  1  0 10826  0  0  0  9  0  0  0  0  0  0 81999  0  0 10  0 67  4 12303  0  0  0 
 0 755  0 1519  0  0 6130 16525  0  0  3  0  0 11947  0 30  1 7810 121 8137  0  0  0 15 6544 510 3102 285 370 2706  0  0 5233 22  2  0  0 4424  0  8  0 378  0  6  0 310  0 9767  0  2  0  0 2009 123  0 1036 15  0 36725  5 
 5 674 72456  0  0 6130  0 38110 469  0 1415  0  0  0 3050 59792  0 110 15  9  9 17  0  2 674 71  0 67050  0 189 7819 1896  0 248  0 39678  0  0 178 13306  0  0  0 674 5375 93  0  0  0  0 481 10  0 3360  0 16760  0 15158 590  9 
 7  0  0  0  0 16525 38110  0  0  0  0 519 1380 64 1489  0  0  7  0 178  0 21  0  0  0 516 3602 31607 55915 10102 85 45 15 3476  2  0 2381  0 90124 302  0 785  0 115  0  0  0 24032  0  0 9538  0  0 133  0  0  0 49  0  0 
 0  0  0  0  0  0 469  0  0 64 2737  0 12 126  0 84  2 105  0  0  0 174  2 3354  1 13927  2 16180  0 159 21722  7  3  0 196 30  0 15611 9074 34  0 49930 44  0  0  0  0 20907  0  0 282 33  0 269  3 31811  0 733 23  0 
 0 206 437 63571  0  0  0  0 64  0 10652  0 2901  0 9909  0  0 64768 11 58 33  0 10  0 1463  0 45  0 18520  0  0 2465  0  1  6  0  0  0  0  0 79  0  0  0  0 6886  0 1622 19337  0  7 46192  8  7  0  0  0 23 92103  0 
461  0 982 119  0  3 1415  0 2737 10652  0  0 329  0 1726  0 1834  8  2  0 200 193 91 10635  3  0  0 35679 73 533  0  4  0  0  0 708 19679 635  0 120 59532 290 3419  0 333 72578 6503 20  0  9  0  0  0  1  0  0  0 95874  1  0 
 0 78 938 10580  0  0  0 519  0  0  0  0  0  0  0 26373 1023  0  0  0  9  0  0  0  0  0 14 2147  0 17 53  0 15  0 35579  0  4  0 15  0  0  0 21  7  0 2439  5  0 45 542  0  0  0 42985  0 33 99 76 19 5075 
 3  0 3490 124  0  0  0 1380 12 2901 329  0  0  0 4485  6 21027  0 776  1 157  1  0  0  0  0  7 57  0 8964 909 166 36395  0 778  0  0  0  0 74 50842  0  2  0 64947  0  0  0  0  0  1 21310  4 91  0 14835 445  0 21885 418 
 0 653  0  0 932 11947  0 64 126  0  0  0  0  0  0  0  0  0 7650  0  0 134  0  0  0  1  0 934  0 70 13  7 64738  0 32423 257 77565  0 14087  0 15  0  0  0  2  0  1  0  0 7825  0  0  0  0 10950  0  0  0  0 234 
 0  0 71195  0  0  0 3050 1489  0 9909 1726  0 4485  0  0 2817 89769  0  4 104  0  0 37305 85431  9  0  1  1  0  0 55494  0 46 12  0 4240  0  1  0  0  2  0  0 656  0 1587 34925  0 531  0  3 7200  0  0  0  0  0  0 2351  0 
48389  0  0 57793  0 30 59792  0 84  0  0 26373  6  0 2817  0 49173  1  0 25 1148 1173  0  0 66  1  0 5495  0  0  0  0 18964  0 16802  0  0 14 751  0  7  0  0  0  0  1 64042  0  0 35  3  0  0  1  0 106  2 35  0  0 
10  0  0  0 2871  1  0  0  2  0 1834 1023 21027  0 89769 49173  0  0 12278  0  0  0  0  0  0 12 36552  0 14159  0  8  0  0 6137  0  0 5615  8  7  0 1571 36  0  0  0  0  2  0  0 13  0 552  0  0  2 14370 5145  0  0  0 
1784  0 138 101 160 7810 110  7 105 64768  8  0  0  0  0  1  0  0  0 2831  0 3371  0 15772  0 8366 44757  0  0 2358  0  0  0  0  0 197 10  0  0  0 16848  0 39  5  0  0  0  0 47 69678 46360  0  0 637  0  0 43742  3  0  0 
10005  0 51790 12 2524 121 15  0  0 11  2  0 776 7650  4  0 12278  0  0 30439  0  9 78  0 11  0 323  0 2575 48 22646 238 834  4 67  0 16968 46197  0  0  0  0  0  0 16 55934 457  0  0  0  0  0  1 1595  0  0  0 60219 79006 18992 
 1 3569 28564 80 518 8137  9 178  0 58  0  0  1  0 104 25  0 2831 30439  0  0  2 31 39818  0 83371  0  0 39 154  0  0 5849 5163  0  0  0 157 12642  0  0  0  0 85 796  0 572 18  0 7557  0  0 792  5  0  0 57336  0 999 16231 
 0  0  0  3 1286  0  9  0  0 33 200  9 157  0  0 1148  0  0  0  0  0  0  0 733 43  0  2  0  0 221  0  0  0 815 19764  0  5 14253  0  0  0  0  0  0 307 5374 3002  0  0  0  0  2 537  0  0  0  1 2069  0 6101 
 0 90  0  1  0  0 17 21 174  0 193  0  1 134  0 1173  0 3371  9  2  0  0  0  0  0 20509  0  0  0 34  0 18 95944 2421  0  1 233  0 73 43787 16508 111 36292 1238  0  0  0  0 48 125 13659  0 25  0  0  0  0  0  0  5 
 0  0  0  0 46  0  0  0  2 10 91  0  0  0 37305  0  0  0 78 31  0  0  0 15 8844 846  0  0 205 18 8120  0 2542  0  0 19889 90 3377  0 36 1370  4  0 13  0  0  0  0 107  0  0 375 51188 63 572  7 112 7436 39699 8021 
46050 52198  0 11264 13761 15  2  0 3354  0 10635  0  0  0 85431  0  0 15772  0 39818 733  0 15  0  0  6  0 49991 2361 1570  0 61  0 17  3  0 395  0 2642  7  0  0 475 44579  0 33  0 592 1292 5995 1372  0  0 462  0 7959  0  2  0  0 
 0  0  0 43 71 6544 674  0  1 1463  3  0  0  0  9 66  0  0 11  0 43  0 8844  0  0  0  0  3 2774  0 36 42915 85 988 24810  1  0  0  0  0  0 48441  0  0  0 59913 12  0  0  0 2217  0  0 22318  0  0  0 1374 161 17006 
 0  0  2 273  0 510 71 516 13927  0  0  0  0  1  0  1 12 8366  0 83371  0 20509 846  6  0  0 97862 75 113 170  0 210 19  0 14548  2  0 34115 21 772  0 53  0  1 16850 207  0  0 6026 217  0  0 12 16210 43721 1201  0  0 777 497 
962  0 16  6  0 3102  0 3602  2 45  0 14  7  0  1  0 36552 44757 323  0  2  0  0  0  0 97862  0  0 612  0  0 70 83139  5  0 46  0 8147  0  8  0 34  0 29644  0 347 5774  0 21156  0  0  0 9383  0 11552  1  0 435  0  0 
 0 970  1  0  0 285 67050 31607 16180  0 35679 2147 57 934  1 5495  0  0  0  0  0  0  0 49991  3 75  0  0 28219 10  0  0 125  3  0 18  0 916  0  1 616  2  0 892  0  0 2739  0  0  0  0  0  0 5406  0 10 865  3  0 68078 
10  0  0  0  0 370  0 55915  0 18520 73  0  0  0  0  0 14159  0 2575 39  0  0 205 2361 2774 113 612 28219  0  0 253  0 94467 140  0 10920 42 15 1608 934  0  0  2  0  0  3 137  0  0  4  0  3  4  6  0 409 58 35260 1645 5700 
 4  0  0 179 23 2706 189 10102 159  0 533 17 8964 70  0  0  0 2358 48 154 221 34 18 1570  0 170  0 10  0  0 14839  0 2617 899  0  0  0  0 11 443  1 153  0  1  0  0 1041  0  0 7901 556 139  3  0  0  0 16381 23  0  0 
1381  0 15 31395  1  0 7819 85 21722  0  0 53 909 13 55494  0  8  0 22646  0  0  0 8120  0 36  0  0  0 253 14839  0 16 76  0 16784  0  0  0  0 228  2 120 70743 622  0  3  8  0  0  0  0  0 53943 78689  7  0  5 368  0 109 
 0  0  0  0 66742  0 1896 45  7 2465  4  0 166  7  0  0  0  0 238  0  0 18  0 61 42915 210 70  0  0  0 16  0 36910 13 23  0 9920  2  0 10584  0  0  0 7098 4392  0 4294  0 47393 12  0  2  5 39  0 252  0 23 47279 139 
 0 16 119  5 625 5233  0 15  3  0  0 15 36395 64738 46 18964  0  0 834 5849  0 95944 2542  0 85 19 83139 125 94467 2617 76 36910  0 419 3110  0  5  0  5 89448 60 60630  0  7 16539 1209 10244  0 515  0  5 5076 46  0  0 48 35  1  0 9036 
 0  0 207  0 33 22 248 3476  0  1  0  0  0  0 12  0 6137  0  4 5163 815 2421  0 17 988  0  5  3 140 899  0 13 419  0  0 39024 2207 25  0  0 580  0  0 276  1  0 86  0  0  0  0  0  0  2  0 47 13147 12  0 356 
 0  0  0  0  0  2  0  2 196  6  0 35579 778 32423  0 16802  0  0 67  0 19764  0  0  3 24810 14548  0  0  0  0 16784 23 3110  0  0  0  0  0  1  0  0  0  0  6  0  1 23  0  0  0 14  0  0 43  0 314  0 358  0  0 
63 701  0  0 15919  0 39678  0 30  0 708  0  0 257 4240  0  0 197  0  0  0  1 19889  0  1  2 46 18 10920  0  0  0  0 39024  0  0 6329 10801  0  0 10 2681  3 16  0  0 176 220  1 32063 42458  0  0  0  0 5044  0 13827  0 24826 
 0  0 94 2365  1  0  0 2381  0  0 19679  4  0 77565  0  0 5615 10 16968  0  5 233 90 395  0  0  0  0 42  0  0 9920  5 2207  0 6329  0 3113 38177 20620 441  0  0  0  0  0 75 25338  0 62162 921  0 823  0  4  2  0  0  0  0 
 0 190  4 473  0 4424  0  0 15611  0 635  0  0  0  1 14  8  0 46197 157 14253  0 3377  0  0 34115 8147 916 15  0  0  2  0 25  0 10801 3113  0  0  5 35  0 203 2358 547 2453  0  0  0  2  0  0  0  0 153  0  0 40457 49  0 
 0  0  0 18 10826  0 178 90124 9074  0  0 15  0 14087  0 751  7  0  0 12642  0 73  0 2642  0 21  0  0 1608 11  0  0  5  0  1  0 38177  0  0  0 39 1129  0  0 70727 634 26855 5148  0 86 394  0 865 1041  0 30  5  4 589  0 
 0 22 55 1424  0  8 13306 302 34  0 120  0 74  0  0  0  0  0  0  0  0 43787 36  7  0 772  8  1 934 443 228 10584 89448  0  0  0 20620  5  0  0  0  0  0  0  0 283  0 11283 10206 26121  0 892 39002  1  0  2 41908  2 1621 9395 
 0  0  5 80171  0  0  0  0  0 79 59532  0 50842 15  2  7 1571 16848  0  0  0 16508 1370  0  0  0  0 616  0  1  2  0 60 580  0 10 441 35 39  0  0 4859  0 2906  1 4697 21820  0 161  0  0  0  0  0  0  0 61077 24804  0  7 
 0 22666  0  2  0 378  0 785 49930  0 290  0  0  0  0  0 36  0  0  0  0 111  4  0 48441 53 34  2  0 153 120  0 60630  0  0 2681  0  0 1129  0 4859  0 8799  0 671  0  0 263  0  0  0  0 73888  3  0  0  0 57207  0 42149 
234  0  0  0  9  0  0  0 44  0 3419 21  2  0  0  0  0 39  0  0  0 36292  0 475  0  0  0  0  2  0 70743  0  0  0  0  3  0 203  0  0  0 8799  0  0  0  0 1395  0 83263  0 10114  0 98254  0  0  0 1118 62 98  1 
2388 376 102 269  0  6 674 115  0  0  0  7  0  0 656  0  0  5  0 85  0 1238 13 44579  0  1 29644 892  0  1 622 7098  7 276  6 16  0 2358  0  0 2906  0  0  0  0  0  0 1884 69246  0  8 11478 3944  4  0 968  0  3  0 11 
 2  0  0 43  0  0 5375  0  0  0 333  0 64947  2  0  0  0  0 16 796 307  0  0  0  0 16850  0  0  0  0  0 4392 16539  1  0  0  0 547 70727  0  1 671  0  0  0 2722  2  0 1781 173 2251  0  0 3919  0 821  0  0 10227  0 
8630  0 41 82386  0 310 93  0  0 6886 72578 2439  0  0 1587  1  0  0 55934  0 5374  0  0 33 59913 207 347  0  3  0  3  0 1209  0  1  0  0 2453 634 283 4697  0  0  0 2722  0 53128 1559 7058  0 41  0 2766 524 30940 27862  1  0  0 715 
567 95771 12  0  0  0  0  0  0  0 6503  5  0  1 34925 64042  2  0 457 572 3002  0  0  0 12  0 5774 2739 137 1041  8 4294 10244 86 23 176 75  0 26855  0 21820  0 1395  0  2 53128  0 41  0  0 19807  0  0 57683  0  0  0 3049  0 364 
 0  0  0 1223  0 9767  0 24032 20907 1622 20  0  0  0  0  0  0  0  0 18  0  0  0 592  0  0  0  0  0  0  0  0  0  0  0 220 25338  0 5148 11283  0 263  0 1884  0 1559 41  0 1102  0 4094 48  2 11  0 33 2476  0  0 13 
 0 90  0 96  0  0  0  0  0 19337  0 45  0  0 531  0  0 47  0  0  0 48 107 1292  0 6026 21156  0  0  0  0 47393 515  0  0  1  0  0  0 10206 161  0 83263 69246 1781 7058  0 1102  0  0  0 27349 12  5 10 239 13  7 204 1132 
270  0  0 416 81999  2  0  0  0  0  9 542  0 7825  0 35 13 69678  0 7557  0 125  0 5995  0 217  0  0  4 7901  0 12  0  0  0 32063 62162  2 86 26121  0  0  0  0 173  0  0  0  0  0 75402  0  0  6 34338  0 10289  2 15093  0 
 0 37343 728 21  0  0 481 9538 282  7  0  0  1  0  3  3  0 46360  0  0  0 13659  0 1372 2217  0  0  0  0 556  0  0  5  0 14 42458 921  0 394  0  0  0 10114  8 2251 41 19807 4094  0 75402  0 9882  0 523  0  2  0  1  0  0 
 1  1  0  0  0  0 10  0 33 46192  0  0 21310  0 7200  0 552  0  0  0  2  0 375  0  0  0  0  0  3 139  0  2 5076  0  0  0  0  0  0 892  0  0  0 11478  0  0  0 48 27349  0 9882  0  0 12 36081  1 34286  0  0  0 
 0  1 8253  0 10 2009  0  0  0  8  0  0  4  0  0  0  0  0  1 792 537 25 51188  0  0 12 9383  0  4  3 53943  5 46  0  0  0 823  0 865 39002  0 73888 98254 3944  0 2766  0  2 12  0  0  0  0  0  0 977 85  0  0  0 
8765  1  0  0  0 123 3360 133 269  7  1 42985 91  0  0  1  0 637 1595  5  0  0 63 462 22318 16210  0 5406  6  0 78689 39  0  2 43  0  0  0 1041  1  0  3  0  4 3919 524 57683 11  5  6 523 12  0  0 86  0 33141 775 1867 155 
114  0  0  0 67  0  0  0  3  0  0  0  0 10950  0  0  2  0  0  0  0  0 572  0  0 43721 11552  0  0  0  7  0  0  0  0  0  4 153  0  0  0  0  0  0  0 30940  0  0 10 34338  0 36081  0 86  0 379 114  0  0  6 
 0 117 66  0  4 1036 16760  0 31811  0  0 33 14835  0  0 106 14370  0  0  0  0  0  7 7959  0 1201  1 10 409  0  0 252 48 47 314 5044  2  0 30  2  0  0  0 968 821 27862  0 33 239  0  2  1 977  0 379  0  0  0 31 101 
197 2262  0  6 12303 15  0  0  0  0  0 99 445  0  0  2 5145 43742  0 57336  1  0 112  0  0  0  0 865 58 16381  5  0 35 13147  0  0  0  0  5 41908 61077  0 1118  0  0  1  0 2476 13 10289  0 34286 85 33141 114  0  0 31115 29  0 
15  0  3 38  0  0 15158 49 733 23 95874 76  0  0  0 35  0  3 60219  0 2069  0 7436  2 1374  0 435  3 35260 23 368 23  1 12 358 13827  0 40457  4  2 24804 57207 62  3  0  0 3049  0  7  2  1  0  0 775  0  0 31115  0  0  1 
 0  0 4127 231  0 36725 590  0 23 92103  1 19 21885  0 2351  0  0  0 79006 999  0  0 39699  0 161 777  0  0 1645  0  0 47279  0  0  0  0  0 49 589 1621  0  0 98  0 10227  0  0  0 204 15093  0  0  0 1867  0 31 29  0  0  0 
 0  0  0 39  0  5  9  0  0  0  0 5075 418 234  0  0  0  0 18992 16231 6101  5 8021  0 17006 497  0 68078 5700  0 109 139 9036 356  0 24826  0  0  0 9395  7 42149  1 11  0 715 364 13 1132  0  0  0  0 155  6 101  0  1  0  0 

 0 24537  1 25641  3  0  0  0  0 924  0  0  0 27  0 28 14666 37404 303  0  0 42580 2842  0 12  0  0  0 1331 770  0  2  0  1  0  0  0  0 13100 42  0 37930 455  0  0  0 256 559 1040  0  0  0  0 23900 25  0  0  0  0  0 
24537  0  0 19 2953  0 64  6 2043  4 19783  0  1 43 75  1  2  2 85 1010  0 3643 151 65152  0  0 71 53 1019 47  0  1  0 13 239  0  0 1344 1002  0  0  0 324  0  0  0 14 38073  4 3140  0  0  0  0  0  0  0  0  0  0 
 1  0  0 9830  0  0 1718 46 1286  0  0  0 33085  0  0  2  0  0  0 2037  0 48073  0  0  0  0  0  0  0  0  0 62  0  0  0  0  0  7 59487  0 53  6  1  0 50  0  2  0 34331  0 143  0 16  2  0 15  0 87914 26807  2 
25641 19 9830  0  0  1 586 30955 339 33  0 939  2 42017  0 214  0  9  0  0 50  0  0 636  4 511 9868 14163 23  0  0  0 7076 11 1894  0  0  0 2379 1839 142 55525  0  0 19910  5  0  0 1388  0  0  0  0  1  0  0  0  0  0 435 
 3 2953  0  0  0  0  0  0 31515 6967 225  5  0  0  0  0  5  0 32285  0  0 974  0  1  0 87614  1  0  0 21382  0  0 498 19 2817 5421 60161  0 63  0  0  0 11774  8  0 88171  0  0 5720 18977 3385  0  0  0  0 42956 431  0  0 11 
 0  0  0  1  0  0  0 32044 87039 21742 103  0  4 942 861  0  0 91613  0 154  0  0  0  0 94  0 65 2535  0  2  0 53  0 608  0  0  7 13690 16 365  0  5 388 266  0  0  0  5  0 2192 29436  1  0 915 27  0  0  0  0  0 
 0 64 1718 586  0  0  0  0  0 29  0 2875 5475 268 135  8 555 562  0  0 13  0  1 229 30  0 17152  0  8  0  0  0 28939  8  3 348 63  1 16796  0 1148 2487 12 60 65015 2314  0 176  0 33 13454 10747  1  2  0 3026  0 415  5  0 
 0  6 46 30955  0 32044  0  0  0 47 85  0  5 43 1089  0  0 340 68  0 41  0  0  5  1  0 929 62 20 7193  0  0 44271  0 81  0  7  0 1698  0  0 21297 6139 15  0 13 959  0  9  0  0 5005  0  0  0  1  6  0 89311  0 
 0 2043 1286 339 31515 87039  0  0  0  0  0  0  0  5  0  0 948  0 2772 24789  0 141  2  1  0  0  5  0  0 1385 10941  0  0 320 30  0  2  0  0 32 30381 481  0  4  0  1  0  1  0  0 39685 20  0  1  0  0  0  0 239  1 
924  4  0 33 6967 21742 29 47  0  0  0  0  0  0 34535 109 129 101 1278  0  0 12102  0  0 284  1  0 23972  3  0  0 21810 33303  0  0 12  0 211  0  1  0 169 497  0  4 19  0  0  0  0  0  0  5 164 155 4278  0  1 28640 9295 
