facilities = 60 objectives = 4 max_distances = 190 max flows = 99833 overlap =  1.00 seed = 23453464 correlation1 = 0.500 correlation2 = 0.500 correlation3 = 0.500 A = -5 B = 5 M = 0 K = 1 m = 100
 0 69 97 18 30 71 113 76 35 97 38 19 72  1 101 31 41 92 29 76 52 90 34 50 72 104 23 75 34 48 32 56 72 29 77 80 88 83 44 45 62 54 70 85 20 52 30 71 79 47 28 92 29 50 38 68 61 28  4 76 
69  0 31 60 50  2 101 12 43 30 77 86 54 68 60 39 27 144 83 128 115 21 47 30  8 50 61 72 38 68 91 35  9 62 71 28 54 14 41 33 18 19 87 86 50 28 40 12 94 99 49 132 49 24 103 18 78 41 66 26 
97 31  0 84 73 29 95 34 65 30 97 112 57 96 44 69 57 162 113 146 145 19 69 60 25 59 85 76 63 84 114 49 25 93 98 48 74 21 60 54 35 43 96 88 80 47 67 25 101 120 73 145 72 47 133 45 89 69 94 26 
18 60 84  0 12 62 94 69 19 89 25 27 54 18 83 29 34 88 47 72 71 81 16 49 61 102  5 57 22 31 31 39 61 41 86 77 90 74 27 30 49 42 53 67 23 37 20 59 62 42 11 83 12 37 57 63 44 21 14 61 
30 50 73 12  0 52 85 61  8 81 27 39 43 29 71 28 28 94 57 78 82 71  4 46 51 96 11 48 14 26 41 27 51 47 87 71 87 64 15 19 38 32 49 60 27 26 16 49 57 49  3 85  1 27 68 57 39 18 25 49 
71  2 29 62 52  0 101 12 44 28 79 88 54 70 59 42 30 146 85 129 117 19 49 32  7 49 63 73 40 70 93 36  8 64 72 28 54 12 42 34 19 20 88 87 53 29 42 11 94 101 51 134 51 25 105 19 79 43 68 25 
113 101 95 94 85 101  0 114 85 123 80 112 48 113 51 110 102 110 142 101 163 109 83 120 94 149 90 37 93 65 101 71 94 132 166 130 155 106 77 83 84 90 49 28 112 81 98 90 43 92 88 84 86 88 149 118 54 101 108 76 
76 12 34 69 61 12 114  0 53 21 88 94 67 75 70 45 35 155 85 139 117 17 58 29 19 37 71 85 47 80 100 48 20 63 63 16 43 13 53 44 31 31 99 99 56 40 48 23 106 110 59 144 60 35 107 11 91 49 74 37 
35 43 65 19  8 44 85 53  0 73 34 46 39 34 65 25 22 101 60 85 87 63  4 41 43 89 19 48  8 30 49 21 43 47 84 64 82 56  9 11 30 24 52 60 27 18 13 41 60 56  7 92  7 19 74 50 42 16 31 42 
97 30 30 89 81 28 123 21 73  0 108 115 79 96 74 66 56 175 105 158 137 13 77 49 32 28 91 99 67 98 121 64 33 83 74 24 47 18 71 63 47 49 115 112 77 58 69 36 122 130 79 162 80 54 127 30 107 70 95 47 
38 77 97 25 27 79 80 88 34 108  0 32 51 38 83 53 56 67 67 50 83 97 30 73 76 124 20 45 42 17 22 48 76 65 111 99 114 90 37 44 62 58 32 51 48 50 43 73 41 23 30 58 29 53 69 85 25 44 34 71 
19 86 112 27 39 88 112 94 46 115 32  0 78 20 109 49 59 73 39 58 51 107 43 70 88 123 28 76 48 47 15 67 88 47 96 100 107 100 54 57 76 69 64 83 39 65 46 86 73 31 39 77 39 64 37 86 57 45 20 88 
72 54 57 54 43 54 48 67 39 79 51 78  0 72 31 62 54 109 99 94 125 66 39 71 48 104 51 19 46 34 73 23 47 86 117 83 107 61 30 35 36 41 40 32 67 32 51 44 43 72 45 89 43 39 111 70 35 54 68 32 
 1 68 96 18 29 70 113 75 34 96 38 20 72  0 100 30 40 92 29 77 53 89 33 50 71 103 22 75 33 48 33 55 71 28 77 79 87 82 43 44 61 53 70 85 19 51 29 70 79 48 27 92 29 49 39 67 61 27  4 75 
101 60 44 83 71 59 51 70 65 74 83 109 31 100  0 84 72 138 125 124 153 61 67 86 52 102 80 45 69 66 105 45 51 109 130 86 113 59 56 57 47 56 68 52 91 51 75 48 69 104 72 117 71 57 140 78 65 78 96 34 
31 39 69 29 28 42 110 45 25 66 53 49 62 30 84  0 12 117 44 101 75 60 28 21 44 74 33 73 17 54 59 40 44 25 59 50 61 53 33 27 38 29 77 86 11 32 12 45 85 71 25 112 26 26 63 37 67  9 29 53 
41 27 57 34 28 30 102 35 22 56 56 59 54 40 72 12  0 122 56 105 88 48 26 19 31 67 37 67 14 52 65 31 32 37 64 43 59 41 26 19 25 16 74 80 23 22 13 32 82 76 26 114 27 15 76 29 64 14 39 40 
92 144 162 88 94 146 110 155 101 175 67 73 109 92 138 117 122  0 111 16 108 164 97 138 143 190 85 93 108 78 59 113 143 120 169 165 178 157 104 111 129 125 70 89 109 117 109 140 71 46 96 27 95 120 99 151 74 109 91 135 
29 83 113 47 57 85 142 85 60 105 67 39 99 29 125 44 56 111  0 97 32 102 60 56 88 105 51 104 55 77 55 80 88 21 63 84 82 96 69 68 82 72 99 114 34 74 50 89 108 71 54 117 56 70 23 75 90 47 33 96 
76 128 146 72 78 129 101 139 85 158 50 58 94 77 124 101 105 16 97  0 97 147 80 122 127 173 68 80 92 62 43 97 126 105 154 149 162 141 87 95 113 109 57 77 93 101 92 124 59 29 80 25 79 104 87 135 59 93 75 119 
52 115 145 71 82 117 163 117 87 137 83 51 125 53 153 75 88 108 32 97  0 134 86 88 119 136 74 126 84 97 64 108 120 54 88 116 112 128 97 96 112 103 116 134 65 104 80 120 124 79 80 120 82 100 13 107 108 77 57 127 
90 21 19 81 71 19 109 17 63 13 97 107 66 89 61 60 48 164 102 147 134  0 67 46 20 41 82 85 59 87 112 51 21 81 80 29 55  7 60 52 35 39 103 99 71 46 61 24 109 120 70 150 70 44 123 29 95 62 87 33 
34 47 69 16  4 49 83 58  4 77 30 43 39 33 67 28 26 97 60 80 86 67  0 45 47 93 15 46 12 26 45 23 47 49 88 69 86 60 10 15 34 28 48 58 29 22 16 45 57 52  5 87  4 23 73 54 38 18 29 45 
50 30 60 49 46 32 120 29 41 49 73 70 71 50 86 21 19 138 56 122 88 46 45  0 37 53 53 86 32 71 80 48 38 34 46 30 41 41 46 38 38 31 93 99 30 39 30 39 102 92 43 132 45 32 78 18 84 29 50 52 
72  8 25 61 51  7 94 19 43 32 76 88 48 71 52 44 31 143 88 127 119 20 47 37  0 55 62 67 39 66 92 31  1 68 79 35 61 14 39 32 14 19 83 80 55 25 42  4 89 99 50 130 50 24 107 26 74 44 69 18 
104 50 59 102 96 49 149 37 89 28 124 123 104 103 102 74 67 190 105 173 136 41 93 53 55  0 105 122 81 117 133 85 56 84 58 24 28 43 89 81 68 68 137 136 84 77 81 60 144 144 93 181 94 72 128 38 128 81 103 73 
23 61 85  5 11 63 90 71 19 91 20 28 51 22 80 33 37 85 51 68 74 82 15 53 62 105  0 52 23 26 30 38 62 46 91 80 94 75 26 30 49 43 48 62 28 37 23 60 57 39 12 79 12 38 60 66 39 24 18 60 
75 72 76 57 48 73 37 85 48 99 45 76 19 75 45 73 67 93 104 80 126 85 46 86 67 122 52  0 56 28 67 38 66 95 131 100 123 80 40 47 54 57 23 13 75 47 61 62 25 62 51 72 49 54 112 87 21 64 71 52 
34 38 63 22 14 40 93 47  8 67 42 48 46 33 69 17 14 108 55 92 84 59 12 32 39 81 23 56  0 38 53 25 39 40 75 57 73 52 16 12 28 20 61 69 21 19  5 38 69 62 12 100 13 16 71 42 51  8 30 42 
48 68 84 31 26 70 65 80 30 98 17 47 34 48 66 54 52 78 77 62 97 87 26 71 66 117 26 28 38  0 39 35 65 71 113 93 112 80 28 36 52 49 23 37 52 40 42 62 32 38 29 64 27 45 84 79 13 44 44 57 
32 91 114 31 41 93 101 100 49 121 22 15 73 33 105 59 65 59 55 43 64 112 45 80 92 133 30 67 53 39  0 66 92 61 110 108 119 105 54 60 79 73 52 72 50 67 52 90 60 16 42 61 42 68 52 94 47 52 31 89 
56 35 49 39 27 36 71 48 21 64 48 67 23 55 45 40 31 113 80 97 108 51 23 48 31 85 38 38 25 35 66  0 30 65 94 62 85 45 12 13 17 18 52 52 46  9 30 27 58 71 28 98 27 16 95 49 43 33 52 23 
72  9 25 61 51  8 94 20 43 33 76 88 47 71 51 44 32 143 88 126 120 21 47 38  1 56 62 66 39 65 92 30  0 68 80 36 62 14 39 32 13 19 82 80 55 25 42  3 88 99 50 129 50 24 108 27 74 44 69 17 
29 62 93 41 47 64 132 63 47 83 65 47 86 28 109 25 37 120 21 105 54 81 49 34 68 84 46 95 40 71 61 65 68  0 48 62 63 74 56 52 63 54 94 107 20 58 35 69 103 77 44 121 46 52 44 53 85 32 31 78 
77 71 98 86 87 72 166 63 84 74 111 96 117 77 130 59 64 169 63 154 88 80 88 46 79 58 91 131 75 113 110 94 80 48  0 51 30 77 90 83 84 77 136 144 62 85 71 83 145 125 84 169 86 78 84 53 126 69 79 96 
80 28 48 77 71 28 130 16 64 24 99 100 83 79 86 50 43 165 84 149 116 29 69 30 35 24 80 100 57 93 108 62 36 62 51  0 27 28 65 57 46 44 113 114 60 54 56 40 121 119 69 157 70 48 107 14 104 56 79 54 
88 54 74 90 87 54 155 43 82 47 114 107 107 87 113 61 59 178 82 162 112 55 86 41 61 28 94 123 73 112 119 85 62 63 30 27  0 55 85 77 70 66 134 137 69 76 71 66 142 132 84 173 86 69 105 36 124 70 88 80 
83 14 21 74 64 12 106 13 56 18 90 100 61 82 59 53 41 157 96 141 128  7 60 41 14 43 75 80 52 80 105 45 14 74 77 28 55  0 53 46 28 32 97 94 64 40 54 18 103 113 63 144 63 37 117 24 89 55 80 29 
44 41 60 27 15 42 77 53  9 71 37 54 30 43 56 33 26 104 69 87 97 60 10 46 39 89 26 40 16 28 54 12 39 56 90 65 85 53  0  8 25 21 48 53 36 13 21 36 56 60 16 91 15 17 83 51 38 24 40 34 
45 33 54 30 19 34 83 44 11 63 44 57 35 44 57 27 19 111 68 95 96 52 15 38 32 81 30 47 12 36 60 13 32 52 83 57 77 46  8  0 19 13 56 61 33  7 17 30 64 67 18 100 18  8 83 43 47 20 41 31 
62 18 35 49 38 19 84 31 30 47 62 76 36 61 47 38 25 129 82 113 112 35 34 38 14 68 49 54 28 52 79 17 13 63 84 46 70 28 25 19  0  9 69 68 47 12 32 11 75 85 37 115 37 12 99 34 60 35 59 15 
54 19 43 42 32 20 90 31 24 49 58 69 41 53 56 29 16 125 72 109 103 39 28 31 19 68 43 57 20 49 73 18 19 54 77 44 66 32 21 13  9  0 69 71 38 10 24 17 76 80 31 113 31  5 90 30 60 26 50 24 
70 87 96 53 49 88 49 99 52 115 32 64 40 70 68 77 74 70 99 57 116 103 48 93 83 137 48 23 61 23 52 52 82 94 136 113 134 97 48 56 69 69  0 21 75 59 64 79  9 43 52 49 50 65 102 99  9 67 66 70 
85 86 88 67 60 87 28 99 60 112 51 83 32 85 52 86 80 89 114 77 134 99 58 99 80 136 62 13 69 37 72 52 80 107 144 114 137 94 53 61 68 71 21  0 87 61 73 76 17 65 63 65 61 68 120 101 25 76 81 65 
20 50 80 23 27 53 112 56 27 77 48 39 67 19 91 11 23 109 34 93 65 71 29 30 55 84 28 75 21 52 50 46 55 20 62 60 69 64 36 33 47 38 75 87  0 40 16 55 84 63 24 106 26 35 52 48 65 13 19 62 
52 28 47 37 26 29 81 40 18 58 50 65 32 51 51 32 22 117 74 101 104 46 22 39 25 77 37 47 19 40 67  9 25 58 85 54 76 40 13  7 12 10 59 61 40  0 24 23 66 73 26 104 25  7 90 40 50 27 48 23 
30 40 67 20 16 42 98 48 13 69 43 46 51 29 75 12 13 109 50 92 80 61 16 30 42 81 23 61  5 42 52 30 42 35 71 56 71 54 21 17 32 24 64 73 16 24  0 41 73 63 13 101 15 20 67 42 55  3 26 47 
71 12 25 59 49 11 90 23 41 36 73 86 44 70 48 45 32 140 89 124 120 24 45 39  4 60 60 62 38 62 90 27  3 69 83 40 66 18 36 30 11 17 79 76 55 23 41  0 85 96 48 126 48 22 108 30 71 43 68 14 
79 94 101 62 57 94 43 106 60 122 41 73 43 79 69 85 82 71 108 59 124 109 57 102 89 144 57 25 69 32 60 58 88 103 145 121 142 103 56 64 75 76  9 17 84 66 73 85  0 50 61 48 59 72 111 107 18 75 75 75 
47 99 120 42 49 101 92 110 56 130 23 31 72 48 104 71 76 46 71 29 79 120 52 92 99 144 39 62 62 38 16 71 99 77 125 119 132 113 60 67 85 80 43 65 63 73 63 96 50  0 50 45 50 75 67 105 41 63 46 94 
28 49 73 11  3 51 88 59  7 79 30 39 45 27 72 25 26 96 54 80 80 70  5 43 50 93 12 51 12 29 42 28 50 44 84 69 84 63 16 18 37 31 52 63 24 26 13 48 61 50  0 88  2 26 67 55 42 15 24 49 
92 132 145 83 85 134 84 144 92 162 58 77 89 92 117 112 114 27 117 25 120 150 87 132 130 181 79 72 100 64 61 98 129 121 169 157 173 144 91 100 115 113 49 65 106 104 101 126 48 45 88  0 87 109 110 142 55 103 90 119 
29 49 72 12  1 51 86 60  7 80 29 39 43 29 71 26 27 95 56 79 82 70  4 45 50 94 12 49 13 27 42 27 50 46 86 70 86 63 15 18 37 31 50 61 26 25 15 48 59 50  2 87  0 26 68 55 40 17 25 49 
50 24 47 37 27 25 88 35 19 54 53 64 39 49 57 26 15 120 70 104 100 44 23 32 24 72 38 54 16 45 68 16 24 52 78 48 69 37 17  8 12  5 65 68 35  7 20 22 72 75 26 109 26  0 87 34 55 22 46 26 
38 103 133 57 68 105 149 107 74 127 69 37 111 39 140 63 76 99 23 87 13 123 73 78 107 128 60 112 71 84 52 95 108 44 84 107 105 117 83 83 99 90 102 120 52 90 67 108 111 67 67 110 68 87  0 97 95 64 43 114 
68 18 45 63 57 19 118 11 50 30 85 86 70 67 78 37 29 151 75 135 107 29 54 18 26 38 66 87 42 79 94 49 27 53 53 14 36 24 51 43 34 30 99 101 48 40 42 30 107 105 55 142 55 34 97  0 90 42 66 44 
61 78 89 44 39 79 54 91 42 107 25 57 35 61 65 67 64 74 90 59 108 95 38 84 74 128 39 21 51 13 47 43 74 85 126 104 124 89 38 47 60 60  9 25 65 50 55 71 18 41 42 55 40 55 95 90  0 57 57 63 
28 41 69 21 18 43 101 49 16 70 44 45 54 27 78  9 14 109 47 93 77 62 18 29 44 81 24 64  8 44 52 33 44 32 69 56 70 55 24 20 35 26 67 76 13 27  3 43 75 63 15 103 17 22 64 42 57  0 25 49 
 4 66 94 14 25 68 108 74 31 95 34 20 68  4 96 29 39 91 33 75 57 87 29 50 69 103 18 71 30 44 31 52 69 31 79 79 88 80 40 41 59 50 66 81 19 48 26 68 75 46 24 90 25 46 43 66 57 25  0 72 
76 26 26 61 49 25 76 37 42 47 71 88 32 75 34 53 40 135 96 119 127 33 45 52 18 73 60 52 42 57 89 23 17 78 96 54 80 29 34 31 15 24 70 65 62 23 47 14 75 94 49 119 49 26 114 44 63 49 72  0 

 0 1039  2 2991 2147 653 383 10947 67 1836 44757 18 112  0  1  0  0 122  0 7825 13  0  0 340  0 5933  2  8 74  0  0 210  0  0 147  3 8481  0  0  0 395  0 10802  0 25233  0  0 208  0 57339 64  0  7  0 12 20435 7260  0  0  0 
1039  0 3101 31515  0 19231  5  0  0  0  0  2 15  0 78 34 770 15210  0  0 44 40  0 55892 601 82299  0 26  0 690  5 2385  0  0  0  0 26587  0  6  0 36500 1394  0 24165  0  0 2057  0 11  0  0  0  0  0  0  5  0  1  2 319 
 2 3101  0 750  0 55405 2650 21598  0  0  0 27  0  4 4633  0 17  0 908  0  0  3 82533  0  0  1 24213  6  0 4410  0  0  0  0 374  0  1 41  0  5  0 3143  0  0 4039 272 246  0  0  0  6 96684  1  0 469 34160  0 172 6043  0 
2991 31515 750  0  0  2  0 1607 45525  0  0 6102 42022 2655  0  5  0  0  0  6 6314 267  0  0 171  0 29896  0  0  0  0  2  0 912 22463 10886  0  2  0  0  0 853  0  0 2365  0  0 10  0 25 4028  0  0  0 47917 21  0 24966 334 1757 
2147  0  0  0  0  0 383  0 193  8  0  5  0  0  0 2764  0 745 11  5 135 930  0  0  0  0 442  0 4550 10  0  0 3956  2 5885 1144  3  5  0  0 1183  0  0 393  0 253 2162  0  0  0  0  0  0 7681  0 60  0 23002 164  1 
653 19231 55405  2  0  0  0  0 4487 37072  0 362 7951 74  0  0  4  0 13893 61  0  0 15 51734 66298 105  0  0  2  3  0 1014  0  0 182  0  0  0 259 2981  0  0  0 52290  0  0 203  0  0  0 113  0  0  0  8 87672  0 106  3 456 
383  5 2650  0 383  0  0  0  0 608  6  0 14 14038  0  0  0  0 38073  0  0  0  0 108  0  0 99373 37838  5 142 379 9106 41  0 3597 87678 279  0  0  2  0  0 64414  1 29 87045 78  0 564  0 8380 48  0  0  0  0  4 926  0 572 
10947  0 21598 1607  0  0  0  0 3371  0  0  0 26078 34  0 12 4152  7  0 13013  0  0  0  0  0  0 4179 369 28  0  0 44 15712 1277 2045  6 244 16094 610 38299 51519 57064  0  0  0 2446  0  0 22063 22799 274  0  0  0 66131  0  0  0 272  0 
67  0  0 45525 193 4487  0 3371  0 92086 55  0  4 14786  0 26 25730 32 77 81087  0  0  0  0  0  0  0  0 216 3124  1  4  0 27  0  0 82661 7063  0  0  0 17488  0  0  5  0  0 169  0  0  0  0  0  0  0 48095 2243 4039  0  0 
1836  0  0  0  8 37072 608  0 92086  0  0  0 25056 14548 30039 5012 412 4820  1  0  0 38741  3  9  4 23638 41 60285  0  0  2  0  0  4  2 16  0  0  0 476  0  0 1076  0 23 36  0 87  3  0 11  0  0  0  0 46  0  0  9 246 
44757  0  0  0  0  0  6  0 55  0  0 3881  0 4384  0  4 15797  8  0  0 18  0 358 153  0 77223  0 13955  0  0 158  0 322  0  0 2485  0 19  0 91414  0  0  0  0  0 1996  0  0  0  0  0  0  0 20  0  0 2484 1247  0 266 
18  2 27 6102  5 362  0  0  0  0 3881  0 659  0 202  2 366 671  0 173 6484  0 12 2320  0 78  0  0  0  0  0  0  0 4939  0  0 76139  0  0  0 75898  0  0  0  0  0 1376 36  0 35451 66541  3  0  0  6  0 43811  0 245  0 
112 15  0 42022  0 7951 14 26078  4 25056  0 659  0  0 32 4766  2 78764  3 10 29021 42956  4 88  2  0  0 4430 139  0 759  0 105 81919  0  0  6  3  0  0  0 237  0  0  0  3 13 12297  0 94212  0 59176  1 30765 8685  1  0  0  0 21 
 0  0  4 2655  0 74 14038 34 14786 14548 4384  0  0  0  0  0  0  0  0 17  0 4338  0  0  0 1421 72 275 12413 180  8  0  0 11 8674 3463 40348  0  0  0  0 249  0  0  0 36 12841 30992  2 35254 410 2863  0  0 66 50966 94 740 13  0 
 1 78 4633  0  0  0  0  0  0 30039  0 202 32  0  0  0  0 743  0 13421 17658 33 4108  0 24099  0 3410  2  0  0 172 2370  0  0  0  0 124  2  0 15916 11563  0 36676 27  0 178  7  0  7  0 192 29 83  0 7725 590  1  0  2  0 
 0 34  0  5 2764  0  0 12 26 5012  4  2 4766  0  0  0 1690  0 19911  0 865  0  0 10  0  0 16  0  1 332 138  0 67000  1  0  2 45499  0 190 27979  0  0  0 197  0  0 207 1232  0 89164  0  0 23256 16354  0 51 31  0  1 2596 
 0 770 17  0  0  4  0 4152 25730 412 15797 366  2  0  0 1690  0  0  0 16 15463  0 15296  0  0 49  0  0  0 126  2  0 11 1215  0 118  0 704 21250  0  0  0 98 19 3538  0  0  0 14153  0 232 64257 124  0  0  0 1695  0  6 256 
122 15210  0  0 745  0  0  7 32 4820  8 671 78764  0 743  0  0  0  0  0  1  0  0 1121  1  0  0  9 4365 1736  0  0 125  0  0  0  0  3 23605  6  0  0  0 218  0 14789  0  0  0 11644  0 3364  0 48032 1132  0 1104  0  1 80194 
 0  0 908  0 11 13893 38073  0 77  1  0  0  3  0  0 19911  0  0  0  0 1502  0  0  0  0  0  0  5 11647  0 21571  0 46323  0  0  0  0  0 191 106  0 458  0  0  2 9880 28417 152 2716  0 67  0 4672 84269 29413  0  0  0  0  0 
7825  0  0  6  5 61  0 13013 81087  0  0 173 10 17 13421  0 16  0  0  0  0  0 278 198 17995  0  7 151 438 530  0  0  0 7666  0  0 118  0  0  0  0  0  0  0  0  0 6458 925  6  2  3  0 7531 21 502  3  0  0  0  2 
13 44  0 6314 135  0  0  0  0  0 18 6484 29021  0 17658 865 15463  1 1502  0  0  0 7429  2 24 16  0  0  0  0 67  3  0 75248  0 25865  1  0 12452  0  1  0  0  0 228 56  0  0 52  5 204 53500 414  0 36697  0  0  0 52 11620 
 0 40  3 267 930  0  0  0  0 38741  0  0 42956 4338 33  0  0  0  0  0  0  0 50381 81710 21 2145 8197  0  0  9  0 94780 569  2  0  0  0 4298  0  0 41  0  0  3  0  0 1063 88069  0  0 34  0 2223 292  0  0  0  0  0 25 
 0  0 82533  0  0 15  0  0  0  3 358 12  4  0 4108  0 15296  0  0 278 7429 50381  0 178 13994  0  0 1840 90444  0 129  0  0 1387  5 259  0 91  2  0  5  0  0  0  0 24643  0 744  4 48  0  0  0  0  5 74 35  0 1522 81 
340 55892  0  0  0 51734 108  0  0  9 153 2320 88  0  0 10  0 1121  0 198  2 81710 178  0 33  0  0  4 2598 84  0 8300  0 71903  0 59  0 11 21944 11 612  0 1990  0  0 11 227  0  0  0 34  0  0  0 13791  0  0  0  0  0 
 0 601  0 171  0 66298  0  0  0  4  0  0  2  0 24099  0  0  1  0 17995 24 21 13994 33  0 1252  0  0  3  0  0  0 16591  0  0  0  0  0  0 914 20571  0  0  0 11510  0  0  0  0  0  1 29844 131  0  7 49 56 57 1906  0 
5933 82299  1  0  0 105  0  0  0 23638 77223 78  0 1421  0  0 49  0  0  0 16 2145  0  0 1252  0 10886 64180  0  0  0 182  0 407  0  1 23105  3 53539  0  0 11 31424  0  0 1299  0  0 11  0  3  0  0  0 44  0  0  0  0  0 
 2  0 24213 29896 442  0 99373 4179  0 41  0  0  0 72 3410 16  0  0  0  7  0 8197  0  0  0 10886  0  0  0 12  0  0  0  0 686 14  2 25 8183 236  0  1  0 298  0  0  0 12  5  3  0 15472  0 15411  0  0  0 14 22  0 
 8 26  6  0  0  0 37838 369  0 60285 13955  0 4430 275  2  0  0  9  5 151  0  0 1840  4  0 64180  0  0  0  1  0  0  0  0 4826 33734 61081  0  1  0  0  0 33135 102  0 534 192  0  0  0  0  0  1 35817  0 144  1  0  0 176 
74  0  0  0 4550  2  5 28 216  0  0  0 139 12413  0  1  0 4365 11647 438  0  0 90444 2598  3  0  0  0  0 323  0 16 454  0  0 51970 13  0  0  0  0  0 30156 370  0 290 88  0 113 23 8038 49209 38  0 4187  0 73 86 149  0 
 0 690 4410  0 10  3 142  0 3124  0  0  0  0 180  0 332 126 1736  0 530  0  9  0 84  0  0 12  1 323  0 4861  0 1052  0  0 468 3448  0  0 1660 12656  0  0 80401  0 3527  0  7  0 1235 656  0  0 1000 32 1517  3  0 275  0 
 0  5  0  0  0  0 379  0  1  2 158  0 759  8 172 138  2  0 21571  0 67  0 129  0  0  0  0  0  0 4861  0  0 8779  0 63712  0 195 70183  3 50  0  0  0 18570 681  2  0 1181  0 19  0 6498 40413  0 4189 18  0  8  0  0 
210 2385  0  2  0 1014 9106 44  4  0  0  0  0  0 2370  0  0  0  0  0  3 94780  0 8300  0 182  0  0 16  0  0  0 11  0 56575  0 26022 205  0 3015  0  0  0 65991 18836  1  0 485  2  0 4391  0  0  0  0  0  2 3702  0 382 
 0  0  0  0 3956  0 41 15712  0  0 322  0 105  0  0 67000 11 125 46323  0  0 569  0  0 16591  0  0  0 454 1052 8779 11  0 100 202 9543  0 84 154 292  0 319 4366  2  0  1  0  0 3479 12 20 342 50081  0  9  0 12  0  1  0 
 0  0  0 912  2  0  0 1277 27  4  0 4939 81919 11  0  1 1215  0  0 7666 75248  2 1387 71903  0 407  0  0  0  0  0  0 100  0  0  0  0 94028  0  0  0  0 2792 79953  0  0  0 69914  0  0  2 1013  0  0 767 45  0  0  0  0 
147  0 374 22463 5885 182 3597 2045  0  2  0  0  0 8674  0  0  0  0  0  0  0  0  5  0  0  0 686 4826  0  0 63712 56575 202  0  0 2166  0  0  0  0  3  0 21  0  0 93  3  0  0  0 213  0  1  0  0  0 1959  0  5 366 
 3  0  0 10886 1144  0 87678  6  0 16 2485  0  0 3463  0  2 118  0  0  0 25865  0 259 59  0  1 14 33734 51970 468  0  0 9543  0 2166  0 47582 23330  4 26 9379  0  0 15489  1 58886  0  0 175  1  0  0 555 1850  0  8  3 163  0 8608 
8481 26587  1  0  3  0 279 244 82661  0  0 76139  6 40348 124 45499  0  0  0 118  1  0  0  0  0 23105  2 61081 13 3448 195 26022  0  0  0 47582  0 675 378  0 20 33768 6968  0  0  0  0  0 170  0  0  2  0  0  0 141  0  2  0 4103 
 0  0 41  2  5  0  0 16094 7063  0 19  0  3  0  2  0 704  3  0  0  0 4298 91 11  0  3 25  0  0  0 70183 205 84 94028  0 23330 675  0  0  0  1 444 274  0 115  2 115  0 1109  0 19 175  0  0  0  2  0 29 81 60 
 0  6  0  0  0 259  0 610  0  0  0  0  0  0  0 190 21250 23605 191  0 12452  0  2 21944  0 53539 8183  1  0  0  3  0 154  0  0  4 378  0  0  0 2950  0  0  0  0  0 773  0 588  0  0  2 2941 105 867  0 1035  0 75232 10 
 0  0  5  0  0 2981  2 38299  0 476 91414  0  0  0 15916 27979  0  6 106  0  0  0  0 11 914  0 236  0  0 1660 50 3015 292  0  0 26  0  0  0  0  0  0 3095  0  0  0  0  0  0 103 3255  0  3 20918  0  0  9  0 18197 66752 
395 36500  0  0 1183  0  0 51519  0  0  0 75898  0  0 11563  0  0  0  0  0  1 41  5 612 20571  0  0  0  0 12656  0  0  0  0  3 9379 20  1 2950  0  0 68203 4722  0 47  0 8922  0  0 35  0  0  2  0 12  0  0  6 2024  0 
 0 1394 3143 853  0  0  0 57064 17488  0  0  0 237 249  0  0  0  0 458  0  0  0  0  0  0 11  1  0  0  0  0  0 319  0  0  0 33768 444  0  0 68203  0 7682  0  1  0  0 547  4  0  0  0  4 24  0 86 63459  0 919  0 
10802  0  0  0  0  0 64414  0  0 1076  0  0  0  0 36676  0 98  0  0  0  0  0  0 1990  0 31424  0 33135 30156  0  0  0 4366 2792 21  0 6968 274  0 3095 4722 7682  0 84  0  2 5721  0  5  1  0  0 519  0 51 3926 58  0  0  1 
 0 24165  0  0 393 52290  1  0  0  0  0  0  0  0 27 197 19 218  0  0  0  3  0  0  0  0 298 102 370 80401 18570 65991  2 79953  0 15489  0  0  0  0  0  0 84  0  0  0 6458 10648  0  0  5  1 47 2117  2  0  0  0  0  0 
25233  0 4039 2365  0  0 29  0  5 23  0  0  0  0  0  0 3538  0  2  0 228  0  0  0 11510  0  0  0  0  0 681 18836  0  0  0  1  0 115  0  0 47  1  0  0  0  7  8  0  0  8  0 68064  0  0 27  9 30  0  2 282 
 0  0 272  0 253  0 87045 2446  0 36 1996  0  3 36 178  0  0 14789 9880  0 56  0 24643 11  0 1299  0 534 290 3527  2  1  1  0 93 58886  0  2  0  0  0  0  2  0  7  0 468 35630  0  0  1  0  0 191 22  0 633  0  0  0 
 0 2057 246  0 2162 203 78  0  0  0  0 1376 13 12841  7 207  0  0 28417 6458  0 1063  0 227  0  0  0 192 88  0  0  0  0  0  3  0  0 115 773  0 8922  0 5721 6458  8 468  0 15 3918 249 308 23252  0  2 81942  0 26563 5191 12 3591 
208  0  0 10  0  0  0  0 169 87  0 36 12297 30992  0 1232  0  0 152 925  0 88069 744  0  0  0 12  0  0  7 1181 485  0 69914  0  0  0  0  0  0  0 547  0 10648  0 35630 15  0 51 2187  2  0 84510 1373  0  0 29  0  0  0 
 0 11  0  0  0  0 564 22063  0  3  0  0  0  2  7  0 14153  0 2716  6 52  0  4  0  0 11  5  0 113  0  0  2 3479  0  0 175 170 1109 588  0  0  4  5  0  0  0 3918 51  0 16 7900 51 93543  0 17 53  1 100 7022  0 
57339  0  0 25  0  0  0 22799  0  0  0 35451 94212 35254  0 89164  0 11644  0  2  5  0 48  0  0  0  3  0 23 1235 19  0 12  0  0  1  0  0  0 103 35  0  1  0  8  0 249 2187 16  0  1 66 2444 230  0 12488  6 2544  0  0 
64  0  6 4028  0 113 8380 274  0 11  0 66541  0 410 192  0 232  0 67  3 204 34  0 34  1  3  0  0 8038 656  0 4391 20  2 213  0  0 19  0 3255  0  0  0  5  0  1 308  2 7900  1  0 32148 67164  1  0  0 14  8  4 32 
 0  0 96684  0  0  0 48  0  0  0  0  3 59176 2863 29  0 64257 3364  0  0 53500  0  0  0 29844  0 15472  0 49209  0 6498  0 342 1013  0  0  2 175  2  0  0  0  0  1 68064  0 23252  0 51 66 32148  0  0 5427  0 1069 94  0  0  0 
 7  0  1  0  0  0  0  0  0  0  0  0  1  0 83 23256 124  0 4672 7531 414 2223  0  0 131  0  0  1 38  0 40413  0 50081  0  1 555  0  0 2941  3  2  4 519 47  0  0  0 84510 93543 2444 67164  0  0  0  0 368  0 333  0  0 
 0  0  0  0 7681  0  0  0  0  0 20  0 30765  0  0 16354  0 48032 84269 21  0 292  0  0  0  0 15411 35817  0 1000  0  0  0  0  0 1850  0  0 105 20918  0 24  0 2117  0 191  2 1373  0 230  1 5427  0  0  0  1 1636  0  0  1 
12  0 469 47917  0  8  0 66131  0  0  0  6 8685 66 7725  0  0 1132 29413 502 36697  0  5 13791  7 44  0  0 4187 32 4189  0  9 767  0  0  0  0 867  0 12  0 51  2 27 22 81942  0 17  0  0  0  0  0  0 429 3176 5732 1278  0 
20435  5 34160 21 60 87672  0  0 48095 46  0  0  1 50966 590 51  0  0  0  3  0  0 74  0 49  0  0 144  0 1517 18  0  0 45  0  8 141  2  0  0  0 86 3926  0  9  0  0  0 53 12488  0 1069 368  1 429  0  0  5  0 6586 
7260  0  0  0  0  0  4  0 2243  0 2484 43811  0 94  1 31 1695 1104  0  0  0  0 35  0 56  0  0  1 73  3  0  2 12  0 1959  3  0  0 1035  9  0 63459 58  0 30 633 26563 29  1  6 14 94  0 1636 3176  0  0  0  9 122 
 0  1 172 24966 23002 106 926  0 4039  0 1247  0  0 740  0  0  0  0  0  0  0  0  0  0 57  0 14  0 86  0  8 3702  0  0  0 163  2 29  0  0  6  0  0  0  0  0 5191  0 100 2544  8  0 333  0 5732  5  0  0 4009 10437 
 0  2 6043 334 164  3  0 272  0  9  0 245  0 13  2  1  6  1  0  0 52  0 1522  0 1906  0 22  0 149 275  0  0  1  0  5  0  0 81 75232 18197 2024 919  0  0  2  0 12  0 7022  0  4  0  0  0 1278  0  9 4009  0  0 
 0 319  0 1757  1 456 572  0  0 246 266  0 21  0  0 2596 256 80194  0  2 11620 25 81  0  0  0  0 176  0  0  0 382  0  0 366 8608 4103 60 10 66752  0  0  1  0 282  0 3591  0  0  0 32  0  0  1  0 6586 122 10437  0  0 

 0  2  0 1286  0 43 27 419  3 26 323  0  2  0  0  0  0 4017 530  0 121  0  0 93 339 888  6 21266 14  0  0 1728  0  0  0  0 2694  0  0  0 762  0 5185  2 1247  0  3 50707  0 147 30545  2 19  0 48 60023 241  0 14  0 
 2  0  0 96698  0  0 9955  0  0  0  0 83  0  0  0 32  3  0  0  0 1148  0  0 30890 117  0  0  0  0  0 1902 464  0 800  0 413  1  0 496  0 8920 2785  0 20480  4  0  6  0 77  6  2  0  0  0  0 20  0  0  0  0 
 0  0  0  0  0 2265 433  7  5  2  0  0  0 13 90 36  0  6  4  8 10  0 268  0  0 1265  2  0  0 192  1  0  0  0 13542  0  0  0 343  0  0 104  0  0 7977  4 19  0  4  0  8  2  0  0 41 2285 30 22783 1970  0 
1286 96698  0  0  0  0  0 15064  5 13  0 88443 3204 196  0  0  5  0  0  0 4685  0  0  0 159 160  7  3 60 21 707 115  0 382 249  2  0  0  1  0 96  0  0  0 20637  2  0  0  0 56 1971  0  0  0 3602  0  0 1110  0 17594 
 0  0  0  0  0  0 41  0  0  1  0  0  0  5 35 951  0  0 40008  4  0  0  7  6  0  0 2070  1 690  0  0  0 614 12  6 1356 41219  0  0  2 13  4  0 35747  0  3  1  0  0  0  0  0  0 383 95  0  0 38997 751  3 
43  0 2265  0  0  0  0 81  0 31771  0 2706 62  0  0  0  0  0 684 21  0  0  0 16 26341 85  0  0  0 1090  3  0  0  0 415 1570  0  0  0 57585  0  0 19 348  0  0  5  0  0  0 18281  0  0  0  0 5762  1  0 237 2811 
27 9955 433  0 41  0  0  0  9 162  0  0  0  0  0  0  0  0 6062  0  0  0  0 39  8  2  0 417 32  0 66  0  0  0 873 11164 908  0  0 5391  0  0 3544 16918  1 1183 11  0 5014  1  6  0  4  0  0  0 35 40  0 12 
419  0  7 15064  0 81  0  0  1 1300  0 17 72739 51  0 84 1618  0  0 121  1  0  0  0  0  0 14053 257  4  0  0 272 11859  0 380 466 69 27  4 73961 653  9  0  0  0 6514 29  0 54 55200 14318  0 96 10246 232  9  0  0  0  0 
 3  0  5  5  0  0  9  1  0  0  0  0  0 20835  1 15 662 327  0 1437  0 86  0 70  0  0  0  0 9391 286  0 5819  0 460  0  0  0 140  0  0  0 1582  0  0 290  0  0 4555  0  6  5  0 12  0  0 220  0 93545  0  0 
26  0  2 13  1 31771 162 1300  0  0  0  0  0 78 54 12159  0  0  0  0  0  0  0 202  0  5 1836 89592  0 12  2  0  0  0  3  0  0  0  0 1937 206  0  1  0 560  1 17  0 1002 16 2311  0  0  0  0 229  0  0 25 91 
323  0  0  0  0  0  0  0  0  0  0 221  0  8  0  5 6139  0  1  0  0 631  4 47  0 183  4 14792 2035  0  0 439 3949  0  0 333 13  0  0 5820  0  0  0 335  0 656  0  0  0  0  0  0  0 69494  0  0 61 57  0  4 
 0 83  0 88443  0 2706  0 17  0  0 221  0 11 280  4  2 21  1  0  0 1586  0 503 14541  0  3 38  0  0  6  0  0  0  1  0  2 1813  0  8  0 767  0  0  0  0  0 9302  4  3 87 9890  0  2 21  0  0 87  0 26  0 
 2  0  0 3204  0 62  0 72739  0  0  0 11  0  0  0 161  0 96132 3511 76587 46  9  0 30  5  0  0  2  2  8 59  0 48 28  0  0  0  0  0  0  0 164  0  0  0  0  1 114  0 1892  0  6 107 7680 9232  0 95  0  7 400 
 0  0 13 196  5  0  0 51 20835 78  8 280  0  0  3  0  0  0  0 13  0 83691  0 11276  0 455  0 3995  0  0  2  0  0  0 6837 47 31006  0  0 90  0  0  0  0  0 1785 31638 10000  1 14 906 572  0  0  0 81 17 36 22  0 
 0  0 90  0 35  0  0  0  1 54  0  4  0  3  0  0  0 99378  1 2599 17535 859 10 17 23  0 123 28  0  0  0  0  0  0 13 1625 93  0 11 37731 10  0 2594 25083  0 22  0  0  8  0 16061 2110 92  0 456 1895 14  0 1980  0 
 0 32 36  0 951  0  0 84 15 12159  5  2 161  0  0  0 209  0 56409  6  0  3 468 151  0  0 17  0 13 435 85  0 51  0 941  5 7415  0 4367 25188  0  0 10 23  0  1  0  0  0 12236  0  1 276  7  0  0 19214 56  0 48 
 0  3  0  5  0  0  0 1618 662  0 6139 21  0  0  0 209  0  0  0  0 61  0  0  0  1  4  0  0 753  0  0  2 27983 3660  0 2150  0 196 1300  1  0  0  0  6 27  0  3  0 61334  0  0 669 253  0  0 115 17 1846  4 744 
4017  0  6  0  0  0  0  0 327  0  0  1 96132  0 99378  0  0  0  0  0 10  0  0 999  0 3410  0  3 254 173  0  0 1272  0  0  0  0  0 7697 42 13  0  0  7  0 20312  0  0  0 47571  0  4  0  2  0  0  3  0  0 87 
530  0  4  0 40008 684 6062  0  0  0  1  0 3511  0  1 56409  0  0  0  0 80  7  0  0  3  0  0  0 8598  0 7192  0 84062  5  0  0  6  1  6  0 960 7379  0  0  7 3998 28421 829 18763  0  0  0 10181  0 459  0  0  0  0  0 
 0  0  8  0  4 21  0 121 1437  0  0  0 76587 13 2599  6  0  0  0  0  0  0 379  0  0 397  0 19  1 2447  0  0  0 544  0  0  4  0  0  0  0  0  0  0  0  1 279 10698 14  0 10  0 838  4  0 331  0  0  0 552 
121 1148 10 4685  0  0  0  1  0  0  0 1586 46  0 17535  0 61 10 80  0  0  0 14 70 28288  0 79  0  0  0 23990 213  0  9  0 12980  0  0 2196  0 14 12 38  0 93181  0  0  0  1  2 43 9199  0  0  2  0 265  0  0  0 
 0  0  0  0  0  0  0  0 86  0 631  0  9 83691 859  3  0  0  7  0  0  0 36725 2294  0 1167 71  0 16212 365  0 3048  0  0  0  0  0  1  0  0 12706  0  0  2  0  7 5530 38948  0  0 80475  0 72 119  0  0  0  0  0 1421 
 0  0 268  0  7  0  0  0  0  0  4 503  0  0 10 468  0  0  0 379 14 36725  0 1194 415 11  9 501 17  0 24235  0 21  2 255  1  0  0 23509 50206 246  0  0  0 17 955  0 156  0 447 173  0  0  0  0  6  8  0  0  7 
93 30890  0  0  6 16 39  0 70 202 47 14541 30 11276 17 151  0 999  0  0 70 2294 1194  0 1346 26046  0  1  1  0  1 3796  0 22804  0  2  0  0 383 604 2792  0 327  0  0  2 24  0  0  0  0 282 13  0 58423  0 16  0  0  2 
339 117  0 159  0 26341  8  0  0  0  0  0  5  0 23  0  1  0  3  0 28288  0 415 1346  0 773  0  0  0 15 65  0 592  0 12  0 30  0  0 976 608  0  0  0  3 182  0  0  0 1314  0  0  0  0  0  0  7  0  0  1 
888  0 1265 160  0 85  2  0  0  5 183  3  0 455  0  0  4 3410  0 397  0 1167 11 26046 773  0 15 286  1  5  0 1443  0 169  0 473 289  0 42194  0  1  0 83491  0 14  0  0  1 40  0  0  0  0  0  0  0  0  0 7314  0 
 6  0  2  7 2070  0  0 14053  0 1836  4 38  0  0 123 17  0  0  0  0 79 71  9  0  0 15  0  0  0  0  0  0  1  0 1929 15  4 34 10190 15 179 54 154 21  0  0  0  0 138  1 246 71297 205 523  0  0  3  0  3  0 
21266  0  0  3  1  0 417 257  0 89592 14792  0  2 3995 28  0  0  3  0 19  0  0 501  1  0 286  0  0  0 256  0  0  0  0 4895 249  0 225  0  0  0  0 52311  1  0  3 252  0  2 87090  0  0  0 29727  0  0  0  0  7  0 
14  0  0 60 690  0 32  4 9391  0 2035  0  2  0  0 13 753 254 8598  1  0 16212 17  1  0  1  0  0  0 11632  0  2  0  0  0  2  0  0 62001  0  0  0 71610  0  5  1  0  0  0 17822  7  2  0  0  1  0 49  1  0  0 
 0  0 192 21  0 1090  0  0 286 12  0  6  8  0  0 435  0 173  0 2447  0 365  0  0 15  5  0 256 11632  0 2684 20  1  1  0  0 2428  0  0 135 28930  0  0 47  0  7  0 44095  0  6 16 25  0 188 29 57  0  5 107  0 
 0 1902  1 707  0  3 66  0  0  2  0  0 59  2  0 85  0  0 7192  0 23990  0 24235  1 65  0  0  0  0 2684  0  0  0  0 4992  0 247  3  0  0  0  0 18 25766  2 2902  0 206  0  0 2134  8 1631  0 210 12958  0  1  0  0 
1728 464  0 115  0  0  0 272 5819  0 439  0  0  0  0  0  2  0  0  0 213 3048  0 3796  0 1443  0  0  2 20  0  0  0  1 66706  0  0 22141  0 226  0  0  0 22 20 14  0 1477  0  4 8593  0  0  0  5  0  0  1  0 82 
 0  0  0  0 614  0  0 11859  0  0 3949  0 48  0  0 51 27983 1272 84062  0  0  0 21  0 592  0  1  0  0  1  0  0  0  0  2 2438  0  2 1000 10  0  0 580  0  0  3  0  0  0 11  3  1 54571  1  0  0  0  3 19620  0 
 0 800  0 382 12  0  0  0 460  0  0  1 28  0  0  0 3660  0  5 544  9  0  2 22804  0 169  0  0  0  1  0  1  0  0  0  0  0 58538  0  0  0  0 12812 948 24 1876  0  7  0  0 32  0  0  0 16328  1 38  0  0  0 
 0  0 13542 249  6 415 873 380  0  3  0  0  0 6837 13 941  0  0  0  0  0  0 255  0 12  0 1929 4895  0  0 4992 66706  2  0  0 6734  0  0  2  5  0 24060  1  0  0  0 1381  0 25  0 91  0 37 425  0  3  1  0  0  5 
 0 413  0  2 1356 1570 11164 466  0  0 333  2  0 47 1625  5 2150  0  0  0 12980  0  1  2  0 473 15 249  2  0  0  0 2438  0 6734  0 5829 121  1 57 73  0  0 97 22 30428 37  6  0  0  0  0 64 13  0 55 919  0  0 52 
2694  1  0  0 41219  0 908 69  0  0 13 1813  0 31006 93 7415  0  0  6  4  0  0  0  0 30 289  4  0  0 2428 247  0  0  0  0 5829  0 737 35963  0  0 59  2  0 1432 583  0  0 99741  1  0  0  0  0  0  0  0  0  0 177 
 0  0  0  0  0  0  0 27 140  0  0  0  0  0  0  0 196  0  1  0  0  1  0  0  0  0 34 225  0  0  3 22141  2 58538  0 121 737  0  0  0  2  2 1684  0  0  0  0  0 381  0 16335 110 6316 123  0 24600  0 460  0  0 
 0 496 343  1  0  0  0  4  0  0  0  8  0  0 11 4367 1300 7697  6  0 2196  0 23509 383  0 42194 10190  0 62001  0  0  0 1000  0  2  1 35963  0  0  0 13798 56  0 14  0  0 2377  0  0  0  0 6933 4784  1 27  0 940  0  0 290 
 0  0  0  0  2 57585 5391 73961  0 1937 5820  0  0 90 37731 25188  1 42  0  0  0  0 50206 604 976  0 15  0  0 135  0 226 10  0  5 57  0  0  0  0  0  0 21  0  0  0  0  0  6  1  3  0 22  4  0  0 14  0 4146 79 
762 8920  0 96 13  0  0 653  0 206  0 767  0  0 10  0  0 13 960  0 14 12706 246 2792 608  1 179  0  0 28930  0  0  0  0  0 73  0  2 13798  0  0 53 6837 1629  2  0  0  0  0 1730 14041  0 22  0 50  0 24 139 46276  6 
 0 2785 104  0  4  0  0  9 1582  0  0  0 164  0  0  0  0  0 7379  0 12  0  0  0  0  0 54  0  0  0  0  0  0  0 24060  0 59  2 56  0 53  0  3 42  0  0 73  9 7768  0  0  0 230  0  0 10899 88  1 303  0 
5185  0  0  0  0 19 3544  0  0  1  0  0  0  0 2594 10  0  0  0  0 38  0  0 327  0 83491 154 52311 71610  0 18  0 580 12812  1  0  2 1684  0 21 6837  3  0  8  0  0 120  0  0 491 2215 28 13  0 30343 2115 31945  0  0 700 
 2 20480  0  0 35747 348 16918  0  0  0 335  0  0  0 25083 23  6  7  0  0  0  2  0  0  0  0 21  1  0 47 25766 22  0 948  0 97  0  0 14  0 1629 42  8  0  0  0 3771 1883 4985  0  0 23  0 1188  0  0  0  0  2  0 
1247  4 7977 20637  0  0  1  0 290 560  0  0  0  0  0  0 27  0  7  0 93181  0 17  0  3 14  0  0  5  0  2 20  0 24  0 22 1432  0  0  0  2  0  0  0  0  0  1 10  0  2 88 2711 184  0 16 12 393 16 1258 74 
 0  0  4  2  3  0 1183 6514  0  1 656  0  0 1785 22  1  0 20312 3998  1  0  7 955  2 182  0  0  3  1  7 2902 14  3 1876  0 30428 583  0  0  0  0  0  0  0  0  0 1464 91839  0  0  3  0 7415 262 21074 243 417 263 136  0 
 3  6 19  0  1  5 11 29  0 17  0 9302  1 31638  0  0  3  0 28421 279  0 5530  0 24  0  0  0 252  0  0  0  0  0  0 1381 37  0  0 2377  0  0 73 120 3771  1 1464  0  0  0  0  0 511  0  0  0  0 108 549  6 13434 
50707  0  0  0  0  0  0  0 4555  0  0  4 114 10000  0  0  0  0 829 10698  0 38948 156  0  0  1  0  0  0 44095 206 1477  0  7  0  6  0  0  0  0  0  9  0 1883 10 91839  0  0 158 107 1430  0 9299  0  0  5  1  9  7  0 
 0 77  4  0  0  0 5014 54  0 1002  0  3  0  1  8  0 61334  0 18763 14  1  0  0  0  0 40 138  2  0  0  0  0  0  0 25  0 99741 381  0  6  0 7768  0 4985  0  0  0 158  0  0 17508  0 31 370 13043  0  4  1 56335  0 
147  6  0 56  0  0  1 55200  6 16  0 87 1892 14  0 12236  0 47571  0  0  2  0 447  0 1314  0  1 87090 17822  6  0  4 11  0  0  0  1  0  0  1 1730  0 491  0  2  0  0 107  0  0 1857  0 145  0  0  0  0 574  0  0 
30545  2  8 1971  0 18281  6 14318  5 2311  0 9890  0 906 16061  0  0  0  0 10 43 80475 173  0  0  0 246  0  7 16 2134 8593  3 32 91  0  0 16335  0  3 14041  0 2215  0 88  3  0 1430 17508 1857  0 1658 162  0  6 21 121  2  0 47 
 2  0  2  0  0  0  0  0  0  0  0  0  6 572 2110  1 669  4  0  0 9199  0  0 282  0  0 71297  0  2 25  8  0  1  0  0  0  0 110 6933  0  0  0 28 23 2711  0 511  0  0  0 1658  0  0 638 77 2303 3745 10  0  0 
19  0  0  0  0  0  4 96 12  0  0  2 107  0 92 276 253  0 10181 838  0 72  0 13  0  0 205  0  0  0 1631  0 54571  0 37 64  0 6316 4784 22 22 230 13  0 184 7415  0 9299 31 145 162  0  0 12 36487 117  0 2004  1  0 
 0  0  0  0 383  0  0 10246  0  0 69494 21 7680  0  0  7  0  2  0  4  0 119  0  0  0  0 523 29727  0 188  0  0  1  0 425 13  0 123  1  4  0  0  0 1188  0 262  0  0 370  0  0 638 12  0  0  0  1 23311  0 3663 
48  0 41 3602 95  0  0 232  0  0  0  0 9232  0 456  0  0  0 459  0  2  0  0 58423  0  0  0  0  1 29 210  5  0 16328  0  0  0  0 27  0 50  0 30343  0 16 21074  0  0 13043  0  6 77 36487  0  0 85950  0  0 230  0 
60023 20 2285  0  0 5762  0  9 220 229  0  0  0 81 1895  0 115  0  0 331  0  0  6  0  0  0  0  0  0 57 12958  0  0  1  3 55  0 24600  0  0  0 10899 2115  0 12 243  0  5  0  0 21 2303 117  0 85950  0  0 1330  0 13 
241  0 30  0  0  1 35  0  0  0 61 87 95 17 14 19214 17  3  0  0 265  0  8 16  7  0  3  0 49  0  0  0  0 38  1 919  0  0 940 14 24 88 31945  0 393 417 108  1  4  0 121 3745  0  1  0  0  0  0 301  0 
 0  0 22783 1110 38997  0 40  0 93545  0 57  0  0 36  0 56 1846  0  0  0  0  0  0  0  0  0  0  0  1  5  1  1  3  0  0  0  0 460  0  0 139  1  0  0 16 263 549  9  1 574  2 10 2004 23311  0 1330  0  0 41291  0 
14  0 1970  0 751 237  0  0  0 25  0 26  7 22 1980  0  4  0  0  0  0  0  0  0  0 7314  3  7  0 107  0  0 19620  0  0  0  0  0  0 4146 46276 303  0  2 1258 136  6  7 56335  0  0  0  1  0 230  0 301 41291  0  0 
 0  0  0 17594  3 2811 12  0  0 91  4  0 400  0  0 48 744 87  0 552  0 1421  7  2  1  0  0  0  0  0  0 82  0  0  5 52 177  0 290 79  6  0 700  0 74  0 13434  0  0  0 47  0  0 3663  0 13  0  0  0  0 

 0 104  0 8092 2965  0  0 23373 3102 53751 219  0 210  0  0  0  0  0  0 1926  0  0  3  0 196  0 1803  7  1  0  0 3433  0 4590 1485  0 11984 75102  0  0  0  0 9954  0 75  0 27401 8555  0 938  0  0 1273  0  0 31131 7690  0  0  0 
104  0  2 87039  0 11947  0  0  0 414  0 218 2006  1 18  0 172 307  0  0  0  8  0 152 42  2 14 376  0  2  4  0  0  0  0  0 22 194 251  0 3384 820  0 3757  0  0 55749 583 3940  0  0  0  0  0  0 88  0  7  2 280 
 0  2  0  4  4 3647 966 17  0 3238  0 22  2 42 2067  0  0  3  0  0  0 1169 2013  0  0 7158 286  0  0 4406 89991  0  0  0 58477  0 7148  0  0 385 84 12  0  0  3 28 13765  1  0  0 10 17963  1  0 34 34457  0 84 9891  0 
8092 87039  4  0  0 76  0 40562 75  0  0 480  3 121  0  0 114 26152 47331 95102 1302  1  0  0 5008  0  0  0 56  0  0  0  3 20 1985 116  0  0 14  0  4  9  0  0 2556  5  0  0  0 692  0  0  0 83  0 205  0 40  0  0 
2965  0  4  0  0  0 26350  0  0 25693  0  0  0  0  0  9  0 195  0 23997  5 31430 1926  0  0  0 643  0  0 135  0  0 72655  0 42564 121  0  6  0  0  1  2 1141 95404  0  0 22 10079  0  0  0  0  0  0 31 27  7 2645  0 339 
 0 11947 3647 76  0  0 1204  0 66 518  0 828 31  3 83  0  7  0 13 29851  1  0  0 14391 2312 26531  2  0 3354 578  0 15132 10  0 19  1 44  0 1731 11  0 67  0 34314  0 57 974  0  0  0  0  0  0  1  0 5208  0 71  0  0 
 0  0 966  0 26350 1204  0  0 125 7773  2  0 2523 369  0  0  2  0 1223 61  0  0  0  6  0 1128 4880 98  0 5232 443 16186 19  0 1035 339 72714  0  0  1  0  0  0  2  0 699 761 7508 69896  0  0  0  0  0  0  0  0  8  8 86163 
23373  0 17 40562  0  0  0  0  9  0  0  0 233 46 23 15952 1253 14  5 721  0  3  0  0  0  0 947  2  9 22  0  0 16522 1273 183 5080  0  0 1314 556 900 12  0  0  0 76  0 1509  0 718  0  0  0  0 346  0 3878  0 1763 19 
3102  0  0 75  0 66 125  9  0 623  0  0 43 774  0  1 24832  0 47805 86  0 44  0  2  0 313  0  0 322 424 27  0  0  0  0  0 87 10932  0  0  0 24  0  0  0 115  0  0 77  0  0  3 253  0  0 1458 34398  0  2 10988 
53751 414 3238  0 25693 518 7773  0 623  0  0  0 577 13 4788 136 171  0 20  0 84 426 2433 2052  0 3844 162 184  1  0  0  0 1434 44  4 93 14853  0  0 3483  0  0  4  0 15  1  0 200 10  6 639  0  0 13717  0 229  0 78 82 38021 
219  0  0  0  0  0  2  0  0  0  0 3198 36 23 190  0 44 329  0  0 140 5592  0 1260  0 150 7642  6  0  1 12  5 12 41  0 234  0  2  0 359  0  4 20  0 92  0  0  0  0  0 821  0 75 5126  0  0 1206 95920 178  0 
 0 218 22 480  0 828  0  0  0  0 3198  0 7054  0  0  0  4 90926  3 32849 159  0  0  0  0 115  0  2 396  0  0  0  0 64472  0  0 5761  0  0  0 151  0 338 156  0  0 12 226  0 11619 1019  0  5  0 23  0  0  0 9489  0 
210 2006  2  3  0 31 2523 233 43 577 36 7054  0  0 59 20620 117 275 48330 12 213 78  0 35  4 26  1 47 60  0  6  0  1 84035  0  0 26450  0  0  0  0  1 1553  0  0 18  1 1226  2 13882  0 78553  1  0 736  0  0  0 71  0 
