n_fac = 60
n_k = 4
corr[1] = 0.000000
corr[2] = 0.000000
corr[3] = 0.000000
overlap = 1.000000
A = -5
B = 5
M = 0
m = 100
K = 1
seed = 23453464
fd1 = 325.284353
fd2 = 314.196583
fd3 = 332.463218
fd4 = 327.184622
dd = 56.273446
