fd1 = 61.605295
fd2 = 56.485155
fd3 = 56.765110
dd = 59.164131
