fd1 = 58.141565
fd2 = 59.291461
dd = 59.164131
