n_fac = 60
n_k = 2
corr[1] = 0.300000
overlap = 1.000000
A = -5
B = 5
M = 0
m = 100
K = 1
seed = 23453464
fd1 = 307.096819
fd2 = 345.017773
dd = 56.273446
