fd1 = 61.605295
fd2 = 54.944794
fd3 = 55.765412
dd = 59.164131
