fd1 = 58.118428
fd2 = 59.054651
dd = 59.164131
