n_fac = 60
n_k = 2
corr[1] = -0.800000
overlap = 1.000000
A = -5
B = 5
M = 0
m = 100
K = 1
seed = 23453464
fd1 = 337.810701
fd2 = 341.091435
dd = 56.273446
