fd1 = 59.873815
fd2 = 59.648550
fd3 = 59.472146
fd4 = 58.857371
dd = 59.164131
