n_fac = 60
n_k = 4
corr[1] = -0.500000
corr[2] = -0.500000
corr[3] = -0.500000
overlap = 1.000000
A = -5
B = 5
M = 0
m = 100
K = 1
seed = 23453464
fd1 = 318.529149
fd2 = 368.743680
fd3 = 391.100124
fd4 = 366.165222
dd = 56.273446
