fd1 = 59.665775
fd2 = 59.520656
fd3 = 58.589486
dd = 59.164131
