fd1 = 59.011253
fd2 = 55.598840
dd = 59.164131
