n_fac = 60
n_k = 3
corr[1] = 0.000000
corr[2] = 0.000000
overlap = 1.000000
A = -5
B = 5
M = 0
m = 100
K = 1
seed = 23453464
fd1 = 330.841548
fd2 = 310.340007
fd3 = 325.806038
dd = 56.273446
