Final time of Execution: 0:20:49.727561
inf
4256998.0, 11744710.0, 1, inf
8113824.0, 5647268.0, 1, 0.567618607498
5495326.0, 7463026.0, 1, 0.548122286172
6986654.0, 6359194.0, 1, 0.529268946189
4584790.0, 8567970.0, 1, 0.508306305588
9910364.0, 3559074.0, 1, 0.477904155745
9324240.0, 3913240.0, 1, 0.460267365345
4305020.0, 10610112.0, 1, 0.406354950585
14591810.0, 3307932.0, 2, inf
4520108.0, 10626844.0, 2, inf
5024714.0, 13805764.0, 2, inf
10943450.0, 4911394.0, 2, 0.544555291366
5311632.0, 11563664.0, 2, 0.355090993824
8752482.0, 6790998.0, 2, 0.323454467147
7692692.0, 7203778.0, 2, 0.289781228832
7060984.0, 8070008.0, 2, 0.270271313566
5551204.0, 8708502.0, 2, 0.244428258131
9534274.0, 5727706.0, 2, 0.199958720801
10528068.0, 5318572.0, 2, 0.188100030643
6039526.0, 8317930.0, 2, 0.172820030701
9534274.0, 5727706.0, 2, 0.11659582011
5572206.0, 8332476.0, 2, 0.0856895713195
10671616.0, 4938526.0, 2, 0.0800293488545
5365098.0, 15475948.0, 3, inf
11612148.0, 7017686.0, 3, inf
4714104.0, 14647278.0, 3, inf
13797772.0, 7625786.0, 3, inf
7022000.0, 10772164.0, 3, 0.540200362387
7943106.0, 9340728.0, 3, 0.331151610455
6169966.0, 12258824.0, 3, 0.327445052087
10773184.0, 8377138.0, 3, 0.251585060749
12855520.0, 8043358.0, 3, 0.235199804309
5074834.0, 13610964.0, 3, 0.214691734836
8518832.0, 7611266.0, 3, 0.20197833559
8316518.0, 9176588.0, 3, 0.177303274923
5106850.0, 12877138.0, 3, 0.163824609445
4974488.0, 14569808.0, 3, 0.162232846401
13626548.0, 7969154.0, 3, 0.153098877869
9806410.0, 7304714.0, 3, 0.143551346421
9806410.0, 7304714.0, 3, 0.142672820194
5412652.0, 14652458.0, 3, 0.117055144056
5820278.0, 12495572.0, 3, 0.104871970299
11230816.0, 8082826.0, 3, 0.0920172493083
5705280.0, 8374952.0, 3, 0.0658220338546
5538446.0, 12422796.0, 3, 0.0602048870693
11252926.0, 7289448.0, 3, 0.0413507816274
11252926.0, 7289448.0, 3, 0.0345638072638
13797772.0, 7625786.0, 4, inf
5112672.0, 16079236.0, 4, inf
13965810.0, 8531260.0, 4, inf
6552146.0, 22819606.0, 4, inf
6327154.0, 21057254.0, 4, 0.475366147664
6271144.0, 12843346.0, 4, 0.363570176832
12855520.0, 8043358.0, 4, 0.323771716449
11179964.0, 8945180.0, 4, 0.237922329491
6126334.0, 16014238.0, 4, 0.233549943511
8332526.0, 10624648.0, 4, 0.195782358135
8575446.0, 10690376.0, 4, 0.18574582066
5845686.0, 9640932.0, 4, 0.15868498673
7453648.0, 8503260.0, 4, 0.153993931
9812068.0, 9582632.0, 4, 0.121445927904
9999580.0, 9027728.0, 4, 0.120049189328
7104482.0, 8683838.0, 4, 0.113437193997
10718794.0, 8708480.0, 4, 0.105735358692
9091028.0, 9320940.0, 4, 0.103077271791
8684168.0, 8299082.0, 4, 0.0549042650395
10855874.0, 8707640.0, 4, 0.0537129778576
8982200.0, 9213056.0, 4, 0.0523040333641
8798822.0, 8052414.0, 4, 0.0504947861628
6027892.0, 8844586.0, 4, 0.0399727647022
5910370.0, 9354968.0, 4, 0.0378045327638
6210526.0, 16078424.0, 4, 0.0206348356157
9714836.0, 8134480.0, 5, inf
7012246.0, 22090628.0, 5, inf
13759914.0, 9411336.0, 5, inf
5224720.0, 16380288.0, 5, inf
7319008.0, 17152554.0, 5, 0.447034708206
7520356.0, 12843048.0, 5, 0.393551541314
13127334.0, 9480828.0, 5, 0.346327020081
11033596.0, 9786844.0, 5, 0.339974687714
8035290.0, 11038646.0, 5, 0.246039670576
6522990.0, 11819884.0, 5, 0.237961985272
10627096.0, 10388854.0, 5, 0.180887982633
9100668.0, 8706778.0, 5, 0.158471528738
8954580.0, 10659790.0, 5, 0.135476245349
7354702.0, 12000674.0, 5, 0.0969031043822
6667422.0, 10731260.0, 5, 0.0844683610011
7031460.0, 10137352.0, 5, 0.0721105575647
8982200.0, 9213056.0, 5, 0.05836846593
9021878.0, 10291634.0, 5, 0.031900817373
13693312.0, 11365764.0, 6, inf
11916428.0, 8134914.0, 6, inf
6210454.0, 21487444.0, 6, inf
6618798.0, 17257496.0, 6, 0.540762284153
8083024.0, 15404882.0, 6, 0.249824329592
10734042.0, 11482742.0, 6, 0.185048857265
8761714.0, 10228700.0, 6, 0.184154998501
10042290.0, 8406930.0, 6, 0.171828367918
9812068.0, 9582632.0, 6, 0.170990029104
Generacion: 2
2980146.0, 12638092.0, 1, inf
7205472.0, 2450744.0, 1, inf
5030338.0, 3602260.0, 1, 0.801117764204
3542124.0, 6492144.0, 1, 0.742631279577
3552500.0, 6452606.0, 1, 0.635886650917
6474060.0, 3483372.0, 1, 0.456250956219
5737124.0, 3558514.0, 1, 0.353353146786
4256998.0, 11744710.0, 2, inf
12442514.0, 3072428.0, 2, inf
6986654.0, 6359194.0, 2, 0.510601448589
8113824.0, 5647268.0, 2, 0.494801787197
9910364.0, 3559074.0, 2, 0.452244930352
9324240.0, 3913240.0, 2, 0.414321575245
4305020.0, 10610112.0, 2, 0.390150219235
5495326.0, 7463026.0, 2, 0.345602863902
5572206.0, 8332476.0, 2, 0.302775617813
5551204.0, 8708502.0, 2, 0.244871396413
4584790.0, 8567970.0, 2, 0.18877564457
9534274.0, 5727706.0, 2, 0.153697133808
14591810.0, 3307932.0, 3, inf
6552146.0, 22819606.0, 3, inf
4520108.0, 10626844.0, 3, inf
6327154.0, 21057254.0, 3, 0.280983202058
7319008.0, 17152554.0, 3, 0.280015717025
11612148.0, 7017686.0, 3, 0.180274028625
12855520.0, 8043358.0, 3, 0.154707104682
9534274.0, 5727706.0, 3, 0.146492756471
7012246.0, 22090628.0, 3, 0.136973855991
10528068.0, 5318572.0, 3, 0.102751416907
10943450.0, 4911394.0, 3, 0.101215851417
13965810.0, 8531260.0, 3, 0.088093381775
13127334.0, 9480828.0, 3, 0.0853330477437
9999580.0, 9027728.0, 3, 0.0829502453067
13626548.0, 7969154.0, 3, 0.077596008103
8752482.0, 6790998.0, 3, 0.0774970167684
4974488.0, 14569808.0, 3, 0.0739686163111
8083024.0, 15404882.0, 3, 0.0701275791389
6210526.0, 16078424.0, 3, 0.0683860229435
5106850.0, 12877138.0, 3, 0.0628526930638
5024714.0, 13805764.0, 3, 0.0591052295966
9091028.0, 9320940.0, 3, 0.0574181821413
5412652.0, 14652458.0, 3, 0.0560396328903
7692692.0, 7203778.0, 3, 0.0559022122412
5074834.0, 13610964.0, 3, 0.0557484797142
5311632.0, 11563664.0, 3, 0.0521856732088
4714104.0, 14647278.0, 3, 0.0493504455006
7354702.0, 12000674.0, 3, 0.0489960492395
11033596.0, 9786844.0, 3, 0.0489252265331
8035290.0, 11038646.0, 3, 0.044315002735
6126334.0, 16014238.0, 3, 0.0438288574188
11252926.0, 7289448.0, 3, 0.0430348320283
7520356.0, 12843048.0, 3, 0.041558114421
5365098.0, 15475948.0, 3, 0.0412604113879
5538446.0, 12422796.0, 3, 0.041188132673
8518832.0, 7611266.0, 3, 0.0405744409872
13797772.0, 7625786.0, 3, 0.0387852693375
13693312.0, 11365764.0, 3, 0.0360021825644
7943106.0, 9340728.0, 3, 0.0357598807769
5820278.0, 12495572.0, 3, 0.0354791330422
7104482.0, 8683838.0, 3, 0.0346584251629
8316518.0, 9176588.0, 3, 0.0342708893541
8332526.0, 10624648.0, 3, 0.0322846828026
10627096.0, 10388854.0, 3, 0.0313200292929
5705280.0, 8374952.0, 3, 0.0310170504959
6169966.0, 12258824.0, 3, 0.0299935927155
10671616.0, 4938526.0, 3, 0.029972948623
7031460.0, 10137352.0, 3, 0.0297418251436
8684168.0, 8299082.0, 3, 0.0296269671504
11179964.0, 8945180.0, 3, 0.0289678742241
9806410.0, 7304714.0, 3, 0.0278022655802
9812068.0, 9582632.0, 3, 0.0273850284472
6027892.0, 8844586.0, 3, 0.0249548508455
7453648.0, 8503260.0, 3, 0.0243464318239
9021878.0, 10291634.0, 3, 0.0236951454231
8575446.0, 10690376.0, 3, 0.0221752160685
5910370.0, 9354968.0, 3, 0.0217096413862
8954580.0, 10659790.0, 3, 0.0214633523357
8798822.0, 8052414.0, 3, 0.021431772295
7022000.0, 10772164.0, 3, 0.0197570354676
5845686.0, 9640932.0, 3, 0.0194112066402
11230816.0, 8082826.0, 3, 0.0189846132824
10773184.0, 8377138.0, 3, 0.0186724265475
10855874.0, 8707640.0, 3, 0.0181683212383
13759914.0, 9411336.0, 3, 0.0168221305915
9806410.0, 7304714.0, 3, 0.0162729815897
10734042.0, 11482742.0, 3, 0.0155429248048
8982200.0, 9213056.0, 3, 0.0140801271042
6039526.0, 8317930.0, 3, 0.0136625589724
6271144.0, 12843346.0, 3, 0.0133269298902
10718794.0, 8708480.0, 3, 0.0132168279189
7060984.0, 8070008.0, 3, 0.00880887113973
6210454.0, 21487444.0, 4, inf
13797772.0, 7625786.0, 4, inf
11252926.0, 7289448.0, 4, inf
5112672.0, 16079236.0, 4, inf
6522990.0, 11819884.0, 4, 0.423687801215
6618798.0, 17257496.0, 4, 0.376339498231
6667422.0, 10731260.0, 4, 0.358805780111
8761714.0, 10228700.0, 4, 0.347423608564
12855520.0, 8043358.0, 4, 0.252446002743
Generacion: 3
2566714.0, 19310612.0, 1, inf
5387394.0, 2440766.0, 1, inf
3474250.0, 6043722.0, 1, 1.17840341091
2980146.0, 12638092.0, 1, 0.710581482605
4784558.0, 3550386.0, 1, 0.655023640793
2783054.0, 13897236.0, 1, 0.301466226518
4987012.0, 3254834.0, 1, 0.236806400065
2669380.0, 15865160.0, 1, 0.193938236003
2607682.0, 17333316.0, 1, 0.123565284123
2622770.0, 16210322.0, 1, 0.108901866405
2576862.0, 18020284.0, 1, 0.0899337622578
4902328.0, 3534584.0, 1, 0.0892944346115
2566840.0, 18606218.0, 1, 0.0800849564114
3056834.0, 15113448.0, 2, inf
7205472.0, 2450744.0, 2, inf
3602770.0, 6742532.0, 2, 1.55858215128
5737124.0, 3558514.0, 2, 1.20733736885
12442514.0, 3072428.0, 3, inf
3273260.0, 15908198.0, 3, inf
4019112.0, 12670726.0, 3, 0.364965609071
4305020.0, 10610112.0, 3, 0.30809685204
8057790.0, 6351970.0, 3, 0.289386688964
4119220.0, 14110492.0, 3, 0.283403818518
9328484.0, 5072202.0, 3, 0.248244587018
6363280.0, 6944146.0, 3, 0.234938877189
5770638.0, 7650988.0, 3, 0.232139177694
7730658.0, 6798570.0, 3, 0.213127472175
10551544.0, 4490178.0, 3, 0.188705682925
11776022.0, 3804378.0, 3, 0.171825807228
5064150.0, 8700058.0, 3, 0.167265218213
4586882.0, 9370732.0, 3, 0.166914631779
10998926.0, 3165380.0, 3, 0.156202304957
9904458.0, 3898608.0, 3, 0.141342346916
6172466.0, 8372332.0, 3, 0.126960920494
6185370.0, 5091492.0, 3, 0.120513450103
4668332.0, 8976224.0, 3, 0.104301299294
10802020.0, 3713928.0, 3, 0.0985741371771
7894478.0, 3906490.0, 3, 0.0817646702364
14591810.0, 3307932.0, 4, inf
5708380.0, 21756292.0, 4, inf
4432646.0, 12857310.0, 4, inf
12907404.0, 3319836.0, 4, 0.325662508622
6424744.0, 21211686.0, 4, 0.315665709488
11543166.0, 5544658.0, 4, 0.294455189737
6577588.0, 16144250.0, 4, 0.280469593115
12196510.0, 8532682.0, 4, 0.113531701419
7520356.0, 12843048.0, 4, 0.10523494551
5609028.0, 11778288.0, 4, 0.103783303263
4714104.0, 14647278.0, 4, 0.094385880735
6338458.0, 15327124.0, 4, 0.0939934740012
10974952.0, 9001964.0, 4, 0.0933118847466
8094312.0, 8100112.0, 4, 0.0920872294344
12515074.0, 9257574.0, 4, 0.0805453597463
10717726.0, 6919376.0, 4, 0.0797253283371
8048752.0, 10679024.0, 4, 0.0793148896715
6854410.0, 14126166.0, 4, 0.0787480866825
10219338.0, 7219754.0, 4, 0.0778086470141
9396542.0, 8565496.0, 4, 0.0773883312525
7849352.0, 13853170.0, 4, 0.0746083206055
10212486.0, 9612834.0, 4, 0.070796859613
6210526.0, 16078424.0, 4, 0.0702698316422
8094012.0, 6533784.0, 4, 0.0702119810258
6613670.0, 13187484.0, 4, 0.0702001980299
7374450.0, 9461030.0, 4, 0.0684399719855
8589764.0, 11087602.0, 4, 0.0674896788281
8647350.0, 10015012.0, 4, 0.0664204977413
9802392.0, 8235942.0, 4, 0.0645283551581
5311632.0, 11563664.0, 4, 0.0606498506824
9795140.0, 7437336.0, 4, 0.0567789388044
5910370.0, 9354968.0, 4, 0.0564346876839
9178514.0, 11495202.0, 4, 0.0490742908121
5077506.0, 14463002.0, 4, 0.0471759482607
4974488.0, 14569808.0, 4, 0.0457596037031
9040010.0, 9159974.0, 4, 0.0415638102577
8896824.0, 9386838.0, 4, 0.0384511932605
9706290.0, 6792036.0, 4, 0.0369119021001
10835746.0, 9466072.0, 4, 0.0335481935786
8681214.0, 11648884.0, 4, 0.033231414511
6571836.0, 11064968.0, 4, 0.030397599712
6493770.0, 13935438.0, 4, 0.0292765969463
6594382.0, 11305762.0, 4, 0.0256457750383
6759156.0, 9002320.0, 4, 0.0250378011076
7866430.0, 9412780.0, 4, 0.0236492033672
9710362.0, 6757220.0, 4, 0.0227444410725
6781020.0, 14310582.0, 4, 0.0194341866218
6377316.0, 14311720.0, 4, 0.0167553964139
6210526.0, 16078424.0, 4, 0.0161608905045
8677410.0, 6868308.0, 4, 0.0102358557208
11350914.0, 22969974.0, 5, inf
7319648.0, 17884992.0, 5, inf
15387196.0, 16868864.0, 5, inf
12616888.0, 9699054.0, 5, inf
13876158.0, 21867840.0, 5, 0.362900849442
12894372.0, 20173660.0, 5, 0.212568454144
14861500.0, 10130128.0, 5, 0.21000730224
8293976.0, 15672062.0, 5, 0.199457284891
12906826.0, 10480980.0, 5, 0.185059668935
11045706.0, 20229030.0, 5, 0.184702452705
9803460.0, 12755900.0, 5, 0.178009910854
14168294.0, 13332878.0, 5, 0.159583479899
Generacion: 4
2566714.0, 19310612.0, 1, inf
5477662.0, 2421724.0, 1, inf
4312468.0, 2570766.0, 1, 0.593423292391
3531628.0, 7122048.0, 1, 0.390560640798
3796504.0, 3232918.0, 1, 0.372366961354
5387394.0, 2440766.0, 1, 0.370397566614
3524982.0, 10886888.0, 1, 0.341940177362
3759236.0, 5649860.0, 1, 0.32127048365
2928992.0, 12619416.0, 1, 0.316380440286
3218930.0, 11082810.0, 1, 0.307324761189
2783054.0, 13897236.0, 1, 0.271514690963
2669380.0, 15865160.0, 1, 0.249128181155
2698040.0, 15865048.0, 1, 0.155572330554
5387394.0, 2440766.0, 1, 0.0387071979265
12442514.0, 3072428.0, 2, inf
5919682.0, 2770978.0, 2, inf
2980146.0, 12638092.0, 2, inf
4902328.0, 3534584.0, 2, 0.58453562021
4268786.0, 8273566.0, 2, 0.582804335524
3962096.0, 11716304.0, 2, 0.542946310054
4104306.0, 8453024.0, 2, 0.381321878377
4987012.0, 3254834.0, 2, 0.126917991407
4987012.0, 3254834.0, 2, 0.0274358132805
5570648.0, 3281260.0, 3, inf
4607186.0, 17318132.0, 3, inf
3056834.0, 15113448.0, 3, inf
13425618.0, 4075162.0, 3, inf
10446732.0, 4376176.0, 3, 0.310485211881
7888386.0, 5986354.0, 3, 0.229321916855
9607528.0, 4472952.0, 3, 0.190006593374
3781704.0, 15873214.0, 3, 0.182255073045
3273260.0, 15908198.0, 3, 0.17284619371
6422750.0, 11093360.0, 3, 0.156219863264
5770638.0, 7650988.0, 3, 0.146333441091
8039308.0, 4514788.0, 3, 0.144956255412
8304936.0, 6849738.0, 3, 0.133959690107
8446544.0, 4491494.0, 3, 0.128606739046
6409670.0, 12938552.0, 3, 0.115433478465
6374602.0, 9944408.0, 3, 0.114676671583
7386304.0, 9020028.0, 3, 0.114565814718
6197630.0, 13986626.0, 3, 0.113733391809
10331498.0, 3908568.0, 3, 0.109172205409
5064150.0, 8700058.0, 3, 0.105202520332
6787766.0, 11741222.0, 3, 0.104689377043
4696426.0, 8295540.0, 3, 0.0994860221523
6019960.0, 15155726.0, 3, 0.0953069744205
4863806.0, 13880150.0, 3, 0.091409884466
7047314.0, 9402106.0, 3, 0.0863385031551
7219068.0, 9648070.0, 3, 0.0713274285189
8287180.0, 3617786.0, 3, 0.0703080609593
6288222.0, 12325006.0, 3, 0.0661640339154
5014992.0, 11625394.0, 3, 0.0564895523308
4870042.0, 12249394.0, 3, 0.0505759117265
10434688.0, 4163720.0, 3, 0.0325580713136
4956986.0, 4030444.0, 3, 0.0258477735678
5399572.0, 18682670.0, 4, inf
15329218.0, 7321030.0, 4, inf
10451308.0, 4769130.0, 4, inf
3973642.0, 17252818.0, 4, inf
14160172.0, 12328532.0, 4, 0.287023786853
12307718.0, 8940124.0, 4, 0.209558424456
11930640.0, 6047350.0, 4, 0.134335098247
11715176.0, 14394936.0, 4, 0.132403851902
4213420.0, 18641184.0, 4, 0.128803443591
12218212.0, 8367068.0, 4, 0.109580170906
5756338.0, 17986746.0, 4, 0.109433223843
10851124.0, 6922282.0, 4, 0.107511627078
12293332.0, 11323622.0, 4, 0.105984870131
7520356.0, 12843048.0, 4, 0.102672718866
8875982.0, 10325354.0, 4, 0.0925187593223
6825072.0, 18637694.0, 4, 0.0918648261561
6568814.0, 18528906.0, 4, 0.0898629247211
5950150.0, 16375384.0, 4, 0.0844934283001
6191446.0, 15156262.0, 4, 0.077885575317
10226104.0, 14669786.0, 4, 0.0751462032077
8261720.0, 15994812.0, 4, 0.0711398507496
7700054.0, 16637294.0, 4, 0.0668517711992
8940342.0, 13331168.0, 4, 0.0662762237507
8077216.0, 10179090.0, 4, 0.059979702236
9381364.0, 12866882.0, 4, 0.0595524659284
6242798.0, 15706236.0, 4, 0.0584499808568
8752482.0, 6790998.0, 4, 0.0561374652225
9513892.0, 8437632.0, 4, 0.0561202104964
10844250.0, 11746006.0, 4, 0.0559899777545
9758718.0, 12205484.0, 4, 0.0548311914469
10045858.0, 12496876.0, 4, 0.0536362092699
8699214.0, 9564902.0, 4, 0.0523729775154
8587204.0, 15394880.0, 4, 0.0517971852968
9758360.0, 16825778.0, 4, 0.0503514481981
9550940.0, 11917896.0, 4, 0.0484715439813
10700344.0, 12510422.0, 4, 0.047849733135
7911906.0, 13670288.0, 4, 0.0474255466748
8434632.0, 18100820.0, 4, 0.0456636858821
9236020.0, 14104686.0, 4, 0.0454851023973
9073748.0, 13938386.0, 4, 0.045434597812
8371174.0, 9851004.0, 4, 0.0452835224776
10219338.0, 7219754.0, 4, 0.0445318965756
8483204.0, 9157762.0, 4, 0.0443924739572
11910512.0, 6357798.0, 4, 0.0395818768733
11893438.0, 6279894.0, 4, 0.0395144231386
Generacion: 5
2566714.0, 19310612.0, 1, inf
5477662.0, 2421724.0, 1, inf
5477662.0, 2421724.0, 1, inf
3503144.0, 7974866.0, 1, 0.837983441598
4312468.0, 2570766.0, 1, 0.609236370283
2928992.0, 12619416.0, 1, 0.60503000436
3748920.0, 3223908.0, 1, 0.59800726121
2644934.0, 15588150.0, 1, 0.38785796989
5387394.0, 2440766.0, 1, 0.370397566614
2715250.0, 13621906.0, 1, 0.273362955063
5387394.0, 2440766.0, 1, 0.0387071979265
5555440.0, 2441012.0, 2, inf
2669380.0, 15865160.0, 2, inf
11968082.0, 2819738.0, 2, inf
3951166.0, 6816258.0, 2, 0.698042147602
9543670.0, 3023852.0, 2, 0.55417970819
3846670.0, 12199806.0, 2, 0.538109014359
4521696.0, 3262164.0, 2, 0.3556806029
7096106.0, 2446634.0, 2, 0.29450070573
2743888.0, 13621992.0, 2, 0.273813124268
6911182.0, 3238778.0, 2, 0.166812910969
2980146.0, 12638092.0, 2, 0.166480921902
4146588.0, 3225660.0, 2, 0.0773662768148
5067528.0, 2594020.0, 2, 0.071112660052
2980146.0, 12638092.0, 2, 0.0580567060548
5389824.0, 3240786.0, 2, 0.0536670328425
4987012.0, 3254834.0, 2, 0.0510874350784
4987012.0, 3254834.0, 2, 0.00920487385112
5570648.0, 3281260.0, 3, inf
12923856.0, 5161328.0, 3, inf
3355054.0, 17880292.0, 3, inf
7890176.0, 10325372.0, 3, 0.282318073783
6816914.0, 9469856.0, 3, 0.220411593834
11885252.0, 4802406.0, 3, 0.212957514567
5131168.0, 11811446.0, 3, 0.20041271445
3798038.0, 15079394.0, 3, 0.172031392528
11042412.0, 4818220.0, 3, 0.160568953914
9225190.0, 6372664.0, 3, 0.154337476644
8214912.0, 8632432.0, 3, 0.130581506101
8588974.0, 4823382.0, 3, 0.129082512157
6427898.0, 8256784.0, 3, 0.128470547278
3973338.0, 7113908.0, 3, 0.122519712897
10362548.0, 3880570.0, 3, 0.115519181045
4696990.0, 16434192.0, 3, 0.113708016729
5589086.0, 15865674.0, 3, 0.105128098373
9549858.0, 6077114.0, 3, 0.103175048025
4782412.0, 13905222.0, 3, 0.100852223442
6239982.0, 4030872.0, 3, 0.0986340953331
10191550.0, 4314974.0, 3, 0.0984321500349
3612164.0, 17255942.0, 3, 0.0951221944279
9780426.0, 4579748.0, 3, 0.0949657905234
5043894.0, 13146616.0, 3, 0.0851929705453
5688608.0, 6952012.0, 3, 0.0840887230604
4197918.0, 12654268.0, 3, 0.0839571143034
4115204.0, 17116764.0, 3, 0.0796442983857
3388280.0, 13808480.0, 3, 0.0788323725795
4514378.0, 12927356.0, 3, 0.0784747132953
4829016.0, 9338560.0, 3, 0.0689707971411
4268786.0, 8273566.0, 3, 0.0588030817108
5435150.0, 3301164.0, 3, 0.0568906581382
4196830.0, 6879360.0, 3, 0.0483281342657
9602324.0, 6092194.0, 3, 0.0443402992732
6347692.0, 3642556.0, 3, 0.0376663116589
4893498.0, 3540350.0, 3, 0.034517313289
7983586.0, 3441298.0, 3, 0.0317806007563
8037506.0, 3617380.0, 3, 0.0311758972453
6799610.0, 18693904.0, 4, inf
11154978.0, 7888008.0, 4, inf
16465926.0, 14928830.0, 4, inf
4274394.0, 17327642.0, 4, inf
13518794.0, 9217324.0, 4, 0.339596992722
5754730.0, 17272340.0, 4, 0.262086126163
7619464.0, 11823518.0, 4, 0.160946928364
9149848.0, 17998614.0, 4, 0.140610458296
9238506.0, 16368508.0, 4, 0.136708284902
7870326.0, 14520050.0, 4, 0.115535083154
11971760.0, 11025036.0, 4, 0.115453136361
6387502.0, 15253326.0, 4, 0.112120598492
10808670.0, 8838604.0, 4, 0.106867886023
8940342.0, 13331168.0, 4, 0.102824872208
10949916.0, 13788010.0, 4, 0.0981982988639
10215422.0, 15767968.0, 4, 0.0968208428422
10729718.0, 10143196.0, 4, 0.0956236425215
12928624.0, 14804200.0, 4, 0.0934591080444
12307718.0, 8940124.0, 4, 0.0862692597589
8491516.0, 9474506.0, 4, 0.0840788361254
9879834.0, 12107314.0, 4, 0.0826483889649
6886216.0, 11074374.0, 4, 0.0745905622657
11950750.0, 11198532.0, 4, 0.0740375572719
10582460.0, 13682274.0, 4, 0.0734364375772
10709468.0, 17438758.0, 4, 0.0731184963834
7824016.0, 12838692.0, 4, 0.071867160507
8379412.0, 12496190.0, 4, 0.069317705468
9525832.0, 15495768.0, 4, 0.068077117056
9897742.0, 16016566.0, 4, 0.0676340528656
11135276.0, 11199352.0, 4, 0.0655743446255
12840582.0, 13154668.0, 4, 0.061746629806
11060654.0, 9888852.0, 4, 0.0556524693765
8182494.0, 15110660.0, 4, 0.047976446536
12606426.0, 15210328.0, 4, 0.0479600109148
Generacion: 6
5477662.0, 2421724.0, 1, inf
5477662.0, 2421724.0, 1, inf
2576862.0, 18020284.0, 1, inf
3259244.0, 4587934.0, 1, 0.777654975384
2900572.0, 12618908.0, 1, 0.665475002988
4907154.0, 2563364.0, 1, 0.41123508249
4312468.0, 2570766.0, 1, 0.295635847618
3447816.0, 3431322.0, 1, 0.272078994869
3796504.0, 3232918.0, 1, 0.263088841009
4051608.0, 2574304.0, 1, 0.220319112673
2617178.0, 17689116.0, 1, 0.156946193728
2644934.0, 15588150.0, 1, 0.151521774751
2830448.0, 12662608.0, 1, 0.0986577980994
2676260.0, 14159082.0, 1, 0.0956585121413
2675754.0, 14901658.0, 1, 0.0951508305534
2774270.0, 13478660.0, 1, 0.0945625450001
2662018.0, 15566714.0, 1, 0.0546346151612
2591780.0, 17750458.0, 1, 0.0351289126732
2715250.0, 13621906.0, 1, 0.0346112829977
2715754.0, 13520900.0, 1, 0.0295293950027
2715250.0, 13621906.0, 1, 0.0199164610047
5477662.0, 2421724.0, 1, 0.0
5477662.0, 2421724.0, 1, 0.0
7735472.0, 2853164.0, 2, inf
2669380.0, 15865160.0, 2, inf
7552138.0, 2435722.0, 2, inf
2928992.0, 12619416.0, 2, 0.658080511938
3944798.0, 7967770.0, 2, 0.63388993129
5478828.0, 6089682.0, 2, 0.482794801568
6493640.0, 4082096.0, 2, 0.331176754607
2743888.0, 13621992.0, 2, 0.292933766579
4782492.0, 4575632.0, 2, 0.223031411225
3951166.0, 6816258.0, 2, 0.220414440713
4352952.0, 2887738.0, 2, 0.193582230435
6858972.0, 2617978.0, 2, 0.185675321511
6763334.0, 3249146.0, 2, 0.161048993146
4893006.0, 4291634.0, 2, 0.148697601753
7629502.0, 2450648.0, 2, 0.049759826169
4851644.0, 4416452.0, 2, 0.0429618704522
3444892.0, 17074034.0, 3, inf
13340338.0, 3636638.0, 3, inf
11353254.0, 3373268.0, 3, inf
3464552.0, 18576092.0, 3, inf
7967810.0, 15534000.0, 3, 0.217308484583
6264884.0, 12433136.0, 3, 0.193378160781
6892728.0, 10887412.0, 3, 0.152949963867
4323688.0, 17266366.0, 3, 0.142216456498
12169246.0, 3392698.0, 3, 0.136327598072
4516602.0, 10391082.0, 3, 0.125707997163
8092852.0, 14014598.0, 3, 0.125074490953
5237086.0, 8250232.0, 3, 0.121654812137
8662818.0, 6994484.0, 3, 0.120045605203
10015756.0, 5196990.0, 3, 0.10995602415
3982760.0, 7936402.0, 3, 0.10959054274
7230370.0, 11653190.0, 3, 0.100063297129
11176584.0, 4774868.0, 3, 0.0983145481225
5959480.0, 6245342.0, 3, 0.0976752417412
5185920.0, 13610772.0, 3, 0.09578703562
7619464.0, 11823518.0, 3, 0.092738331384
10752742.0, 6095670.0, 3, 0.0920159136691
8902350.0, 7904076.0, 3, 0.0907283973394
5208694.0, 18541916.0, 3, 0.0890783940803
11313746.0, 3740424.0, 3, 0.0885967081306
9225190.0, 6372664.0, 3, 0.0839209241215
6956892.0, 9681054.0, 3, 0.082916487727
4874808.0, 8641066.0, 3, 0.0720779299462
9372484.0, 5887692.0, 3, 0.0708790672451
11549152.0, 3407990.0, 3, 0.0701836116251
12013916.0, 3699374.0, 3, 0.0694913412601
8214912.0, 8632432.0, 3, 0.0647853564139
9515872.0, 5446140.0, 3, 0.0568982281138
7337756.0, 5295186.0, 3, 0.0557089142535
8532002.0, 3444682.0, 3, 0.0517751419456
11042412.0, 4818220.0, 3, 0.0495562627884
7933860.0, 9489114.0, 3, 0.0476761489749
4782412.0, 13905222.0, 3, 0.0464648001327
7747780.0, 9649252.0, 3, 0.0443970726728
10818324.0, 4977852.0, 3, 0.0434685820844
9834662.0, 3603338.0, 3, 0.0432622462065
5195600.0, 9239146.0, 3, 0.0431174830937
6142480.0, 9262482.0, 3, 0.04035522856
5100748.0, 13806850.0, 3, 0.0389968023911
9029662.0, 3607422.0, 3, 0.0331760588309
9653034.0, 3611714.0, 3, 0.0307030684379
9549858.0, 6077114.0, 3, 0.0264752273923
6028254.0, 13743644.0, 3, 0.0249381624391
6023332.0, 17199990.0, 3, 0.019601136334
8744954.0, 6079462.0, 3, 0.0193331369144
8145314.0, 13858530.0, 3, 0.0188056069426
8723118.0, 3506980.0, 3, 0.0187363396792
5208110.0, 5034032.0, 3, 0.0157375306105
6965944.0, 19522644.0, 4, inf
14983458.0, 7276158.0, 4, inf
12002154.0, 6173424.0, 4, inf
10906760.0, 10973714.0, 4, 0.319119346769
13768098.0, 14965522.0, 4, 0.31885037328
10900700.0, 14008732.0, 4, 0.301919654657
12317886.0, 17775164.0, 4, 0.252578456999
12928624.0, 14804200.0, 4, 0.213611558302
7758022.0, 18057290.0, 4, 0.198999158276
Generacion: 7
5477662.0, 2421724.0, 1, inf
2591780.0, 17750458.0, 1, inf
5477662.0, 2421724.0, 1, inf
2591780.0, 17750458.0, 1, inf
3109928.0, 4395008.0, 1, 0.651751483967
2900572.0, 12618908.0, 1, 0.560801215503
3796504.0, 3232918.0, 1, 0.355754524919
4929820.0, 2499956.0, 1, 0.30447804337
4312468.0, 2570766.0, 1, 0.255843331974
3447816.0, 3431322.0, 1, 0.245154249896
4398266.0, 2507500.0, 1, 0.218540857633
5271006.0, 2475908.0, 1, 0.194938822447
2669380.0, 15865160.0, 1, 0.161521170827
2617178.0, 17689116.0, 1, 0.149880635698
2675754.0, 14901658.0, 1, 0.13779461491
3259056.0, 4136098.0, 1, 0.137246681278
2715250.0, 13621906.0, 1, 0.12696928688
2774270.0, 13478660.0, 1, 0.102499463864
2830448.0, 12662608.0, 1, 0.077535735131
2900572.0, 12618908.0, 1, 0.0753957478205
3213358.0, 4289786.0, 1, 0.06856551771
2670912.0, 15498616.0, 1, 0.0650646245211
2830448.0, 12662608.0, 1, 0.0223173475256
2591780.0, 17750458.0, 1, 0.0
2616272.0, 18026738.0, 2, inf
7552138.0, 2435722.0, 2, inf
7295740.0, 2431702.0, 2, inf
2928992.0, 12619416.0, 2, 0.669946506419
3259244.0, 4587934.0, 2, 0.558316051773
5513686.0, 2573386.0, 2, 0.447707305314
3075484.0, 16629764.0, 2, 0.292562456945
4001948.0, 4387046.0, 2, 0.247009062736
5131576.0, 2826078.0, 2, 0.234438470018
3079932.0, 13941116.0, 2, 0.232476664448
4453934.0, 2579984.0, 2, 0.169340419542
3538058.0, 4533078.0, 2, 0.159884715262
3276360.0, 13584878.0, 2, 0.141238679248
4375712.0, 3255648.0, 2, 0.116598900654
4352952.0, 2887738.0, 2, 0.103269401377
8283606.0, 2705330.0, 3, inf
13340338.0, 3636638.0, 3, inf
3444892.0, 17074034.0, 3, inf
3641044.0, 19498966.0, 3, inf
9743134.0, 3583978.0, 3, 0.403112256446
4263286.0, 11619718.0, 3, 0.253294430892
7300836.0, 6909616.0, 3, 0.228291827307
3597750.0, 9322516.0, 3, 0.188110910837
6201132.0, 8205742.0, 3, 0.165141320956
5543822.0, 13287620.0, 3, 0.157397019509
3464552.0, 18576092.0, 3, 0.153163428909
6763334.0, 3249146.0, 3, 0.14850768622
5014194.0, 15259604.0, 3, 0.105534752627
4765062.0, 14147196.0, 3, 0.104832916906
5260088.0, 8568632.0, 3, 0.102361986784
8199118.0, 4092898.0, 3, 0.102260194279
5547056.0, 14567990.0, 3, 0.0976264911246
3839748.0, 19421294.0, 3, 0.096756052553
4137676.0, 5543764.0, 3, 0.0945183167218
4568718.0, 4572216.0, 3, 0.0783473075979
6203648.0, 4121478.0, 3, 0.0760806803342
4973358.0, 16466014.0, 3, 0.072090235274
4362182.0, 5100372.0, 3, 0.0709375662713
9359776.0, 3970340.0, 3, 0.0696410724814
8532002.0, 3444682.0, 3, 0.0669077157697
4392772.0, 6808326.0, 3, 0.0636791104976
4192110.0, 16003856.0, 3, 0.0629228642247
8976140.0, 3714746.0, 3, 0.0594171898761
8936420.0, 2812744.0, 3, 0.0495144022176
5478828.0, 6089682.0, 3, 0.0493607106487
3577418.0, 14684960.0, 3, 0.0484994035757
4851644.0, 4416452.0, 3, 0.0478894928869
3724024.0, 16103134.0, 3, 0.0476001776067
8748392.0, 3690990.0, 3, 0.045520150393
5478828.0, 6089682.0, 3, 0.0435996062796
9442448.0, 3599264.0, 3, 0.0418765627415
5369066.0, 6808572.0, 3, 0.0281365692871
8223690.0, 2804132.0, 3, 0.0149341823107
4992918.0, 14671174.0, 3, 0.0110918852492
11254890.0, 21021162.0, 4, inf
10164558.0, 4000758.0, 4, inf
5044618.0, 12551994.0, 4, inf
14653670.0, 8439984.0, 4, inf
7548044.0, 20497292.0, 4, 0.295734887414
5081700.0, 17531876.0, 4, 0.200692553732
14615700.0, 9443938.0, 4, 0.175195716803
7013684.0, 13447102.0, 4, 0.170993494255
13479736.0, 7024246.0, 4, 0.170058202804
5217262.0, 17188888.0, 4, 0.158085460298
8102188.0, 15559792.0, 4, 0.15567044515
11940856.0, 5469404.0, 4, 0.151279833271
7230370.0, 11653190.0, 4, 0.138010977198
12321648.0, 10649784.0, 4, 0.136917961048
10249558.0, 6750928.0, 4, 0.130205223294
5674760.0, 10632026.0, 4, 0.126030419482
9321836.0, 8997176.0, 4, 0.121437475872
6023332.0, 17199990.0, 4, 0.107988100875
10574718.0, 5281602.0, 4, 0.104894473089
8903140.0, 14962530.0, 4, 0.103265104749
13157004.0, 7120752.0, 4, 0.101182602777
8354768.0, 9899702.0, 4, 0.0988959003476
Generacion: 8
10447130.0, 2411120.0, 1, inf
2591780.0, 17750458.0, 1, inf
2591780.0, 17750458.0, 1, inf
6949694.0, 2411920.0, 1, 0.633313392816
3068950.0, 11190798.0, 1, 0.592214968732
3109740.0, 3943170.0, 1, 0.562063063437
3402756.0, 3220954.0, 1, 0.250916671523
4521444.0, 2850944.0, 1, 0.206048406963
2644934.0, 15588150.0, 1, 0.196408614611
5477662.0, 2421724.0, 1, 0.188633670214
2675754.0, 14901658.0, 1, 0.147385258829
4641292.0, 2478828.0, 1, 0.136977239664
2900572.0, 12618908.0, 1, 0.126311761822
5387394.0, 2440766.0, 1, 0.110194101809
2744092.0, 13520986.0, 1, 0.101806918436
2745712.0, 13476616.0, 1, 0.0669525318815
2830448.0, 12662608.0, 1, 0.0619936065667
2830448.0, 12662608.0, 1, 0.0136359275774
5477662.0, 2421724.0, 1, 0.012130417657
2591780.0, 17750458.0, 1, 0.0
2591780.0, 17750458.0, 1, 0.0
5846734.0, 2444780.0, 2, inf
8397822.0, 2701710.0, 2, inf
2616272.0, 18026738.0, 2, inf
3575282.0, 13130856.0, 2, 0.777302168616
3259056.0, 4136098.0, 2, 0.66590616507
8283606.0, 2705330.0, 2, 0.450958508454
4567290.0, 2853044.0, 2, 0.421805798241
5793226.0, 3300270.0, 2, 0.257377168418
2669380.0, 15865160.0, 2, 0.23630429699
3110936.0, 13621794.0, 2, 0.184811700476
3075484.0, 16629764.0, 2, 0.181019746904
2866396.0, 13474372.0, 2, 0.0926598632093
3538164.0, 3415232.0, 2, 0.0915672631431
3356008.0, 13480180.0, 2, 0.0577367057233
3473496.0, 19414082.0, 3, inf
11696984.0, 3486870.0, 3, inf
10014014.0, 2787574.0, 3, inf
3597750.0, 9322516.0, 3, 0.450592854659
3763692.0, 12618354.0, 3, 0.241862861905
8474572.0, 2799534.0, 3, 0.237783589573
4214792.0, 17070634.0, 3, 0.234716895558
4129334.0, 5581072.0, 3, 0.231637552749
8994424.0, 2850272.0, 3, 0.214242491603
7070024.0, 3334666.0, 3, 0.201881246399
4568718.0, 4572216.0, 3, 0.172742379937
3698294.0, 15280004.0, 3, 0.138504879071
4808816.0, 14324156.0, 3, 0.124967851096
5201996.0, 3685796.0, 3, 0.121192596923
4101782.0, 18311032.0, 3, 0.110831947353
3868724.0, 13175230.0, 3, 0.109119142455
6581110.0, 3265002.0, 3, 0.104023047176
5950200.0, 3539864.0, 3, 0.0939097481845
5871626.0, 3450036.0, 3, 0.075854948087
4137676.0, 5543764.0, 3, 0.0710695045469
5401688.0, 3641458.0, 3, 0.0709283114011
6763334.0, 3249146.0, 3, 0.0644419844254
4039086.0, 13066686.0, 3, 0.0618337916687
3729874.0, 15034914.0, 3, 0.0615441290061
4716384.0, 18730916.0, 3, 0.0586577606313
4824254.0, 3514524.0, 3, 0.0496224314354
3731638.0, 18800868.0, 3, 0.0452013316
6905922.0, 3501424.0, 3, 0.0386711110421
5360526.0, 3509760.0, 3, 0.0250710250331
5235014.0, 14242394.0, 4, inf
13766386.0, 5111870.0, 4, inf
10063234.0, 3593508.0, 4, inf
13748958.0, 21308482.0, 4, inf
5248022.0, 10273304.0, 4, 0.254038107376
8335504.0, 9033414.0, 4, 0.238218614504
12167026.0, 8153654.0, 4, 0.227352119231
8354692.0, 13466756.0, 4, 0.203159315309
7104076.0, 5163972.0, 4, 0.169534278824
9637096.0, 18869150.0, 4, 0.153263793552
5352116.0, 15938778.0, 4, 0.134901402896
6542934.0, 8422246.0, 4, 0.119680719616
6935396.0, 7902582.0, 4, 0.11938892717
9563114.0, 13880396.0, 4, 0.118092474395
8891600.0, 5437452.0, 4, 0.117280872211
11482618.0, 5895066.0, 4, 0.11181405028
9853918.0, 7203866.0, 4, 0.0994047801443
5910420.0, 14107052.0, 4, 0.0972878460639
8489276.0, 17909380.0, 4, 0.0934962743177
10464426.0, 15472136.0, 4, 0.0844595221848
11141746.0, 6892324.0, 4, 0.0826394977943
8605364.0, 16853834.0, 4, 0.0824601424474
10257128.0, 14330050.0, 4, 0.0765007875044
6037496.0, 16857994.0, 4, 0.0756030156798
6153444.0, 15799570.0, 4, 0.0728863524264
11797216.0, 13552966.0, 4, 0.0592487703292
10557336.0, 4591642.0, 4, 0.0573988983018
10826832.0, 4069580.0, 4, 0.0566045807348
11273594.0, 4342880.0, 4, 0.0527858340526
11526868.0, 3794796.0, 4, 0.0503820181821
10076578.0, 18503226.0, 4, 0.0491652041345
6145844.0, 8650110.0, 4, 0.0480908588657
11004770.0, 4721392.0, 4, 0.0478056087032
12059598.0, 3730802.0, 4, 0.0471322318085
11753330.0, 3615660.0, 4, 0.0392661210838
8750088.0, 5207910.0, 4, 0.0362510906146
Generacion: 9
2591780.0, 17750458.0, 1, inf
2591780.0, 17750458.0, 1, inf
8311154.0, 2416198.0, 1, inf
3068950.0, 11190798.0, 1, 0.602346642132
3109740.0, 3943170.0, 1, 0.56041893123
5477662.0, 2421724.0, 1, 0.51280496351
2644934.0, 15588150.0, 1, 0.214884032047
2900572.0, 12618908.0, 1, 0.205582403219
4544500.0, 2497306.0, 1, 0.178155552697
3843816.0, 3207366.0, 1, 0.160524524714
2715250.0, 13621906.0, 1, 0.155320877097
2607808.0, 16628930.0, 1, 0.150305239401
5387394.0, 2440766.0, 1, 0.148617014253
4305122.0, 3178770.0, 1, 0.1098635772
3307772.0, 3237496.0, 1, 0.098330377414
2745712.0, 13476616.0, 1, 0.0978114572636
3402756.0, 3220954.0, 1, 0.0956891245004
4352952.0, 2887738.0, 1, 0.0592013353096
4521444.0, 2850944.0, 1, 0.0589524956362
5387394.0, 2440766.0, 1, 0.0194700146358
2591780.0, 17750458.0, 1, 0.0
2591780.0, 17750458.0, 1, 0.0
8976918.0, 2707104.0, 2, inf
3129242.0, 18339966.0, 2, inf
11101552.0, 2792750.0, 2, inf
2673548.0, 15588416.0, 2, inf
3675210.0, 12145688.0, 2, 0.720782675364
4567290.0, 2853044.0, 2, 0.669276780366
3447816.0, 3431322.0, 2, 0.635801241958
9407042.0, 2802596.0, 2, 0.255949067042
3172580.0, 18329214.0, 2, 0.199419738452
3326534.0, 13524464.0, 2, 0.165224469652
2908208.0, 12622738.0, 2, 0.12311271188
2830418.0, 13516012.0, 2, 0.0855243319342
3776486.0, 18823112.0, 3, inf
10689114.0, 3011604.0, 3, inf
2735666.0, 17749382.0, 3, inf
3787042.0, 9387638.0, 3, 0.51732217771
8844702.0, 3320886.0, 3, 0.446791662197
6840098.0, 3217822.0, 3, 0.408906451037
4276104.0, 4464610.0, 3, 0.371702743501
10322884.0, 3358470.0, 3, 0.243846281705
3763692.0, 12618354.0, 3, 0.241944624999
3201666.0, 15677724.0, 3, 0.228596753183
5670562.0, 3609994.0, 3, 0.195176264369
4012762.0, 13816292.0, 3, 0.154578570598
2992038.0, 14671606.0, 3, 0.147982161306
3542730.0, 15229702.0, 3, 0.130551914714
4683580.0, 3165670.0, 3, 0.123857858649
5157470.0, 3688660.0, 3, 0.1089053835
3789514.0, 13128506.0, 3, 0.104143822007
4242742.0, 18631010.0, 3, 0.101018553278
3733910.0, 4386846.0, 3, 0.0768569284402
5360526.0, 3509760.0, 3, 0.0760571665414
5158984.0, 3544028.0, 3, 0.0318698691307
5006412.0, 18451430.0, 4, inf
13670606.0, 4275316.0, 4, inf
3927010.0, 10892242.0, 4, inf
8053150.0, 3548542.0, 4, inf
4331018.0, 8238352.0, 4, 0.240960233123
5806544.0, 6183486.0, 4, 0.199993489577
12348226.0, 4744870.0, 4, 0.16527987594
7584864.0, 15958468.0, 4, 0.148978720432
11523398.0, 5086964.0, 4, 0.146970668242
8520292.0, 13564462.0, 4, 0.118359836892
5138336.0, 9148536.0, 4, 0.113949748009
9853776.0, 4277948.0, 4, 0.111472019191
6293026.0, 14611476.0, 4, 0.110528829277
6898804.0, 4626082.0, 4, 0.107371495391
4737172.0, 15758086.0, 4, 0.105835511592
6586832.0, 11519034.0, 4, 0.105299997786
6217772.0, 12326580.0, 4, 0.103280495745
12297036.0, 4510010.0, 4, 0.10314439248
10532432.0, 4273222.0, 4, 0.102673908423
4417232.0, 12861196.0, 4, 0.102476390306
6619690.0, 16863886.0, 4, 0.0993392038126
5248022.0, 10273304.0, 4, 0.0986264310331
7953544.0, 9732432.0, 4, 0.097181363726
9050286.0, 3702544.0, 4, 0.0904996170188
4007980.0, 10683378.0, 4, 0.0829953655633
7841634.0, 5534712.0, 4, 0.0828051525732
5724384.0, 13944076.0, 4, 0.0745377447928
5479096.0, 17743076.0, 4, 0.0727056027022
11139086.0, 4174214.0, 4, 0.0692791076652
10788088.0, 3998612.0, 4, 0.0684174507141
6395906.0, 17133338.0, 4, 0.0662370362837
9477856.0, 3912436.0, 4, 0.0625644785751
9599738.0, 5370312.0, 4, 0.0618551165753
5139854.0, 17729850.0, 4, 0.0521713233701
9183706.0, 4701552.0, 4, 0.0504995311356
8310664.0, 14371668.0, 4, 0.0496726314512
4750762.0, 5187864.0, 4, 0.0414718395803
8309552.0, 13761674.0, 4, 0.0405275268604
6061052.0, 13733968.0, 4, 0.0397608223689
11027912.0, 4724700.0, 4, 0.038930140749
4520172.0, 4553518.0, 4, 0.0373743754762
7678382.0, 3578426.0, 4, 0.0366863953682
6531468.0, 15836042.0, 4, 0.0330408744872
5905384.0, 5164066.0, 4, 0.0328910409076
8357192.0, 13565008.0, 4, 0.0328884758493
Generacion: 10
7932760.0, 2418376.0, 1, inf
2591780.0, 17750458.0, 1, inf
2591780.0, 17750458.0, 1, inf
4634754.0, 2563272.0, 1, 0.80714127115
7882472.0, 2425776.0, 1, 0.626941307943
3109740.0, 3943170.0, 1, 0.602877972273
2900572.0, 12618908.0, 1, 0.594849857582
2715754.0, 13520900.0, 1, 0.231422455205
2607808.0, 16628930.0, 1, 0.205715099325
3307478.0, 3903500.0, 1, 0.166586886196
3843816.0, 3207366.0, 1, 0.149167467173
3748920.0, 3223908.0, 1, 0.145823147506
2900572.0, 12618908.0, 1, 0.0951048938815
2745712.0, 13476616.0, 1, 0.0934341281433
2607808.0, 16628930.0, 1, 0.093359997663
3843816.0, 3207366.0, 1, 0.0597770845899
3109740.0, 3943170.0, 1, 0.0417502353296
2607808.0, 16628930.0, 1, 0.0
2960038.0, 18548684.0, 2, inf
8652504.0, 2705594.0, 2, inf
6816418.0, 3221930.0, 2, 0.450302636043
4178382.0, 9630916.0, 2, 0.368064178373
4886262.0, 5349500.0, 2, 0.290862685258
5470544.0, 3702712.0, 2, 0.266969418572
4482714.0, 7925080.0, 2, 0.266181488864
6444144.0, 4015472.0, 2, 0.25655371743
3170346.0, 12536146.0, 2, 0.209107159349
2999030.0, 14675772.0, 2, 0.2029313638
3211552.0, 11476110.0, 2, 0.199100910581
3172076.0, 17597298.0, 2, 0.186714133802
3402650.0, 4338796.0, 2, 0.170422007704
3201666.0, 15677724.0, 2, 0.153559460019
4460408.0, 8381414.0, 2, 0.124676297898
5040100.0, 4021522.0, 2, 0.114873505228
4385910.0, 4564772.0, 2, 0.113338356179
3131388.0, 15274310.0, 2, 0.0933374255145
4931072.0, 3693542.0, 2, 0.0573713221393
3291184.0, 4333982.0, 2, 0.0535963543038
14177122.0, 4091230.0, 3, inf
11284484.0, 2769838.0, 3, inf
4716384.0, 18730916.0, 3, inf
3351882.0, 16268070.0, 3, inf
6788300.0, 9468286.0, 3, 0.285543690829
7582348.0, 8935796.0, 3, 0.212168700022
5775692.0, 6095156.0, 3, 0.207148609907
9869634.0, 11168040.0, 3, 0.185647410952
4777922.0, 12859480.0, 3, 0.111888051649
8663914.0, 3725374.0, 3, 0.10862903883
10322884.0, 3358470.0, 3, 0.108503862448
6004018.0, 11197054.0, 3, 0.107686362182
8037108.0, 12246226.0, 3, 0.102087248353
8440976.0, 11668994.0, 3, 0.0995515900066
5162488.0, 18599148.0, 3, 0.0951006090164
3555538.0, 17343358.0, 3, 0.0949664263511
9298386.0, 4592972.0, 3, 0.0858671760565
5622982.0, 17742000.0, 3, 0.0842506173136
7581128.0, 13477896.0, 3, 0.080371614918
10689114.0, 3011604.0, 3, 0.0767303095281
3779292.0, 13374330.0, 3, 0.069784194994
5427882.0, 11861822.0, 3, 0.0694152317078
3891542.0, 15278052.0, 3, 0.0650191305053
3519772.0, 16608878.0, 3, 0.0649971053366
5204458.0, 15671828.0, 3, 0.0606942307225
8012496.0, 5300456.0, 3, 0.0600131416708
9485704.0, 4386458.0, 3, 0.0589637218205
7639410.0, 5047330.0, 3, 0.0560569782673
7590156.0, 5882688.0, 3, 0.0550610696127
5670582.0, 14674702.0, 3, 0.0532997849499
4315902.0, 13992592.0, 3, 0.0526700536385
4507220.0, 13866308.0, 3, 0.0525048288552
5962330.0, 14412966.0, 3, 0.0504261959369
7954014.0, 4789300.0, 3, 0.0466812992917
3395444.0, 16166994.0, 3, 0.043569740104
4242742.0, 18631010.0, 3, 0.0430577672613
5564400.0, 15589554.0, 3, 0.0415184939989
10560116.0, 4706404.0, 3, 0.0411834771016
3443010.0, 16374392.0, 3, 0.0311683911387
4268284.0, 13486378.0, 3, 0.0310932275265
3509108.0, 15077830.0, 3, 0.0288033197756
9477020.0, 3828114.0, 3, 0.0269769126344
5920768.0, 4482820.0, 3, 0.0259810146024
9441806.0, 4942210.0, 3, 0.025644611757
4628260.0, 15235104.0, 3, 0.0226124904435
10689114.0, 3011604.0, 3, 0.0200952883287
5749036.0, 4901398.0, 3, 0.0192898954281
4587072.0, 13924590.0, 3, 0.019093273272
10635550.0, 4453472.0, 3, 0.0179537216823
3501704.0, 15107794.0, 3, 0.0159595105365
5610260.0, 16232886.0, 3, 0.0117442670961
10689114.0, 3011604.0, 3, 0.0
12975756.0, 19881262.0, 4, inf
14416164.0, 19260932.0, 4, inf
12777936.0, 4799402.0, 4, inf
6224150.0, 15993866.0, 4, inf
11385580.0, 5900754.0, 4, 0.539189959381
11051194.0, 10853274.0, 4, 0.531519790359
6578218.0, 16373150.0, 4, 0.307790914649
8366812.0, 15445054.0, 4, 0.287277920982
13060576.0, 14582902.0, 4, 0.242131860292
10127600.0, 13401236.0, 4, 0.198092984552
Generacion: 11
2591780.0, 17750458.0, 1, inf
8754798.0, 2417256.0, 1, inf
3109740.0, 3943170.0, 1, 0.568318223856
3038856.0, 12006594.0, 1, 0.564089687403
5846734.0, 2444780.0, 1, 0.263994367456
5444418.0, 2486294.0, 1, 0.25711212324
4310860.0, 2565974.0, 1, 0.244517252129
7054086.0, 2443168.0, 1, 0.238310572223
2754826.0, 14159666.0, 1, 0.236116447773
8556440.0, 2421442.0, 1, 0.206575208268
7490858.0, 2440112.0, 1, 0.202883411261
2644934.0, 15588150.0, 1, 0.184895206971
2908208.0, 12622738.0, 1, 0.159796931843
2607808.0, 16628930.0, 1, 0.14964596541
4103466.0, 2899322.0, 1, 0.117611974384
3293530.0, 3231608.0, 1, 0.0985477016054
3843816.0, 3207366.0, 1, 0.0786968173442
3748920.0, 3223908.0, 1, 0.0749695817117
7314214.0, 2441714.0, 1, 0.0710691298977
2999908.0, 12319216.0, 1, 0.0613823534497
3149268.0, 3567154.0, 1, 0.0520732662649
3266428.0, 3534550.0, 1, 0.0452913098178
3748920.0, 3223908.0, 1, 0.0158998291704
3748920.0, 3223908.0, 1, 0.0
2999030.0, 14675772.0, 2, inf
8653210.0, 2490426.0, 2, inf
3291184.0, 4333982.0, 2, 1.01404030061
4679604.0, 3234514.0, 2, 0.768905692628
3932300.0, 3937982.0, 2, 0.214825444035
4187246.0, 3299538.0, 2, 0.167068171178
4645616.0, 2566938.0, 2, 0.148142752854
4027402.0, 4330634.0, 2, 0.0775878786969
3241684.0, 16205300.0, 3, inf
10824192.0, 2974474.0, 3, inf
3256754.0, 16361992.0, 3, inf
12214526.0, 3944408.0, 3, inf
3958502.0, 10659090.0, 3, 0.484608823682
3491214.0, 15683046.0, 3, 0.471965119802
3920230.0, 9268418.0, 3, 0.41787205524
3969212.0, 5762016.0, 3, 0.313260669409
7765808.0, 3841460.0, 3, 0.253658743927
9552888.0, 3994406.0, 3, 0.246902808782
9933598.0, 3437840.0, 3, 0.206444309884
5899720.0, 5307534.0, 3, 0.163803246817
6937462.0, 4753566.0, 3, 0.146348122325
5256384.0, 4137338.0, 3, 0.11310369045
7616370.0, 4357022.0, 3, 0.109196619991
4385910.0, 4564772.0, 3, 0.0921788910897
5099886.0, 4928724.0, 3, 0.082628578395
4736422.0, 4718452.0, 3, 0.0698651750287
6444144.0, 4015472.0, 3, 0.0640819702867
6444144.0, 4015472.0, 3, 0.0622481999739
4145494.0, 5353628.0, 3, 0.0511356909383
4886262.0, 5349500.0, 3, 0.0439501793071
4151560.0, 4336294.0, 3, 0.0418419368765
3351882.0, 16268070.0, 3, 0.0279640666461
3402650.0, 4338796.0, 3, 0.0112316458109
3402650.0, 4338796.0, 3, 0.00584485260889
6388946.0, 19490852.0, 4, inf
12564544.0, 4368164.0, 4, inf
15868556.0, 10507902.0, 4, inf
4036052.0, 16638692.0, 4, inf
15110094.0, 10619548.0, 4, 0.262059314511
12917726.0, 4823338.0, 4, 0.218172805928
6239402.0, 16259020.0, 4, 0.193406478635
7658928.0, 9089086.0, 4, 0.183671619308
10498852.0, 7141550.0, 4, 0.182917475341
5474080.0, 14439006.0, 4, 0.149310735394
11383634.0, 13312954.0, 4, 0.137722587723
9498204.0, 12886854.0, 4, 0.135733370849
5683942.0, 17182490.0, 4, 0.124501047252
10161754.0, 5696064.0, 4, 0.109252097986
7332904.0, 17951894.0, 4, 0.0970345785481
6251316.0, 6922488.0, 4, 0.0936709587682
8846084.0, 5488932.0, 4, 0.0928279793792
4118800.0, 17795374.0, 4, 0.0923320866909
8558354.0, 11610670.0, 4, 0.0888538868223
6660900.0, 5916120.0, 4, 0.0886992969863
12146118.0, 4541450.0, 4, 0.0877524483395
5162488.0, 18599148.0, 4, 0.0846434778996
4716384.0, 18730916.0, 4, 0.0814298508966
10768648.0, 4543532.0, 4, 0.0781921812512
8532886.0, 9454304.0, 4, 0.0726415051368
6448884.0, 13980306.0, 4, 0.0675550802336
8804900.0, 11371792.0, 4, 0.0648377736512
4609494.0, 12530686.0, 4, 0.0638387631581
7971174.0, 9747034.0, 4, 0.0634812686804
4526564.0, 13746908.0, 4, 0.0626575650346
4964706.0, 10166414.0, 4, 0.0624803256933
6922908.0, 5862226.0, 4, 0.0591562823249
12827184.0, 13080848.0, 4, 0.0580246659393
8814192.0, 10796716.0, 4, 0.0529765482514
8112100.0, 9628694.0, 4, 0.0492394450408
12351410.0, 4453358.0, 4, 0.0468210992074
8807820.0, 5166466.0, 4, 0.0447982371462
6705406.0, 16869040.0, 4, 0.0439129366811
8677492.0, 10259436.0, 4, 0.0434175042984
7547860.0, 14420948.0, 4, 0.0428386449312
10630906.0, 13572536.0, 4, 0.0353326300714
7442170.0, 12709704.0, 4, 0.0329891983858
Generacion: 12
2607808.0, 16628930.0, 1, inf
5477662.0, 2421724.0, 1, inf
2744092.0, 13520986.0, 1, 0.910351625624
3149268.0, 3567154.0, 1, 0.741442921697
4890978.0, 2557750.0, 1, 0.303674221734
2676260.0, 14159082.0, 1, 0.266246413707
3843816.0, 3207366.0, 1, 0.213653836966
4634754.0, 2563272.0, 1, 0.202720851676
3402756.0, 3220954.0, 1, 0.193453353812
4310860.0, 2565974.0, 1, 0.188183139835
3149268.0, 3567154.0, 1, 0.143478380538
4100770.0, 2593342.0, 1, 0.105937823478
3956508.0, 2926878.0, 1, 0.101949097329
3266428.0, 3534550.0, 1, 0.0738860771063
4073668.0, 2896836.0, 1, 0.0737445996054
3293530.0, 3231608.0, 1, 0.0695764859182
2754826.0, 14159666.0, 2, inf
5941638.0, 2427848.0, 2, inf
3293724.0, 4012454.0, 2, 1.00776832712
4907154.0, 2563364.0, 2, 0.50964069134
3748920.0, 3223908.0, 2, 0.272667288168
4361510.0, 2589832.0, 2, 0.229713927289
3293724.0, 4012454.0, 2, 0.196919710908
3969880.0, 3350836.0, 2, 0.170494289394
4187246.0, 3299538.0, 2, 0.131519059144
4354528.0, 3686108.0, 2, 0.111078042781
10063234.0, 3593508.0, 3, inf
3045256.0, 15587586.0, 3, inf
8020288.0, 2439086.0, 3, inf
4841650.0, 18171150.0, 3, inf
8899632.0, 3693200.0, 3, 0.246110212787
4007980.0, 10683378.0, 3, 0.226870648564
4560852.0, 15643222.0, 3, 0.215267727542
6444010.0, 7968830.0, 3, 0.21500389777
3794104.0, 8835894.0, 3, 0.193231124651
9933598.0, 3437840.0, 3, 0.178055456775
5411262.0, 13004490.0, 3, 0.174872497816
4039628.0, 5882560.0, 3, 0.156327354579
5146718.0, 13157286.0, 3, 0.147450539006
4991408.0, 14683576.0, 3, 0.142347622096
4853430.0, 9958326.0, 3, 0.13877349972
8230698.0, 3728436.0, 3, 0.132899551099
7355982.0, 3249078.0, 3, 0.119607688873
6089162.0, 8275358.0, 3, 0.10745117371
5751658.0, 5403280.0, 3, 0.0991189727698
6882764.0, 3706892.0, 3, 0.0946805214212
6677288.0, 2927388.0, 3, 0.0882542665891
4238438.0, 4362012.0, 3, 0.0880706106135
5504972.0, 5052178.0, 3, 0.0858580955762
5868510.0, 4108220.0, 3, 0.0769061271741
7527772.0, 4815614.0, 3, 0.072877522846
3385802.0, 15533794.0, 3, 0.0715499974203
7765808.0, 3841460.0, 3, 0.0703489425177
4596670.0, 15041146.0, 3, 0.0700627803491
6235808.0, 3555918.0, 3, 0.0604576627847
3402650.0, 4338796.0, 3, 0.0601739610502
4155480.0, 5796588.0, 3, 0.058793842179
5027380.0, 15263120.0, 3, 0.0505047571232
5360172.0, 13109888.0, 3, 0.0474075817329
7696000.0, 4294776.0, 3, 0.0435267154894
4794020.0, 3643820.0, 3, 0.0412443576259
6702044.0, 3721884.0, 3, 0.0306479512014
7559556.0, 3698284.0, 3, 0.0248413314869
5012044.0, 3363162.0, 3, 0.0171242456636
4027402.0, 4330634.0, 3, 0.00730766811753
11912260.0, 20319100.0, 4, inf
15173506.0, 8098260.0, 4, inf
11347766.0, 3741300.0, 4, inf
5618218.0, 15027916.0, 4, inf
15148636.0, 10600338.0, 4, 0.26919560816
13561628.0, 10979432.0, 4, 0.249100603958
8686554.0, 9313264.0, 4, 0.188912999571
5972510.0, 12338164.0, 4, 0.145433724918
7769970.0, 16581494.0, 4, 0.132438143515
10756338.0, 13973448.0, 4, 0.128234269162
13185392.0, 4566730.0, 4, 0.122333334659
11982514.0, 7005418.0, 4, 0.117740929069
11148262.0, 15589674.0, 4, 0.116577942663
6448884.0, 13980306.0, 4, 0.108780381429
7368194.0, 8129260.0, 4, 0.105953570218
9874432.0, 6102872.0, 4, 0.104567046847
10893818.0, 17156668.0, 4, 0.0943672666869
8967842.0, 13027386.0, 4, 0.0943472402311
6566660.0, 15239682.0, 4, 0.0929269670565
8178414.0, 19521378.0, 4, 0.0926817371774
7486168.0, 6409150.0, 4, 0.0882199745301
9836254.0, 4666306.0, 4, 0.086961067463
12547282.0, 18577906.0, 4, 0.0821598717966
9382986.0, 12057566.0, 4, 0.082041185726
12564544.0, 4368164.0, 4, 0.0818149050752
12361756.0, 19409136.0, 4, 0.0793211452252
7086882.0, 7630812.0, 4, 0.0789424505299
9565358.0, 13623032.0, 4, 0.0780771092163
7848452.0, 5472130.0, 4, 0.0744603675412
8328410.0, 17783218.0, 4, 0.0682909497736
7049654.0, 15091446.0, 4, 0.0672174329719
8559180.0, 14745976.0, 4, 0.0661946087718
7174068.0, 13345972.0, 4, 0.0653707928156
9451876.0, 4170054.0, 4, 0.0527817621984
8265388.0, 18149116.0, 4, 0.0516121131894
Generacion: 13
9055392.0, 2416018.0, 1, inf
2607808.0, 16628930.0, 1, inf
3068950.0, 11190798.0, 1, 0.642853718297
7245648.0, 2419760.0, 1, 0.555296136559
3109740.0, 3943170.0, 1, 0.548845671329
5477662.0, 2421724.0, 1, 0.289687302855
2900572.0, 12618908.0, 1, 0.218722206569
5387394.0, 2440766.0, 1, 0.172243091979
4425044.0, 2549432.0, 1, 0.160539235957
2676260.0, 14159082.0, 1, 0.157389767895
2662094.0, 15639580.0, 1, 0.1348470498
3843816.0, 3207366.0, 1, 0.0881417501636
3956508.0, 2926878.0, 1, 0.0830546007567
2647102.0, 16011376.0, 1, 0.0780288276878
2715754.0, 13520900.0, 1, 0.0735662560883
2715754.0, 13520900.0, 1, 0.0695882520595
3402756.0, 3220954.0, 1, 0.0691566188971
3293530.0, 3231608.0, 1, 0.0636733244936
4100770.0, 2593342.0, 1, 0.0554519002325
4146592.0, 2557762.0, 1, 0.0497471272789
3149268.0, 3567154.0, 1, 0.0488305262014
4402816.0, 2552114.0, 1, 0.0437731162282
3149268.0, 3567154.0, 1, 0.0297392013407
3843816.0, 3207366.0, 1, 0.0184342068631
3402756.0, 3220954.0, 1, 0.0178966411641
2744092.0, 13520986.0, 2, inf
7186374.0, 2425948.0, 2, inf
2744092.0, 13520986.0, 2, inf
3920336.0, 8112386.0, 2, 0.978957307047
3998558.0, 4419810.0, 2, 0.400632975222
6626038.0, 3412358.0, 2, 0.304139519788
4907154.0, 2563364.0, 2, 0.299223846931
5941638.0, 2427848.0, 2, 0.261798608427
4226114.0, 3748650.0, 2, 0.195121938809
6015118.0, 3779202.0, 2, 0.177841715285
3293724.0, 4012454.0, 2, 0.170035772038
4907154.0, 2563364.0, 2, 0.165522700981
3291184.0, 4333982.0, 2, 0.16044255097
4187246.0, 3299538.0, 2, 0.127745176057
3293724.0, 4012454.0, 2, 0.0215948697825
13407644.0, 3739306.0, 3, inf
2897992.0, 14694520.0, 3, inf
4452916.0, 17170586.0, 3, inf
8707042.0, 2590982.0, 3, inf
3499788.0, 13825234.0, 3, 0.212833951773
6511258.0, 6784414.0, 3, 0.167600099201
4708394.0, 15695476.0, 3, 0.14807090675
12972996.0, 3775276.0, 3, 0.146231416893
5801188.0, 8327768.0, 3, 0.145502969817
12033564.0, 3965098.0, 3, 0.136112290565
11357170.0, 4315300.0, 3, 0.134930431573
6444010.0, 7968830.0, 3, 0.133615161686
3645758.0, 12628830.0, 3, 0.132427159294
9280792.0, 2936306.0, 3, 0.13033758671
10364998.0, 4564400.0, 3, 0.117941911872
6153114.0, 9943304.0, 3, 0.114055517507
4141882.0, 16221672.0, 3, 0.111339121774
4945380.0, 5888166.0, 3, 0.0934132368991
4908248.0, 11265822.0, 3, 0.0831844843882
5147032.0, 12126326.0, 3, 0.0771769917807
6444842.0, 9247854.0, 3, 0.0765620492276
3666900.0, 10732296.0, 3, 0.0744148843828
9795830.0, 4173986.0, 3, 0.0729892960189
8353904.0, 4373122.0, 3, 0.0725211207797
5269798.0, 11616332.0, 3, 0.0709489743493
7365350.0, 5654394.0, 3, 0.0708320280864
6986012.0, 3718104.0, 3, 0.0683729538055
9887578.0, 4881304.0, 3, 0.0646999607145
4374752.0, 9892020.0, 3, 0.061052304792
11657572.0, 3356832.0, 3, 0.0608549482168
7848452.0, 5472130.0, 3, 0.0597730821099
11755000.0, 3140936.0, 3, 0.0596093073215
5075418.0, 9350722.0, 3, 0.0590807961142
6734448.0, 10663144.0, 3, 0.0562476781787
7875532.0, 3520124.0, 3, 0.0549721775723
5545908.0, 4070064.0, 3, 0.0530158064857
10342374.0, 4545290.0, 3, 0.0511264194784
4007980.0, 10683378.0, 3, 0.0489624162393
8551714.0, 3009350.0, 3, 0.0476366635097
6706422.0, 2619510.0, 3, 0.0449220858913
7544038.0, 4348084.0, 3, 0.0429690885334
5336146.0, 5136634.0, 3, 0.0351629701563
6764086.0, 3476284.0, 3, 0.0351365027227
7430534.0, 3576564.0, 3, 0.0305815196129
4131630.0, 5042154.0, 3, 0.030253680881
5320988.0, 5242794.0, 3, 0.0293243785306
5101954.0, 4857052.0, 3, 0.0254435675988
4238438.0, 4362012.0, 3, 0.0238750576055
5195630.0, 4481302.0, 3, 0.0234900876735
5114382.0, 4092914.0, 3, 0.0114171028491
12550952.0, 18360020.0, 4, inf
5549772.0, 16410472.0, 4, inf
14909670.0, 7625950.0, 4, inf
14214674.0, 4783714.0, 4, inf
10861948.0, 5110442.0, 4, 0.334751647317
13045050.0, 9110324.0, 4, 0.270950515072
6650280.0, 11490836.0, 4, 0.242891087013
9627356.0, 15529648.0, 4, 0.175835245371
11643936.0, 15582848.0, 4, 0.147473602825
12150490.0, 15104906.0, 4, 0.140924401884
Generacion: 14
2647102.0, 16011376.0, 1, inf
7245648.0, 2419760.0, 1, inf
5477662.0, 2421724.0, 1, 0.548205788286
3070250.0, 9029038.0, 1, 0.517730531356
3148862.0, 4390194.0, 1, 0.419040108067
2900572.0, 12618908.0, 1, 0.238469878672
4753788.0, 2505738.0, 1, 0.238298439577
2662018.0, 15566714.0, 1, 0.198165261728
3068950.0, 11190798.0, 1, 0.195666478156
2715754.0, 13520900.0, 1, 0.171978577019
4425044.0, 2549432.0, 1, 0.148450764827
3843816.0, 3207366.0, 1, 0.115471598291
2745712.0, 13476616.0, 1, 0.106554382329
3068950.0, 11190798.0, 1, 0.105355560618
4100770.0, 2593342.0, 1, 0.101970408094
3407714.0, 3215066.0, 1, 0.096912659474
3149268.0, 3567154.0, 1, 0.0885197163085
3266428.0, 3534550.0, 1, 0.0560589396342
4073668.0, 2896836.0, 1, 0.0559110543496
3293530.0, 3231608.0, 1, 0.0527186455045
3956508.0, 2926878.0, 1, 0.046114458012
3956508.0, 2926878.0, 1, 0.0267163400923
3402756.0, 3220954.0, 1, 0.0260475310989
3843816.0, 3207366.0, 1, 0.0250725326157
2744092.0, 13520986.0, 2, inf
10879702.0, 2787432.0, 2, inf
7155468.0, 2439388.0, 2, inf
3461412.0, 13621628.0, 2, inf
3661540.0, 11192222.0, 2, 0.835456511514
4126972.0, 4357268.0, 2, 0.661503793799
8419104.0, 2699522.0, 2, 0.48889419706
3539294.0, 13427440.0, 2, 0.23285460694
5116948.0, 3677938.0, 2, 0.178144083593
6279750.0, 3648456.0, 2, 0.158365578765
4905720.0, 3635430.0, 2, 0.101821089296
6626038.0, 3412358.0, 2, 0.0985211585504
4352952.0, 2887738.0, 2, 0.0947641421539
3225810.0, 3901172.0, 2, 0.0908569882728
3737262.0, 4017692.0, 2, 0.067042365642
6543412.0, 3139776.0, 2, 0.0598870502667
3956102.0, 3751928.0, 2, 0.0488198578244
6374422.0, 3237390.0, 2, 0.0432484336836
4226520.0, 2913560.0, 2, 0.0429071206408
3972028.0, 3559966.0, 2, 0.0409515034313
3293724.0, 4012454.0, 2, 0.039379447493
4187246.0, 3299538.0, 2, 0.0249141668106
4133954.0, 3260992.0, 2, 0.0129664054479
2783210.0, 14159374.0, 3, inf
7433180.0, 3352828.0, 3, inf
4401468.0, 18176706.0, 3, inf
12415954.0, 3751432.0, 3, inf
5846258.0, 6998208.0, 3, 0.221588383531
9578554.0, 8565638.0, 3, 0.192411664202
8015216.0, 11341468.0, 3, 0.174133031224
8622284.0, 11529852.0, 3, 0.170860203446
4496722.0, 16229494.0, 3, 0.162206533095
6231190.0, 14744244.0, 3, 0.153634105654
2806484.0, 15565586.0, 3, 0.148355238294
3609452.0, 15901206.0, 3, 0.148127814509
4039354.0, 10202188.0, 3, 0.131154903493
11967674.0, 4582036.0, 3, 0.120109798047
4571134.0, 12616344.0, 3, 0.109076614069
6415908.0, 6073932.0, 3, 0.102634241612
4746752.0, 13521848.0, 3, 0.0866519586388
8979614.0, 9561608.0, 3, 0.0810359246606
4363166.0, 12762018.0, 3, 0.0790341763093
6833708.0, 5259310.0, 3, 0.0757933798216
10034916.0, 5086662.0, 3, 0.0751773511628
6576558.0, 13865574.0, 3, 0.0647358601059
10619652.0, 3872478.0, 3, 0.0634527668645
5020964.0, 14090798.0, 3, 0.0597464270353
11569328.0, 3779414.0, 3, 0.0561103750548
6498520.0, 8910498.0, 3, 0.0542212429048
3998558.0, 4419810.0, 3, 0.053359859798
11012508.0, 4095844.0, 3, 0.0524744440957
8832638.0, 3352904.0, 3, 0.0517931223639
5430110.0, 5042016.0, 3, 0.0492221649484
7807638.0, 9293104.0, 3, 0.048040399308
11057430.0, 5713742.0, 3, 0.0469788024821
4876574.0, 14164770.0, 3, 0.0455384204589
9256794.0, 4123964.0, 3, 0.0449387239637
5352082.0, 4384940.0, 3, 0.0439043568189
9022502.0, 4019788.0, 3, 0.0438427576525
5715828.0, 5809854.0, 3, 0.0412470039247
5527236.0, 9225636.0, 3, 0.0411913037599
10364998.0, 4564400.0, 3, 0.0403497189395
7079406.0, 4405476.0, 3, 0.0389780435938
11347390.0, 3570706.0, 3, 0.0368244487286
7340956.0, 3646562.0, 3, 0.0367388033528
4830768.0, 13646984.0, 3, 0.0366644764741
7677174.0, 4384280.0, 3, 0.0365222310848
10230832.0, 4363064.0, 3, 0.0360672045947
9388166.0, 4199288.0, 3, 0.0334972271186
10545394.0, 3798016.0, 3, 0.0327142679111
4945380.0, 5888166.0, 3, 0.031475271724
9424094.0, 5152780.0, 3, 0.0314112843489
7390588.0, 9122182.0, 3, 0.0308328209141
4889372.0, 16033276.0, 3, 0.0292888202471
4228560.0, 14125372.0, 3, 0.0286623992963
4024824.0, 15671936.0, 3, 0.0268756373185
Generacion: 15
2647102.0, 16011376.0, 1, inf
7245648.0, 2419760.0, 1, inf
3002376.0, 9607790.0, 1, 0.65327604227
6602370.0, 2455106.0, 1, 0.560125434713
4600616.0, 2501192.0, 1, 0.506468945133
3148862.0, 4390194.0, 1, 0.394626813389
2928992.0, 12619416.0, 1, 0.340462140974
2745712.0, 13476616.0, 1, 0.31086248243
3407714.0, 3215066.0, 1, 0.166591662005
7155468.0, 2439388.0, 1, 0.142487833782
3956508.0, 2926878.0, 1, 0.121551098731
4310860.0, 2565974.0, 1, 0.115476446381
3148862.0, 4390194.0, 1, 0.0922269220588
3198266.0, 3569640.0, 1, 0.0885197163085
4100770.0, 2593342.0, 1, 0.0759228769946
4073668.0, 2896836.0, 1, 0.0559110543496
3293530.0, 3231608.0, 1, 0.0542300206225
3956508.0, 2926878.0, 1, 0.046680983729
3266428.0, 3534550.0, 1, 0.0371113987919
3266428.0, 3534550.0, 1, 0.00847534064591
7269664.0, 2422822.0, 2, inf
2783210.0, 14159374.0, 2, inf
2858886.0, 16649328.0, 2, inf
4753788.0, 2505738.0, 2, 0.59398251832
4205116.0, 10299626.0, 2, 0.493858131144
3998558.0, 4419810.0, 2, 0.474852351007
3463012.0, 14682320.0, 2, 0.293008003634
2937318.0, 12620246.0, 2, 0.287391873244
3661540.0, 11192222.0, 2, 0.131946047429
3737262.0, 4017692.0, 2, 0.129645234403
4121368.0, 11986470.0, 2, 0.124484523627
3972028.0, 3559966.0, 2, 0.112741618193
3466656.0, 11318668.0, 2, 0.100079283991
4651050.0, 2569516.0, 2, 0.0933471698925
4361510.0, 2589832.0, 2, 0.0888122582283
4243502.0, 3242340.0, 2, 0.0516796432716
4352952.0, 2887738.0, 2, 0.0490584494534
4146588.0, 3225660.0, 2, 0.0417772408881
4226520.0, 2913560.0, 2, 0.0257230954655
4226520.0, 2913560.0, 2, 0.00658586830202
12543756.0, 2974484.0, 3, inf
4401468.0, 18176706.0, 3, inf
4266200.0, 15107400.0, 3, inf
6820606.0, 2602968.0, 3, inf
6401540.0, 10302412.0, 3, 0.223164573169
6498520.0, 8910498.0, 3, 0.214623759001
10398966.0, 3006682.0, 3, 0.213659452026
4388386.0, 11987218.0, 3, 0.204001354254
11049050.0, 2662946.0, 3, 0.194669050104
11990158.0, 2638804.0, 3, 0.183362402218
7115836.0, 5368140.0, 3, 0.164473608747
8419104.0, 2699522.0, 3, 0.15548918291
4705586.0, 16486584.0, 3, 0.14807217062
4765568.0, 13404662.0, 3, 0.144185100662
6645718.0, 7257528.0, 3, 0.14051202602
9347566.0, 3583162.0, 3, 0.138904315588
6053802.0, 6723364.0, 3, 0.134099859983
7433180.0, 3352828.0, 3, 0.133913502994
9450516.0, 3344424.0, 3, 0.130254257021
8218720.0, 3448160.0, 3, 0.122760020982
6089884.0, 17277320.0, 3, 0.116451551904
5846258.0, 6998208.0, 3, 0.0983476384535
5498828.0, 15281160.0, 3, 0.0979577080546
4600866.0, 4045536.0, 3, 0.089997237778
4430358.0, 14161670.0, 3, 0.0869330691319
5523636.0, 13660836.0, 3, 0.0855489700992
5445832.0, 5181580.0, 3, 0.0819010123814
5116948.0, 3677938.0, 3, 0.0655054437866
5009546.0, 3294412.0, 3, 0.064136364739
6119424.0, 4666248.0, 3, 0.0567521998672
6776442.0, 4811120.0, 3, 0.0468607809612
6891210.0, 3455220.0, 3, 0.0443348922568
6559722.0, 3782480.0, 3, 0.0413864954577
4425584.0, 14083310.0, 3, 0.0356490424527
6286562.0, 2676794.0, 3, 0.0324057502397
6152740.0, 3384796.0, 3, 0.0227420277654
6706616.0, 3398346.0, 3, 0.0125276628578
4361704.0, 3358628.0, 3, 0.0102576572307
6706422.0, 2619510.0, 3, 0.00965805569932
4311086.0, 3344810.0, 3, 0.00693499236416
4319138.0, 3355332.0, 3, 0.00648751183928
9787214.0, 18273054.0, 4, inf
12999194.0, 3647508.0, 4, inf
6794106.0, 10813612.0, 4, inf
14879904.0, 9959074.0, 4, inf
12193006.0, 16371630.0, 4, 0.215760690155
7621942.0, 11670386.0, 4, 0.212880261412
10403434.0, 6591162.0, 4, 0.164773039829
8081330.0, 8956720.0, 4, 0.163599594661
7563236.0, 13527560.0, 4, 0.159904297745
9874432.0, 6102872.0, 4, 0.159752618764
10709438.0, 13885902.0, 4, 0.149277338415
11755368.0, 4196974.0, 4, 0.14187912844
9376354.0, 15002108.0, 4, 0.133682869079
7347120.0, 15539688.0, 4, 0.117583489085
8828860.0, 7313414.0, 4, 0.116191535673
11002016.0, 5361824.0, 4, 0.104714281172
10537500.0, 4511338.0, 4, 0.0942821769667
12744898.0, 3865654.0, 4, 0.0933994539696
8721884.0, 5251938.0, 4, 0.092672480654
Generacion: 16
2715754.0, 13520900.0, 1, inf
7320732.0, 2413204.0, 1, inf
3109740.0, 3943170.0, 1, 0.50887995206
3070250.0, 9029038.0, 1, 0.480905856939
2999908.0, 12319216.0, 1, 0.466911410893
6598854.0, 2417386.0, 1, 0.424451249684
3004136.0, 9030198.0, 1, 0.311482270901
5391750.0, 2474970.0, 1, 0.289461070377
4544500.0, 2497306.0, 1, 0.186475932745
5180658.0, 2494386.0, 1, 0.163849861722
3843816.0, 3207366.0, 1, 0.145118970824
4100770.0, 2593342.0, 1, 0.118292203582
3956508.0, 2926878.0, 1, 0.111078331399
4361510.0, 2589832.0, 1, 0.105004663938
3407714.0, 3215066.0, 1, 0.0961915359841
3149268.0, 3567154.0, 1, 0.0708128937619
3266428.0, 3534550.0, 1, 0.0615358275114
3293530.0, 3231608.0, 1, 0.0520689380337
5296846.0, 2492050.0, 1, 0.0475879356685
3407714.0, 3215066.0, 1, 0.0254889884204
3293530.0, 3231608.0, 1, 0.00737460786851
3293530.0, 3231608.0, 1, 0.0
7822160.0, 2417258.0, 2, inf
2744092.0, 13520986.0, 2, inf
3414756.0, 9030770.0, 2, 0.709970678284
6706422.0, 2619510.0, 2, 0.560415316366
4600616.0, 2501192.0, 2, 0.476689426834
3408120.0, 4266178.0, 2, 0.454170068147
3403476.0, 11178052.0, 2, 0.426915613006
3293724.0, 4012454.0, 2, 0.159406663885
3852392.0, 3233248.0, 2, 0.135051417733
7269664.0, 2422822.0, 2, 0.115858423444
7269664.0, 2422822.0, 2, 0.111417685655
4352952.0, 2887738.0, 2, 0.102881411517
3932300.0, 3937982.0, 2, 0.089837821588
4100964.0, 3372178.0, 2, 0.0657272715639
4130032.0, 3558448.0, 2, 0.0574527846178
4133954.0, 3260992.0, 2, 0.0543932585531
4375712.0, 3255648.0, 2, 0.0512699246454
7694490.0, 2453126.0, 3, inf
11586378.0, 2627818.0, 3, inf
3012672.0, 15096298.0, 3, inf
4401468.0, 18176706.0, 3, inf
4074972.0, 15965816.0, 3, 0.22374972557
4540580.0, 12511514.0, 3, 0.214493701564
3852148.0, 14941556.0, 3, 0.180669500187
6073012.0, 8491614.0, 3, 0.165780549534
5966514.0, 9143432.0, 3, 0.159729064435
3491834.0, 15104076.0, 3, 0.140200064836
6269932.0, 7091910.0, 3, 0.139057047875
9944320.0, 3883904.0, 3, 0.126581862024
4722650.0, 10536222.0, 3, 0.118451445492
8789308.0, 4344060.0, 3, 0.114756891275
9351878.0, 4470526.0, 3, 0.104459480845
3880162.0, 11668410.0, 3, 0.100891635717
8194772.0, 5767414.0, 3, 0.100735071971
3740578.0, 11713956.0, 3, 0.0956458258891
7115836.0, 5368140.0, 3, 0.0952327976871
11209678.0, 3347452.0, 3, 0.0903450480995
6269220.0, 10004680.0, 3, 0.0898683106943
5528582.0, 4606536.0, 3, 0.0844372373501
10793076.0, 3225140.0, 3, 0.0817767343889
8250742.0, 4808730.0, 3, 0.080118118085
9190618.0, 2626968.0, 3, 0.0767259250291
7896288.0, 4852624.0, 3, 0.0716769567777
7383616.0, 2948706.0, 3, 0.0716449853524
4129482.0, 10195346.0, 3, 0.0662739787393
10344818.0, 3327302.0, 3, 0.0646769233273
6511994.0, 6750370.0, 3, 0.06232123868
10294892.0, 3485018.0, 3, 0.0603579753389
10839508.0, 3769052.0, 3, 0.0545559642843
5049020.0, 2906434.0, 3, 0.0538696842562
4123092.0, 6302012.0, 3, 0.0501647554586
4919526.0, 4265574.0, 3, 0.0490758378072
6764086.0, 3476284.0, 3, 0.0484447076755
6597620.0, 6712954.0, 3, 0.0474162982393
5358550.0, 5168500.0, 3, 0.0435335936721
4600866.0, 4045536.0, 3, 0.0376880969082
5229142.0, 5018266.0, 3, 0.036383322098
4437496.0, 6456216.0, 3, 0.0336910557743
7254010.0, 3328458.0, 3, 0.0325142162408
5346116.0, 4170952.0, 3, 0.0290877309166
5206416.0, 4346296.0, 3, 0.0290517305825
4466248.0, 3690842.0, 3, 0.0278965942865
6758132.0, 3784638.0, 3, 0.0267203179256
4707186.0, 3379298.0, 3, 0.0223979131204
4521796.0, 4683218.0, 3, 0.021529048337
9478312.0, 17575544.0, 4, inf
5663360.0, 15342532.0, 4, inf
11053828.0, 4499158.0, 4, inf
15333526.0, 8337644.0, 4, inf
12708122.0, 13945680.0, 4, 0.430607464119
11753952.0, 4981202.0, 4, 0.242597048078
10138272.0, 6156008.0, 4, 0.192775348096
6161374.0, 11380196.0, 4, 0.172819613655
6990174.0, 7376548.0, 4, 0.140862883555
7496686.0, 7252134.0, 4, 0.139844548274
7875868.0, 11861716.0, 4, 0.136696612436
6679610.0, 16617380.0, 4, 0.130409127647
10582052.0, 14677598.0, 4, 0.127502169187
Generacion: 17
8990616.0, 2411938.0, 1, inf
2715754.0, 13520900.0, 1, inf
3004136.0, 9030198.0, 1, 0.771493469248
5477662.0, 2421724.0, 1, 0.57682629586
3109740.0, 3943170.0, 1, 0.514898192209
2999908.0, 12319216.0, 1, 0.311899672042
4214954.0, 2576800.0, 1, 0.140528793512
4929820.0, 2499956.0, 1, 0.137439278022
3293530.0, 3231608.0, 1, 0.12146830418
3843816.0, 3207366.0, 1, 0.112945712336
2830448.0, 12662608.0, 1, 0.11064870021
3956508.0, 2926878.0, 1, 0.0962225960644
3149268.0, 3567154.0, 1, 0.061753662912
5271006.0, 2475908.0, 1, 0.0616532875255
2900572.0, 12618908.0, 1, 0.0579174304655
5024716.0, 2483588.0, 1, 0.0565382054031
4100770.0, 2593342.0, 1, 0.0482211008279
3266428.0, 3534550.0, 1, 0.045941381529
5387394.0, 2440766.0, 1, 0.0378114547829
2999908.0, 12319216.0, 1, 0.0276512976664
4100770.0, 2593342.0, 1, 0.024479533782
3843816.0, 3207366.0, 1, 0.0201414815047
3266428.0, 3534550.0, 1, 0.00725406648505
4100770.0, 2593342.0, 1, 0.0
3075484.0, 16629764.0, 2, inf
2744092.0, 13520986.0, 2, inf
9528192.0, 2665844.0, 2, inf
5391750.0, 2474970.0, 2, inf
3293724.0, 4012454.0, 2, 0.711211452002
6706422.0, 2619510.0, 2, 0.493127500056
6264942.0, 3248044.0, 2, 0.157235162479
5857518.0, 2810788.0, 2, 0.152184465692
3932300.0, 3937982.0, 2, 0.124659925222
4953430.0, 3551302.0, 2, 0.105961281321
4496556.0, 2688344.0, 2, 0.0974623990385
3307478.0, 3903500.0, 2, 0.0945370070322
5500760.0, 3268386.0, 2, 0.0752555704119
4215360.0, 3625902.0, 2, 0.061251045367
4361704.0, 3358628.0, 2, 0.0487819104768
5160934.0, 3512244.0, 2, 0.0461488522237
5180658.0, 2494386.0, 2, 0.0399553876351
4100964.0, 3372178.0, 2, 0.0377790674598
3307478.0, 3903500.0, 2, 0.021638976405
4114972.0, 3265210.0, 2, 0.0182994796459
5180658.0, 2494386.0, 2, 0.00427907713891
5046586.0, 16920744.0, 3, inf
9169230.0, 2728634.0, 3, inf
3414756.0, 9030770.0, 3, inf
11927104.0, 4426508.0, 3, inf
11324620.0, 4360502.0, 3, 0.171052252851
10511006.0, 3355442.0, 3, 0.164730367381
7171738.0, 10730128.0, 3, 0.153695419522
6320642.0, 10416524.0, 3, 0.14493681505
5972510.0, 12338164.0, 3, 0.133962518909
7996394.0, 6217356.0, 3, 0.132194138241
6571958.0, 7904206.0, 3, 0.121627194077
5294896.0, 9176718.0, 3, 0.0982284017298
8458888.0, 4380238.0, 3, 0.09700802043
9935758.0, 2781594.0, 3, 0.092526147356
6208572.0, 13431752.0, 3, 0.0903026311051
7092458.0, 7083260.0, 3, 0.0885953658615
5067540.0, 16603288.0, 3, 0.0880035105155
5165068.0, 13918856.0, 3, 0.0811035856346
4251780.0, 13067822.0, 3, 0.0809466569571
7248178.0, 8607750.0, 3, 0.0785549402284
5813390.0, 8207044.0, 3, 0.0773073810115
7947930.0, 5587730.0, 3, 0.076793595621
3948406.0, 14703508.0, 3, 0.0718084561945
6269932.0, 7091910.0, 3, 0.0710108195285
4972124.0, 15304124.0, 3, 0.071004613083
7836842.0, 4674132.0, 3, 0.069676892778
7501414.0, 2918664.0, 3, 0.0662801369004
4222952.0, 5020828.0, 3, 0.0654697193804
3749496.0, 5393504.0, 3, 0.0653655890087
6846264.0, 14369730.0, 3, 0.0643220730519
3645758.0, 12628830.0, 3, 0.0626908314104
5151448.0, 15835698.0, 3, 0.0581280859809
9332896.0, 4900500.0, 3, 0.0574001811023
5568874.0, 15059132.0, 3, 0.0557634290088
4615934.0, 14987566.0, 3, 0.0546243270535
3990180.0, 15672286.0, 3, 0.0514932256148
4725790.0, 8174546.0, 3, 0.0512733424816
9568840.0, 3345270.0, 3, 0.0453817468383
8295822.0, 3830092.0, 3, 0.0437568656923
7531134.0, 2745350.0, 3, 0.043136524851
3504752.0, 12557010.0, 3, 0.0423699591438
8176202.0, 3687106.0, 3, 0.0416563845284
9449894.0, 4495128.0, 3, 0.040402928187
5348576.0, 15811956.0, 3, 0.0389668750991
5528582.0, 4606536.0, 3, 0.0384927396635
6896178.0, 3250494.0, 3, 0.0383062213545
5967108.0, 8772256.0, 3, 0.0366890412726
4465628.0, 4003884.0, 3, 0.0355591001984
6011690.0, 9130312.0, 3, 0.0352916892017
9773252.0, 3564644.0, 3, 0.0322636796281
6711744.0, 8863154.0, 3, 0.0314502235647
3732016.0, 4261064.0, 3, 0.0303090896967
6942136.0, 3579330.0, 3, 0.0293040205747
4430410.0, 4282748.0, 3, 0.0288251366743
6706616.0, 3398346.0, 3, 0.0276322921798
Generacion: 18
7442828.0, 2437870.0, 1, inf
2999908.0, 12319216.0, 1, inf
3109740.0, 3943170.0, 1, 0.919333100332
5387394.0, 2440766.0, 1, 0.48405677203
7155468.0, 2439388.0, 1, 0.462924410029
5024716.0, 2483588.0, 1, 0.229383695521
3843816.0, 3207366.0, 1, 0.182096189345
4398266.0, 2507500.0, 1, 0.169133268881
3407714.0, 3215066.0, 1, 0.10064766679
4073668.0, 2896836.0, 1, 0.0824482768156
4100770.0, 2593342.0, 1, 0.0783622253
4312468.0, 2570766.0, 1, 0.0756468451602
3149268.0, 3567154.0, 1, 0.0644231603613
3266428.0, 3534550.0, 1, 0.0570280139916
3293530.0, 3231608.0, 1, 0.055242251475
4073668.0, 2896836.0, 1, 0.0375259229587
3402756.0, 3220954.0, 1, 0.0273742786061
3149268.0, 3567154.0, 1, 0.0121964021064
3266428.0, 3534550.0, 1, 0.00939959280085
4100770.0, 2593342.0, 1, 0.00838475130052
3293530.0, 3231608.0, 1, 0.00717823550803
3293530.0, 3231608.0, 1, 0.0
3266428.0, 3534550.0, 1, 0.0
5180658.0, 2494386.0, 2, inf
5444644.0, 3255090.0, 2, inf
3990148.0, 13192610.0, 2, inf
3148862.0, 4390194.0, 2, inf
3773536.0, 5379886.0, 2, 0.691341584577
4175090.0, 10298288.0, 2, 0.533933906178
3636778.0, 12620486.0, 2, 0.37168523438
3307478.0, 3903500.0, 2, 0.243594168168
4953594.0, 2587790.0, 2, 0.163848853328
4888908.0, 3559382.0, 2, 0.154417995039
4644366.0, 3648950.0, 2, 0.148437753397
4571360.0, 4314510.0, 2, 0.137070481952
4352952.0, 2887738.0, 2, 0.135614579766
4143604.0, 11388044.0, 2, 0.125244324597
5180658.0, 2494386.0, 2, 0.123718193572
4131284.0, 10996688.0, 2, 0.118165261457
4361704.0, 3358628.0, 2, 0.116438191278
3956102.0, 3751928.0, 2, 0.113774453257
4187246.0, 3299538.0, 2, 0.0846128865779
3198266.0, 3569640.0, 2, 0.0714588010951
4098424.0, 3695716.0, 2, 0.0672618442788
3998964.0, 3584722.0, 2, 0.054576394622
4166786.0, 11351910.0, 2, 0.0489963407681
4146588.0, 3225660.0, 2, 0.0444353106712
4571946.0, 3331470.0, 2, 0.0373234043498
12972920.0, 3702628.0, 3, inf
4204226.0, 10426206.0, 3, inf
5046586.0, 16920744.0, 3, inf
5236774.0, 2497880.0, 3, inf
10130896.0, 3826938.0, 3, 0.193276389296
11633136.0, 2948732.0, 3, 0.190961734972
5846556.0, 8505220.0, 3, 0.179376795148
8763432.0, 4106300.0, 3, 0.172267418468
6264696.0, 10392086.0, 3, 0.165179585236
7236592.0, 7076216.0, 3, 0.135068296311
4615934.0, 14987566.0, 3, 0.132995789265
5477180.0, 13847730.0, 3, 0.130735616762
7405494.0, 5874440.0, 3, 0.12540212259
10822676.0, 3541136.0, 3, 0.118369338534
4718534.0, 13521112.0, 3, 0.112492338717
4481728.0, 16816708.0, 3, 0.108288985974
11294146.0, 4563162.0, 3, 0.0994320317029
7143918.0, 15824652.0, 3, 0.0912992691161
7878558.0, 11415696.0, 3, 0.0902221507414
5625812.0, 12324240.0, 3, 0.0871123464692
6839386.0, 7392268.0, 3, 0.0768496292783
8331230.0, 5635174.0, 3, 0.0743298340476
6415264.0, 12315116.0, 3, 0.0696786880768
6098622.0, 5375934.0, 3, 0.0661093527232
10347210.0, 3890330.0, 3, 0.063620007858
5884170.0, 10772142.0, 3, 0.0613781982971
7460092.0, 4236688.0, 3, 0.0603685330894
6644046.0, 2798366.0, 3, 0.0599178490682
4730688.0, 15627736.0, 3, 0.0599046250694
11411508.0, 2984350.0, 3, 0.0582647968298
7876426.0, 7983730.0, 3, 0.0567441231742
8036470.0, 4826110.0, 3, 0.0520731410529
4815288.0, 4932304.0, 3, 0.0518594097051
6782566.0, 8139004.0, 3, 0.0492316795439
7657088.0, 4005496.0, 3, 0.0491824402205
8439526.0, 8116456.0, 3, 0.048960108193
6531270.0, 10516060.0, 3, 0.0460608294143
7821272.0, 3458014.0, 3, 0.0437054697817
8720082.0, 4772028.0, 3, 0.0428890460128
4670516.0, 11052254.0, 3, 0.041156031046
7118962.0, 3240172.0, 3, 0.0402079145582
6904694.0, 3957346.0, 3, 0.0398683858314
5645994.0, 4702264.0, 3, 0.0396556921104
5074804.0, 5189202.0, 3, 0.039006104525
10344096.0, 5307582.0, 3, 0.0376158390924
5360526.0, 3509760.0, 3, 0.0331796078841
6379126.0, 3231502.0, 3, 0.0322381590011
4487386.0, 10990866.0, 3, 0.0313709413781
5615344.0, 3659452.0, 3, 0.026270363617
7899772.0, 4829458.0, 3, 0.0253715037844
5849084.0, 5057826.0, 3, 0.022101435974
8385168.0, 4072624.0, 3, 0.0193394803403
Generacion: 19
5941638.0, 2427848.0, 1, inf
2851714.0, 16086508.0, 1, inf
2999908.0, 12319216.0, 1, 0.907174445132
3109740.0, 3943170.0, 1, 0.68910793651
2974904.0, 15737930.0, 1, 0.323777503562
5387394.0, 2440766.0, 1, 0.300826737341
3956508.0, 2926878.0, 1, 0.238823166397
3407714.0, 3215066.0, 1, 0.236871651985
5024716.0, 2483588.0, 1, 0.203054573632
4361510.0, 2589832.0, 1, 0.14791037563
4774270.0, 2503974.0, 1, 0.11565581884
4556154.0, 2586058.0, 1, 0.10675774196
4100770.0, 2593342.0, 1, 0.106603848142
4686800.0, 2569572.0, 1, 0.0765991055727
4073668.0, 2896836.0, 1, 0.0711072590554
3293530.0, 3231608.0, 1, 0.0691153307237
3149268.0, 3567154.0, 1, 0.0654462842949
3266428.0, 3534550.0, 1, 0.0600962719218
3149268.0, 3567154.0, 1, 0.0151796046511
3266428.0, 3534550.0, 1, 0.0111581465181
4100770.0, 2593342.0, 1, 0.00902806933633
3149268.0, 3567154.0, 1, 0.0
3149268.0, 3567154.0, 1, 0.0
3266428.0, 3534550.0, 1, 0.0
3148862.0, 4390194.0, 2, inf
3148862.0, 4390194.0, 2, inf
7442828.0, 2437870.0, 2, inf
4352952.0, 2887738.0, 2, 0.612773819349
5444644.0, 3255090.0, 2, 0.489130980505
3707756.0, 4284672.0, 2, 0.319030271599
6706422.0, 2619510.0, 2, 0.31594332133
6379126.0, 3231502.0, 2, 0.256746959045
7181078.0, 2490124.0, 2, 0.248698165448
4146588.0, 3225660.0, 2, 0.231501337497
3225810.0, 3901172.0, 2, 0.21142707129
4089826.0, 3527362.0, 2, 0.197325368452
3213146.0, 4019520.0, 2, 0.157352829171
4114972.0, 3265210.0, 2, 0.152679473183
3307478.0, 3903500.0, 2, 0.149026051941
4073574.0, 4294052.0, 2, 0.143027778076
6482378.0, 2588590.0, 2, 0.14249511951
4089826.0, 3527362.0, 2, 0.138061738556
3293724.0, 4012454.0, 2, 0.078445858575
3307478.0, 3903500.0, 2, 0.00439552444686
4089826.0, 3527362.0, 2, 0.0
4557490.0, 17435050.0, 3, inf
11854900.0, 4546504.0, 3, inf
3590126.0, 11007926.0, 3, inf
8366854.0, 2449656.0, 3, inf
6121436.0, 15442152.0, 3, 0.279386825041
6191728.0, 12947990.0, 3, 0.240497982563
7032732.0, 5733336.0, 3, 0.172839967501
5928624.0, 7627902.0, 3, 0.169005372035
4481728.0, 16816708.0, 3, 0.130074742072
8880842.0, 5092864.0, 3, 0.126867575371
9413996.0, 2685698.0, 3, 0.125655157495
11278294.0, 3755852.0, 3, 0.122124070023
5347552.0, 8839554.0, 3, 0.120692177422
6009172.0, 12025542.0, 3, 0.113323804133
5917980.0, 8194238.0, 3, 0.0878983271898
10796542.0, 2714562.0, 3, 0.0839956839765
6287884.0, 9258966.0, 3, 0.0818185680225
10021754.0, 2783430.0, 3, 0.0803457701693
4163316.0, 11599388.0, 3, 0.0784039970508
8531844.0, 4223828.0, 3, 0.0702497875062
10407958.0, 3494002.0, 3, 0.0689013518533
7462028.0, 8380320.0, 3, 0.0683235122906
9773252.0, 3564644.0, 3, 0.0683052909096
7800184.0, 8956184.0, 3, 0.0670908765223
7667948.0, 9921364.0, 3, 0.0650862032424
7215950.0, 8590756.0, 3, 0.0633819678257
11048262.0, 3540938.0, 3, 0.063003854057
6446862.0, 3275830.0, 3, 0.0620564256601
8046810.0, 5382206.0, 3, 0.0593862739128
3736802.0, 8100602.0, 3, 0.0548106030984
6531270.0, 10516060.0, 3, 0.0542406519885
4999266.0, 11096340.0, 3, 0.0532658590092
4733490.0, 17210550.0, 3, 0.0511836375857
3773536.0, 5379886.0, 3, 0.0509795512201
4903450.0, 4769262.0, 3, 0.0486500541413
6764086.0, 3476284.0, 3, 0.0460958470701
3998558.0, 4419810.0, 3, 0.0455036838499
8275368.0, 4743118.0, 3, 0.0451621237962
10214482.0, 3932154.0, 3, 0.0431532274261
6566392.0, 10411836.0, 3, 0.0427019592016
6886500.0, 4140158.0, 3, 0.041836294975
5122028.0, 3377370.0, 3, 0.0416071844931
4563352.0, 5078212.0, 3, 0.0388380386568
4175090.0, 10298288.0, 3, 0.0385817055732
6335622.0, 10099496.0, 3, 0.0373879559096
9859994.0, 5509680.0, 3, 0.0372240449603
7303292.0, 4180722.0, 3, 0.0353577536564
7649282.0, 5515468.0, 3, 0.0332898029559
10262746.0, 4301498.0, 3, 0.0316281170631
4361704.0, 3358628.0, 3, 0.0281046905773
4781996.0, 3965562.0, 3, 0.0278203844098
4414928.0, 4608190.0, 3, 0.0276427329224
4700004.0, 3383646.0, 3, 0.0271866168401
4039574.0, 8116708.0, 3, 0.0261834517262
8331230.0, 5635174.0, 3, 0.0256080793338
Generacion: 20
7186374.0, 2425948.0, 1, inf
2521342.0, 15358350.0, 1, inf
3082808.0, 10085150.0, 1, 0.671222737835
3109740.0, 3943170.0, 1, 0.518251475335
5941638.0, 2427848.0, 1, 0.386776599403
2999908.0, 12319216.0, 1, 0.285639197554
5271006.0, 2475908.0, 1, 0.275026045543
4146592.0, 2557762.0, 1, 0.25993332962
2913172.0, 13308886.0, 1, 0.2216174754
2766450.0, 14538070.0, 1, 0.159336141158
5387394.0, 2440766.0, 1, 0.147473460231
3407714.0, 3215066.0, 1, 0.119834264614
2613712.0, 14539322.0, 1, 0.115969826241
3843816.0, 3207366.0, 1, 0.115171952702
4073668.0, 2896836.0, 1, 0.0567148411684
3149268.0, 3567154.0, 1, 0.0541900073376
3266428.0, 3534550.0, 1, 0.0485395489
3293530.0, 3231608.0, 1, 0.0479016111538
3956508.0, 2926878.0, 1, 0.0468032898508
4100770.0, 2593342.0, 1, 0.0418509970017
3956508.0, 2926878.0, 1, 0.0264797498095
3843816.0, 3207366.0, 1, 0.0247521511778
3149268.0, 3567154.0, 1, 0.010994363155
3266428.0, 3534550.0, 1, 0.00833071583163
3293530.0, 3231608.0, 1, 0.00708871917858
3266428.0, 3534550.0, 1, 0.0
3293530.0, 3231608.0, 1, 0.0
3293530.0, 3231608.0, 1, 0.0
3149268.0, 3567154.0, 1, 0.0
3072774.0, 14909076.0, 2, inf
8366854.0, 2449656.0, 2, inf
7442828.0, 2437870.0, 2, inf
3773536.0, 5379886.0, 2, 0.551449235469
3590126.0, 11007926.0, 2, 0.505035237395
3518462.0, 11599190.0, 2, 0.353145540483
7163002.0, 2609834.0, 2, 0.214283709061
6206006.0, 3681402.0, 2, 0.191906938621
5444644.0, 3255090.0, 2, 0.153870275187
4700990.0, 4316118.0, 2, 0.121191060693
3882210.0, 4393386.0, 2, 0.113843097231
6627064.0, 3814392.0, 2, 0.108191882096
4375712.0, 3255648.0, 2, 0.105194372602
5184282.0, 3359302.0, 2, 0.0974523917629
4146588.0, 3225660.0, 2, 0.0955139912128
4987012.0, 3254834.0, 2, 0.0931805349266
5391750.0, 2474970.0, 2, 0.0620236646223
3770694.0, 11170756.0, 2, 0.0548952949824
6446862.0, 3275830.0, 2, 0.0547160249212
3307478.0, 3903500.0, 2, 0.0513739275564
6379126.0, 3231502.0, 2, 0.0478346543889
4032412.0, 4262616.0, 2, 0.043629234881
6627064.0, 3814392.0, 2, 0.0390470551492
3733910.0, 4386846.0, 2, 0.0386148741855
4074098.0, 3537742.0, 2, 0.0352704760095
3225810.0, 3901172.0, 2, 0.0340283344923
3293724.0, 4012454.0, 2, 0.0318733887084
3956102.0, 3751928.0, 2, 0.0276295070616
3972028.0, 3559966.0, 2, 0.0259335486308
3291184.0, 4333982.0, 2, 0.0184995951855
4133954.0, 3260992.0, 2, 0.0153109406837
3148862.0, 4390194.0, 2, 0.0147906751653
3148862.0, 4390194.0, 2, 0.0146407383799
10682314.0, 2674216.0, 3, inf
13772628.0, 8542736.0, 3, inf
5888286.0, 17286406.0, 3, inf
4136788.0, 11970954.0, 3, inf
4654840.0, 16816356.0, 3, 0.260126675876
5716066.0, 15862314.0, 3, 0.240662958949
7212488.0, 7005710.0, 3, 0.188620665195
7779894.0, 13475156.0, 3, 0.174911936608
12480616.0, 9630760.0, 3, 0.170409768252
8340990.0, 8166842.0, 3, 0.151823888196
13193966.0, 8550524.0, 3, 0.144763990107
8880842.0, 5092864.0, 3, 0.120123212972
5704226.0, 4305392.0, 3, 0.11824684764
7347662.0, 12713864.0, 3, 0.103774703547
10547856.0, 4793298.0, 3, 0.103594787207
11675708.0, 11680646.0, 3, 0.102348971442
10893108.0, 10368316.0, 3, 0.0986455485748
9297410.0, 2702278.0, 3, 0.0963699961566
7668764.0, 11513246.0, 3, 0.0944987533885
10013194.0, 8698794.0, 3, 0.0942009306499
7321916.0, 6070964.0, 3, 0.0913606718842
7880532.0, 3274660.0, 3, 0.0908103802773
11995984.0, 4341256.0, 3, 0.0814370646253
10990016.0, 5098206.0, 3, 0.0799624784399
6697530.0, 13274858.0, 3, 0.0720636258884
9826710.0, 5295144.0, 3, 0.0697017247757
9413492.0, 5875714.0, 3, 0.0677664258718
5921438.0, 10329374.0, 3, 0.0634266796053
6886500.0, 4140158.0, 3, 0.0618313755044
8324362.0, 5147698.0, 3, 0.0612636252243
10771520.0, 3731310.0, 3, 0.0599825776059
9532050.0, 3471860.0, 3, 0.0547547646144
7856192.0, 8977480.0, 3, 0.0545037438691
7667948.0, 9921364.0, 3, 0.0494407990974
6542296.0, 8443268.0, 3, 0.0490242114291
6253630.0, 13438492.0, 3, 0.0487411791489
11854900.0, 4546504.0, 3, 0.0484152785999
11827556.0, 4049550.0, 3, 0.0438356077166
Generacion: 21
2613712.0, 14539322.0, 1, inf
7186374.0, 2425948.0, 1, inf
3109740.0, 3943170.0, 1, 0.755176010911
2999908.0, 12319216.0, 1, 0.731937075449
5676694.0, 2468814.0, 1, 0.396515039127
2814870.0, 13302404.0, 1, 0.267734847611
4772480.0, 2553104.0, 1, 0.252656540408
4146592.0, 2557762.0, 1, 0.159398346255
3843816.0, 3207366.0, 1, 0.147632989635
5271006.0, 2475908.0, 1, 0.141878998131
4051608.0, 2574304.0, 1, 0.119841392168
2999908.0, 12319216.0, 1, 0.105184764563
3407714.0, 3215066.0, 1, 0.0967371781127
5391750.0, 2474970.0, 1, 0.0623921217916
3149268.0, 3567154.0, 1, 0.0566632296696
3266428.0, 3534550.0, 1, 0.0506307237798
3293530.0, 3231608.0, 1, 0.0499798993803
3843816.0, 3207366.0, 1, 0.0460779001629
5391750.0, 2474970.0, 1, 0.0269138240563
3407714.0, 3215066.0, 1, 0.0256066735557
3149268.0, 3567154.0, 1, 0.0113359881187
3266428.0, 3534550.0, 1, 0.00861853382181
3293530.0, 3231608.0, 1, 0.00729256138836
3266428.0, 3534550.0, 1, 0.0
3843816.0, 3207366.0, 1, 0.0
3000176.0, 12763014.0, 2, inf
7573594.0, 2565882.0, 2, inf
3148862.0, 4390194.0, 2, 0.837920631586
6824022.0, 3361850.0, 2, 0.257242068679
5392528.0, 3597666.0, 2, 0.193145289413
4923650.0, 3645428.0, 2, 0.19189161562
5781216.0, 2837220.0, 2, 0.190868877055
7310926.0, 3449900.0, 2, 0.177088316593
6235808.0, 3555918.0, 2, 0.156399345153
4651050.0, 2569516.0, 2, 0.143851536721
3307478.0, 3903500.0, 2, 0.130773936543
4387452.0, 3496358.0, 2, 0.122402160363
3733910.0, 4386846.0, 2, 0.10671943584
3837386.0, 4286224.0, 2, 0.105553195603
6118648.0, 3587974.0, 2, 0.10324472627
4130032.0, 3558448.0, 2, 0.0717540206277
3748920.0, 3223908.0, 2, 0.0682279588263
4073668.0, 2896836.0, 2, 0.0631002307214
4014878.0, 3536362.0, 2, 0.0575050618824
3225810.0, 3901172.0, 2, 0.0419050460277
3148862.0, 4390194.0, 2, 0.0328392417687
3225810.0, 3901172.0, 2, 0.0180854032982
3307478.0, 3903500.0, 2, 0.0180854032982
3307478.0, 3903500.0, 2, 0.0
3148862.0, 4390194.0, 2, 0.0
3148862.0, 4390194.0, 2, 0.0
3770694.0, 11170756.0, 3, inf
11995984.0, 4341256.0, 3, inf
6677288.0, 2927388.0, 3, inf
6262002.0, 18712366.0, 3, inf
6112272.0, 16276234.0, 3, 0.222795345069
7424706.0, 12730606.0, 3, 0.161963669617
6097300.0, 14511162.0, 3, 0.159438280385
7321916.0, 6070964.0, 3, 0.152186973513
3811110.0, 8120852.0, 3, 0.146313952293
9417732.0, 6028382.0, 3, 0.142214495849
8810864.0, 3711200.0, 3, 0.115921169243
8289484.0, 10802954.0, 3, 0.115901480216
11218028.0, 5427306.0, 3, 0.114009161955
4010264.0, 15235160.0, 3, 0.108838204969
4460962.0, 11402928.0, 3, 0.1084455308
10471410.0, 4555158.0, 3, 0.108341211059
4868200.0, 4279850.0, 3, 0.10636987751
11844946.0, 8417232.0, 3, 0.105773141379
5567906.0, 9409412.0, 3, 0.102843730621
3916130.0, 11600902.0, 3, 0.10269996409
5813584.0, 8975858.0, 3, 0.0995316366753
7347662.0, 12713864.0, 3, 0.084065121223
7003036.0, 10029170.0, 3, 0.0811036102315
11002006.0, 3475702.0, 3, 0.0773764112468
6401708.0, 5561850.0, 3, 0.0721560851401
7822840.0, 3772060.0, 3, 0.0708294608625
10919176.0, 5336830.0, 3, 0.0686718521438
5344242.0, 4706786.0, 3, 0.0670020684125
6259028.0, 10151072.0, 3, 0.0665345534726
9736618.0, 3810034.0, 3, 0.0658625753063
6117942.0, 14674130.0, 3, 0.0637083117065
6542296.0, 8443268.0, 3, 0.0627876628332
10151686.0, 5263402.0, 3, 0.0582399690088
7185332.0, 4750532.0, 3, 0.0581441281247
4033136.0, 5352140.0, 3, 0.0575218341063
7743318.0, 4612962.0, 3, 0.0565278227484
6904698.0, 8998424.0, 3, 0.0468832162625
5347626.0, 10995826.0, 3, 0.0466713856368
6627064.0, 3814392.0, 3, 0.0461753103539
9942126.0, 3781106.0, 3, 0.0443422202766
8618674.0, 9299994.0, 3, 0.0426554337928
8520398.0, 11110432.0, 3, 0.0388031448259
4700990.0, 4316118.0, 3, 0.0366911862366
3972740.0, 5012634.0, 3, 0.033470084325
4730760.0, 5165670.0, 3, 0.0306049924393
10081558.0, 6030108.0, 3, 0.028175149244
8335976.0, 8266600.0, 3, 0.0275728414835
6767110.0, 8176160.0, 3, 0.0274243052021
8390660.0, 5101192.0, 3, 0.0266952740238
Generacion: 22
2964008.0, 13491686.0, 1, inf
5477662.0, 2421724.0, 1, inf
3094484.0, 9898798.0, 1, 0.756605337577
3109740.0, 3943170.0, 1, 0.553724270716
4146592.0, 2557762.0, 1, 0.433700532021
4774270.0, 2503974.0, 1, 0.316811302017
3038856.0, 12006594.0, 1, 0.256272270821
3843816.0, 3207366.0, 1, 0.232174932188
5180658.0, 2494386.0, 1, 0.18602542987
3407714.0, 3215066.0, 1, 0.174987563342
2999908.0, 12319216.0, 1, 0.163931685
4929820.0, 2499956.0, 1, 0.162538338687
3843816.0, 3207366.0, 1, 0.121148112437
5391750.0, 2474970.0, 1, 0.0887880982406
3149268.0, 3567154.0, 1, 0.0805766728312
3266428.0, 3534550.0, 1, 0.0739755661607
3293530.0, 3231608.0, 1, 0.0727916323337
3407714.0, 3215066.0, 1, 0.0461210800771
3109740.0, 3943170.0, 1, 0.0400364871095
5391750.0, 2474970.0, 1, 0.0359320682704
3149268.0, 3567154.0, 1, 0.0186705821845
3266428.0, 3534550.0, 1, 0.013727181064
3293530.0, 3231608.0, 1, 0.0122762275738
3843816.0, 3207366.0, 1, 0.0
5391750.0, 2474970.0, 1, 0.0
3109740.0, 3943170.0, 1, 0.0
3109740.0, 3943170.0, 1, 0.0
3293530.0, 3231608.0, 1, 0.0
3293530.0, 3231608.0, 1, 0.0
3293530.0, 3231608.0, 1, 0.0
7499604.0, 3253174.0, 2, inf
5676694.0, 2468814.0, 2, inf
3515082.0, 14571790.0, 2, inf
3000176.0, 12763014.0, 2, inf
3650384.0, 9921346.0, 2, 0.735547940613
3148862.0, 4390194.0, 2, 0.489203246772
3747488.0, 12667366.0, 2, 0.276352131036
6212850.0, 3416600.0, 2, 0.192708344745
6811926.0, 3292890.0, 2, 0.174813422586
4651050.0, 2569516.0, 2, 0.131939402642
5677472.0, 3587578.0, 2, 0.127430460807
6522886.0, 3335432.0, 2, 0.124752193951
5300880.0, 3497580.0, 2, 0.108771190575
4923650.0, 3645428.0, 2, 0.0929993145232
4130896.0, 3898312.0, 2, 0.0841743441391
5379146.0, 3222640.0, 2, 0.0768555795375
6743624.0, 3375038.0, 2, 0.0676486860252
4907154.0, 2563364.0, 2, 0.0672606965969
4558596.0, 3434968.0, 2, 0.065174729557
3293724.0, 4012454.0, 2, 0.0635831989806
4299670.0, 3376696.0, 2, 0.0530670070009
4001948.0, 4387046.0, 2, 0.0519232475483
4387452.0, 3496358.0, 2, 0.0505968247018
3307478.0, 3903500.0, 2, 0.0489891384807
3837386.0, 4286224.0, 2, 0.0481844600775
5541248.0, 2488726.0, 2, 0.0480212392154
3932300.0, 3937982.0, 2, 0.0350862952543
3148862.0, 4390194.0, 2, 0.0333056351051
5495776.0, 3685580.0, 2, 0.0307165875716
5392528.0, 3597666.0, 2, 0.0294376170849
4354216.0, 4295970.0, 2, 0.0278399388386
3858890.0, 3943338.0, 2, 0.0272478787308
5490092.0, 3664154.0, 2, 0.0262644479674
3307478.0, 3903500.0, 2, 0.00348548790461
3307478.0, 3903500.0, 2, 0.0
3307478.0, 3903500.0, 2, 0.0
6876032.0, 19698248.0, 3, inf
13046712.0, 19063336.0, 3, inf
4010264.0, 15235160.0, 3, inf
9413996.0, 2685698.0, 3, inf
11815118.0, 9191710.0, 3, 0.231179346032
8939746.0, 11462692.0, 3, 0.221183229552
5370754.0, 16283058.0, 3, 0.187363380987
6782580.0, 18709536.0, 3, 0.175139898482
4174580.0, 14530428.0, 3, 0.174370466609
9148394.0, 13346398.0, 3, 0.131625834244
6770172.0, 9587822.0, 3, 0.119368862073
6303206.0, 7299342.0, 3, 0.109229035441
11180546.0, 3822008.0, 3, 0.105584276564
8631974.0, 5182198.0, 3, 0.100925137476
4788472.0, 3169790.0, 3, 0.0988083458191
5895532.0, 15843008.0, 3, 0.096296989715
5210826.0, 6716398.0, 3, 0.092841760514
7981100.0, 8630090.0, 3, 0.0916754746887
10471410.0, 4555158.0, 3, 0.0901655312006
10952042.0, 4521976.0, 3, 0.0829189780745
7820660.0, 12378470.0, 3, 0.0826671769726
7424706.0, 12730606.0, 3, 0.0792657127488
10218706.0, 14847784.0, 3, 0.0791065267039
9608174.0, 3881760.0, 3, 0.0713263066399
10130896.0, 3826938.0, 3, 0.0710755033255
4998984.0, 15561392.0, 3, 0.070275041347
6184558.0, 4040888.0, 3, 0.0685074911264
6767110.0, 8176160.0, 3, 0.0661295351171
7439496.0, 3655558.0, 3, 0.0621140675844
9417732.0, 6028382.0, 3, 0.059488250862
6740498.0, 5751508.0, 3, 0.0581907079695
8383280.0, 4464786.0, 3, 0.0573261242832
7753298.0, 4279736.0, 3, 0.0562269517814
6982546.0, 9461048.0, 3, 0.0559930508257
Generacion: 23
5477662.0, 2421724.0, 1, inf
5477662.0, 2421724.0, 1, inf
2679272.0, 17061420.0, 1, inf
2774516.0, 11364856.0, 1, 0.566110507955
3012842.0, 9763212.0, 1, 0.45209702231
3109740.0, 3943170.0, 1, 0.411677372524
3843816.0, 3207366.0, 1, 0.301648428102
3293530.0, 3231608.0, 1, 0.217336973719
4634754.0, 2563272.0, 1, 0.204845196752
4214954.0, 2576800.0, 1, 0.192872296347
5271006.0, 2475908.0, 1, 0.184307265904
4879114.0, 2491332.0, 1, 0.179424897572
2872928.0, 9786840.0, 1, 0.17465100707
4073668.0, 2896836.0, 1, 0.133764484402
4774270.0, 2503974.0, 1, 0.0922356749799
4100770.0, 2593342.0, 1, 0.0723491529508
3149268.0, 3567154.0, 1, 0.0675516169766
3266428.0, 3534550.0, 1, 0.0625601198855
3109740.0, 3943170.0, 1, 0.0603110250649
2957302.0, 9764258.0, 1, 0.0516120025245
5391750.0, 2474970.0, 1, 0.0467847644338
5391750.0, 2474970.0, 1, 0.0307645823048
3149268.0, 3567154.0, 1, 0.0163523603105
3266428.0, 3534550.0, 1, 0.0119119499317
3293530.0, 3231608.0, 1, 0.0113407632076
3293530.0, 3231608.0, 1, 0.0
3293530.0, 3231608.0, 1, 0.0
3293530.0, 3231608.0, 1, 0.0
3109740.0, 3943170.0, 1, 0.0
3149268.0, 3567154.0, 1, 0.0
3149268.0, 3567154.0, 1, 0.0
3266428.0, 3534550.0, 1, 0.0
3266428.0, 3534550.0, 1, 0.0
3266428.0, 3534550.0, 1, 0.0
3293530.0, 3231608.0, 1, 0.0
3293530.0, 3231608.0, 1, 0.0
5541248.0, 2488726.0, 2, inf
4001152.0, 12349540.0, 2, inf
8825128.0, 3509538.0, 2, inf
2999908.0, 12319216.0, 2, inf
4058178.0, 8260526.0, 2, 0.499812993834
4131630.0, 5042154.0, 2, 0.386320310338
3673598.0, 11505238.0, 2, 0.285832257958
7497992.0, 3466368.0, 2, 0.259809345728
8621546.0, 3587390.0, 2, 0.237244191257
3094484.0, 9898798.0, 2, 0.190885083446
6954294.0, 4186172.0, 2, 0.178480078338
3288832.0, 9875102.0, 2, 0.177362211504
7163002.0, 2609834.0, 2, 0.154415743165
4683132.0, 3381584.0, 2, 0.140719901466
5936542.0, 3179320.0, 2, 0.134508173195
5397834.0, 3652838.0, 2, 0.129818262661
6279144.0, 3919936.0, 2, 0.127902286067
5568402.0, 3657278.0, 2, 0.0930429929619
4030366.0, 11592400.0, 2, 0.0890343869541
4414928.0, 4608190.0, 2, 0.0813142735317
5968844.0, 3258334.0, 2, 0.0679449552103
3307478.0, 3903500.0, 2, 0.064517644634
6212850.0, 3416600.0, 2, 0.0594392181547
3972028.0, 3559966.0, 2, 0.0591653744437
4651050.0, 2569516.0, 2, 0.0461673236816
4466354.0, 2577016.0, 2, 0.0446231438575
4222836.0, 4333018.0, 2, 0.0420655998619
3225810.0, 3901172.0, 2, 0.0379625578824
4354216.0, 4295970.0, 2, 0.0370674705682
4086850.0, 4430154.0, 2, 0.0344422874765
5398066.0, 3998128.0, 2, 0.0340018890791
6265136.0, 4028890.0, 2, 0.0282809447136
2999908.0, 12319216.0, 2, 0.0193108124993
3148862.0, 4390194.0, 2, 0.0150878668257
3148862.0, 4390194.0, 2, 0.0150354699922
3213146.0, 4019520.0, 2, 0.0148762576993
4015284.0, 4292672.0, 2, 0.0144366301005
4130032.0, 3558448.0, 2, 0.0128012427478
3291184.0, 4333982.0, 2, 0.00663810088646
4020386.0, 3381806.0, 2, 0.00614011206486
3293724.0, 4012454.0, 2, 0.00496654251596
3307478.0, 3903500.0, 2, 0.00259719852808
3307478.0, 3903500.0, 2, 0.0
11210384.0, 18965322.0, 3, inf
12664904.0, 10592264.0, 3, inf
10634814.0, 3923256.0, 3, inf
3000176.0, 12763014.0, 3, inf
12097942.0, 18592340.0, 3, 0.321315793392
3036672.0, 16395866.0, 3, 0.23937406331
10867006.0, 7923834.0, 3, 0.187694708993
4304998.0, 12684704.0, 3, 0.17693626629
3180134.0, 12987740.0, 3, 0.17001595904
8256904.0, 15271744.0, 3, 0.158326176781
7788636.0, 6225380.0, 3, 0.155575760778
9148394.0, 13346398.0, 3, 0.146798097273
5982400.0, 10643026.0, 3, 0.120612732415
8151740.0, 9335992.0, 3, 0.117895608153
8717886.0, 8995396.0, 3, 0.116395731489
5348666.0, 5072666.0, 3, 0.116357464351
7144152.0, 4531022.0, 3, 0.116353479138
4761822.0, 14132324.0, 3, 0.104845091293
9825950.0, 4578220.0, 3, 0.104586676712
9666066.0, 11580244.0, 3, 0.0985292024867
5643200.0, 5022950.0, 3, 0.0967206198963
Generacion: 24
5477662.0, 2421724.0, 1, inf
2872928.0, 9786840.0, 1, inf
5477662.0, 2421724.0, 1, inf
3012842.0, 9763212.0, 1, 0.843932562983
3109740.0, 3943170.0, 1, 0.805392735116
4051608.0, 2574304.0, 1, 0.372912926687
3407714.0, 3215066.0, 1, 0.336903923486
4883818.0, 2485496.0, 1, 0.329637056169
5396084.0, 2477420.0, 1, 0.236645082995
4544500.0, 2497306.0, 1, 0.189398954376
4398266.0, 2507500.0, 1, 0.160971816266
4146592.0, 2557762.0, 1, 0.142158003623
3149268.0, 3567154.0, 1, 0.0960332835192
3109740.0, 3943170.0, 1, 0.0882543702022
3266428.0, 3534550.0, 1, 0.086111647526
3293530.0, 3231608.0, 1, 0.0830656551137
3402756.0, 3220954.0, 1, 0.0460830989619
3012842.0, 9763212.0, 1, 0.0404088237097
3149268.0, 3567154.0, 1, 0.0196022601254
3266428.0, 3534550.0, 1, 0.0148317154171
3293530.0, 3231608.0, 1, 0.011851450069
3293530.0, 3231608.0, 1, 0.0
3109740.0, 3943170.0, 1, 0.0
3109740.0, 3943170.0, 1, 0.0
3109740.0, 3943170.0, 1, 0.0
3149268.0, 3567154.0, 1, 0.0
3266428.0, 3534550.0, 1, 0.0
9525454.0, 2559556.0, 2, inf
3491688.0, 13688948.0, 2, inf
5941638.0, 2427848.0, 2, inf
3000176.0, 12763014.0, 2, inf
3708236.0, 5791898.0, 2, 0.394377292728
4311536.0, 9375276.0, 2, 0.363549066888
7911546.0, 2464830.0, 2, 0.307218578203
3103314.0, 12395214.0, 2, 0.261256287317
4011868.0, 10077578.0, 2, 0.23902028114
6879530.0, 2486366.0, 2, 0.230948865769
7542600.0, 2478690.0, 2, 0.160069057512
6081406.0, 3963990.0, 2, 0.151336699487
5267572.0, 3905720.0, 2, 0.113213957792
5625980.0, 2804240.0, 2, 0.11163250582
3491688.0, 13688948.0, 2, 0.0945423657722
3732992.0, 5350588.0, 2, 0.0921586559613
3972740.0, 5012634.0, 2, 0.0888260052054
4768714.0, 4593494.0, 2, 0.0828370892715
3858050.0, 9393534.0, 2, 0.0733973448368
3211120.0, 9788062.0, 2, 0.0642142778713
3998964.0, 3584722.0, 2, 0.063249039133
5014916.0, 4364622.0, 2, 0.0604979060033
5555440.0, 2441012.0, 2, 0.0582101376003
5926820.0, 2571290.0, 2, 0.0510367284826
4688236.0, 3209532.0, 2, 0.0507108370592
4442334.0, 4407672.0, 2, 0.0489442429397
3411308.0, 9879276.0, 2, 0.0483181440579
3293724.0, 4012454.0, 2, 0.0449855180092
4700990.0, 4316118.0, 2, 0.043606233869
4133954.0, 3260992.0, 2, 0.0405403363856
4100770.0, 2593342.0, 2, 0.0393959571779
4634754.0, 2563272.0, 2, 0.0380226799477
4147902.0, 3926818.0, 2, 0.0323889227995
4890978.0, 2557750.0, 2, 0.027715319395
4433182.0, 4375394.0, 2, 0.0223156425996
3288832.0, 9875102.0, 2, 0.0207589967045
4907154.0, 2563364.0, 2, 0.019705528872
3148862.0, 4390194.0, 2, 0.0193876158875
3293724.0, 4012454.0, 2, 0.00505336468801
3293724.0, 4012454.0, 2, 0.0
4825724.0, 18278398.0, 3, inf
11083418.0, 2639114.0, 3, inf
4030552.0, 12346032.0, 3, inf
13303526.0, 8528560.0, 3, inf
13063892.0, 15465994.0, 3, 0.464331588108
5596736.0, 5870660.0, 3, 0.240147943932
4969864.0, 13461956.0, 3, 0.216522956823
11853596.0, 3995648.0, 3, 0.156300040564
7147742.0, 7842274.0, 3, 0.154944687935
4377946.0, 10161888.0, 3, 0.138128305894
8652596.0, 12078274.0, 3, 0.137953139569
6712038.0, 8203158.0, 3, 0.125198713548
6078442.0, 3239148.0, 3, 0.123822071287
7368980.0, 8984034.0, 3, 0.111495447579
4116258.0, 11635012.0, 3, 0.102080726095
7926764.0, 4526380.0, 3, 0.101549198529
10291944.0, 4322498.0, 3, 0.0838791735389
11770460.0, 5355694.0, 3, 0.0829155662503
9143812.0, 3818672.0, 3, 0.0827693804051
8784416.0, 10693272.0, 3, 0.0779765672316
10772732.0, 4480764.0, 3, 0.0770849155389
9754172.0, 3861682.0, 3, 0.0756198226882
5325920.0, 3224922.0, 3, 0.069875038476
7705780.0, 4740546.0, 3, 0.068751973182
11552252.0, 5082150.0, 3, 0.0658714686208
7347662.0, 12713864.0, 3, 0.0650564204848
7003980.0, 11067700.0, 3, 0.0642199478148
7837650.0, 3203600.0, 3, 0.0612884430329
10443400.0, 5053704.0, 3, 0.0611782883622
4687858.0, 12496884.0, 3, 0.051923363602
7413110.0, 4185760.0, 3, 0.0488182331803
11338694.0, 3922770.0, 3, 0.0455580088969
9385880.0, 3580418.0, 3, 0.0453936273319
Generacion: 25
8311154.0, 2416198.0, 1, inf
2776722.0, 10795458.0, 1, inf
3012842.0, 9763212.0, 1, 0.719857729832
3109740.0, 3943170.0, 1, 0.701719283104
5024716.0, 2483588.0, 1, 0.548993616364
7542600.0, 2478690.0, 1, 0.469578612155
3843816.0, 3207366.0, 1, 0.194411817208
4512450.0, 2491132.0, 1, 0.167517699047
7602912.0, 2452316.0, 1, 0.146325666245
2807700.0, 9788770.0, 1, 0.137753947601
4051608.0, 2574304.0, 1, 0.132232914765
3402756.0, 3220954.0, 1, 0.102322630527
4146592.0, 2557762.0, 1, 0.0680799500886
3149268.0, 3567154.0, 1, 0.0660438977895
3109740.0, 3943170.0, 1, 0.0623828174835
3266428.0, 3534550.0, 1, 0.0573230799607
3293530.0, 3231608.0, 1, 0.0558895091806
2872928.0, 9786840.0, 1, 0.0401166457259
4146592.0, 2557762.0, 1, 0.0251141516417
3012842.0, 9763212.0, 1, 0.0203280298292
3149268.0, 3567154.0, 1, 0.0110332320685
3266428.0, 3534550.0, 1, 0.00878801521522
3293530.0, 3231608.0, 1, 0.00616845215118
3149268.0, 3567154.0, 1, 0.0
3293530.0, 3231608.0, 1, 0.0
3109740.0, 3943170.0, 1, 0.0
2995338.0, 9791014.0, 2, inf
3721842.0, 10903408.0, 2, inf
7704746.0, 2491024.0, 2, inf
3385696.0, 9759012.0, 2, 0.593212503959
3735208.0, 5016474.0, 2, 0.583657733826
6699386.0, 2587140.0, 2, 0.4252119073
5564530.0, 2781270.0, 2, 0.282973269009
5720390.0, 2560938.0, 2, 0.223248324677
4185030.0, 4989760.0, 2, 0.182146336209
4809246.0, 2555002.0, 2, 0.176322193577
4639380.0, 3660878.0, 2, 0.16984859699
3414528.0, 10476146.0, 2, 0.157202684835
3148862.0, 4390194.0, 2, 0.129880539578
5666010.0, 3443390.0, 2, 0.113644321889
3828930.0, 10181414.0, 2, 0.0931440930101
3932300.0, 3937982.0, 2, 0.0703826767439
3837386.0, 4286224.0, 2, 0.0660125761445
3288832.0, 9875102.0, 2, 0.063517778344
3213146.0, 4019520.0, 2, 0.0622650457312
4100770.0, 2593342.0, 2, 0.0482824085251
4773296.0, 3512728.0, 2, 0.0479056233329
4011328.0, 3458878.0, 2, 0.0354283794413
3293724.0, 4012454.0, 2, 0.0302608053898
4130032.0, 3558448.0, 2, 0.0235071383119
3972028.0, 3559966.0, 2, 0.0207631631435
3972740.0, 5012634.0, 2, 0.00865028108676
3735208.0, 5016474.0, 2, 0.00329461854913
3972740.0, 5012634.0, 2, 0.00287027325857
4594534.0, 16818846.0, 3, inf
12475698.0, 4005286.0, 3, inf
3861890.0, 13245726.0, 3, inf
8754040.0, 2610998.0, 3, inf
8647242.0, 13431114.0, 3, 0.279771906278
10204904.0, 7060614.0, 3, 0.169268882265
9202872.0, 8852572.0, 3, 0.13031354241
11941614.0, 6160550.0, 3, 0.12850018869
11405810.0, 6487134.0, 3, 0.115411062972
6986446.0, 3230756.0, 3, 0.113291110337
4312158.0, 11294262.0, 3, 0.11322407701
5152792.0, 12499564.0, 3, 0.105669908999
6426690.0, 8065872.0, 3, 0.101881673651
10912166.0, 5584092.0, 3, 0.0987748694545
10615556.0, 5657520.0, 3, 0.0947734717398
8021230.0, 12428916.0, 3, 0.084854008854
4553862.0, 5221968.0, 3, 0.084394979207
8510418.0, 4366318.0, 3, 0.0827161954669
7237514.0, 11505484.0, 3, 0.0771247350751
7779594.0, 12287012.0, 3, 0.0756587746209
3889528.0, 12812206.0, 3, 0.0744400012725
8916576.0, 3809516.0, 3, 0.0733368070136
6555052.0, 9403980.0, 3, 0.0726469408374
11587384.0, 5930592.0, 3, 0.0720832328833
7404938.0, 10072812.0, 3, 0.0720266946613
5745098.0, 2939836.0, 3, 0.0646026641903
5397276.0, 13065516.0, 3, 0.0606752156991
8846472.0, 10992584.0, 3, 0.0606720508646
7292818.0, 9734930.0, 3, 0.0595410139522
9941752.0, 4642260.0, 3, 0.0588897560199
5978940.0, 5797262.0, 3, 0.0564748678892
5625824.0, 9394136.0, 3, 0.0537744455009
9484010.0, 5517400.0, 3, 0.0519019831179
5927368.0, 10700334.0, 3, 0.0509595346482
9409300.0, 4659176.0, 3, 0.0502929943272
5356384.0, 5396292.0, 3, 0.0491763795052
5616198.0, 8176582.0, 3, 0.0486961420811
6248276.0, 4224974.0, 3, 0.0484016598927
7908366.0, 10654264.0, 3, 0.0478940859921
9742516.0, 2810266.0, 3, 0.0434345317328
9392934.0, 12673642.0, 3, 0.0416313525472
7119466.0, 4367632.0, 3, 0.0407914440342
7589132.0, 2788744.0, 3, 0.0378156135667
9008606.0, 10296688.0, 3, 0.0373265796065
7609864.0, 6772316.0, 3, 0.0367902415426
6354042.0, 10269526.0, 3, 0.0345124426416
Generacion: 26
5477662.0, 2421724.0, 1, inf
2367888.0, 18355602.0, 1, inf
2466980.0, 16741298.0, 1, 0.547789610239
2708848.0, 11374202.0, 1, 0.545900445945
4641292.0, 2478828.0, 1, 0.314736112945
3094848.0, 8023446.0, 1, 0.281967836694
3109740.0, 3943170.0, 1, 0.268786405602
2930040.0, 9610948.0, 1, 0.1820243125
3843816.0, 3207366.0, 1, 0.180365996146
3402756.0, 3220954.0, 1, 0.178475107454
3029654.0, 8025666.0, 1, 0.152627388211
2807700.0, 9788770.0, 1, 0.138841178481
4100770.0, 2593342.0, 1, 0.138131434122
4146592.0, 2557762.0, 1, 0.101052218722
3843816.0, 3207366.0, 1, 0.0834806436167
4398266.0, 2507500.0, 1, 0.0819572420615
4512450.0, 2491132.0, 1, 0.0799485237572
3149268.0, 3567154.0, 1, 0.0612732873533
3266428.0, 3534550.0, 1, 0.0566872098147
3293530.0, 3231608.0, 1, 0.054135899012
2807700.0, 9788770.0, 1, 0.042947514039
4398266.0, 2507500.0, 1, 0.0398721917754
3109740.0, 3943170.0, 1, 0.0283872962813
3149268.0, 3567154.0, 1, 0.0147570977339
3266428.0, 3534550.0, 1, 0.0107613089724
3293530.0, 3231608.0, 1, 0.0093837410006
3293530.0, 3231608.0, 1, 0.0
3109740.0, 3943170.0, 1, 0.0
3149268.0, 3567154.0, 1, 0.0
3266428.0, 3534550.0, 1, 0.0
3293530.0, 3231608.0, 1, 0.0
3293530.0, 3231608.0, 1, 0.0
7542600.0, 2478690.0, 2, inf
4224162.0, 12810912.0, 2, inf
3213146.0, 4019520.0, 2, inf
3385696.0, 9759012.0, 2, 0.660641895857
4553862.0, 5221968.0, 2, 0.541722782434
6265136.0, 4028890.0, 2, 0.253621624223
3710812.0, 11085312.0, 2, 0.222858623805
6706422.0, 2619510.0, 2, 0.217692217744
4633150.0, 11726312.0, 2, 0.162340557061
5219180.0, 2832104.0, 2, 0.15133480368
5720390.0, 2560938.0, 2, 0.148880021678
6665480.0, 2824058.0, 2, 0.1208771571
5179094.0, 4384542.0, 2, 0.1143984322
5666010.0, 3443390.0, 2, 0.105426667551
4888842.0, 4665036.0, 2, 0.101702699837
4264302.0, 3240888.0, 2, 0.0750110627215
4782610.0, 11227528.0, 2, 0.0731437583934
4117330.0, 5042066.0, 2, 0.069384041838
3932300.0, 3937982.0, 2, 0.0690782765499
4688018.0, 11453736.0, 2, 0.0687528394732
4969326.0, 3537248.0, 2, 0.0677771069247
3866874.0, 3350110.0, 2, 0.0584954472296
4990458.0, 3420456.0, 2, 0.0574794428902
3225810.0, 3901172.0, 2, 0.0561577870081
4146588.0, 3225660.0, 2, 0.0552010726939
4185030.0, 4989760.0, 2, 0.0519315199736
3751232.0, 11361784.0, 2, 0.0444551328502
3307478.0, 3903500.0, 2, 0.0404924711717
5666010.0, 3443390.0, 2, 0.0216444845218
4238544.0, 3248186.0, 2, 0.0198423848076
6699386.0, 2587140.0, 2, 0.0151254874452
3735208.0, 5016474.0, 2, 0.0143984656495
3217814.0, 11372628.0, 2, 0.0118246179363
12627186.0, 15520194.0, 3, inf
8450860.0, 16688400.0, 3, inf
4308308.0, 15851050.0, 3, inf
8240116.0, 2486854.0, 3, inf
4666430.0, 12697084.0, 3, 0.187214307044
4323856.0, 14430364.0, 3, 0.171390835065
5244882.0, 10681394.0, 3, 0.162577231034
11693798.0, 4357376.0, 3, 0.16070091412
7898260.0, 11889830.0, 3, 0.13915885938
8846472.0, 10992584.0, 3, 0.138084585831
10442174.0, 13697546.0, 3, 0.137281727297
10906970.0, 5290112.0, 3, 0.132505408027
5570166.0, 8498718.0, 3, 0.131032286125
6735640.0, 9519990.0, 3, 0.125246851713
10204636.0, 7399452.0, 3, 0.116930422703
11587384.0, 5930592.0, 3, 0.110464862376
7198872.0, 6891612.0, 3, 0.100599658453
10717814.0, 2663796.0, 3, 0.0890178068691
6249812.0, 9970806.0, 3, 0.0869085720412
9873142.0, 6029698.0, 3, 0.0853636522066
7404938.0, 10072812.0, 3, 0.0816429063897
9610920.0, 15544866.0, 3, 0.0787188384926
9003788.0, 6238858.0, 3, 0.077755641363
9202872.0, 8852572.0, 3, 0.072291533959
7771694.0, 3555070.0, 3, 0.0718324762542
7990638.0, 3253558.0, 3, 0.0632983530203
7043874.0, 8037162.0, 3, 0.0625613989451
8912694.0, 13182252.0, 3, 0.0611976409621
6528722.0, 9952902.0, 3, 0.0610055475368
9412096.0, 4500576.0, 3, 0.0591394926669
6926092.0, 8483230.0, 3, 0.0580078174822
6253532.0, 4747382.0, 3, 0.0563447608168
10140476.0, 5260222.0, 3, 0.055206308033
8166472.0, 12976236.0, 3, 0.0550947100326
8038792.0, 5072006.0, 3, 0.0526722081354
Generacion: 27
2398982.0, 17552796.0, 1, inf
7025754.0, 2417478.0, 1, inf
3109740.0, 3943170.0, 1, 0.393781595531
2997880.0, 9031936.0, 1, 0.374770575951
2774516.0, 11364856.0, 1, 0.325339169763
6569386.0, 2432202.0, 1, 0.317910173735
2760858.0, 14559650.0, 1, 0.297743377341
5560144.0, 2434776.0, 1, 0.246717060168
4929820.0, 2499956.0, 1, 0.14600949979
4254510.0, 2839122.0, 1, 0.143320985073
2619644.0, 15364672.0, 1, 0.142782039472
5444418.0, 2486294.0, 1, 0.140540557893
2807700.0, 9788770.0, 1, 0.125530632678
3843816.0, 3207366.0, 1, 0.118586324641
4774270.0, 2503974.0, 1, 0.115385014345
2589002.0, 16158518.0, 1, 0.10430935507
3407714.0, 3215066.0, 1, 0.0962255686189
3843816.0, 3207366.0, 1, 0.089273437683
4398266.0, 2507500.0, 1, 0.0851304399452
2931800.0, 9033356.0, 1, 0.0768832846791
2872928.0, 9786840.0, 1, 0.076732835037
2428796.0, 17027890.0, 1, 0.0683128238158
2552778.0, 16724692.0, 1, 0.0648776726247
4310860.0, 2565974.0, 1, 0.0529809487483
3149268.0, 3567154.0, 1, 0.0501658041928
2466980.0, 16741298.0, 1, 0.0468291351446
3266428.0, 3534550.0, 1, 0.0453377589545
3293530.0, 3231608.0, 1, 0.0436229564961
3402756.0, 3220954.0, 1, 0.0257719174156
4398266.0, 2507500.0, 1, 0.0191243216945
3149268.0, 3567154.0, 1, 0.0106974881782
3266428.0, 3534550.0, 1, 0.00801181445147
3293530.0, 3231608.0, 1, 0.00656156411646
3293530.0, 3231608.0, 1, 0.0
3843816.0, 3207366.0, 1, 0.0
3149268.0, 3567154.0, 1, 0.0
3149268.0, 3567154.0, 1, 0.0
3293530.0, 3231608.0, 1, 0.0
3293530.0, 3231608.0, 1, 0.0
3664168.0, 18357784.0, 2, inf
2682346.0, 17621148.0, 2, inf
12225428.0, 3050984.0, 2, inf
7585216.0, 3327520.0, 2, 0.496171586919
2979532.0, 16741762.0, 2, 0.41928878772
3217814.0, 11372628.0, 2, 0.382006096987
3342290.0, 9034188.0, 2, 0.305643712872
4146400.0, 5054822.0, 2, 0.263911525061
7118952.0, 3366276.0, 2, 0.135672819772
3385696.0, 9759012.0, 2, 0.10186812633
6264942.0, 3248044.0, 2, 0.0975457174883
5666010.0, 3443390.0, 2, 0.0950251654435
3640214.0, 10848148.0, 2, 0.0856865601051
5380632.0, 3536280.0, 2, 0.0849762324921
3002376.0, 9607790.0, 2, 0.067239315153
6212850.0, 3416600.0, 2, 0.0657639662322
4983232.0, 3246582.0, 2, 0.0575056705329
4398460.0, 3286336.0, 2, 0.0549113599736
7530182.0, 3397422.0, 2, 0.0521465378767
3586894.0, 11018810.0, 2, 0.0510878025963
4121052.0, 4714182.0, 2, 0.0506875626981
2896732.0, 10946654.0, 2, 0.042290935511
4800122.0, 4352526.0, 2, 0.0409936589196
4622024.0, 4334292.0, 2, 0.039785807791
4003066.0, 5016674.0, 2, 0.0361288581292
3779004.0, 11320406.0, 2, 0.0314731058141
4644366.0, 3648950.0, 2, 0.030024334845
4147550.0, 5035506.0, 2, 0.0288853762341
3837754.0, 4137958.0, 2, 0.0254074253637
4840286.0, 4051764.0, 2, 0.025103523662
4685924.0, 3209926.0, 2, 0.0240404943421
3307478.0, 3903500.0, 2, 0.0239717197132
3932300.0, 3937982.0, 2, 0.0212698693565
3751232.0, 11361784.0, 2, 0.0151875465608
4076750.0, 4047406.0, 2, 0.0149316507257
3666626.0, 4010626.0, 2, 0.0139885467136
3845326.0, 9681210.0, 2, 0.0129308251109
3293724.0, 4012454.0, 2, 0.0117985603875
3866874.0, 3350110.0, 2, 0.011645773754
4679604.0, 3234514.0, 2, 0.00572162112284
4146588.0, 3225660.0, 2, 0.00172685103503
11317786.0, 16259052.0, 3, inf
12627186.0, 15520194.0, 3, inf
7831442.0, 3439370.0, 3, inf
4177052.0, 5379052.0, 3, inf
10313606.0, 9753624.0, 3, 0.175562291678
9529532.0, 3688350.0, 3, 0.164394700865
8684512.0, 10639900.0, 3, 0.161614457604
10372244.0, 13699106.0, 3, 0.1567906276
6340256.0, 8775538.0, 3, 0.155660670785
12074384.0, 8196322.0, 3, 0.146930360445
7360400.0, 7844704.0, 3, 0.145534880547
8370946.0, 6688386.0, 3, 0.144399296234
9101318.0, 3774666.0, 3, 0.139373052533
4666430.0, 12697084.0, 3, 0.132823319028
4268676.0, 14663356.0, 3, 0.127428816989
4838034.0, 11651442.0, 3, 0.124515871871
5905806.0, 9667724.0, 3, 0.123138337463
11684904.0, 14208410.0, 3, 0.12245469768
7001912.0, 11213710.0, 3, 0.120753173316
4430332.0, 12588950.0, 3, 0.110897677675
Generacion: 28
7852020.0, 2418432.0, 1, inf
2367888.0, 18355602.0, 1, inf
5614718.0, 2473182.0, 1, 0.519630964429
2466980.0, 16741298.0, 1, 0.447934916197
2669980.0, 12094682.0, 1, 0.380869179604
3029654.0, 8025666.0, 1, 0.339698762094
3109740.0, 3943170.0, 1, 0.263369619795
5024716.0, 2483588.0, 1, 0.202118542365
2776722.0, 10795458.0, 1, 0.117505241045
4512450.0, 2491132.0, 1, 0.115729954524
3407714.0, 3215066.0, 1, 0.101862592495
2708848.0, 11374202.0, 1, 0.100985416403
4226520.0, 2913560.0, 1, 0.0979936784814
3843816.0, 3207366.0, 1, 0.0979559651608
2997880.0, 9031936.0, 1, 0.0810720324272
2807700.0, 9788770.0, 1, 0.0808297577408
3843816.0, 3207366.0, 1, 0.0702670255463
2931800.0, 9033356.0, 1, 0.0701517864504
2872928.0, 9786840.0, 1, 0.0700284298021
3149268.0, 3567154.0, 1, 0.0542105905078
3266428.0, 3534550.0, 1, 0.04735965048
4310860.0, 2565974.0, 1, 0.0470211674208
3293530.0, 3231608.0, 1, 0.0398293162437
3109740.0, 3943170.0, 1, 0.0381968718453
4398266.0, 2507500.0, 1, 0.0244898299987
4254510.0, 2839122.0, 1, 0.0222428688003
4398266.0, 2507500.0, 1, 0.0169650155588
4254510.0, 2839122.0, 1, 0.0149458154597
3293530.0, 3231608.0, 1, 0.00597984508106
3843816.0, 3207366.0, 1, 0.0
3109740.0, 3943170.0, 1, 0.0
3293530.0, 3231608.0, 1, 0.0
2533468.0, 18258156.0, 2, inf
5590298.0, 3494398.0, 2, inf
5444418.0, 2486294.0, 2, inf
3846324.0, 14516764.0, 2, 0.311911287623
3686846.0, 6730596.0, 2, 0.283085727545
3008364.0, 17024944.0, 2, 0.242684571089
4543016.0, 3217866.0, 2, 0.220061117672
2896732.0, 10946654.0, 2, 0.206256746773
2997180.0, 12676354.0, 2, 0.202406747703
2682346.0, 17621148.0, 2, 0.197027475266
3506884.0, 11244212.0, 2, 0.180103354603
4228208.0, 8239760.0, 2, 0.16741666474
3216222.0, 8950104.0, 2, 0.146921617386
4272926.0, 5480212.0, 2, 0.141237693781
3142544.0, 11359012.0, 2, 0.136765602925
4929820.0, 2499956.0, 2, 0.12699692128
4104486.0, 8876402.0, 2, 0.110311537804
4972804.0, 4720980.0, 2, 0.107142340855
4398460.0, 3286336.0, 2, 0.105173910202
3837386.0, 4286224.0, 2, 0.0978258903247
3948022.0, 5381438.0, 2, 0.0908681109244
3002376.0, 9607790.0, 2, 0.0889595906988
2995674.0, 9601300.0, 2, 0.0745601443036
3198266.0, 3569640.0, 2, 0.0695853902874
5136644.0, 2492712.0, 2, 0.0684036419041
5296846.0, 2492050.0, 2, 0.0640663390971
5380632.0, 3536280.0, 2, 0.0530468032427
4177052.0, 5379052.0, 2, 0.0483196496389
4147550.0, 5035506.0, 2, 0.0468099315875
4929820.0, 2499956.0, 2, 0.0456623448295
3148862.0, 4390194.0, 2, 0.0455734617655
5186036.0, 3229152.0, 2, 0.0424448011688
5180370.0, 5015180.0, 2, 0.0361001389152
4930260.0, 4289702.0, 2, 0.0206537454935
3677992.0, 18232328.0, 3, inf
3030758.0, 17547842.0, 3, inf
7281256.0, 2604004.0, 3, inf
14649678.0, 8906906.0, 3, inf
10099628.0, 15964328.0, 3, 0.198291976767
4920384.0, 13115298.0, 3, 0.17697039966
13131836.0, 10336636.0, 3, 0.155224280948
8613772.0, 8507046.0, 3, 0.143115293562
7920388.0, 15344018.0, 3, 0.135950029671
13028446.0, 11978808.0, 3, 0.129116700163
11949586.0, 14186990.0, 3, 0.12850258761
4174164.0, 16427504.0, 3, 0.128190515906
11224094.0, 7022362.0, 3, 0.105358543597
6002610.0, 5834200.0, 3, 0.102313353782
6169114.0, 11356552.0, 3, 0.102296042819
8748220.0, 7102362.0, 3, 0.101970093553
3040024.0, 17031468.0, 3, 0.0974925117472
4617424.0, 17357190.0, 3, 0.0972654648859
11440710.0, 10404118.0, 3, 0.0956007378681
10982292.0, 4634606.0, 3, 0.0930120858547
12300642.0, 16704124.0, 3, 0.0916707128623
5736806.0, 9377772.0, 3, 0.0913377347192
9483874.0, 3373474.0, 3, 0.0898236620554
5031950.0, 14721830.0, 3, 0.0822806820913
5291228.0, 5339168.0, 3, 0.0777337471118
9244930.0, 14556922.0, 3, 0.0767494959269
5626074.0, 10158902.0, 3, 0.0709007420412
8353344.0, 4676528.0, 3, 0.0687382002206
6881452.0, 2852224.0, 3, 0.0644391669974
6379126.0, 3231502.0, 3, 0.0608996227759
5321238.0, 11615226.0, 3, 0.0602790893009
11576612.0, 5502262.0, 3, 0.0588334752091
8989756.0, 2682510.0, 3, 0.0572228089847
12613990.0, 5590114.0, 3, 0.0550444830955
Generacion: 29
2369348.0, 17808138.0, 1, inf
7852020.0, 2418432.0, 1, inf
6716474.0, 2438174.0, 1, 0.519913684935
5024716.0, 2483588.0, 1, 0.405439281171
2688856.0, 14544364.0, 1, 0.319313591116
3094848.0, 8023446.0, 1, 0.27988157461
3109740.0, 3943170.0, 1, 0.272339834401
2708848.0, 11374202.0, 1, 0.247492268651
2661416.0, 16155204.0, 1, 0.177804868545
4512450.0, 2491132.0, 1, 0.135555526615
4051608.0, 2574304.0, 1, 0.12686216121
3293530.0, 3231608.0, 1, 0.108188126841
3748920.0, 3223908.0, 1, 0.101943423402
2466980.0, 16741298.0, 1, 0.0925462326249
4310860.0, 2565974.0, 1, 0.0894586630888
2997880.0, 9031936.0, 1, 0.0833260508032
2776722.0, 10795458.0, 1, 0.0831953847233
2807700.0, 9788770.0, 1, 0.0830857674854
3029654.0, 8025666.0, 1, 0.0772768318761
2491168.0, 16725824.0, 1, 0.0735472386415
2931800.0, 9033356.0, 1, 0.0718428764889
2872928.0, 9786840.0, 1, 0.071720616842
3843816.0, 3207366.0, 1, 0.0584437676231
2710608.0, 10796588.0, 1, 0.0499856467536
3149268.0, 3567154.0, 1, 0.0458020980164
3266428.0, 3534550.0, 1, 0.0410538591612
3843816.0, 3207366.0, 1, 0.0389746429148
3109740.0, 3943170.0, 1, 0.0271491492352
3149268.0, 3567154.0, 1, 0.00932818232696
3266428.0, 3534550.0, 1, 0.00706176916199
3029654.0, 8025666.0, 1, 0.00593960168923
3843816.0, 3207366.0, 1, 0.0
3076008.0, 18253922.0, 2, inf
6353428.0, 2494574.0, 2, inf
2995674.0, 9601300.0, 2, inf
8260668.0, 2578468.0, 2, inf
3121228.0, 10797460.0, 2, 0.562152001131
7257898.0, 2593292.0, 2, 0.377942768387
5498888.0, 3657656.0, 2, 0.251794414338
3533660.0, 8615772.0, 2, 0.198017351176
3178926.0, 8000998.0, 2, 0.197957467494
5730260.0, 3213350.0, 2, 0.181615533129
3686846.0, 6730596.0, 2, 0.178123612825
4651050.0, 2569516.0, 2, 0.168495899241
4147026.0, 5803314.0, 2, 0.102764251923
4540644.0, 4845576.0, 2, 0.0993043572473
4145494.0, 5353628.0, 2, 0.0832749181704
4226520.0, 2913560.0, 2, 0.0786857411682
3796504.0, 3232918.0, 2, 0.0701049500525
3972740.0, 5012634.0, 2, 0.0675768274841
3109928.0, 4395008.0, 2, 0.0611216876846
3959436.0, 3970708.0, 2, 0.0563190315567
3737262.0, 4017692.0, 2, 0.0477514567108
4639786.0, 2825788.0, 2, 0.0408417159901
4226520.0, 2913560.0, 2, 0.0206681124592
4543016.0, 3217866.0, 2, 0.0200720865572
3437338.0, 17825302.0, 3, inf
7508884.0, 3236018.0, 3, inf
11664398.0, 5138872.0, 3, inf
3002376.0, 9607790.0, 3, inf
10041472.0, 3635006.0, 3, 0.226798240648
3753984.0, 13116334.0, 3, 0.225903208121
11625204.0, 3469994.0, 3, 0.190401828406
6205728.0, 6746132.0, 3, 0.176408248597
5529932.0, 11665456.0, 3, 0.160050800143
3566524.0, 14712740.0, 3, 0.131548766808
5259510.0, 17817140.0, 3, 0.126288435348
3412662.0, 16725454.0, 3, 0.120871266878
5658806.0, 7995732.0, 3, 0.104189779206
9720532.0, 5338974.0, 3, 0.101151962492
3638798.0, 15492610.0, 3, 0.10104659165
7906580.0, 8147276.0, 3, 0.099573503983
7016850.0, 5849728.0, 3, 0.0933331226034
8436526.0, 4562280.0, 3, 0.0923713906006
8613772.0, 8507046.0, 3, 0.0842356682331
7320076.0, 9031554.0, 3, 0.08104814734
4174164.0, 16427504.0, 3, 0.0780986568753
4538786.0, 14813356.0, 3, 0.0756034153494
6146278.0, 16317534.0, 3, 0.0750083408877
5089026.0, 10274542.0, 3, 0.0724681269692
9283248.0, 3672998.0, 3, 0.0647417650712
6769144.0, 10754678.0, 3, 0.0631227714866
3786328.0, 10942452.0, 3, 0.0620351251165
6111074.0, 5675472.0, 3, 0.0589094914688
4104486.0, 8876402.0, 3, 0.0587526451865
5871626.0, 3450036.0, 3, 0.0564895113738
3506884.0, 11244212.0, 3, 0.0556698737717
6400194.0, 9971202.0, 3, 0.0553103205947
6653078.0, 9594224.0, 3, 0.0549977469126
4779070.0, 5452872.0, 3, 0.0545293558349
8762240.0, 3731102.0, 3, 0.0538184318415
3198366.0, 15159072.0, 3, 0.0505826527822
6634878.0, 3991528.0, 3, 0.0496636698794
7696888.0, 5355232.0, 3, 0.0494208073696
7059088.0, 11070858.0, 3, 0.0469898291699
9216792.0, 3770202.0, 3, 0.0448903749464
9022236.0, 4416542.0, 3, 0.0427416275157
6803294.0, 4342150.0, 3, 0.0426585638343
4564044.0, 5154204.0, 3, 0.0414556267731
6886312.0, 4811532.0, 3, 0.0399361911544
Generacion: 30
2369348.0, 17808138.0, 1, inf
7852020.0, 2418432.0, 1, inf
3029654.0, 8025666.0, 1, 0.34980885638
3109740.0, 3943170.0, 1, 0.335011854953
6657354.0, 2439320.0, 1, 0.252606371376
6063090.0, 2470490.0, 1, 0.243702419498
7435492.0, 2435246.0, 1, 0.219255770019
2688856.0, 14544364.0, 1, 0.211745478063
2708848.0, 11374202.0, 1, 0.206313380546
4772480.0, 2553104.0, 1, 0.188110643264
5333146.0, 2472814.0, 1, 0.167115632546
2590462.0, 15611076.0, 1, 0.164387379678
4146592.0, 2557762.0, 1, 0.149793479919
5161400.0, 2511332.0, 1, 0.107478575786
2552778.0, 16724692.0, 1, 0.105619811402
3407714.0, 3215066.0, 1, 0.101943423402
3843816.0, 3207366.0, 1, 0.0997196463903
4073668.0, 2896836.0, 1, 0.097434461106
2872928.0, 9786840.0, 1, 0.0883288314512
2680928.0, 14554532.0, 1, 0.0872597039089
3266428.0, 3534550.0, 1, 0.0797582070395
2776722.0, 10795458.0, 1, 0.0775972027855
2428796.0, 17027890.0, 1, 0.0774715858594
2997880.0, 9031936.0, 1, 0.0730968585943
3004136.0, 9030198.0, 1, 0.0711812638756
2872928.0, 9786840.0, 1, 0.066599812523
2710608.0, 10796588.0, 1, 0.0495912096886
3843816.0, 3207366.0, 1, 0.0424236886045
2510276.0, 17011454.0, 1, 0.042314777466
2708848.0, 11374202.0, 1, 0.0411788881052
3293530.0, 3231608.0, 1, 0.0405110581328
2776722.0, 10795458.0, 1, 0.0176207092185
3293530.0, 3231608.0, 1, 0.00601808450681
2710608.0, 10796588.0, 1, 0.000394437065053
9791622.0, 2533972.0, 2, inf
2692510.0, 15352242.0, 2, inf
6349256.0, 2471570.0, 2, inf
2837828.0, 14549846.0, 2, 0.273461658485
5453786.0, 2801448.0, 2, 0.263911180621
4220680.0, 5931930.0, 2, 0.257284767872
2735614.0, 12085032.0, 2, 0.25662930189
3867100.0, 4130956.0, 2, 0.223931966743
3178926.0, 8000998.0, 2, 0.205377879847
3414534.0, 9437098.0, 2, 0.17976622974
3678116.0, 9061296.0, 2, 0.149851230541
3045378.0, 10704318.0, 2, 0.133813382759
4847824.0, 3284688.0, 2, 0.11248508151
4729492.0, 3497400.0, 2, 0.11077768965
3686846.0, 6730596.0, 2, 0.107372460321
4361704.0, 3358628.0, 2, 0.0825330064747
3307478.0, 3903500.0, 2, 0.0823749404156
2876244.0, 11021778.0, 2, 0.0642460255663
3686846.0, 6730596.0, 2, 0.0632347260383
3112102.0, 11507954.0, 2, 0.0608419685261
4260816.0, 3209118.0, 2, 0.0526629979798
3134030.0, 11248412.0, 2, 0.0350284210485
3748920.0, 3223908.0, 2, 0.0312579929191
3076874.0, 11368280.0, 2, 0.0295486471135
3121228.0, 10797460.0, 2, 0.0203303642611
3113764.0, 10796680.0, 2, 0.00851665735434
12383610.0, 2878646.0, 3, inf
3400706.0, 14555116.0, 3, inf
6591936.0, 2569048.0, 3, inf
6028996.0, 16920168.0, 3, inf
4089754.0, 8390646.0, 3, 0.232689110099
3789612.0, 12664782.0, 3, 0.217047545377
11625204.0, 3469994.0, 3, 0.201545164886
3753984.0, 13116334.0, 3, 0.175014328893
4474426.0, 16818782.0, 3, 0.171519222226
4509418.0, 6718520.0, 3, 0.161840915381
5551558.0, 10537886.0, 3, 0.157109577858
5721562.0, 9559024.0, 3, 0.130676806301
9078132.0, 3538774.0, 3, 0.12555844124
10620132.0, 3548314.0, 3, 0.12119745153
9847772.0, 3631608.0, 3, 0.108450314457
5095848.0, 10491948.0, 3, 0.10533729463
4101858.0, 9689816.0, 3, 0.105005030096
5380862.0, 6229118.0, 3, 0.101739387958
8475206.0, 3354100.0, 3, 0.0996018964512
6542958.0, 3975736.0, 3, 0.0961699064967
7149058.0, 3408578.0, 3, 0.0880261529646
7942704.0, 4545592.0, 3, 0.0872888066538
7334940.0, 4656780.0, 3, 0.0839976327163
8180180.0, 2607420.0, 3, 0.0808525833461
10041472.0, 3635006.0, 3, 0.0805724317751
8768916.0, 3750802.0, 3, 0.0804157977669
7822364.0, 3367478.0, 3, 0.0714539332114
10555242.0, 3617658.0, 3, 0.0688001573442
5580018.0, 5902344.0, 3, 0.0678454470043
4877426.0, 5442028.0, 3, 0.0655330640943
4449052.0, 5183420.0, 3, 0.0646246416748
6164402.0, 3443726.0, 3, 0.0610575031557
4631856.0, 5376232.0, 3, 0.0505843591167
4965466.0, 4675376.0, 3, 0.0492880301138
4575246.0, 5037204.0, 3, 0.0340902108889
5498888.0, 3657656.0, 3, 0.0245349451957
5668338.0, 3568718.0, 3, 0.0205889998551
4584904.0, 5044012.0, 3, 0.0164904440387
4891220.0, 3463714.0, 3, 0.0116312192504
5528776.0, 3848476.0, 3, 0.0114037514704
Generacion: 31
7852020.0, 2418432.0, 1, inf
2328942.0, 18642252.0, 1, inf
7245648.0, 2419760.0, 1, 0.43010051572
5477662.0, 2421724.0, 1, 0.360986477807
2688856.0, 14544364.0, 1, 0.282586229662
3109740.0, 3943170.0, 1, 0.277799533025
3094848.0, 8023446.0, 1, 0.263303017351
2708848.0, 11374202.0, 1, 0.195720362367
3843816.0, 3207366.0, 1, 0.169528843842
2428796.0, 17027890.0, 1, 0.158721513683
4883818.0, 2485496.0, 1, 0.132858982806
2552778.0, 16724692.0, 1, 0.11660024506
4331098.0, 3177064.0, 1, 0.111884535816
5271006.0, 2475908.0, 1, 0.111451243959
2590462.0, 15611076.0, 1, 0.0864558671593
2872928.0, 9786840.0, 1, 0.0843795612944
3407714.0, 3215066.0, 1, 0.080695178543
3029654.0, 8025666.0, 1, 0.0784781179767
3004136.0, 9030198.0, 1, 0.075332814759
4352952.0, 2887738.0, 1, 0.074610919196
2776722.0, 10795458.0, 1, 0.0741394580338
2590462.0, 15611076.0, 1, 0.0725727503049
4544500.0, 2497306.0, 1, 0.0680904187725
2930040.0, 9610948.0, 1, 0.0656023479933
4539858.0, 2579814.0, 1, 0.05874674175
3225810.0, 3901172.0, 1, 0.053556111481
3266428.0, 3534550.0, 1, 0.0535317072424
2710608.0, 10796588.0, 1, 0.047573334889
3293530.0, 3231608.0, 1, 0.0440126942702
3004136.0, 9030198.0, 1, 0.0404163816559
2708848.0, 11374202.0, 1, 0.039222556573
3402756.0, 3220954.0, 1, 0.0216935911597
2893498.0, 9769524.0, 1, 0.021182200509
2776722.0, 10795458.0, 1, 0.0174885609267
3094848.0, 8023446.0, 1, 0.00283315843171
2710608.0, 10796588.0, 1, 0.000388313564644
2590462.0, 15611076.0, 1, 0.0
2837828.0, 14549846.0, 2, inf
9836056.0, 2422394.0, 2, inf
2737820.0, 11515610.0, 2, inf
6063090.0, 2470490.0, 2, 0.654171570862
3666626.0, 4010626.0, 2, 0.547431374137
3070250.0, 9029038.0, 2, 0.509038274533
3234930.0, 12122030.0, 2, 0.265939301596
4556154.0, 2586058.0, 2, 0.245253170409
4869504.0, 3630652.0, 2, 0.160807413006
3245782.0, 9780996.0, 2, 0.156326113802
5236774.0, 2497880.0, 2, 0.135850597737
3646874.0, 10800926.0, 2, 0.128582598224
2876244.0, 11021778.0, 2, 0.0696422281049
3480150.0, 11368372.0, 2, 0.0692153308535
5143936.0, 2547622.0, 2, 0.0590119660997
3307478.0, 3903500.0, 2, 0.0588235312134
4773590.0, 3943610.0, 2, 0.0529781182972
3134030.0, 11248412.0, 2, 0.0458833101711
3112102.0, 11507954.0, 2, 0.0211262159972
6349256.0, 2471570.0, 3, inf
9644118.0, 2849294.0, 3, inf
3771928.0, 12504228.0, 3, inf
4659050.0, 17188302.0, 3, inf
4174580.0, 14530428.0, 3, 0.310784877068
8336736.0, 2969218.0, 3, 0.264539384823
4857690.0, 8382000.0, 3, 0.208171909519
4382572.0, 6719556.0, 3, 0.175038653627
4310558.0, 12765050.0, 3, 0.162725874701
7453436.0, 3235382.0, 3, 0.154161755207
5361666.0, 5320976.0, 3, 0.14708119369
8132488.0, 2921956.0, 3, 0.137967167155
7285236.0, 2702336.0, 3, 0.12896211051
4228208.0, 8239760.0, 3, 0.123336833851
4235498.0, 9787064.0, 3, 0.121288303567
6153448.0, 12077358.0, 3, 0.119483644779
6632566.0, 3238008.0, 3, 0.11468579978
5573544.0, 11121076.0, 3, 0.111933474016
5678464.0, 4706122.0, 3, 0.109499054379
4137276.0, 9542492.0, 3, 0.100862703851
6031526.0, 3979298.0, 3, 0.0894261525584
6364392.0, 3240652.0, 3, 0.0873137389137
4419226.0, 5936104.0, 3, 0.0871605768079
4568316.0, 11373228.0, 3, 0.0802886099435
7334472.0, 3859782.0, 3, 0.0788343857129
4136518.0, 12335350.0, 3, 0.0684162697836
3905850.0, 11310990.0, 3, 0.0630140226126
6613882.0, 2533696.0, 3, 0.058652070455
5530792.0, 4148972.0, 3, 0.0553836975622
4584904.0, 5044012.0, 3, 0.050496484148
5580018.0, 5902344.0, 3, 0.0488173941751
8215754.0, 2662646.0, 3, 0.0462413190753
5614764.0, 4715962.0, 3, 0.0397243654904
5453786.0, 2801448.0, 3, 0.0297661312521
3867100.0, 4130956.0, 3, 0.0260943547756
4168162.0, 5231710.0, 3, 0.025172322784
5477820.0, 3985450.0, 3, 0.0234188176131
3867100.0, 4130956.0, 3, 0.00782308574694
3867100.0, 4130956.0, 3, 0.0
11715232.0, 17072340.0, 4, inf
5813390.0, 8207044.0, 4, inf
7569020.0, 3361980.0, 4, inf
16238688.0, 9362014.0, 4, inf
14641688.0, 15531768.0, 4, 0.619103286904
Generacion: 32
2328942.0, 18642252.0, 1, inf
7245648.0, 2419760.0, 1, inf
5477662.0, 2421724.0, 1, 0.42459476252
2669980.0, 12094682.0, 1, 0.285251136892
3109740.0, 3943170.0, 1, 0.259501388155
3101228.0, 8022508.0, 1, 0.254548537332
2590462.0, 15611076.0, 1, 0.241875191076
4634754.0, 2563272.0, 1, 0.183937238498
2466980.0, 16741298.0, 1, 0.180405055704
5180658.0, 2494386.0, 1, 0.180162960293
2369348.0, 17808138.0, 1, 0.14525544799
3843816.0, 3207366.0, 1, 0.129382943967
2807700.0, 9788770.0, 1, 0.117289181108
2774516.0, 11364856.0, 1, 0.110510467152
3407714.0, 3215066.0, 1, 0.0897176976515
2590462.0, 15611076.0, 1, 0.0858430837136
4073668.0, 2896836.0, 1, 0.0830447325123
3029654.0, 8025666.0, 1, 0.0805087734516
4371670.0, 2809080.0, 1, 0.0773161986431
3004136.0, 9030198.0, 1, 0.0684917676847
2708848.0, 11374202.0, 1, 0.0662499150382
3956508.0, 2926878.0, 1, 0.0658911272694
4352952.0, 2887738.0, 1, 0.0616517711865
3149268.0, 3567154.0, 1, 0.0570569760364
2995674.0, 9601300.0, 1, 0.0494897827052
3293530.0, 3231608.0, 1, 0.0484297973719
3266428.0, 3534550.0, 1, 0.0425031582056
2997880.0, 9031936.0, 1, 0.0369254033325
3109740.0, 3943170.0, 1, 0.0249099234158
2930040.0, 9610948.0, 1, 0.0241916585645
2872928.0, 9786840.0, 1, 0.0241090829539
3407714.0, 3215066.0, 1, 0.0236983282581
3094848.0, 8023446.0, 1, 0.0133175114889
2930040.0, 9610948.0, 1, 0.0122106369083
2872928.0, 9786840.0, 1, 0.011734877697
3266428.0, 3534550.0, 1, 0.00752202928178
2774516.0, 11364856.0, 1, 0.00732534784854
4352952.0, 2887738.0, 1, 0.00436784668111
3094848.0, 8023446.0, 1, 0.00143446377699
7018674.0, 2449110.0, 2, inf
2857434.0, 19399724.0, 2, inf
2474376.0, 18092762.0, 2, inf
5546044.0, 2482490.0, 2, 0.418571069098
6632364.0, 2471886.0, 2, 0.326030304294
3110342.0, 12085602.0, 2, 0.278001039783
2704508.0, 15896424.0, 2, 0.275461038079
3933786.0, 5019448.0, 2, 0.237778431892
4756426.0, 3764160.0, 2, 0.224888742529
4419226.0, 5936104.0, 2, 0.219586648587
3316714.0, 16050980.0, 2, 0.172616601531
3244034.0, 8000558.0, 2, 0.152139316995
2834788.0, 10506968.0, 2, 0.128260772775
3508172.0, 9763186.0, 2, 0.120480531787
4394470.0, 9597094.0, 2, 0.119811828403
3787042.0, 9387638.0, 2, 0.0959937921203
3792106.0, 8247828.0, 2, 0.0929410268182
3070250.0, 9029038.0, 2, 0.0910015570351
4593130.0, 3462802.0, 2, 0.0862108612062
4707102.0, 3167556.0, 2, 0.0673304126803
3119642.0, 11366858.0, 2, 0.0659107742179
4660372.0, 4152482.0, 2, 0.060117203596
3480150.0, 11368372.0, 2, 0.0574835571148
4651050.0, 2569516.0, 2, 0.0552124140909
3002376.0, 9607790.0, 2, 0.0475622647741
3439638.0, 9609482.0, 2, 0.0451326444695
3178926.0, 8000998.0, 2, 0.0419608770016
2704508.0, 15896424.0, 2, 0.0377869123033
4689938.0, 4145480.0, 2, 0.0331922391082
6535572.0, 2490912.0, 3, inf
5179542.0, 15403568.0, 3, inf
3514464.0, 14546316.0, 3, inf
10913816.0, 2650984.0, 3, inf
6090610.0, 6666862.0, 3, 0.277323379214
10321918.0, 2966374.0, 3, 0.233274470327
9219074.0, 3293402.0, 3, 0.230137427916
4310558.0, 12765050.0, 3, 0.19184121068
6298204.0, 8224578.0, 3, 0.170769291341
4436952.0, 13254844.0, 3, 0.158073515017
4547706.0, 14521244.0, 3, 0.137690094159
4817048.0, 5350424.0, 3, 0.133321580257
4384418.0, 11370320.0, 3, 0.118914059005
5846556.0, 8505220.0, 3, 0.118871237338
6604672.0, 9605966.0, 3, 0.110095622041
7129340.0, 3911164.0, 3, 0.109814089566
6719534.0, 5072740.0, 3, 0.105701619551
7748034.0, 3610728.0, 3, 0.103723458581
8001728.0, 3372116.0, 3, 0.102850154626
8710028.0, 3017838.0, 3, 0.098095198175
4715716.0, 10897942.0, 3, 0.0905501778001
8402718.0, 4579718.0, 3, 0.0844169504537
4954154.0, 10123048.0, 3, 0.0764698665261
5697756.0, 4073292.0, 3, 0.0755876307921
5348732.0, 4799788.0, 3, 0.0719528494058
5501306.0, 2860872.0, 3, 0.0713447327261
7110080.0, 2494798.0, 3, 0.0633690732524
5893170.0, 10422974.0, 3, 0.0626156369247
4028240.0, 11350144.0, 3, 0.0621829758197
3797394.0, 9738522.0, 3, 0.0620883342242
3884370.0, 9762166.0, 3, 0.0609771386651
6643488.0, 10505682.0, 3, 0.0523063886371
Generacion: 33
7980906.0, 2419738.0, 1, inf
2552778.0, 16724692.0, 1, inf
3094848.0, 8023446.0, 1, 0.376341996637
5784834.0, 2442338.0, 1, 0.34523000752
2669980.0, 12094682.0, 1, 0.304419837742
3109740.0, 3943170.0, 1, 0.292517239491
6553702.0, 2426070.0, 1, 0.270697632918
7245648.0, 2419760.0, 1, 0.263370120879
2662876.0, 15607762.0, 1, 0.260465768472
4702044.0, 2484824.0, 1, 0.217762495384
3843816.0, 3207366.0, 1, 0.12124791774
3407714.0, 3215066.0, 1, 0.103071412233
2997880.0, 9031936.0, 1, 0.100636230685
2590462.0, 15611076.0, 1, 0.09836281081
2708848.0, 11374202.0, 1, 0.0982290839473
2807700.0, 9788770.0, 1, 0.0923507688484
4073668.0, 2896836.0, 1, 0.0757712387661
4471058.0, 2571180.0, 1, 0.0682158666175
3956508.0, 2926878.0, 1, 0.0640524810639
2930040.0, 9610948.0, 1, 0.0629152177828
2769594.0, 10509192.0, 1, 0.0612284435965
4352952.0, 2887738.0, 1, 0.0610342476581
3149268.0, 3567154.0, 1, 0.0574308661631
2931800.0, 9033356.0, 1, 0.0529741902753
2710608.0, 10796588.0, 1, 0.0512453286561
4651050.0, 2569516.0, 1, 0.0485903183552
3293530.0, 3231608.0, 1, 0.0483622958212
3266428.0, 3534550.0, 1, 0.0427612870005
3109740.0, 3943170.0, 1, 0.029029206177
2769594.0, 10509192.0, 1, 0.0271107620449
4371670.0, 2809080.0, 1, 0.023808465934
2710608.0, 10796588.0, 1, 0.0204148993092
4371670.0, 2809080.0, 1, 0.0200789365436
2930040.0, 9610948.0, 1, 0.0127550354606
3266428.0, 3534550.0, 1, 0.00727209192881
7882472.0, 2425776.0, 2, inf
2979532.0, 16741762.0, 2, inf
10672826.0, 2977302.0, 2, inf
2680928.0, 14554532.0, 2, inf
4147026.0, 5803314.0, 2, 0.206930733477
4270398.0, 7610770.0, 2, 0.191324924467
2742846.0, 14821262.0, 2, 0.163937398416
7132910.0, 2432178.0, 2, 0.157381678345
2804228.0, 13561052.0, 2, 0.153450353072
3494132.0, 8975900.0, 2, 0.150172931541
7691086.0, 3532188.0, 2, 0.134158255421
2957224.0, 10511140.0, 2, 0.13150643129
5760494.0, 3960896.0, 2, 0.123728426763
6444102.0, 2445112.0, 2, 0.12049980353
5184300.0, 5562384.0, 2, 0.118604554202
2770078.0, 12685026.0, 2, 0.106904607462
5382788.0, 2830178.0, 2, 0.0986378065714
4846384.0, 5066240.0, 2, 0.0894509119062
4660034.0, 4414180.0, 2, 0.0847840070509
3666626.0, 4010626.0, 2, 0.0836559297524
6256168.0, 3784642.0, 2, 0.0765059633797
3217284.0, 8027618.0, 2, 0.0678600835278
3320552.0, 9759084.0, 2, 0.0642814013892
2774516.0, 11364856.0, 2, 0.0640466761085
3181870.0, 9796236.0, 2, 0.0612762402983
4176884.0, 5048262.0, 2, 0.060984817505
3080644.0, 12087338.0, 2, 0.0595585089698
3224656.0, 11560736.0, 2, 0.0533967836196
6262094.0, 2597348.0, 2, 0.0504131887869
3244034.0, 8000558.0, 2, 0.0409363137172
3189604.0, 12083368.0, 2, 0.0406976569182
4507640.0, 3614838.0, 2, 0.0363443477646
4479322.0, 3555210.0, 2, 0.0354585801347
4756426.0, 3764160.0, 2, 0.0351785106555
3213146.0, 4019520.0, 2, 0.0316525545133
3119642.0, 11366858.0, 2, 0.0263486838537
4653136.0, 3991440.0, 2, 0.0225423007633
3433050.0, 8025034.0, 2, 0.0188571279014
3358534.0, 9759234.0, 2, 0.0166716468261
3320552.0, 9759084.0, 2, 0.00476304095568
4878918.0, 19013072.0, 3, inf
12408648.0, 3014284.0, 3, inf
3085042.0, 16914920.0, 3, inf
12600926.0, 3086642.0, 3, inf
11380364.0, 4685386.0, 3, 0.229155249759
6090610.0, 6666862.0, 3, 0.208607979489
9280764.0, 4465468.0, 3, 0.204286644468
12214844.0, 16719022.0, 3, 0.200360861968
8596320.0, 17154604.0, 3, 0.19846156416
4465954.0, 13554230.0, 3, 0.191711646555
10428658.0, 10636132.0, 3, 0.190823202923
7494352.0, 5237492.0, 3, 0.175687278349
3252946.0, 15350388.0, 3, 0.164769475379
7992416.0, 12226356.0, 3, 0.156534703838
9860222.0, 11041410.0, 3, 0.14963157718
4109170.0, 15406422.0, 3, 0.122468160914
5922938.0, 8188392.0, 3, 0.117848481626
5113096.0, 11350102.0, 3, 0.0890271438393
5771640.0, 10146238.0, 3, 0.0884719871473
3689758.0, 12663188.0, 3, 0.0873271744391
4249964.0, 8674576.0, 3, 0.0815289820448
7002740.0, 11606912.0, 3, 0.0784437178409
6934162.0, 9326274.0, 3, 0.0747536475161
8785076.0, 4547368.0, 3, 0.0740630320368
6676982.0, 9601794.0, 3, 0.0721068552231
Generacion: 34
7245648.0, 2419760.0, 1, inf
2361980.0, 18101034.0, 1, inf
5477662.0, 2421724.0, 1, 0.381843312035
3029654.0, 8025666.0, 1, 0.347417196249
3109740.0, 3943170.0, 1, 0.33488276499
2669980.0, 12094682.0, 1, 0.32963756592
2589002.0, 16158518.0, 1, 0.31925602521
4641292.0, 2478828.0, 1, 0.235459504239
5271006.0, 2475908.0, 1, 0.155202148713
2466980.0, 16741298.0, 1, 0.126838367304
4146592.0, 2557762.0, 1, 0.11798210928
3843816.0, 3207366.0, 1, 0.107184856014
3266428.0, 3534550.0, 1, 0.106055116394
2708848.0, 11374202.0, 1, 0.091099038108
3407714.0, 3215066.0, 1, 0.0896735237075
2997880.0, 9031936.0, 1, 0.0842977112852
2807700.0, 9788770.0, 1, 0.0725399656328
2710608.0, 10796588.0, 1, 0.0676005736488
3956508.0, 2926878.0, 1, 0.0668680436555
2552778.0, 16724692.0, 1, 0.0621498001964
2769594.0, 10509192.0, 1, 0.0580197644806
2930040.0, 9610948.0, 1, 0.0547885509378
2931800.0, 9033356.0, 1, 0.0508149838299
3402756.0, 3220954.0, 1, 0.0493039037726
5387394.0, 2440766.0, 1, 0.0457710663117
4073668.0, 2896836.0, 1, 0.0433440769581
4100770.0, 2593342.0, 1, 0.0365550794692
2893498.0, 9769524.0, 1, 0.0363906103514
2769594.0, 10509192.0, 1, 0.0261300791442
3843816.0, 3207366.0, 1, 0.0235663101958
4073668.0, 2896836.0, 1, 0.00746530550881
3407714.0, 3215066.0, 1, 0.00150625205913
3407714.0, 3215066.0, 1, 0.0
6553702.0, 2426070.0, 2, inf
2735914.0, 18349680.0, 2, inf
4702044.0, 2484824.0, 2, 0.503364961802
6444102.0, 2445112.0, 2, 0.488697813946
3160082.0, 16057150.0, 2, 0.3724809394
3948480.0, 5799140.0, 2, 0.324192701664
2770078.0, 12685026.0, 2, 0.279467582075
3259056.0, 4136098.0, 2, 0.26359327927
3637368.0, 9561954.0, 2, 0.226554167428
3080644.0, 12087338.0, 2, 0.182089681628
4043830.0, 9031320.0, 2, 0.167794739237
2851074.0, 10490116.0, 2, 0.165184371395
4248114.0, 7603104.0, 2, 0.114496661776
4556154.0, 2586058.0, 2, 0.106898670979
4214730.0, 3217124.0, 2, 0.079509096355
2947700.0, 9763362.0, 2, 0.0740037839779
4371670.0, 2809080.0, 2, 0.0739473159945
3244034.0, 8000558.0, 2, 0.0686664174802
4243502.0, 3242340.0, 2, 0.0664557414042
3116636.0, 10197850.0, 2, 0.065223646725
4248114.0, 7603104.0, 2, 0.0573232864074
3180552.0, 9782848.0, 2, 0.0492754691617
4371670.0, 2809080.0, 2, 0.0463689864717
3244034.0, 8000558.0, 2, 0.041587996758
3625612.0, 18644404.0, 3, inf
13738476.0, 2872738.0, 3, inf
8193690.0, 2585380.0, 3, inf
3340704.0, 9603552.0, 3, inf
3609136.0, 12459408.0, 3, 0.333384297864
3397286.0, 16891808.0, 3, 0.300560157958
9805974.0, 4281470.0, 3, 0.215500131709
12735970.0, 3047500.0, 3, 0.213920486976
11222962.0, 3766156.0, 3, 0.186779872843
5365420.0, 17126558.0, 3, 0.163880418957
11693800.0, 3329954.0, 3, 0.158915269725
5975204.0, 7422118.0, 3, 0.155769406421
8862740.0, 5206492.0, 3, 0.145639416267
9160328.0, 3716946.0, 3, 0.10931838303
4451616.0, 5987876.0, 3, 0.104944385744
8225182.0, 5649096.0, 3, 0.101973331545
7356520.0, 4507348.0, 3, 0.0962890142312
7092982.0, 9021662.0, 3, 0.0920357235621
6784330.0, 10613784.0, 3, 0.089351601293
5128944.0, 11818460.0, 3, 0.0882749525973
7980286.0, 4655508.0, 3, 0.0800227850105
6511358.0, 8363126.0, 3, 0.0782913090318
5823316.0, 2826060.0, 3, 0.0698925785569
4138644.0, 10400380.0, 3, 0.0684239348252
4384592.0, 11362104.0, 3, 0.0597796765794
6207630.0, 4754572.0, 3, 0.0553042359843
6191868.0, 8173920.0, 3, 0.0543555996141
6975548.0, 4144852.0, 3, 0.0533444639939
5254082.0, 9461614.0, 3, 0.0496703448237
4509658.0, 11374276.0, 3, 0.0486103979482
6414520.0, 3252172.0, 3, 0.0466489474697
6817726.0, 10201862.0, 3, 0.0456550810896
4754598.0, 3467404.0, 3, 0.0402615648124
4840464.0, 3800762.0, 3, 0.0387232131753
7221274.0, 2974754.0, 3, 0.036212409541
4142854.0, 9684144.0, 3, 0.0342929877946
6196226.0, 9875980.0, 3, 0.0337543490435
3444010.0, 10313826.0, 3, 0.0327363295863
4661578.0, 5929974.0, 3, 0.0324195257355
4322438.0, 9599316.0, 3, 0.0320875388176
6127190.0, 4232298.0, 3, 0.0293447827506
5007704.0, 2611400.0, 3, 0.0275921681429
8028508.0, 2872990.0, 3, 0.0268765776458
Generacion: 35
2589002.0, 16158518.0, 1, inf
2589002.0, 16158518.0, 1, inf
8754798.0, 2417256.0, 1, inf
7245648.0, 2419760.0, 1, 0.531827653952
3109740.0, 3943170.0, 1, 0.433415418111
3029654.0, 8025666.0, 1, 0.388469433348
2669980.0, 12094682.0, 1, 0.339210354146
2661416.0, 16155204.0, 1, 0.308873070814
5477662.0, 2421724.0, 1, 0.290458916268
4146592.0, 2557762.0, 1, 0.202094050216
4774270.0, 2503974.0, 1, 0.188319956788
3653546.0, 3460414.0, 1, 0.172603207637
2807700.0, 9788770.0, 1, 0.093600150772
2776722.0, 10795458.0, 1, 0.0890893349507
2997880.0, 9031936.0, 1, 0.0839469984324
5271006.0, 2475908.0, 1, 0.0807883197006
3843816.0, 3207366.0, 1, 0.0781329209955
3843816.0, 3207366.0, 1, 0.0675209376082
2930040.0, 9610948.0, 1, 0.0597855486085
2671740.0, 11517034.0, 1, 0.058735674377
2931800.0, 9033356.0, 1, 0.0531393756864
2710608.0, 10796588.0, 1, 0.0531253866752
2708848.0, 11374202.0, 1, 0.0480533670132
5333146.0, 2472814.0, 1, 0.0374596763415
2893498.0, 9769524.0, 1, 0.0327824531643
5477662.0, 2421724.0, 1, 0.0235812634593
5271006.0, 2475908.0, 1, 0.0121206412889
2708848.0, 11374202.0, 1, 0.0106798330641
2997880.0, 9031936.0, 1, 0.00525660652417
2904958.0, 10484236.0, 2, inf
8338592.0, 2423868.0, 2, inf
3082230.0, 11517916.0, 2, inf
3589630.0, 7996830.0, 2, 0.624571406242
3735208.0, 5016474.0, 2, 0.394270029719
7442828.0, 2437870.0, 2, 0.328070583956
6564682.0, 2438438.0, 2, 0.311402313666
2947700.0, 9763362.0, 2, 0.268033753545
3932300.0, 3937982.0, 2, 0.22608737543
5769518.0, 2469228.0, 2, 0.219354025166
4214730.0, 3217124.0, 2, 0.216763364339
4816894.0, 2582016.0, 2, 0.212013227073
4360774.0, 4841480.0, 2, 0.192414506574
5396084.0, 2477420.0, 2, 0.185661138169
3177750.0, 11031600.0, 2, 0.165426992687
3044046.0, 10201556.0, 2, 0.104027522693
4634754.0, 2563272.0, 2, 0.0954454097544
3121228.0, 10797460.0, 2, 0.0777686531528
3993142.0, 4984832.0, 2, 0.0712208011426
4346036.0, 12082550.0, 3, inf
11983988.0, 2975836.0, 3, inf
3182900.0, 11079574.0, 3, inf
11180244.0, 2695912.0, 3, inf
5975204.0, 7422118.0, 3, 0.227703992174
5366128.0, 6012896.0, 3, 0.196564250188
10372890.0, 4212910.0, 3, 0.181559435875
9868074.0, 3352158.0, 3, 0.151039643353
4181352.0, 9928380.0, 3, 0.148049764039
9159564.0, 3679612.0, 3, 0.139992359769
7638154.0, 3430560.0, 3, 0.131277914516
11884224.0, 3945722.0, 3, 0.120728031881
5610146.0, 9034172.0, 3, 0.117721915271
8520212.0, 5615138.0, 3, 0.116774485758
3934200.0, 8103488.0, 3, 0.114977217301
4707962.0, 4607550.0, 3, 0.109149291166
6123180.0, 4280704.0, 3, 0.105987866322
4435934.0, 8831152.0, 3, 0.104797360249
5176706.0, 5212800.0, 3, 0.101118826011
8829024.0, 3975942.0, 3, 0.101109372455
7136828.0, 5653982.0, 3, 0.098821950033
8159174.0, 3699930.0, 3, 0.0938858617895
6769560.0, 2931356.0, 3, 0.0891998191982
3581470.0, 11403912.0, 3, 0.0872347060113
3861300.0, 11621898.0, 3, 0.0760362277637
4890116.0, 3306856.0, 3, 0.0734791620907
5402726.0, 5173654.0, 3, 0.0688525966438
4066908.0, 9372614.0, 3, 0.065846895077
4248114.0, 7603104.0, 3, 0.0636916721239
8214942.0, 2791854.0, 3, 0.0613506578893
6935602.0, 2886730.0, 3, 0.0503278337871
5446808.0, 4365246.0, 3, 0.0496646930438
4808750.0, 7869496.0, 3, 0.0484633548649
3838568.0, 5793450.0, 3, 0.0477039300759
3980000.0, 11351270.0, 3, 0.0451754825601
4479358.0, 7871482.0, 3, 0.044253766333
4436010.0, 9797698.0, 3, 0.0399905765938
4606096.0, 9597364.0, 3, 0.0370010410301
4882856.0, 3494052.0, 3, 0.0357776027854
4386306.0, 11470820.0, 3, 0.033437430208
4127764.0, 9494658.0, 3, 0.0330468027512
4322438.0, 9599316.0, 3, 0.0323837887587
6824688.0, 4360574.0, 3, 0.0278727091775
5404612.0, 5818098.0, 3, 0.0273363949537
4147026.0, 5803314.0, 3, 0.00871465295041
3973420.0, 9598160.0, 3, 0.00541185724356
7106320.0, 18193524.0, 4, inf
12011626.0, 11953162.0, 4, inf
9557128.0, 4548164.0, 4, inf
4808462.0, 13941552.0, 4, inf
7927846.0, 16975580.0, 4, 0.403329445437
5361136.0, 10681568.0, 4, 0.332331818921
Generacion: 36
5477662.0, 2421724.0, 1, inf
2428796.0, 17027890.0, 1, inf
2671740.0, 11517034.0, 1, 0.478929910686
3109740.0, 3943170.0, 1, 0.464917402808
4774270.0, 2503974.0, 1, 0.329334528814
3094848.0, 8023446.0, 1, 0.305772441959
5396084.0, 2477420.0, 1, 0.236337288588
4146592.0, 2557762.0, 1, 0.229770290525
3563198.0, 3476504.0, 1, 0.211414886108
4398266.0, 2507500.0, 1, 0.209555164025
2769594.0, 10509192.0, 1, 0.122371092383
3843816.0, 3207366.0, 1, 0.116632480676
3653546.0, 3460414.0, 1, 0.110466450079
3843816.0, 3207366.0, 1, 0.106881451351
3029654.0, 8025666.0, 1, 0.0986792082879
2872928.0, 9786840.0, 1, 0.0912801768591
3004136.0, 9030198.0, 1, 0.0793150867254
2930040.0, 9610948.0, 1, 0.0629638835266
2708848.0, 11374202.0, 1, 0.062073131597
2931800.0, 9033356.0, 1, 0.0618925102771
2710608.0, 10796588.0, 1, 0.0588927667271
2893498.0, 9769524.0, 1, 0.0307745220447
2997880.0, 9031936.0, 1, 0.0217926229406
2710608.0, 10796588.0, 1, 0.0202536114555
2997880.0, 9031936.0, 1, 0.00214912966352
3843816.0, 3207366.0, 1, 0.0
2997880.0, 9031936.0, 1, 0.0
7295740.0, 2431702.0, 2, inf
2776722.0, 10795458.0, 2, inf
2966214.0, 12984632.0, 2, inf
3440644.0, 8021498.0, 2, 0.42094888861
3735208.0, 5016474.0, 2, 0.382346261969
6013706.0, 3336308.0, 2, 0.292783925301
6564682.0, 2438438.0, 2, 0.287753979606
5032234.0, 2546234.0, 2, 0.271651805606
2815636.0, 11083852.0, 2, 0.249189439833
5830270.0, 2474510.0, 2, 0.227401801755
4386764.0, 4698822.0, 2, 0.211236195298
4634754.0, 2563272.0, 2, 0.208927956462
3932300.0, 3937982.0, 2, 0.172664493842
3627320.0, 8831042.0, 2, 0.153498376323
3358534.0, 9759234.0, 2, 0.132384736219
3342290.0, 9034188.0, 2, 0.122477571978
3932300.0, 3937982.0, 2, 0.100628776625
3044046.0, 10201556.0, 2, 0.0733577728354
3150098.0, 8953482.0, 2, 0.0681683486766
3044046.0, 10201556.0, 2, 0.0591378260661
4425044.0, 2549432.0, 2, 0.0564914945414
3121228.0, 10797460.0, 2, 0.0335271801577
3121228.0, 10797460.0, 2, 0.0172690846701
12697146.0, 4007682.0, 3, inf
3522748.0, 11508524.0, 3, inf
5889270.0, 17888538.0, 3, inf
7442828.0, 2437870.0, 3, inf
7745592.0, 13891850.0, 3, 0.356546994077
4073356.0, 17158624.0, 3, 0.280152589834
5352072.0, 5794976.0, 3, 0.247299521378
11611966.0, 3282172.0, 3, 0.225644742124
5885600.0, 8410896.0, 3, 0.20642991923
6935602.0, 2886730.0, 3, 0.181322782301
6009058.0, 10856058.0, 3, 0.151562207576
9584970.0, 4587468.0, 3, 0.146438588371
10715190.0, 3324968.0, 3, 0.14466169314
3772540.0, 12460282.0, 3, 0.117372305884
8766852.0, 3596726.0, 3, 0.106081931252
9976844.0, 4368598.0, 3, 0.0875028828654
4692116.0, 11613728.0, 3, 0.0816264512129
10439524.0, 2789496.0, 3, 0.0773737054331
10180944.0, 3542774.0, 3, 0.0680204009417
8541920.0, 3703286.0, 3, 0.0665409906529
7924120.0, 10657300.0, 3, 0.0657334133813
4181352.0, 9928380.0, 3, 0.0594340088899
3560852.0, 8954314.0, 3, 0.0586498219792
5748066.0, 4622974.0, 3, 0.0576446320271
3980000.0, 11351270.0, 3, 0.0551749859492
5871372.0, 4842788.0, 3, 0.0517423696056
4177052.0, 5379052.0, 3, 0.0474596192758
5118750.0, 4021474.0, 3, 0.0473953172014
8134502.0, 9025620.0, 3, 0.0468710449566
3828930.0, 10181414.0, 3, 0.0464352703085
3867642.0, 9466298.0, 3, 0.0464185785533
8063992.0, 12020256.0, 3, 0.0459681575016
4384592.0, 11362104.0, 3, 0.0434240264608
4651050.0, 2569516.0, 3, 0.0414261336658
8239846.0, 3977778.0, 3, 0.0395762462004
8707042.0, 2590982.0, 3, 0.0387549301012
8322832.0, 4398156.0, 3, 0.0386230595187
8316844.0, 3176432.0, 3, 0.0346392340107
7948062.0, 5517108.0, 3, 0.0332458804505
3711012.0, 12276956.0, 3, 0.0322569568488
3695810.0, 10100006.0, 3, 0.0316413318915
5118750.0, 4021474.0, 3, 0.0310539768773
5197534.0, 9459322.0, 3, 0.0308202348394
3700894.0, 9382346.0, 3, 0.0297271156685
4346036.0, 12082550.0, 3, 0.0219821873796
7991152.0, 5394194.0, 3, 0.0215715285493
4673736.0, 4657252.0, 3, 0.0187029802558
4346036.0, 12082550.0, 3, 0.0167849331785
5957180.0, 4369768.0, 3, 0.0149698259466
5839490.0, 9465600.0, 3, 0.0138917294181
Generacion: 37
2669980.0, 12094682.0, 1, inf
5477662.0, 2421724.0, 1, inf
3109740.0, 3943170.0, 1, 0.668350528522
3101228.0, 8022508.0, 1, 0.563514525976
4651050.0, 2569516.0, 1, 0.536752269749
3653546.0, 3460414.0, 1, 0.337520833804
3843816.0, 3207366.0, 1, 0.313669408943
5146996.0, 2505068.0, 1, 0.309689717943
2671740.0, 11517034.0, 1, 0.148668545985
3004136.0, 9030198.0, 1, 0.141164680506
3843816.0, 3207366.0, 1, 0.133709212219
2776722.0, 10795458.0, 1, 0.127619943242
2807700.0, 9788770.0, 1, 0.12730438044
2872928.0, 9786840.0, 1, 0.122295611458
2931800.0, 9033356.0, 1, 0.101431352743
2710608.0, 10796588.0, 1, 0.0980279611413
2997880.0, 9031936.0, 1, 0.023715105035
2931800.0, 9033356.0, 1, 0.0211149875777
2710608.0, 10796588.0, 1, 0.0139602686045
2807700.0, 9788770.0, 1, 0.0112328260956
2776722.0, 10795458.0, 1, 0.0111501213015
2997880.0, 9031936.0, 1, 0.00237497357328
2710608.0, 10796588.0, 1, 0.0
2710608.0, 10796588.0, 1, 0.0
2997880.0, 9031936.0, 1, 0.0
3843816.0, 3207366.0, 1, 0.0
5555440.0, 2441012.0, 2, inf
2966214.0, 12984632.0, 2, inf
3735208.0, 5016474.0, 2, 0.480061577391
4523020.0, 3611784.0, 2, 0.455910542745
5233362.0, 2841682.0, 2, 0.441519299578
3589630.0, 7996830.0, 2, 0.352638323998
4322128.0, 3963830.0, 2, 0.222698497979
3292706.0, 10481036.0, 2, 0.221586396894
4027402.0, 4330634.0, 2, 0.21340336065
3334932.0, 9033524.0, 2, 0.213217561219
3556370.0, 11623198.0, 2, 0.165830999182
3522748.0, 11508524.0, 2, 0.163839220819
5409906.0, 2568072.0, 2, 0.162392793416
3118436.0, 9317638.0, 2, 0.140170667092
3121228.0, 10797460.0, 2, 0.134820021491
3932300.0, 3937982.0, 2, 0.117669493669
3111134.0, 8006310.0, 2, 0.111892055868
3035214.0, 10783734.0, 2, 0.0727849549166
3953428.0, 4267818.0, 2, 0.0715190853937
3078634.0, 10790666.0, 2, 0.0305493553356
3113764.0, 10796680.0, 2, 0.00346451851604
3150098.0, 8953482.0, 3, inf
8463444.0, 2538646.0, 3, inf
5890440.0, 17137640.0, 3, inf
3975756.0, 13235602.0, 3, 0.338789474752
3736802.0, 8100602.0, 3, 0.230317235723
5312570.0, 6091834.0, 3, 0.161651363526
7322462.0, 3310380.0, 3, 0.150924102221
3698932.0, 13014794.0, 3, 0.14199627916
6315034.0, 4152460.0, 3, 0.134669504573
8132488.0, 2921956.0, 3, 0.112265494295
4427844.0, 12539188.0, 3, 0.109633517326
5541458.0, 11530002.0, 3, 0.10885873864
6548990.0, 4657950.0, 3, 0.104411263658
6918690.0, 3258776.0, 3, 0.0971652386105
5222974.0, 9609132.0, 3, 0.0963351341769
8018046.0, 3215260.0, 3, 0.0944309674253
4919642.0, 11172820.0, 3, 0.089990072263
4345360.0, 9367260.0, 3, 0.0896993551241
4707568.0, 8693630.0, 3, 0.0888920347876
4147026.0, 5803314.0, 3, 0.0864163347055
7625298.0, 3302722.0, 3, 0.0802769765818
7739920.0, 3285428.0, 3, 0.0769274716029
4844514.0, 4399376.0, 3, 0.074538444208
6816418.0, 3221930.0, 3, 0.0724608023267
4591430.0, 11287064.0, 3, 0.0724141472721
5818652.0, 3564580.0, 3, 0.0678671454386
4423996.0, 10464094.0, 3, 0.0674339302445
5624630.0, 6054536.0, 3, 0.0627833547238
6450818.0, 3970360.0, 3, 0.0583565873617
5199904.0, 10475892.0, 3, 0.057475058679
4036386.0, 4989560.0, 3, 0.0570716644852
4385004.0, 5469430.0, 3, 0.0551761945129
5770040.0, 2800076.0, 3, 0.052897649884
5027434.0, 5020556.0, 3, 0.0495847607217
5467344.0, 2682800.0, 3, 0.0489100847197
5337212.0, 12670498.0, 3, 0.0452567032728
4682608.0, 5641884.0, 3, 0.0447281327834
5501940.0, 5052428.0, 3, 0.0446955624161
5160222.0, 3973036.0, 3, 0.0403462941343
5175532.0, 12774632.0, 3, 0.0310519064375
6476444.0, 3257324.0, 3, 0.0210003655023
9384162.0, 15154560.0, 4, inf
6501814.0, 5851038.0, 4, inf
14025310.0, 3929924.0, 4, inf
9309472.0, 2809048.0, 4, inf
11152714.0, 10927134.0, 4, 0.46627630889
8666836.0, 12769012.0, 4, 0.375294900416
12649776.0, 4819686.0, 4, 0.27381842535
12344598.0, 3504520.0, 4, 0.237208655904
7200684.0, 8885244.0, 4, 0.222691232483
10057666.0, 4515414.0, 4, 0.213254815732
9557742.0, 7109214.0, 4, 0.203087392969
8475352.0, 7996236.0, 4, 0.197927793737
Generacion: 38
7758658.0, 2421636.0, 1, inf
2669980.0, 12094682.0, 1, inf
2669980.0, 12094682.0, 1, inf
5236474.0, 2492360.0, 1, 0.593390180676
3109740.0, 3943170.0, 1, 0.496429559567
3101228.0, 8022508.0, 1, 0.437786725195
4809246.0, 2555002.0, 1, 0.189686372707
4312468.0, 2570766.0, 1, 0.179890702327
4073668.0, 2896836.0, 1, 0.157908745573
2807700.0, 9788770.0, 1, 0.129009310336
3293530.0, 3231608.0, 1, 0.126930953896
2776722.0, 10795458.0, 1, 0.123268282074
3029654.0, 8025666.0, 1, 0.117913913262
3748920.0, 3223908.0, 1, 0.110645424123
3266428.0, 3534550.0, 1, 0.109678752282
3004136.0, 9030198.0, 1, 0.105077966479
2893498.0, 9769524.0, 1, 0.102482212245
2710608.0, 10796588.0, 1, 0.0952270701203
2931800.0, 9033356.0, 1, 0.0890907772156
2671740.0, 11517034.0, 1, 0.0748256109179
2671740.0, 11517034.0, 1, 0.0673554134947
3843816.0, 3207366.0, 1, 0.0507510659976
3843816.0, 3207366.0, 1, 0.0468794082665
2997880.0, 9031936.0, 1, 0.0131653655097
2931800.0, 9033356.0, 1, 0.00767370548339
3029654.0, 8025666.0, 1, 0.00534113616603
3004136.0, 9030198.0, 1, 0.00519433649197
2997880.0, 9031936.0, 1, 0.00137619559968
2671740.0, 11517034.0, 1, 0.0
2931800.0, 9033356.0, 1, 0.0
2997880.0, 9031936.0, 1, 0.0
3029654.0, 8025666.0, 1, 0.0
3843816.0, 3207366.0, 1, 0.0
7298562.0, 3348420.0, 2, inf
2854170.0, 11431666.0, 2, inf
4872904.0, 2580528.0, 2, inf
3912022.0, 13133890.0, 2, inf
3288866.0, 8024772.0, 2, 0.4904814335
5468272.0, 3562442.0, 2, 0.463415526867
3953428.0, 4267818.0, 2, 0.390254723316
3556370.0, 11623198.0, 2, 0.245565289866
3959436.0, 3970708.0, 2, 0.232730943413
4848870.0, 3457754.0, 2, 0.225812708101
3781814.0, 9855588.0, 2, 0.170682474799
5422340.0, 3893192.0, 2, 0.166276854527
3407292.0, 9030236.0, 2, 0.151985559975
3292706.0, 10481036.0, 2, 0.103831824924
2993930.0, 10957424.0, 2, 0.0950401349995
3118436.0, 9317638.0, 2, 0.0950033506372
3825002.0, 10907168.0, 2, 0.0634984762819
3114872.0, 9266138.0, 2, 0.0545374818622
3867938.0, 9037728.0, 2, 0.041932986809
2896732.0, 10946654.0, 2, 0.0362084554153
3307478.0, 3903500.0, 2, 0.0300262993653
3932300.0, 3937982.0, 2, 0.0156848570384
13862938.0, 4713798.0, 3, inf
6189904.0, 14668002.0, 3, inf
7257898.0, 2593292.0, 3, inf
3440644.0, 8021498.0, 3, inf
11341288.0, 4505692.0, 3, 0.336285108295
5792730.0, 12777204.0, 3, 0.186661962453
6477602.0, 7385168.0, 3, 0.181356526379
5192768.0, 14085054.0, 3, 0.172095851103
7611526.0, 2686658.0, 3, 0.16135359363
9671628.0, 4640418.0, 3, 0.158432133616
4987450.0, 5820692.0, 3, 0.144497448882
6865540.0, 12473938.0, 3, 0.124090458318
8933312.0, 4985496.0, 3, 0.121424597101
10431386.0, 4137702.0, 3, 0.118686036506
10625466.0, 4726234.0, 3, 0.109221470517
8496500.0, 3324296.0, 3, 0.109094402953
5541458.0, 11530002.0, 3, 0.101427239468
8656626.0, 3600744.0, 3, 0.0980869039553
4228208.0, 8239760.0, 3, 0.0866404238612
8308606.0, 4720842.0, 3, 0.0859415539136
6676982.0, 9601794.0, 3, 0.0651836868552
4364126.0, 9850788.0, 3, 0.0631092308243
6186760.0, 11221568.0, 3, 0.0615652435871
4437210.0, 5816442.0, 3, 0.0614805876962
3972234.0, 9376992.0, 3, 0.0603060975759
4129966.0, 8826778.0, 3, 0.058824425137
5135110.0, 7626086.0, 3, 0.0584574436723
4967480.0, 10294976.0, 3, 0.0571559818525
6893766.0, 10560154.0, 3, 0.056373825799
5588688.0, 4002600.0, 3, 0.0531521809192
4557676.0, 10906960.0, 3, 0.0517678107204
5297394.0, 9063670.0, 3, 0.0511287732898
4687904.0, 11501764.0, 3, 0.0509013497653
4386822.0, 5276274.0, 3, 0.049570120544
3627320.0, 8831042.0, 3, 0.0478817319869
5631950.0, 10180058.0, 3, 0.0472336065367
6521728.0, 11021016.0, 3, 0.0451852639443
7125840.0, 10184728.0, 3, 0.0444550449683
5358342.0, 9462036.0, 3, 0.0420350832958
3735208.0, 5016474.0, 3, 0.0405366947541
4027402.0, 4330634.0, 3, 0.0312776452328
4578956.0, 5209054.0, 3, 0.0291338811174
5296700.0, 5075366.0, 3, 0.0259877101534
5132756.0, 10527832.0, 3, 0.0234660975584
5119428.0, 4683126.0, 3, 0.0200190088673
Generacion: 39
6969892.0, 2418642.0, 1, inf
2626644.0, 17072008.0, 1, inf
6653034.0, 2442212.0, 1, 0.506778110276
4809246.0, 2555002.0, 1, 0.470704575006
2671740.0, 11517034.0, 1, 0.447658789631
2669312.0, 16730566.0, 1, 0.389475024931
3109740.0, 3943170.0, 1, 0.34431093636
3101228.0, 8022508.0, 1, 0.294868514928
2769594.0, 10509192.0, 1, 0.149246901772
3656514.0, 3494554.0, 1, 0.13228949476
4115266.0, 2599206.0, 1, 0.127000636395
3843816.0, 3207366.0, 1, 0.12698037506
3266428.0, 3534550.0, 1, 0.117700094031
4466354.0, 2577016.0, 1, 0.101312928944
3029654.0, 8025666.0, 1, 0.0911231986191
4210250.0, 2582664.0, 1, 0.0823496842312
4645616.0, 2566938.0, 1, 0.0804506063329
2807700.0, 9788770.0, 1, 0.0790056442678
3004136.0, 9030198.0, 1, 0.0699933830724
2893498.0, 9769524.0, 1, 0.069993173028
2931800.0, 9033356.0, 1, 0.0654532526735
3748920.0, 3223908.0, 1, 0.0627236421767
3266428.0, 3534550.0, 1, 0.0388057020857
2997880.0, 9031936.0, 1, 0.0153330277368
2893498.0, 9769524.0, 1, 0.0101321641506
2931800.0, 9033356.0, 1, 0.00891565184897
3004136.0, 9030198.0, 1, 0.00599393404466
3101228.0, 8022508.0, 1, 0.00217533723916
2997880.0, 9031936.0, 1, 0.00153730274249
2997880.0, 9031936.0, 1, 0.0
2735614.0, 12085032.0, 2, inf
7181078.0, 2490124.0, 2, inf
3178926.0, 8000998.0, 2, 0.570798956218
5175276.0, 2586236.0, 2, 0.496301577141
3307478.0, 3903500.0, 2, 0.434523357792
3625166.0, 10495682.0, 2, 0.196572996275
3781814.0, 9855588.0, 2, 0.189266887903
4521444.0, 2850944.0, 2, 0.183247753104
4848870.0, 3457754.0, 2, 0.136896873882
4130896.0, 3898312.0, 2, 0.129115885593
3070250.0, 9029038.0, 2, 0.125799523157
4053208.0, 3495242.0, 2, 0.123757553134
2995674.0, 9601300.0, 2, 0.101108887954
3340704.0, 9603552.0, 2, 0.0979657969376
4438036.0, 3464314.0, 2, 0.0917602188645
3040370.0, 12070654.0, 2, 0.0845183501125
2788046.0, 11435048.0, 2, 0.084018377371
5111618.0, 2555614.0, 2, 0.083441486258
2854170.0, 11431666.0, 2, 0.0811813247106
2776722.0, 10795458.0, 2, 0.0787104043236
3120396.0, 9035308.0, 2, 0.0764009158133
4848870.0, 3457754.0, 2, 0.0597884373494
3144750.0, 10789614.0, 2, 0.0444094682681
2854170.0, 11431666.0, 2, 0.0321835765733
3307478.0, 3903500.0, 2, 0.0294582697751
2810486.0, 11025466.0, 3, inf
9999390.0, 2687822.0, 3, inf
4251554.0, 13481892.0, 3, inf
13977608.0, 4191778.0, 3, inf
8216200.0, 3637128.0, 3, 0.270419074537
5220018.0, 5833828.0, 3, 0.257612310785
4923082.0, 7998690.0, 3, 0.225424392002
12801622.0, 3850766.0, 3, 0.219886697425
3912022.0, 13133890.0, 3, 0.18929102921
11580466.0, 3505550.0, 3, 0.176170078088
4048394.0, 11511986.0, 3, 0.156656286623
7291552.0, 11010116.0, 3, 0.132163715943
6212850.0, 3416600.0, 3, 0.112536728831
10776580.0, 3882230.0, 3, 0.11161551662
4534624.0, 8507006.0, 3, 0.101093243288
11028008.0, 4061296.0, 3, 0.100664453678
5550934.0, 10648324.0, 3, 0.100644221139
3440644.0, 8021498.0, 3, 0.0990641664814
7310926.0, 3449900.0, 3, 0.088872420541
5063432.0, 10328822.0, 3, 0.086041371492
3735208.0, 5016474.0, 3, 0.0812322314767
4063176.0, 9086228.0, 3, 0.073660446419
5243718.0, 5392268.0, 3, 0.0717650828256
4743196.0, 9791546.0, 3, 0.0705947807902
7298562.0, 3348420.0, 3, 0.0692514303445
5913578.0, 4569458.0, 3, 0.0690226582704
3777312.0, 8200700.0, 3, 0.0608125852507
5861962.0, 3825820.0, 3, 0.0522664215756
4465332.0, 10521346.0, 3, 0.0486252638563
4177052.0, 5379052.0, 3, 0.0473353610637
4322164.0, 9177742.0, 3, 0.0414076844306
4306004.0, 9379180.0, 3, 0.0407458654189
4681662.0, 11330912.0, 3, 0.0403016605089
4250812.0, 13384974.0, 3, 0.03637180332
3707756.0, 4284672.0, 3, 0.032197281716
5014206.0, 9595896.0, 3, 0.0307925952543
6097684.0, 4499286.0, 3, 0.0257726348545
4027402.0, 4330634.0, 3, 0.0256981415954
4760142.0, 13479552.0, 3, 0.0250873561118
4298268.0, 9594458.0, 3, 0.0248544828851
4730058.0, 11410282.0, 3, 0.0190916288286
3953428.0, 4267818.0, 3, 0.0189381376495
6098764.0, 4470266.0, 3, 0.0178548020533
4202994.0, 11477510.0, 3, 0.0160273143324
6122590.0, 3433238.0, 3, 0.0133012673796
Generacion: 40
2411032.0, 20040198.0, 1, inf
6969892.0, 2418642.0, 1, inf
6969892.0, 2418642.0, 1, inf
5387394.0, 2440766.0, 1, 0.396772367527
2552778.0, 16724692.0, 1, 0.347218695436
2671740.0, 11517034.0, 1, 0.303667459055
3225810.0, 3901172.0, 1, 0.295795316215
3178926.0, 8000998.0, 1, 0.261207813782
4312468.0, 2570766.0, 1, 0.207702117953
5180658.0, 2494386.0, 1, 0.196144479674
4507746.0, 2496996.0, 1, 0.194774617892
3293530.0, 3231608.0, 1, 0.153179628087
3748920.0, 3223908.0, 1, 0.136956145646
2504438.0, 17700224.0, 1, 0.134071013388
3748920.0, 3223908.0, 1, 0.124052956535
2710608.0, 10796588.0, 1, 0.11165466045
2807700.0, 9788770.0, 1, 0.0929072562709
3029654.0, 8025666.0, 1, 0.0727058402184
2510276.0, 17011454.0, 1, 0.0659636790174
2504438.0, 17700224.0, 1, 0.059575680814
3004136.0, 9030198.0, 1, 0.0583781354852
2930040.0, 9610948.0, 1, 0.0501782222998
2708848.0, 11374202.0, 1, 0.0494101734363
2931800.0, 9033356.0, 1, 0.0477390785169
2671740.0, 11517034.0, 1, 0.034200208682
3101228.0, 8022508.0, 1, 0.0341431499164
2893498.0, 9769524.0, 1, 0.0225093317247
2872928.0, 9786840.0, 1, 0.01991224094
2997880.0, 9031936.0, 1, 0.0145934809848
3029654.0, 8025666.0, 1, 0.00577666431839
3004136.0, 9030198.0, 1, 0.00569608119622
2997880.0, 9031936.0, 1, 0.00145285601496
2997880.0, 9031936.0, 1, 0.0
3029654.0, 8025666.0, 1, 0.0
2883038.0, 16856938.0, 2, inf
2851074.0, 10490116.0, 2, inf
6653034.0, 2442212.0, 2, inf
4686800.0, 2569572.0, 2, 0.609554763665
3307478.0, 3903500.0, 2, 0.496389554078
4114972.0, 3265210.0, 2, 0.371775501842
3250500.0, 7997292.0, 2, 0.285701382714
4376006.0, 2595668.0, 2, 0.128194203357
3012842.0, 9763212.0, 2, 0.10227722208
2995674.0, 9601300.0, 2, 0.0848360230469
3222434.0, 8948132.0, 2, 0.0795991357984
3244034.0, 8000558.0, 2, 0.0733450810503
4376006.0, 2595668.0, 2, 0.0704681158192
3192740.0, 9032462.0, 2, 0.0639673783609
3307478.0, 3903500.0, 2, 0.0592668922309
3150098.0, 8953482.0, 2, 0.0531674405366
3250500.0, 7997292.0, 2, 0.0152130545097
3307478.0, 3903500.0, 2, 0.0
6972230.0, 2830980.0, 3, inf
3950408.0, 13241760.0, 3, inf
9164960.0, 3918840.0, 3, inf
3002376.0, 9607790.0, 3, inf
3472594.0, 5204368.0, 3, 0.271707778223
4350152.0, 7597582.0, 3, 0.235029214345
7175980.0, 3651700.0, 3, 0.225638628526
8255796.0, 3806552.0, 3, 0.207858735529
4367678.0, 12685238.0, 3, 0.196663702878
3327670.0, 7998744.0, 3, 0.144108344902
5650718.0, 9883408.0, 3, 0.143902761453
8634904.0, 4296188.0, 3, 0.138533696621
3753546.0, 11556082.0, 3, 0.135828321021
4133136.0, 10448610.0, 3, 0.116513957913
4771708.0, 8863384.0, 3, 0.112667606154
8402718.0, 4579718.0, 3, 0.111667641751
4306004.0, 9379180.0, 3, 0.100662889302
6463208.0, 9598370.0, 3, 0.0891882356178
4793546.0, 8401440.0, 3, 0.0886266643895
6627156.0, 4908946.0, 3, 0.0871459497415
5233846.0, 3276206.0, 3, 0.0865129652136
6212850.0, 3416600.0, 3, 0.0815889903538
3886192.0, 10907632.0, 3, 0.0795432029132
6712696.0, 3557958.0, 3, 0.0785773794187
5382554.0, 10532706.0, 3, 0.0771249400707
4626706.0, 11344218.0, 3, 0.0758920687496
6127190.0, 4232298.0, 3, 0.0649242842291
5919910.0, 3899446.0, 3, 0.058555551263
3646874.0, 10800926.0, 3, 0.0536590924718
5347668.0, 8488074.0, 3, 0.0528687843238
5303752.0, 4048932.0, 3, 0.048578832849
5117262.0, 3738636.0, 3, 0.0482407205808
4564284.0, 5124582.0, 3, 0.045700098964
3733910.0, 4386846.0, 3, 0.0445438926986
3414618.0, 11352086.0, 3, 0.0438672029977
5959110.0, 3830214.0, 3, 0.0425581078112
5028222.0, 9643154.0, 3, 0.0414776427373
4350152.0, 7597582.0, 3, 0.0413772648483
3625166.0, 10495682.0, 3, 0.0363581256541
4567108.0, 9785242.0, 3, 0.0305343879435
5028222.0, 9643154.0, 3, 0.0280966454454
5356116.0, 5065502.0, 3, 0.0263736982311
3781814.0, 9855588.0, 3, 0.0171934563367
3781814.0, 9855588.0, 3, 0.0113440714017
4318410.0, 9858254.0, 3, 0.00983610814031
10913434.0, 15333758.0, 4, inf
10408932.0, 4508214.0, 4, inf
6065016.0, 11442996.0, 4, inf
Generacion: 41
6858898.0, 2435030.0, 1, inf
2430540.0, 18379838.0, 1, inf
5387394.0, 2440766.0, 1, 0.382698274616
2662876.0, 15607762.0, 1, 0.316843524676
3266428.0, 3534550.0, 1, 0.308560267368
3250830.0, 7997796.0, 1, 0.300481123372
2669980.0, 12094682.0, 1, 0.25855713301
5180658.0, 2494386.0, 1, 0.202166306503
4507746.0, 2496996.0, 1, 0.177500138097
3293530.0, 3231608.0, 1, 0.128437386677
2466980.0, 16741298.0, 1, 0.122255851512
3843816.0, 3207366.0, 1, 0.11900062082
2552778.0, 16724692.0, 1, 0.115327941764
2466010.0, 18361620.0, 1, 0.110992015439
4100770.0, 2593342.0, 1, 0.109112854625
3748920.0, 3223908.0, 1, 0.103872409678
4398266.0, 2507500.0, 1, 0.08536585476
2776722.0, 10795458.0, 1, 0.0851317130074
3070250.0, 9029038.0, 1, 0.0779967370448
2807700.0, 9788770.0, 1, 0.077865399995
4146592.0, 2557762.0, 1, 0.0725634498193
3094848.0, 8023446.0, 1, 0.0701212471049
2710608.0, 10796588.0, 1, 0.0601134235549
2930040.0, 9610948.0, 1, 0.0548190181441
2931800.0, 9033356.0, 1, 0.051146465729
2671740.0, 11517034.0, 1, 0.0455811748072
2671740.0, 11517034.0, 1, 0.0450050365363
3176174.0, 8000694.0, 1, 0.0320797452864
2893498.0, 9769524.0, 1, 0.0239281820888
3748920.0, 3223908.0, 1, 0.0219120775977
2872928.0, 9786840.0, 1, 0.0205817143498
2997880.0, 9031936.0, 1, 0.0165327809139
3004136.0, 9030198.0, 1, 0.0165241524549
3111134.0, 8006310.0, 1, 0.0157030387148
2710608.0, 10796588.0, 1, 0.00884793762357
2807700.0, 9788770.0, 1, 0.00711641192597
3070250.0, 9029038.0, 1, 0.00562740574972
3111134.0, 8006310.0, 1, 0.00258916148159
3101228.0, 8022508.0, 1, 0.00245659387
3101228.0, 8022508.0, 1, 0.002295774443
2931800.0, 9033356.0, 1, 0.000486495711632
2931800.0, 9033356.0, 1, 0.0
3101228.0, 8022508.0, 1, 0.0
3748920.0, 3223908.0, 1, 0.0
2671740.0, 11517034.0, 1, 0.0
2931800.0, 9033356.0, 1, 0.0
2468776.0, 19751738.0, 2, inf
5465172.0, 2460054.0, 2, inf
4412762.0, 2513364.0, 2, 0.391099431043
3472594.0, 5204368.0, 2, 0.371400681297
2770336.0, 14527648.0, 2, 0.341396635067
4056388.0, 3901532.0, 2, 0.201017361737
2694506.0, 15613888.0, 2, 0.199512120399
3166456.0, 8020548.0, 2, 0.19113444061
4060744.0, 12261144.0, 2, 0.174364122726
3178926.0, 8000998.0, 2, 0.16589432337
3753546.0, 11556082.0, 2, 0.16013658771
2504438.0, 17700224.0, 2, 0.143111038728
3351060.0, 9762120.0, 2, 0.138125783034
3794162.0, 11654688.0, 2, 0.136538182906
4148196.0, 3266838.0, 2, 0.135427456677
3214020.0, 10500112.0, 2, 0.113657001102
3768636.0, 18198870.0, 2, 0.106423406986
2720718.0, 19306076.0, 2, 0.0998070076606
2724478.0, 16729434.0, 2, 0.0982748072222
4081010.0, 17026888.0, 2, 0.0816833663541
4312468.0, 2570766.0, 2, 0.073726269728
4137276.0, 9542492.0, 2, 0.0646193168115
3222434.0, 8948132.0, 2, 0.0620698666328
4312468.0, 2570766.0, 2, 0.0581428246714
3224656.0, 11560736.0, 2, 0.048629412799
3192740.0, 9032462.0, 2, 0.0460846621508
3178926.0, 8000998.0, 2, 0.00574080633599
3440644.0, 8021498.0, 3, inf
9906732.0, 3465910.0, 3, inf
4686800.0, 2569572.0, 3, inf
4739120.0, 17934474.0, 3, inf
4350152.0, 7597582.0, 3, 0.418625728242
6532894.0, 17528850.0, 3, 0.404534687136
8038900.0, 11036464.0, 3, 0.399596775128
7721898.0, 12816266.0, 3, 0.346644789575
5770748.0, 4550506.0, 3, 0.290495038013
7178466.0, 11195016.0, 3, 0.140972436833
7540248.0, 12531882.0, 3, 0.138576693894
6646816.0, 8917048.0, 3, 0.0971066394683
7745164.0, 2817784.0, 3, 0.0895379064621
6152546.0, 2616000.0, 3, 0.0802167072899
5545078.0, 3904732.0, 3, 0.0788778494414
7454828.0, 12689614.0, 3, 0.0744593532862
6184980.0, 9972034.0, 3, 0.0718769129061
6713546.0, 10191630.0, 3, 0.0693787186753
6929046.0, 3260610.0, 3, 0.068743727619
5331592.0, 3362488.0, 3, 0.0605647294941
5620524.0, 9875716.0, 3, 0.0589970222417
4763330.0, 9577186.0, 3, 0.0588119213888
4989092.0, 4264018.0, 3, 0.0581543117239
7129714.0, 10076304.0, 3, 0.0519602694921
5199604.0, 4398360.0, 3, 0.0496982691382
5117262.0, 3738636.0, 3, 0.0477364967777
4905972.0, 8427538.0, 3, 0.0447137316819
Generacion: 42
6853002.0, 2430418.0, 1, inf
2369348.0, 17808138.0, 1, inf
2369348.0, 17808138.0, 1, inf
6497526.0, 2433774.0, 1, 0.35579450087
3149268.0, 3567154.0, 1, 0.325430323833
2671740.0, 11517034.0, 1, 0.323512318102
2662876.0, 15607762.0, 1, 0.303918820635
3111134.0, 8006310.0, 1, 0.300442341321
5271006.0, 2475908.0, 1, 0.280765523175
4100770.0, 2593342.0, 1, 0.270230152993
3293530.0, 3231608.0, 1, 0.247291230275
4507746.0, 2496996.0, 1, 0.172499791716
5180658.0, 2494386.0, 1, 0.167131108492
2466980.0, 16741298.0, 1, 0.0975517591067
2872928.0, 9786840.0, 1, 0.0927604405525
2776722.0, 10795458.0, 1, 0.0803351296804
3070250.0, 9029038.0, 1, 0.0801383514844
4312468.0, 2570766.0, 1, 0.0747852177641
3094848.0, 8023446.0, 1, 0.0668157356001
2710608.0, 10796588.0, 1, 0.061595550601
2589002.0, 16158518.0, 1, 0.0612631094813
2552778.0, 16724692.0, 1, 0.0587115741058
3266428.0, 3534550.0, 1, 0.0539953663176
2931800.0, 9033356.0, 1, 0.0522982938686
2661416.0, 16155204.0, 1, 0.0522914860351
4412762.0, 2513364.0, 1, 0.0483505162173
2930040.0, 9610948.0, 1, 0.0457103635778
2776722.0, 10795458.0, 1, 0.0215305355979
5256304.0, 2494252.0, 1, 0.0213521375714
2491168.0, 16725824.0, 1, 0.0202156057041
2997880.0, 9031936.0, 1, 0.0163386319165
3004136.0, 9030198.0, 1, 0.0163293074392
2893498.0, 9769524.0, 1, 0.0148998378185
2930040.0, 9610948.0, 1, 0.010704598846
2893498.0, 9769524.0, 1, 0.00927609373805
2710608.0, 10796588.0, 1, 0.00874230528397
3070250.0, 9029038.0, 1, 0.00556158416805
3094848.0, 8023446.0, 1, 0.00554714769762
3101228.0, 8022508.0, 1, 0.00247628866001
3101228.0, 8022508.0, 1, 0.0022703560451
2931800.0, 9033356.0, 1, 0.000484878367293
3094848.0, 8023446.0, 1, 0.0
2710608.0, 10796588.0, 1, 0.0
2931800.0, 9033356.0, 1, 0.0
2931800.0, 9033356.0, 1, 0.0
2931800.0, 9033356.0, 1, 0.0
2931800.0, 9033356.0, 1, 0.0
2400978.0, 17814414.0, 2, inf
7214374.0, 2431702.0, 2, inf
2720718.0, 19306076.0, 2, inf
7163002.0, 2609834.0, 2, 0.336528526769
5630124.0, 2580124.0, 2, 0.323951580796
3739578.0, 12308082.0, 2, 0.277390472425
2692510.0, 15352242.0, 2, 0.256888359761
3986156.0, 5790502.0, 2, 0.193167883682
4755002.0, 4749132.0, 2, 0.191359393253
3833070.0, 7631112.0, 2, 0.159620100935
4980360.0, 4010174.0, 2, 0.150323755377
2899212.0, 10798832.0, 2, 0.134402173463
3340704.0, 9603552.0, 2, 0.113236907937
3222434.0, 8948132.0, 2, 0.097393772669
3932022.0, 16748072.0, 2, 0.0961016528765
4382360.0, 2704910.0, 2, 0.0926507420291
4137276.0, 9542492.0, 2, 0.0876486698226
2694506.0, 15613888.0, 2, 0.0874747168839
2724478.0, 16729434.0, 2, 0.0812010265957
5616066.0, 3230782.0, 2, 0.079308616476
4567108.0, 9785242.0, 2, 0.0778364315895
2788046.0, 11435048.0, 2, 0.0702618174417
3211120.0, 9788062.0, 2, 0.0696774990481
5236774.0, 2497880.0, 2, 0.0665884255987
5435358.0, 2566464.0, 2, 0.0639398893217
2818544.0, 11743746.0, 2, 0.0590345952328
5276644.0, 3901466.0, 2, 0.058239815467
3166456.0, 8020548.0, 2, 0.0569889287072
2995674.0, 9601300.0, 2, 0.0560598074959
4039734.0, 3360400.0, 2, 0.0552416315919
4298268.0, 9594458.0, 2, 0.0544021134236
3794162.0, 11654688.0, 2, 0.0377171862774
5331758.0, 2481512.0, 2, 0.0368951981649
3166456.0, 8020548.0, 2, 0.0366571399754
3245782.0, 9780996.0, 2, 0.0353382239789
4060744.0, 12261144.0, 2, 0.0350266612803
3176174.0, 8000694.0, 2, 0.0323576485859
4060744.0, 12261144.0, 2, 0.0186814072931
7380424.0, 16985900.0, 3, inf
3366536.0, 8004730.0, 3, inf
7855422.0, 2549652.0, 3, inf
14207400.0, 8207192.0, 3, inf
13971566.0, 15132506.0, 3, 0.291318008865
11453804.0, 4706534.0, 3, 0.267368420135
6925866.0, 7702388.0, 3, 0.188108619313
5096770.0, 4819346.0, 3, 0.172562286749
8775296.0, 5998390.0, 3, 0.168196244422
9428034.0, 11801992.0, 3, 0.152565358085
6546204.0, 16449136.0, 3, 0.151879826844
5183934.0, 13544378.0, 3, 0.146035555111
7540248.0, 12531882.0, 3, 0.139815663224
9643400.0, 15662334.0, 3, 0.139021204902
10107920.0, 3775152.0, 3, 0.124274520159
Generacion: 43
8882256.0, 2410430.0, 1, inf
2330402.0, 18094754.0, 1, inf
7712600.0, 2435934.0, 1, 0.417967540011
6063090.0, 2470490.0, 1, 0.375205620328
2709182.0, 14528704.0, 1, 0.319735888898
3348258.0, 4133720.0, 1, 0.309559317727
3315642.0, 7997112.0, 1, 0.261254007471
2710608.0, 10796588.0, 1, 0.248042867338
5271006.0, 2475908.0, 1, 0.239079872848
8785564.0, 2432216.0, 1, 0.180148985789
2521342.0, 15358350.0, 1, 0.173358980226
3748920.0, 3223908.0, 1, 0.15554321641
4507746.0, 2496996.0, 1, 0.135219284407
4214954.0, 2576800.0, 1, 0.127656496771
2491168.0, 16725824.0, 1, 0.0964710924191
2851074.0, 10490116.0, 1, 0.0789911764391
3434082.0, 3425414.0, 1, 0.076005333788
3070250.0, 9029038.0, 1, 0.0742053465114
3094848.0, 8023446.0, 1, 0.0689023945854
2398982.0, 17552796.0, 1, 0.0628995574888
2449122.0, 17012570.0, 1, 0.0621178674333
3543630.0, 3409324.0, 1, 0.0609008736217
2872928.0, 9786840.0, 1, 0.0524185666003
2931800.0, 9033356.0, 1, 0.0469117639653
2369348.0, 17808138.0, 1, 0.0450213853439
2930040.0, 9610948.0, 1, 0.0424034217465
4398266.0, 2507500.0, 1, 0.0345084210543
4312468.0, 2570766.0, 1, 0.0323970698428
2776722.0, 10795458.0, 1, 0.0295588574437
2466980.0, 16741298.0, 1, 0.0246997509848
3250500.0, 7997292.0, 1, 0.0215151800239
3176174.0, 8000694.0, 1, 0.0143102685393
2893498.0, 9769524.0, 1, 0.0132500465367
3166456.0, 8020548.0, 1, 0.0128297150257
2776722.0, 10795458.0, 1, 0.0114202846825
2997880.0, 9031936.0, 1, 0.0112418865962
2930040.0, 9610948.0, 1, 0.0103791034418
3004136.0, 9030198.0, 1, 0.0102016954774
3101228.0, 8022508.0, 1, 0.0100154602365
2893498.0, 9769524.0, 1, 0.00668138488979
3070250.0, 9029038.0, 1, 0.00382831636009
3101228.0, 8022508.0, 1, 0.00109873571137
3004136.0, 9030198.0, 1, 0.00102880342833
2931800.0, 9033356.0, 1, 0.000359162512223
2710608.0, 10796588.0, 1, 0.000289694776177
2931800.0, 9033356.0, 1, 0.0
3004136.0, 9030198.0, 1, 0.0
3004136.0, 9030198.0, 1, 0.0
3070250.0, 9029038.0, 1, 0.0
3101228.0, 8022508.0, 1, 0.0
2710608.0, 10796588.0, 1, 0.0
2710608.0, 10796588.0, 1, 0.0
2776722.0, 10795458.0, 1, 0.0
2930040.0, 9610948.0, 1, 0.0
2931800.0, 9033356.0, 1, 0.0
4544500.0, 2497306.0, 2, inf
6713546.0, 10191630.0, 2, inf
2720718.0, 19306076.0, 2, inf
2367888.0, 18355602.0, 2, inf
5325920.0, 3224922.0, 2, 0.341685545409
6020084.0, 10846612.0, 2, 0.295653499448
4428794.0, 7624056.0, 2, 0.292542848504
2589002.0, 16158518.0, 2, 0.273686702403
4024728.0, 12773938.0, 2, 0.255903755215
4985792.0, 10072020.0, 2, 0.231591977122
5630124.0, 2580124.0, 2, 0.178292745112
3552042.0, 17027614.0, 2, 0.13096819757
3045846.0, 9321344.0, 2, 0.120206021275
4060744.0, 12261144.0, 2, 0.119668620657
5330698.0, 2843738.0, 2, 0.1077616394
4302960.0, 3214820.0, 2, 0.103682219239
3366350.0, 10304898.0, 2, 0.101634701714
3187026.0, 8003152.0, 2, 0.0990856004262
3614240.0, 19143382.0, 2, 0.0948496779399
3956282.0, 8230196.0, 2, 0.0942124245368
2552778.0, 16724692.0, 2, 0.0856736684183
3090244.0, 18443964.0, 2, 0.0793548011387
3461926.0, 11838642.0, 2, 0.0743038668616
2881264.0, 11083902.0, 2, 0.058410361938
3741340.0, 11730434.0, 2, 0.0510995914679
3908710.0, 7632652.0, 2, 0.0500125974209
3836784.0, 11367138.0, 2, 0.0452302426722
2815636.0, 11083852.0, 2, 0.0423097739244
2720718.0, 19306076.0, 2, 0.0399889082208
3044046.0, 10201556.0, 2, 0.0380490641403
3753658.0, 16743330.0, 2, 0.0360413563898
4412762.0, 2513364.0, 2, 0.0338833301371
2737820.0, 11515610.0, 2, 0.0308756493174
2860336.0, 11518982.0, 2, 0.0278824418956
3956112.0, 11355078.0, 2, 0.0277975081981
3044046.0, 10201556.0, 2, 0.00656230661743
3753658.0, 16743330.0, 2, 0.00394337940681
2669312.0, 16730566.0, 3, inf
7400994.0, 19939180.0, 3, inf
4686800.0, 2569572.0, 3, inf
9896158.0, 3534714.0, 3, inf
9044574.0, 12843226.0, 3, 0.407903306119
5745316.0, 8456582.0, 3, 0.288035292602
5431144.0, 4798142.0, 3, 0.245616945381
6088080.0, 3982800.0, 3, 0.205307662518
Generacion: 44
2330402.0, 18094754.0, 1, inf
2330402.0, 18094754.0, 1, inf
8882256.0, 2410430.0, 1, inf
3472440.0, 4782792.0, 1, 0.372118177318
6853002.0, 2430418.0, 1, 0.355513699734
2709182.0, 14528704.0, 1, 0.289318960914
2710608.0, 10796588.0, 1, 0.248042867338
3292406.0, 7981642.0, 1, 0.210297732666
6564682.0, 2438438.0, 1, 0.20065440486
5553966.0, 2467816.0, 1, 0.190159301028
2428796.0, 17027890.0, 1, 0.173828430783
3937432.0, 3689332.0, 1, 0.165359693367
2590462.0, 15611076.0, 1, 0.135807825541
5271006.0, 2475908.0, 1, 0.127521402429
4146592.0, 2557762.0, 1, 0.121015693449
4507746.0, 2496996.0, 1, 0.117164983164
3978912.0, 3401668.0, 1, 0.104070346853
3111134.0, 8006310.0, 1, 0.0817321096111
2807700.0, 9788770.0, 1, 0.0789911764391
3070250.0, 9029038.0, 1, 0.0752979023653
2776722.0, 10795458.0, 1, 0.0742752252005
2706154.0, 15323698.0, 1, 0.066330005109
2369348.0, 17808138.0, 1, 0.0622458050358
4398266.0, 2507500.0, 1, 0.0589967269305
2931800.0, 9033356.0, 1, 0.0469117639653
5333146.0, 2472814.0, 1, 0.043703704705
2930040.0, 9610948.0, 1, 0.0424034217465
2620044.0, 15355660.0, 1, 0.0359805284603
3292406.0, 7981642.0, 1, 0.0285082746034
3176174.0, 8000694.0, 1, 0.0218644334349
3250830.0, 7997796.0, 1, 0.0189550380962
4507746.0, 2496996.0, 1, 0.0180543012431
2359984.0, 17839446.0, 1, 0.0177071228533
2872928.0, 9786840.0, 1, 0.0143223097313
2893498.0, 9769524.0, 1, 0.0132500465367
2930040.0, 9610948.0, 1, 0.0103791034418
3004136.0, 9030198.0, 1, 0.0102016954774
2997880.0, 9031936.0, 1, 0.0101965061066
2893498.0, 9769524.0, 1, 0.00668138488979
2359984.0, 17839446.0, 1, 0.00651119108441
3070250.0, 9029038.0, 1, 0.00631402498547
2776722.0, 10795458.0, 1, 0.00480017379479
2997880.0, 9031936.0, 1, 0.00104538048961
3004136.0, 9030198.0, 1, 0.00102880342833
2931800.0, 9033356.0, 1, 0.000359162512223
2710608.0, 10796588.0, 1, 0.000289694776177
2710608.0, 10796588.0, 1, 0.0
2776722.0, 10795458.0, 1, 0.0
2930040.0, 9610948.0, 1, 0.0
2931800.0, 9033356.0, 1, 0.0
2997880.0, 9031936.0, 1, 0.0
3004136.0, 9030198.0, 1, 0.0
3004136.0, 9030198.0, 1, 0.0
3070250.0, 9029038.0, 1, 0.0
3070250.0, 9029038.0, 1, 0.0
2971142.0, 19306056.0, 2, inf
9860236.0, 2413656.0, 2, inf
2618626.0, 17896408.0, 2, inf
5494604.0, 3173736.0, 2, 0.34355287932
8785564.0, 2432216.0, 2, 0.327011150412
7521238.0, 2707340.0, 2, 0.293228204707
4109170.0, 15406422.0, 2, 0.283829880719
3655428.0, 5223650.0, 2, 0.275579788634
2910516.0, 13126762.0, 2, 0.225637868166
7521238.0, 2707340.0, 2, 0.2022016507
3315642.0, 7997112.0, 2, 0.200803048211
3663632.0, 17548702.0, 2, 0.160670505129
4653110.0, 3694806.0, 2, 0.114911678378
3166456.0, 8020548.0, 2, 0.114407264077
3045846.0, 9321344.0, 2, 0.110865599618
3031596.0, 18062694.0, 2, 0.0892028967222
2837472.0, 11804514.0, 2, 0.0876998825677
5129886.0, 3642566.0, 2, 0.084842354793
4694592.0, 9762698.0, 2, 0.0752141875717
2815636.0, 11083852.0, 2, 0.0659943403016
4508422.0, 10148420.0, 2, 0.0598935846137
5331758.0, 2481512.0, 2, 0.0591693038267
3044046.0, 10201556.0, 2, 0.0573437031472
4260684.0, 11568858.0, 2, 0.0546136106987
3794416.0, 11518308.0, 2, 0.0514058209879
5184066.0, 9788708.0, 2, 0.0507107293852
4396368.0, 3403404.0, 2, 0.0448536897456
4100942.0, 11364348.0, 2, 0.0439320730518
3422648.0, 11798390.0, 2, 0.0411137121312
4384592.0, 11362104.0, 2, 0.0353386212022
3002376.0, 9607790.0, 2, 0.0344755144645
3512348.0, 8018080.0, 2, 0.0335321549507
2737820.0, 11515610.0, 2, 0.028998153445
2881264.0, 11083902.0, 2, 0.0265587301593
3751508.0, 11370000.0, 2, 0.0253813528526
4662772.0, 11488022.0, 2, 0.0143481368947
12117212.0, 17636312.0, 3, inf
3177174.0, 9019314.0, 3, inf
6618682.0, 3439516.0, 3, inf
4639936.0, 16162404.0, 3, 0.461363132466
7994176.0, 11399716.0, 3, 0.372378486917
3839296.0, 8118554.0, 3, 0.15916604437
8769102.0, 4783784.0, 3, 0.159001712712
6482066.0, 16896314.0, 3, 0.144056281286
5465262.0, 5227596.0, 3, 0.13749340871
Generacion: 45
6853002.0, 2430418.0, 1, inf
6853002.0, 2430418.0, 1, inf
2330402.0, 18094754.0, 1, inf
3109740.0, 3943170.0, 1, 0.482244061956
5451514.0, 2478718.0, 1, 0.343386920701
3070250.0, 9029038.0, 1, 0.339296755631
6564682.0, 2438438.0, 1, 0.312968901547
4146592.0, 2557762.0, 1, 0.307316334977
5024716.0, 2483588.0, 1, 0.293579699267
2620044.0, 15355660.0, 1, 0.277337569222
2669980.0, 12094682.0, 1, 0.234348435816
3709618.0, 3689500.0, 1, 0.190120333736
2510276.0, 17011454.0, 1, 0.131025364412
2589002.0, 16158518.0, 1, 0.129975698546
3843816.0, 3207366.0, 1, 0.127583281596
2774516.0, 11364856.0, 1, 0.125691518862
2807700.0, 9788770.0, 1, 0.122499461656
2398982.0, 17552796.0, 1, 0.082020573097
3839394.0, 3492268.0, 1, 0.0604518441292
2737820.0, 11515610.0, 1, 0.0545772097372
2735614.0, 12085032.0, 1, 0.0519677631767
2931800.0, 9033356.0, 1, 0.0514841243561
2930040.0, 9610948.0, 1, 0.0449529254882
2369348.0, 17808138.0, 1, 0.0269224468796
2359984.0, 17839446.0, 1, 0.026908778533
2893498.0, 9769524.0, 1, 0.0238569536613
2872928.0, 9786840.0, 1, 0.0201995967826
3004136.0, 9030198.0, 1, 0.0147295349077
2997880.0, 9031936.0, 1, 0.0147220171082
2930040.0, 9610948.0, 1, 0.0105125350343
3070250.0, 9029038.0, 1, 0.00880575657254
2997880.0, 9031936.0, 1, 0.00147392689101
3004136.0, 9030198.0, 1, 0.00145732867708
2931800.0, 9033356.0, 1, 0.000479808463558
3004136.0, 9030198.0, 1, 0.0
6711770.0, 2444438.0, 2, inf
2367888.0, 18355602.0, 2, inf
6932094.0, 2844758.0, 2, inf
6353428.0, 2494574.0, 2, 0.462534818688
4634754.0, 2563272.0, 2, 0.423389354143
3472440.0, 4782792.0, 2, 0.406681698198
2818544.0, 11743746.0, 2, 0.294232812156
3978912.0, 3401668.0, 2, 0.293752337092
2846234.0, 15411950.0, 2, 0.270150494447
3292406.0, 7981642.0, 2, 0.205420857134
4359356.0, 3200706.0, 2, 0.153479103767
2662876.0, 15607762.0, 2, 0.146377460151
2626644.0, 17072008.0, 2, 0.137856860735
2474376.0, 18092762.0, 2, 0.132834077899
4521444.0, 2850944.0, 2, 0.082709602944
3192740.0, 9032462.0, 2, 0.0810724821041
3065230.0, 17144100.0, 2, 0.0803217403657
3176174.0, 8000694.0, 2, 0.0801575496023
3436524.0, 9858896.0, 2, 0.0724865037496
3119642.0, 11366858.0, 2, 0.070755671572
3257632.0, 11004700.0, 2, 0.0600612463093
3342290.0, 9034188.0, 2, 0.0492033139627
3293760.0, 10300932.0, 2, 0.0490324504596
2995674.0, 9601300.0, 2, 0.0443826998029
2845458.0, 10712794.0, 2, 0.0378981332939
2970066.0, 10483792.0, 2, 0.0348198933701
3018438.0, 10465160.0, 2, 0.0224850520149
3279250.0, 10498226.0, 2, 0.0220113857643
3045846.0, 9321344.0, 2, 0.0218419014453
3184064.0, 9317658.0, 2, 0.0216770009337
3045846.0, 9321344.0, 2, 0.00623664874607
10094900.0, 3334412.0, 3, inf
3187026.0, 8003152.0, 3, inf
3371546.0, 18096660.0, 3, inf
13036696.0, 3824720.0, 3, inf
3757022.0, 5420602.0, 3, 0.216508397357
9543396.0, 12919086.0, 3, 0.176726417608
3869122.0, 17610636.0, 3, 0.17267719166
3631606.0, 15612986.0, 3, 0.166961948625
7055514.0, 13868080.0, 3, 0.145789465342
8674372.0, 3438222.0, 3, 0.145401320426
4823448.0, 4352874.0, 3, 0.122440997648
3527070.0, 12049036.0, 3, 0.118611771017
7572074.0, 5006838.0, 3, 0.118481568177
3241584.0, 14486224.0, 3, 0.114762509845
5477820.0, 3985450.0, 3, 0.0975508685285
4025714.0, 8208630.0, 3, 0.0862863499008
5795058.0, 4985038.0, 3, 0.0844707771913
4158962.0, 8952344.0, 3, 0.0822141334521
7048564.0, 10809722.0, 3, 0.081950343409
4109170.0, 15406422.0, 3, 0.08168439777
8965226.0, 11049774.0, 3, 0.0773153364351
6756812.0, 10987584.0, 3, 0.0771867019327
9184518.0, 3674402.0, 3, 0.076124958821
4202066.0, 10225494.0, 3, 0.0726542054733
4211366.0, 11557876.0, 3, 0.0718971289645
6176160.0, 3908700.0, 3, 0.0703022844481
7438916.0, 9710770.0, 3, 0.0616388634468
9711512.0, 3556366.0, 3, 0.0575916150756
4504822.0, 11441430.0, 3, 0.0464411864713
6435714.0, 4791348.0, 3, 0.0450249183795
4809528.0, 5059134.0, 3, 0.0411107881855
6448468.0, 3480574.0, 3, 0.0397563720204
6426780.0, 17971226.0, 3, 0.0385524620023
5487930.0, 3543868.0, 3, 0.0373421599988
Generacion: 46
2330402.0, 18094754.0, 1, inf
9667004.0, 2429454.0, 1, inf
6497526.0, 2433774.0, 1, 0.68027292291
3101228.0, 8022508.0, 1, 0.330040794415
4702044.0, 2484824.0, 1, 0.275248548312
3109740.0, 3943170.0, 1, 0.272391377923
2620044.0, 15355660.0, 1, 0.235308794906
2669980.0, 12094682.0, 1, 0.213463511485
2498570.0, 16747974.0, 1, 0.150049663093
4146592.0, 2557762.0, 1, 0.135842294481
2807700.0, 9788770.0, 1, 0.133159710799
2774516.0, 11364856.0, 1, 0.109560748345
2590462.0, 15611076.0, 1, 0.105436115988
3843816.0, 3207366.0, 1, 0.100909662145
2398982.0, 17552796.0, 1, 0.0852892772757
4507746.0, 2496996.0, 1, 0.0803657318485
3070250.0, 9029038.0, 1, 0.0732637294943
3293530.0, 3231608.0, 1, 0.067540207924
3407714.0, 3215066.0, 1, 0.0609851441494
2708848.0, 11374202.0, 1, 0.0608372605387
3225810.0, 3901172.0, 1, 0.0583399264771
2930040.0, 9610948.0, 1, 0.0535460854953
2669980.0, 12094682.0, 1, 0.052798517921
2931800.0, 9033356.0, 1, 0.046208224607
3843816.0, 3207366.0, 1, 0.0417607737772
2369348.0, 17808138.0, 1, 0.0236139445643
3197672.0, 3940842.0, 1, 0.0185016328412
2359984.0, 17839446.0, 1, 0.0175740172227
3402756.0, 3220954.0, 1, 0.0166195727863
2930040.0, 9610948.0, 1, 0.0115912237211
2997880.0, 9031936.0, 1, 0.0100611973588
3004136.0, 9030198.0, 1, 0.0100492344643
2359984.0, 17839446.0, 1, 0.00603066918964
2774516.0, 11364856.0, 1, 0.00511968008705
3070250.0, 9029038.0, 1, 0.00429643970537
3109740.0, 3943170.0, 1, 0.00130881884385
3843816.0, 3207366.0, 1, 0.0
6298054.0, 2856172.0, 2, inf
2430540.0, 18379838.0, 2, inf
2367888.0, 18355602.0, 2, inf
4401514.0, 2811566.0, 2, inf
2703948.0, 15830810.0, 2, 0.388229006414
4588832.0, 5353844.0, 2, 0.297845982263
5913552.0, 3131680.0, 2, 0.2939734934
2735614.0, 12085032.0, 2, 0.285797589791
5229666.0, 3757052.0, 2, 0.229520859466
3368298.0, 7977936.0, 2, 0.215909998023
4359356.0, 3200706.0, 2, 0.206179095975
3732016.0, 4261064.0, 2, 0.190134296209
2847144.0, 16920620.0, 2, 0.166319326328
3192740.0, 9032462.0, 2, 0.136457592494
5082066.0, 3974106.0, 2, 0.134383737559
4828752.0, 3694566.0, 2, 0.129838615042
2737820.0, 11515610.0, 2, 0.126598156357
3525886.0, 9264370.0, 2, 0.123384492075
4571402.0, 4360410.0, 2, 0.117854361322
3065498.0, 9744116.0, 2, 0.0994214032378
2834788.0, 10506968.0, 2, 0.0936874026284
3288866.0, 8024772.0, 2, 0.0928567702044
3709618.0, 3689500.0, 2, 0.0841703767149
3018438.0, 10465160.0, 2, 0.0635726590239
2916114.0, 10484506.0, 2, 0.0306827945228
2995674.0, 9601300.0, 2, 0.0300077735849
2970066.0, 10483792.0, 2, 0.021486075319
3340704.0, 9603552.0, 2, 0.0197269993294
2851074.0, 10490116.0, 2, 0.0189916833111
3292406.0, 7981642.0, 2, 0.0161982000322
3002376.0, 9607790.0, 2, 0.0148209979233
7580350.0, 3170358.0, 3, inf
3218930.0, 11082810.0, 3, inf
12564544.0, 4368164.0, 3, inf
7196658.0, 18637112.0, 3, inf
11447692.0, 9538246.0, 3, 0.195799862833
8566596.0, 6653070.0, 3, 0.194962658527
9123746.0, 3538396.0, 3, 0.166087914263
3957160.0, 15347598.0, 3, 0.159213462918
4923082.0, 7998690.0, 3, 0.137509926166
6973844.0, 5225936.0, 3, 0.135802118313
5786708.0, 14692088.0, 3, 0.128664645225
10857598.0, 4725730.0, 3, 0.118296322812
6078590.0, 13174808.0, 3, 0.118245477445
4442584.0, 9796210.0, 3, 0.116879593163
10482830.0, 4120236.0, 3, 0.114824306044
6081406.0, 3963990.0, 3, 0.109641843291
3371546.0, 18096660.0, 3, 0.10876088921
7710564.0, 13509522.0, 3, 0.10640344836
3577972.0, 16123726.0, 3, 0.105335419003
4710416.0, 12168366.0, 3, 0.104009212091
9905052.0, 4607546.0, 3, 0.101587931143
7318522.0, 8744072.0, 3, 0.100963133752
7737220.0, 8938958.0, 3, 0.100847853924
8261912.0, 11398264.0, 3, 0.0959557871389
6751690.0, 4546898.0, 3, 0.088221601046
8699752.0, 10699720.0, 3, 0.0876289304676
4981672.0, 17431110.0, 3, 0.0841493093397
5199904.0, 10475892.0, 3, 0.0821897698533
3506654.0, 16748104.0, 3, 0.0807328927186
4577190.0, 17030772.0, 3, 0.0693624598053
10028712.0, 5010310.0, 3, 0.0636432175264
3748448.0, 11662580.0, 3, 0.0614490126191
Generacion: 47
2359984.0, 17839446.0, 1, inf
2359984.0, 17839446.0, 1, inf
7269664.0, 2422822.0, 1, inf
3109740.0, 3943170.0, 1, 0.300141803813
3094848.0, 8023446.0, 1, 0.277945949655
2688856.0, 14544364.0, 1, 0.27634498308
5391750.0, 2474970.0, 1, 0.252549712444
6497526.0, 2433774.0, 1, 0.225441326919
2708848.0, 11374202.0, 1, 0.218005399293
4507746.0, 2496996.0, 1, 0.160207665497
6853002.0, 2430418.0, 1, 0.157978900117
5180658.0, 2494386.0, 1, 0.156828107717
3843816.0, 3207366.0, 1, 0.130961525892
3407714.0, 3215066.0, 1, 0.111663137347
3149268.0, 3567154.0, 1, 0.107919622748
2590462.0, 15611076.0, 1, 0.102503010693
2930040.0, 9610948.0, 1, 0.0995785543505
2769594.0, 10509192.0, 1, 0.0976712241981
4146592.0, 2557762.0, 1, 0.0933973669245
2398982.0, 17552796.0, 1, 0.0930242850969
2552778.0, 16724692.0, 1, 0.0925323071563
2904958.0, 10484236.0, 1, 0.0909441598287
2620044.0, 15355660.0, 1, 0.0892331385483
2997880.0, 9031936.0, 1, 0.0852946870971
3029654.0, 8025666.0, 1, 0.0851661193063
4398266.0, 2507500.0, 1, 0.0775011695448
6497526.0, 2433774.0, 1, 0.0750752697755
4146592.0, 2557762.0, 1, 0.0649294391503
3843816.0, 3207366.0, 1, 0.0621686531313
2708848.0, 11374202.0, 1, 0.0601808678517
2466980.0, 16741298.0, 1, 0.0575644477808
3407714.0, 3215066.0, 1, 0.0531395514383
2931800.0, 9033356.0, 1, 0.0513752402256
5271006.0, 2475908.0, 1, 0.0442544825164
2491168.0, 16725824.0, 1, 0.0185524222646
2466980.0, 16741298.0, 1, 0.0148535041673
3094848.0, 8023446.0, 1, 0.0031771919711
3843816.0, 3207366.0, 1, 0.0
3843816.0, 3207366.0, 1, 0.0
3843816.0, 3207366.0, 1, 0.0
6497526.0, 2433774.0, 1, 0.0
2466980.0, 16741298.0, 1, 0.0
6789214.0, 2444236.0, 2, inf
10296356.0, 2708190.0, 2, inf
2361980.0, 18101034.0, 2, inf
2692510.0, 15352242.0, 2, 0.480779270071
7322462.0, 3310380.0, 2, 0.442347599898
2774516.0, 11364856.0, 2, 0.268128285242
3342290.0, 9034188.0, 2, 0.247552888412
4408776.0, 7128944.0, 2, 0.217091782833
2770842.0, 18085518.0, 2, 0.185900932143
3933786.0, 5019448.0, 2, 0.184563696157
5451514.0, 2478718.0, 2, 0.183028804253
4664178.0, 5790484.0, 2, 0.171897154558
4032412.0, 4262616.0, 2, 0.122526814674
5367268.0, 2841828.0, 2, 0.0922611205563
4913646.0, 3210324.0, 2, 0.081742704937
3002376.0, 9607790.0, 2, 0.0806097762625
6915242.0, 2817560.0, 2, 0.075742763215
2881264.0, 11083902.0, 2, 0.0723729998202
4359356.0, 3200706.0, 2, 0.0709704529307
2916114.0, 10484506.0, 2, 0.0672705141668
4438036.0, 3464314.0, 2, 0.0601010084794
3197672.0, 3940842.0, 2, 0.0512456839953
2957224.0, 10511140.0, 2, 0.0491553669165
3225810.0, 3901172.0, 2, 0.0486626169944
3002376.0, 9607790.0, 2, 0.0423266518143
4774270.0, 2503974.0, 2, 0.0374357402915
4732906.0, 3464164.0, 2, 0.0237070868887
2774516.0, 11364856.0, 2, 0.0184075859599
13182752.0, 3017526.0, 3, inf
3103802.0, 18385382.0, 3, inf
2703948.0, 15830810.0, 3, inf
11844902.0, 3785580.0, 3, 0.273880619235
8441670.0, 10697580.0, 3, 0.187756200914
3209932.0, 12677042.0, 3, 0.186569870202
4854076.0, 14464088.0, 3, 0.182537879698
9439664.0, 6937882.0, 3, 0.166839493452
10863744.0, 4511060.0, 3, 0.139253543691
4100942.0, 11364348.0, 3, 0.132181151787
4808446.0, 9455014.0, 3, 0.129456901808
9673796.0, 4486448.0, 3, 0.113669250099
3013976.0, 16970994.0, 3, 0.101426397707
10592136.0, 8482732.0, 3, 0.100594480431
6878166.0, 5989644.0, 3, 0.0988519927914
10627028.0, 11876680.0, 3, 0.0984430759189
8065598.0, 15488158.0, 3, 0.095938811106
3885136.0, 15350132.0, 3, 0.0907849766253
6056664.0, 16282616.0, 3, 0.0897892190369
9450898.0, 7172118.0, 3, 0.0889237895946
3663632.0, 17548702.0, 3, 0.0877588048633
7567326.0, 5502670.0, 3, 0.0786321241481
5412224.0, 8629760.0, 3, 0.0738663611688
5768262.0, 7961080.0, 3, 0.0698397546172
4922740.0, 6088252.0, 3, 0.0698343297598
7500132.0, 11389570.0, 3, 0.0689876690513
5913552.0, 3131680.0, 3, 0.0642650806446
5351338.0, 8017894.0, 3, 0.0614528397209
7721952.0, 9568100.0, 3, 0.0600386088132
5526194.0, 10109922.0, 3, 0.0561749484052
Generacion: 48
8383304.0, 2415896.0, 1, inf
2330402.0, 18094754.0, 1, inf
3149268.0, 3567154.0, 1, 0.340425810989
6598854.0, 2417386.0, 1, 0.301892291085
3094848.0, 8023446.0, 1, 0.300243080594
2620044.0, 15355660.0, 1, 0.287835133544
2671740.0, 11517034.0, 1, 0.268609319755
5846734.0, 2444780.0, 1, 0.168854133882
4702044.0, 2484824.0, 1, 0.126292033438
6564682.0, 2438438.0, 1, 0.126004946305
2581410.0, 15795978.0, 1, 0.113663911964
3843816.0, 3207366.0, 1, 0.113480259864
5553966.0, 2467816.0, 1, 0.0971013773199
5271006.0, 2475908.0, 1, 0.094514326732
2997880.0, 9031936.0, 1, 0.091349378469
2428796.0, 17027890.0, 1, 0.0886355960979
4146592.0, 2557762.0, 1, 0.0830109081383
3407714.0, 3215066.0, 1, 0.0737341717661
3094848.0, 8023446.0, 1, 0.0733123776811
2872928.0, 9786840.0, 1, 0.0691194453279
2776722.0, 10795458.0, 1, 0.0646737676935
3307772.0, 3237496.0, 1, 0.0639594448224
2466980.0, 16741298.0, 1, 0.0632429768775
4146592.0, 2557762.0, 1, 0.0532273441619
2851074.0, 10490116.0, 1, 0.0522309855418
3843816.0, 3207366.0, 1, 0.050512733187
2931800.0, 9033356.0, 1, 0.0481373224272
2774516.0, 11364856.0, 1, 0.0481258464859
5271006.0, 2475908.0, 1, 0.0473164882977
2930040.0, 9610948.0, 1, 0.0462743816192
4398266.0, 2507500.0, 1, 0.0422490108114
2466980.0, 16741298.0, 1, 0.0362067517655
4512450.0, 2491132.0, 1, 0.0328763065764
2834788.0, 10506968.0, 1, 0.0317584548795
2449122.0, 17012570.0, 1, 0.0245872613234
4398266.0, 2507500.0, 1, 0.0212929100673
2708848.0, 11374202.0, 1, 0.0199588580957
4507746.0, 2496996.0, 1, 0.0184611987271
3402756.0, 3220954.0, 1, 0.0179420077063
2930040.0, 9610948.0, 1, 0.0115091887142
2708848.0, 11374202.0, 1, 0.00672670238392
4507746.0, 2496996.0, 1, 0.00144709463958
3843816.0, 3207366.0, 1, 0.0
3094848.0, 8023446.0, 1, 0.0
2919044.0, 17995400.0, 2, inf
13166864.0, 3289836.0, 2, inf
2692510.0, 15352242.0, 2, inf
6890520.0, 2427848.0, 2, inf
10195040.0, 2864626.0, 2, 0.388549640024
5554152.0, 4593720.0, 2, 0.263437506812
2860336.0, 11518982.0, 2, 0.257619793935
3989422.0, 7613154.0, 2, 0.243015906288
2800502.0, 17830054.0, 2, 0.185808924059
3068044.0, 9598402.0, 2, 0.180309008645
7393322.0, 2536648.0, 2, 0.164957601586
8511878.0, 3634652.0, 2, 0.145615972099
3082230.0, 11517916.0, 2, 0.131204514186
9317394.0, 2586084.0, 2, 0.12513174923
5730260.0, 3213350.0, 2, 0.113086054969
6705914.0, 3242480.0, 2, 0.112582739796
3150098.0, 8953482.0, 2, 0.109396470378
3225810.0, 3901172.0, 2, 0.0871464616049
3837386.0, 4286224.0, 2, 0.0772722324372
5177518.0, 4008580.0, 2, 0.0772651372524
9105040.0, 3503710.0, 2, 0.0695288352752
8692170.0, 3331922.0, 2, 0.0639492630825
3166456.0, 8020548.0, 2, 0.063692966175
4401408.0, 3297610.0, 2, 0.0487551619964
4708882.0, 3564706.0, 2, 0.045364709402
4226520.0, 2913560.0, 2, 0.0430450067246
4983074.0, 4255234.0, 2, 0.0410799127684
4914424.0, 4333592.0, 2, 0.0322642603095
3176174.0, 8000694.0, 2, 0.0318360348658
6861462.0, 3411554.0, 2, 0.0285375631983
4788472.0, 3169790.0, 2, 0.022799323138
6889242.0, 3163908.0, 2, 0.0192334397091
4090498.0, 4264652.0, 2, 0.0161767577677
4151906.0, 3218452.0, 2, 0.0148573944496
4919526.0, 4265574.0, 2, 0.00793980625439
11350004.0, 22822136.0, 3, inf
12802712.0, 9164718.0, 3, inf
3296120.0, 4023080.0, 3, inf
3453616.0, 19382336.0, 3, 0.227177392823
10516886.0, 14545140.0, 3, 0.189199325651
11358616.0, 5307240.0, 3, 0.182928386003
10783612.0, 13581884.0, 3, 0.149387923862
9588192.0, 4622778.0, 3, 0.127326753342
8234102.0, 11834262.0, 3, 0.126096704234
7834188.0, 7994276.0, 3, 0.125479295793
9321822.0, 15855788.0, 3, 0.124533697835
6449372.0, 16272730.0, 3, 0.11801300868
7311326.0, 6655690.0, 3, 0.115947346123
5451050.0, 10537384.0, 3, 0.11285630654
5089026.0, 10274542.0, 3, 0.112440652384
7252724.0, 18330332.0, 3, 0.110966347533
8788384.0, 17276204.0, 3, 0.0970485416529
5814512.0, 18202514.0, 3, 0.094745469588
6604672.0, 9605966.0, 3, 0.0947229777114
5611930.0, 18934500.0, 3, 0.0941930979795
4256136.0, 14905248.0, 3, 0.0851922934882
Generacion: 49
2328942.0, 18642252.0, 1, inf
7025754.0, 2417478.0, 1, inf
3109740.0, 3943170.0, 1, 0.284830128704
2620044.0, 15355660.0, 1, 0.265907746834
2671740.0, 11517034.0, 1, 0.264301034556
3101228.0, 8022508.0, 1, 0.254654965479
6474414.0, 2457480.0, 1, 0.202991861997
5553966.0, 2467816.0, 1, 0.196280975454
4807264.0, 2483416.0, 1, 0.177226659568
5333146.0, 2472814.0, 1, 0.159942094753
2359984.0, 17839446.0, 1, 0.120759766792
6497526.0, 2433774.0, 1, 0.119851494544
2769594.0, 10509192.0, 1, 0.118763354913
2482346.0, 15789686.0, 1, 0.11799152065
3843816.0, 3207366.0, 1, 0.110138276761
3407714.0, 3215066.0, 1, 0.0932135417852
4146592.0, 2557762.0, 1, 0.0931066713309
2807700.0, 9788770.0, 1, 0.0895231147658
4507746.0, 2496996.0, 1, 0.0885643138257
3149268.0, 3567154.0, 1, 0.0829873099254
2708848.0, 11374202.0, 1, 0.0829516071586
3029654.0, 8025666.0, 1, 0.0813638200537
4398266.0, 2507500.0, 1, 0.0806386934284
3293530.0, 3231608.0, 1, 0.0753079643448
2930040.0, 9610948.0, 1, 0.0729814700237
2428796.0, 17027890.0, 1, 0.0699421964715
3004136.0, 9030198.0, 1, 0.0687856007692
3956508.0, 2926878.0, 1, 0.0680771249515
4073668.0, 2896836.0, 1, 0.0632210029486
2466980.0, 16741298.0, 1, 0.0624539411528
2931800.0, 9033356.0, 1, 0.0501307467276
5553966.0, 2467816.0, 1, 0.0476519192849
2620044.0, 15355660.0, 1, 0.0377574341562
2449122.0, 17012570.0, 1, 0.0257936213136
3402756.0, 3220954.0, 1, 0.0253305101081
3843816.0, 3207366.0, 1, 0.0244678787598
2466980.0, 16741298.0, 1, 0.0199911973652
3094848.0, 8023446.0, 1, 0.0154334877315
2997880.0, 9031936.0, 1, 0.0141762376567
3407714.0, 3215066.0, 1, 0.0015301925165
2997880.0, 9031936.0, 1, 0.00141948777986
6616866.0, 2461370.0, 2, inf
8036790.0, 2534096.0, 2, inf
2443560.0, 18275218.0, 2, inf
3276930.0, 11976078.0, 2, 0.269377924849
7488594.0, 3215392.0, 2, 0.230884665199
2581410.0, 15795978.0, 2, 0.226213031025
2688856.0, 14544364.0, 2, 0.218824597454
5614718.0, 2473182.0, 2, 0.213133612745
3977822.0, 9794680.0, 2, 0.175136129183
6909952.0, 3431298.0, 2, 0.170678732627
3969212.0, 5762016.0, 2, 0.168383396318
3989422.0, 7613154.0, 2, 0.166076521247
3030758.0, 17547842.0, 2, 0.157010776017
3150098.0, 8953482.0, 2, 0.151583686922
4474960.0, 5347422.0, 2, 0.145097379844
3829516.0, 11665918.0, 2, 0.137055705584
4724474.0, 4291496.0, 2, 0.119178925336
3780866.0, 11802258.0, 2, 0.118408697796
3244034.0, 8000558.0, 2, 0.107432585745
2680928.0, 14554532.0, 2, 0.0983567166102
5435358.0, 2566464.0, 2, 0.0935323715224
4114972.0, 3265210.0, 2, 0.0929631365251
5176756.0, 4046866.0, 2, 0.0921663823258
5185606.0, 3560362.0, 2, 0.0808387981167
4433022.0, 3499644.0, 2, 0.0725228341811
2992886.0, 17834434.0, 2, 0.0724796352007
4766218.0, 2799966.0, 2, 0.0686831364922
4919526.0, 4265574.0, 2, 0.0683506643972
2474376.0, 18092762.0, 2, 0.0525191583344
4879114.0, 2491332.0, 2, 0.031261505178
3837386.0, 4286224.0, 2, 0.0266151046035
2992886.0, 17834434.0, 2, 0.0231065988766
2839832.0, 16735376.0, 3, inf
5414356.0, 18520840.0, 3, inf
8999294.0, 2586960.0, 3, inf
12474758.0, 5483834.0, 3, inf
4483678.0, 14975474.0, 3, 0.534987537002
7671266.0, 10816176.0, 3, 0.326973180681
11617634.0, 2824620.0, 3, 0.199514975453
9925072.0, 2599266.0, 3, 0.153841288014
8289806.0, 16564174.0, 3, 0.137281238309
6050118.0, 8100566.0, 3, 0.120677332204
10574096.0, 5204104.0, 3, 0.118769183213
9028586.0, 9601878.0, 3, 0.11777857605
5950814.0, 7626180.0, 3, 0.106304093441
7626828.0, 6523496.0, 3, 0.100911565705
4737072.0, 18036030.0, 3, 0.100437402361
4787684.0, 9624716.0, 3, 0.0966657903321
5505516.0, 17365338.0, 3, 0.0927105927672
8896442.0, 2853582.0, 3, 0.0872502862868
10567418.0, 4898560.0, 3, 0.0855651981402
9224740.0, 4662278.0, 3, 0.0772721589948
5382828.0, 4542152.0, 3, 0.0730781641596
5779464.0, 3658854.0, 3, 0.0671902743313
6996006.0, 6386408.0, 3, 0.0634694090681
8022096.0, 6027794.0, 3, 0.0486640669995
6167376.0, 10078300.0, 3, 0.0471972281886
8093454.0, 4123854.0, 3, 0.0446678501585
9223794.0, 3778840.0, 3, 0.0420608253289
Generacion: 50
2369348.0, 17808138.0, 1, inf
7927674.0, 2415146.0, 1, inf
3109740.0, 3943170.0, 1, 0.285894862369
2620044.0, 15355660.0, 1, 0.276912697805
3101228.0, 8022508.0, 1, 0.2661605035
2671740.0, 11517034.0, 1, 0.256051021106
7025754.0, 2417478.0, 1, 0.245478014276
6474414.0, 2457480.0, 1, 0.184998149158
5553966.0, 2467816.0, 1, 0.165922752771
4702044.0, 2484824.0, 1, 0.150068921679
2466980.0, 16741298.0, 1, 0.143043281657
2807700.0, 9788770.0, 1, 0.142374427797
2776722.0, 10795458.0, 1, 0.120781491423
3843816.0, 3207366.0, 1, 0.117455709718
5333146.0, 2472814.0, 1, 0.113866432217
4146592.0, 2557762.0, 1, 0.106721542292
6569386.0, 2432202.0, 1, 0.101790450117
2620044.0, 15355660.0, 1, 0.0993180992507
3956508.0, 2926878.0, 1, 0.0966737978917
2428796.0, 17027890.0, 1, 0.0868718644843
2931800.0, 9033356.0, 1, 0.0833827768081
2997880.0, 9031936.0, 1, 0.0830691468172
3407714.0, 3215066.0, 1, 0.0788417456792
3029654.0, 8025666.0, 1, 0.0771010272241
4398266.0, 2507500.0, 1, 0.068922958697
2708848.0, 11374202.0, 1, 0.0657642577172
4507746.0, 2496996.0, 1, 0.0561259236547
3266428.0, 3534550.0, 1, 0.055681500542
3225810.0, 3901172.0, 1, 0.0547356286369
3293530.0, 3231608.0, 1, 0.0448994564718
5333146.0, 2472814.0, 1, 0.0405080137294
5553966.0, 2467816.0, 1, 0.040399262942
3402756.0, 3220954.0, 1, 0.0216175205561
2671740.0, 11517034.0, 1, 0.0185796697108
3094848.0, 8023446.0, 1, 0.0130820568436
3029654.0, 8025666.0, 1, 0.00586069078538
3109740.0, 3943170.0, 1, 0.00425978077252
3101228.0, 8022508.0, 1, 0.0015923331444
3407714.0, 3215066.0, 1, 0.0013922228159
3407714.0, 3215066.0, 1, 0.0
5553966.0, 2467816.0, 1, 0.0
7026554.0, 2492030.0, 2, inf
2760508.0, 14541050.0, 2, inf
6616866.0, 2461370.0, 2, inf
3272174.0, 18096200.0, 2, inf
3596028.0, 13559948.0, 2, 0.199416566859
2813836.0, 11964086.0, 2, 0.172945361624
3316714.0, 16050980.0, 2, 0.172645624682
3030758.0, 17547842.0, 2, 0.154163092767
3829516.0, 11665918.0, 2, 0.147196864098
3180596.0, 9262160.0, 2, 0.139759799375
4317030.0, 6619284.0, 2, 0.137216564569
3512348.0, 8018080.0, 2, 0.124971526048
5954686.0, 2482322.0, 2, 0.119955017249
6262094.0, 2597348.0, 2, 0.11375283777
3695810.0, 10100006.0, 2, 0.112506990291
3809230.0, 5800874.0, 2, 0.111992788043
6560128.0, 2957430.0, 2, 0.111985251522
3412662.0, 16725454.0, 2, 0.108478961858
5200324.0, 4674450.0, 2, 0.0947690526024
3989422.0, 7613154.0, 2, 0.0941551980776
4990184.0, 3523312.0, 2, 0.08955580289
6174144.0, 3047998.0, 2, 0.0893993863513
4054834.0, 9318424.0, 2, 0.0839268937494
5306014.0, 3651902.0, 2, 0.0760394312882
4892972.0, 4735990.0, 2, 0.0749793422658
5660384.0, 4353058.0, 2, 0.0744279468103
4401742.0, 4777072.0, 2, 0.0712607275771
5669742.0, 2488240.0, 2, 0.0696079880783
5465680.0, 4258658.0, 2, 0.0683303666783
4310860.0, 2565974.0, 2, 0.067859790647
4665338.0, 4677256.0, 2, 0.0659813593797
3712054.0, 17030042.0, 2, 0.0618349901415
4544500.0, 2497306.0, 2, 0.057832946765
4002344.0, 5116420.0, 2, 0.0546913197316
5451306.0, 4050984.0, 2, 0.0529118215244
3659930.0, 7980278.0, 2, 0.049288779176
3761814.0, 10097922.0, 2, 0.0490951717183
3972028.0, 3559966.0, 2, 0.0457080071651
4045036.0, 9603698.0, 2, 0.0426516942308
4628284.0, 3913268.0, 2, 0.0403220754602
6181664.0, 3828994.0, 2, 0.037333187334
3735208.0, 5016474.0, 2, 0.0333688139674
4957968.0, 4016558.0, 2, 0.0315956598846
2771878.0, 11804758.0, 2, 0.0315713226492
4008710.0, 9600112.0, 2, 0.0282534503036
6845162.0, 18637154.0, 3, inf
14511220.0, 10137338.0, 3, inf
2907240.0, 12483392.0, 3, inf
8036790.0, 2534096.0, 3, inf
6298204.0, 8224578.0, 3, 0.288326815204
13187464.0, 4824418.0, 3, 0.255552975917
10433908.0, 3887772.0, 3, 0.255173508986
3995414.0, 16598066.0, 3, 0.224734457919
4784614.0, 5455826.0, 3, 0.211883786974
9734928.0, 14784668.0, 3, 0.198934682047
5108926.0, 12185550.0, 3, 0.175969751022
4735462.0, 13241456.0, 3, 0.149558351616
9155074.0, 3114042.0, 3, 0.148912114528
13257478.0, 18285902.0, 3, 0.14696293851
Generacion: 51
2330402.0, 18094754.0, 1, inf
6916286.0, 2436520.0, 1, inf
3213146.0, 4019520.0, 1, 0.333551457767
6459918.0, 2451244.0, 1, 0.299066826257
3166456.0, 8020548.0, 1, 0.280052367138
2737820.0, 11515610.0, 1, 0.214770869932
2709182.0, 14528704.0, 1, 0.20410595014
5553966.0, 2467816.0, 1, 0.198069103689
4702044.0, 2484824.0, 1, 0.192327687325
5271006.0, 2475908.0, 1, 0.186856709608
3293530.0, 3231608.0, 1, 0.167642221892
2807700.0, 9788770.0, 1, 0.147457896487
4398266.0, 2507500.0, 1, 0.125780245992
4146592.0, 2557762.0, 1, 0.123113179864
2521342.0, 15358350.0, 1, 0.121869817441
3748920.0, 3223908.0, 1, 0.121543816372
2788046.0, 11435048.0, 1, 0.116090470588
2466980.0, 16741298.0, 1, 0.0966472365612
2369348.0, 17808138.0, 1, 0.0895902172652
2428796.0, 17027890.0, 1, 0.0894225224506
2620044.0, 15355660.0, 1, 0.0861345607949
3004136.0, 9030198.0, 1, 0.0856933666645
3029654.0, 8025666.0, 1, 0.0797610546048
2930040.0, 9610948.0, 1, 0.0753051861947
2680928.0, 14554532.0, 1, 0.0668179163019
3843816.0, 3207366.0, 1, 0.0642363080979
5553966.0, 2467816.0, 1, 0.0627607462324
3956508.0, 2926878.0, 1, 0.0593629367335
2931800.0, 9033356.0, 1, 0.0526610511592
3956508.0, 2926878.0, 1, 0.0481469541741
2466980.0, 16741298.0, 1, 0.0301571610758
3101228.0, 8022508.0, 1, 0.0157326335197
3101228.0, 8022508.0, 1, 0.014425331072
2788046.0, 11435048.0, 1, 0.00943078504596
2688856.0, 14544364.0, 1, 0.00781056398166
3029654.0, 8025666.0, 1, 0.00576614998496
2931800.0, 9033356.0, 1, 0.000585469444415
7026554.0, 2492030.0, 2, inf
2590462.0, 15611076.0, 2, inf
6474414.0, 2457480.0, 2, inf
4310860.0, 2565974.0, 2, 0.505792007618
6387498.0, 3230642.0, 2, 0.488616045061
3082230.0, 11517916.0, 2, 0.369115640302
2692510.0, 15352242.0, 2, 0.344204661335
3512348.0, 8018080.0, 2, 0.298765437724
4090412.0, 5790898.0, 2, 0.292490888145
3837754.0, 4137958.0, 2, 0.226151450063
2810486.0, 11025466.0, 2, 0.179320579482
3396912.0, 8834466.0, 2, 0.145196700273
4131630.0, 5042154.0, 2, 0.138327893418
3044046.0, 10201556.0, 2, 0.123413653814
3224058.0, 9875252.0, 2, 0.110040150417
3307772.0, 3237496.0, 2, 0.107943929203
3695810.0, 10100006.0, 2, 0.0981614131709
3045846.0, 9321344.0, 2, 0.0877331628636
4254510.0, 2839122.0, 2, 0.0746446095604
2662876.0, 15607762.0, 2, 0.0426818442965
4260816.0, 3209118.0, 2, 0.042089110721
4146588.0, 3225660.0, 2, 0.0293364153215
2928192.0, 18552404.0, 3, inf
12736370.0, 3862432.0, 3, inf
6862226.0, 3234828.0, 3, inf
2767034.0, 17546822.0, 3, inf
9681564.0, 3465616.0, 3, 0.323757362856
6153448.0, 12077358.0, 3, 0.293303048144
3454426.0, 15406678.0, 3, 0.280469403076
7129714.0, 10076304.0, 3, 0.223668754663
5770620.0, 8134998.0, 3, 0.189140382175
7986142.0, 3481786.0, 3, 0.180466543417
8952968.0, 3734688.0, 3, 0.134672435239
4827554.0, 7842278.0, 3, 0.126350485787
4786642.0, 6304654.0, 3, 0.117674794709
3712054.0, 17030042.0, 3, 0.109861548565
5721844.0, 10930694.0, 3, 0.0957987094269
5645774.0, 5771012.0, 3, 0.0882019921902
7328960.0, 3238858.0, 3, 0.0871697386878
2839832.0, 16735376.0, 3, 0.0731548043709
5001468.0, 11373786.0, 3, 0.0725175633255
4146400.0, 5054822.0, 3, 0.072261530532
9593374.0, 3351724.0, 3, 0.071640978415
9080996.0, 3291004.0, 3, 0.0696782561907
5483794.0, 4078618.0, 3, 0.0660143620677
4656562.0, 5186576.0, 3, 0.0624034113084
3388080.0, 16054266.0, 3, 0.061756003875
4505922.0, 11512822.0, 3, 0.0610430684561
6287544.0, 6197928.0, 3, 0.0572157585326
3076008.0, 18253922.0, 3, 0.0539988968891
3272174.0, 18096200.0, 3, 0.0497881191961
3407072.0, 15904874.0, 3, 0.048932453423
4414452.0, 11351886.0, 3, 0.04697022317
4322366.0, 17884508.0, 3, 0.0461306407791
6584600.0, 5151178.0, 3, 0.0419032078985
6888244.0, 4732446.0, 3, 0.0382510383649
4724628.0, 4482874.0, 3, 0.037592886188
6730510.0, 4982032.0, 3, 0.0357688956886
6715450.0, 16927206.0, 3, 0.0338729963519
3331932.0, 17801444.0, 3, 0.0336053158301
4855006.0, 4014874.0, 3, 0.0315584838388
3030758.0, 17547842.0, 3, 0.0314499308465
6383454.0, 11368142.0, 3, 0.0312266995619
Generacion: 52
2328942.0, 18642252.0, 1, inf
7025754.0, 2417478.0, 1, inf
2521342.0, 15358350.0, 1, 0.386110319508
3198266.0, 3569640.0, 1, 0.353658543667
2671740.0, 11517034.0, 1, 0.298593395034
3111134.0, 8006310.0, 1, 0.29510908874
6024120.0, 2440242.0, 1, 0.283134675702
5387394.0, 2440766.0, 1, 0.215455072971
6716474.0, 2438174.0, 1, 0.190180799091
4214954.0, 2576800.0, 1, 0.161183796282
2788046.0, 11435048.0, 1, 0.135467360628
2807700.0, 9788770.0, 1, 0.127514384691
3447816.0, 3431322.0, 1, 0.122971537218
2449122.0, 17012570.0, 1, 0.122604666381
4600616.0, 2501192.0, 1, 0.11363832895
5024716.0, 2483588.0, 1, 0.101070376294
4929820.0, 2499956.0, 1, 0.0913802970651
4398266.0, 2507500.0, 1, 0.0867714747899
2369348.0, 17808138.0, 1, 0.0867043490001
3843816.0, 3207366.0, 1, 0.0800386823748
3029654.0, 8025666.0, 1, 0.0771523135222
3709718.0, 3341226.0, 1, 0.076891948897
2428796.0, 17027890.0, 1, 0.0660188620583
3004136.0, 9030198.0, 1, 0.063715113992
2330402.0, 18094754.0, 1, 0.0600127560297
3843816.0, 3207366.0, 1, 0.0590687362876
2930040.0, 9610948.0, 1, 0.0515761669773
2995674.0, 9601300.0, 1, 0.0515698341641
6916286.0, 2436520.0, 1, 0.0437156849728
3004136.0, 9030198.0, 1, 0.0406324278237
3748920.0, 3223908.0, 1, 0.036801201391
6916286.0, 2436520.0, 1, 0.0234088157004
3101228.0, 8022508.0, 1, 0.0185409277049
2807700.0, 9788770.0, 1, 0.0151444466213
3029654.0, 8025666.0, 1, 0.00562768754194
3004136.0, 9030198.0, 1, 0.0
3029654.0, 8025666.0, 1, 0.0
3004136.0, 9030198.0, 1, 0.0
5553966.0, 2467816.0, 2, inf
5553966.0, 2467816.0, 2, inf
2367888.0, 18355602.0, 2, inf
4589344.0, 3253166.0, 2, 0.418305649258
3438118.0, 8001336.0, 2, 0.414252567184
3666626.0, 4010626.0, 2, 0.410860004959
5444418.0, 2486294.0, 2, 0.326132108386
2446948.0, 17988648.0, 2, 0.259139658743
2662876.0, 15607762.0, 2, 0.243012611263
3932300.0, 3937982.0, 2, 0.198319135438
3400706.0, 14555116.0, 2, 0.19696121319
4254510.0, 2839122.0, 2, 0.185502592962
3110342.0, 12085602.0, 2, 0.170150859677
3088432.0, 13290402.0, 2, 0.166211005629
2834788.0, 10506968.0, 2, 0.142899160811
3213484.0, 10718928.0, 2, 0.132512587368
4146588.0, 3225660.0, 2, 0.127191128559
2692510.0, 15352242.0, 2, 0.120212294238
3044046.0, 10201556.0, 2, 0.115471748169
3224058.0, 9875252.0, 2, 0.114397593298
3114872.0, 9266138.0, 2, 0.0853903600935
3118436.0, 9317638.0, 2, 0.0692894131133
3076008.0, 18253922.0, 2, 0.0370278447659
5553966.0, 2467816.0, 2, 0.0
2737374.0, 17802216.0, 3, inf
9112406.0, 3522198.0, 3, inf
6239696.0, 2491116.0, 3, inf
7592256.0, 19446432.0, 3, inf
3629266.0, 15745440.0, 3, 0.235138635798
8476502.0, 3316850.0, 3, 0.181954015193
4639708.0, 6228938.0, 3, 0.175225711774
6374684.0, 8213304.0, 3, 0.161087768523
2737374.0, 17802216.0, 3, 0.153693936533
3712054.0, 17030042.0, 3, 0.150369306616
5129998.0, 11277264.0, 3, 0.150080560397
3974184.0, 13952432.0, 3, 0.149451498227
5710392.0, 12990160.0, 3, 0.146422783131
6739772.0, 14787790.0, 3, 0.124660198268
9045196.0, 3769568.0, 3, 0.124189538977
6382436.0, 18452322.0, 3, 0.119728854015
7972160.0, 5131598.0, 3, 0.10943861507
6607662.0, 9119710.0, 3, 0.108060066254
5414950.0, 17377640.0, 3, 0.106708770547
4338892.0, 13114746.0, 3, 0.105395989326
4953150.0, 10343770.0, 3, 0.0945030149149
6993482.0, 4241030.0, 3, 0.0876687871415
4737072.0, 18036030.0, 3, 0.087509436798
7517370.0, 15635494.0, 3, 0.0858638792867
4035764.0, 4020132.0, 3, 0.0850149573351
7404938.0, 10072812.0, 3, 0.0829158354182
5300518.0, 8686294.0, 3, 0.0820274687664
4972054.0, 5069530.0, 3, 0.0802651353103
6078442.0, 3239148.0, 3, 0.0733180822321
4532302.0, 5664316.0, 3, 0.0719436764767
7701142.0, 12014836.0, 3, 0.0683241289155
7721952.0, 9568100.0, 3, 0.0641529289332
7751762.0, 12396754.0, 3, 0.063528047806
7164816.0, 12156874.0, 3, 0.0552814037036
6769560.0, 2931356.0, 3, 0.0502338651903
7026554.0, 2492030.0, 3, 0.047598859686
7813638.0, 5162114.0, 3, 0.0473711154568
5320450.0, 5348610.0, 3, 0.0457483211147
Generacion: 53
2330402.0, 18094754.0, 1, inf
7025754.0, 2417478.0, 1, inf
3307772.0, 3237496.0, 1, 0.440886602326
2590462.0, 15611076.0, 1, 0.313685699933
3111134.0, 8006310.0, 1, 0.306296136522
6569386.0, 2432202.0, 1, 0.271624647497
2671740.0, 11517034.0, 1, 0.269422958248
5755698.0, 2435232.0, 1, 0.218532372185
5271006.0, 2475908.0, 1, 0.19508060301
4641292.0, 2478828.0, 1, 0.18788832441
4210250.0, 2582664.0, 1, 0.162726930144
3748920.0, 3223908.0, 1, 0.116086706612
4398266.0, 2507500.0, 1, 0.0984251945144
2446948.0, 17988648.0, 1, 0.0943134080359
2589002.0, 16158518.0, 1, 0.0922532716032
2807700.0, 9788770.0, 1, 0.0914671630765
2449122.0, 17012570.0, 1, 0.0899690628861
2769594.0, 10509192.0, 1, 0.0849635969503
2491168.0, 16725824.0, 1, 0.0842682297283
3029654.0, 8025666.0, 1, 0.0835368098782
3004136.0, 9030198.0, 1, 0.0794815460534
3843816.0, 3207366.0, 1, 0.079097017065
2671740.0, 11517034.0, 1, 0.0632651049791
2930040.0, 9610948.0, 1, 0.0628981794704
5553966.0, 2467816.0, 1, 0.0623422747199
3843816.0, 3207366.0, 1, 0.0600582365977
2710608.0, 10796588.0, 1, 0.0585174311093
2931800.0, 9033356.0, 1, 0.0528247755123
5553966.0, 2467816.0, 1, 0.0434803520685
3111134.0, 8006310.0, 1, 0.0429125034925
2710608.0, 10796588.0, 1, 0.0266099848715
3094848.0, 8023446.0, 1, 0.0154450236274
2930040.0, 9610948.0, 1, 0.0117174980499
3004136.0, 9030198.0, 1, 0.00563617436539
3101228.0, 8022508.0, 1, 0.00456158357612
2930040.0, 9610948.0, 1, 0.0
3004136.0, 9030198.0, 1, 0.0
3111134.0, 8006310.0, 1, 0.0
5553966.0, 2467816.0, 1, 0.0
2367888.0, 18355602.0, 2, inf
8732046.0, 2421052.0, 2, inf
2721228.0, 20227618.0, 2, inf
6917074.0, 2503082.0, 2, 0.410670141696
2669312.0, 16730566.0, 2, 0.314440270561
2735614.0, 12085032.0, 2, 0.261235449179
6239696.0, 2491116.0, 2, 0.250136464271
4027402.0, 4330634.0, 2, 0.240514524949
3368298.0, 7977936.0, 2, 0.224882072324
5331758.0, 2481512.0, 2, 0.209755514066
3973420.0, 9598160.0, 2, 0.156725554375
3447816.0, 3431322.0, 2, 0.155592395479
4589344.0, 3253166.0, 2, 0.139368839803
3044046.0, 10201556.0, 2, 0.131054928145
4254510.0, 2839122.0, 2, 0.130421945529
4929820.0, 2499956.0, 2, 0.117327494032
2703008.0, 16746486.0, 2, 0.0994180533453
3337952.0, 11121060.0, 2, 0.0930005769992
3150098.0, 8953482.0, 2, 0.0797953788095
3217284.0, 8027618.0, 2, 0.0776029041036
4027402.0, 4330634.0, 2, 0.0589867065601
2860336.0, 11518982.0, 2, 0.0564635538501
3192740.0, 9032462.0, 2, 0.046761444812
2771878.0, 11804758.0, 2, 0.0396808458699
2788046.0, 11435048.0, 2, 0.0201737482511
2735614.0, 12085032.0, 2, 0.0180003960992
2788046.0, 11435048.0, 2, 0.0158832121892
2737820.0, 11515610.0, 2, 0.0104118159875
7382254.0, 2632932.0, 3, inf
2902806.0, 12502284.0, 3, inf
11633996.0, 3947376.0, 3, inf
7999772.0, 18507644.0, 3, inf
10423012.0, 4500154.0, 3, 0.298132016194
9100024.0, 13377394.0, 3, 0.262239703463
4785056.0, 8020554.0, 3, 0.199547216093
5377966.0, 5705748.0, 3, 0.17321599373
3957160.0, 15347598.0, 3, 0.14726606454
3619910.0, 14650462.0, 3, 0.145711954132
6449372.0, 16272730.0, 3, 0.138258735041
6812102.0, 14790114.0, 3, 0.123733319424
5217218.0, 17285334.0, 3, 0.119206033832
4415246.0, 11101994.0, 3, 0.113257251725
6260204.0, 10310586.0, 3, 0.104344823492
3461926.0, 11838642.0, 3, 0.0997685868118
6104374.0, 3649622.0, 3, 0.0972925712177
8108974.0, 3368894.0, 3, 0.0823089699068
7375060.0, 9506590.0, 3, 0.0743287166242
2989362.0, 12992574.0, 3, 0.0735711769418
5312032.0, 16538976.0, 3, 0.0726575044941
7751762.0, 12396754.0, 3, 0.0725484886996
5546030.0, 3523560.0, 3, 0.0724167826284
3076008.0, 18253922.0, 3, 0.0717335291445
5300518.0, 8686294.0, 3, 0.0712470971501
3063854.0, 18092654.0, 3, 0.070938257423
7493034.0, 4498442.0, 3, 0.0680839122389
8555702.0, 3988146.0, 3, 0.0616939633433
8296512.0, 12221726.0, 3, 0.0613475436313
8400512.0, 5325996.0, 3, 0.0600861915733
8781320.0, 3787214.0, 3, 0.0580570921203
7146282.0, 3400042.0, 3, 0.0580357834139
4090270.0, 8506034.0, 3, 0.0538573858871
Generacion: 54
7025754.0, 2417478.0, 1, inf
2330402.0, 18094754.0, 1, inf
2466980.0, 16741298.0, 1, 0.397953929662
5560144.0, 2434776.0, 1, 0.383946568212
2671740.0, 11517034.0, 1, 0.341515967263
3293530.0, 3231608.0, 1, 0.327170026049
3292406.0, 7981642.0, 1, 0.327157060392
6553702.0, 2426070.0, 1, 0.313243982485
4774270.0, 2503974.0, 1, 0.2265485002
3843816.0, 3207366.0, 1, 0.205759413757
4254510.0, 2839122.0, 1, 0.188270046154
4539858.0, 2579814.0, 1, 0.132074654586
3402756.0, 3220954.0, 1, 0.118744343581
2807700.0, 9788770.0, 1, 0.108208998432
2428796.0, 17027890.0, 1, 0.0943134080359
2671740.0, 11517034.0, 1, 0.0895638787451
3029654.0, 8025666.0, 1, 0.0880983934543
2776722.0, 10795458.0, 1, 0.0849635969503
2710608.0, 10796588.0, 1, 0.068385580625
3004136.0, 9030198.0, 1, 0.0654080537998
2930040.0, 9610948.0, 1, 0.0628981794704
2931800.0, 9033356.0, 1, 0.0509161172096
3178926.0, 8000998.0, 1, 0.0401801778297
3111134.0, 8006310.0, 1, 0.0333649273437
2449122.0, 17012570.0, 1, 0.0264130244728
2997880.0, 9031936.0, 1, 0.0156073117796
2930040.0, 9610948.0, 1, 0.0117174980499
3004136.0, 9030198.0, 1, 0.00554559740546
3292406.0, 7981642.0, 1, 0.00147403893834
2931800.0, 9033356.0, 1, 0.000465415736657
2930040.0, 9610948.0, 1, 0.0
2930040.0, 9610948.0, 1, 0.0
2930040.0, 9610948.0, 1, 0.0
7398362.0, 2431440.0, 2, inf
7245648.0, 2419760.0, 2, inf
2735614.0, 12085032.0, 2, inf
3076008.0, 18253922.0, 2, inf
3414756.0, 9030770.0, 2, 0.454297019079
2974456.0, 12498892.0, 2, 0.421897185795
5179044.0, 2845616.0, 2, 0.411876979893
6720918.0, 2625374.0, 2, 0.380691712389
3307772.0, 3237496.0, 2, 0.37234441887
4359356.0, 3200706.0, 2, 0.216584115423
3748920.0, 3223908.0, 2, 0.20485758502
4653998.0, 3201502.0, 2, 0.132177073316
4968832.0, 2628864.0, 2, 0.126513705761
6917074.0, 2503082.0, 2, 0.124784463628
3002376.0, 9607790.0, 2, 0.088578588928
3337952.0, 11121060.0, 2, 0.0776833973715
3044046.0, 10201556.0, 2, 0.0715144823702
2851074.0, 10490116.0, 2, 0.0700786232275
3198800.0, 11435930.0, 2, 0.0654351305662
3214020.0, 10500112.0, 2, 0.0632177768948
3120396.0, 9035308.0, 2, 0.0534181453257
3080644.0, 12087338.0, 2, 0.0354951592836
3119642.0, 11366858.0, 2, 0.0284109302242
3307772.0, 3237496.0, 2, 0.0209647426445
4617302.0, 17271790.0, 3, inf
7449694.0, 2493406.0, 3, inf
11532410.0, 3298514.0, 3, inf
3368298.0, 7977936.0, 3, inf
9285308.0, 3909592.0, 3, 0.289058817959
7724402.0, 3934920.0, 3, 0.235968887828
4984038.0, 5183826.0, 3, 0.233373442488
6812102.0, 14790114.0, 3, 0.197449844737
10355616.0, 3904968.0, 3, 0.18725470162
5647574.0, 10110396.0, 3, 0.150189667717
6161424.0, 3424414.0, 3, 0.145204035842
10067764.0, 3458770.0, 3, 0.135690568106
5513530.0, 13054252.0, 3, 0.113577660116
4658760.0, 16154386.0, 3, 0.112896160468
7435940.0, 10650170.0, 3, 0.110351372027
4274536.0, 8652432.0, 3, 0.0909994958609
7121654.0, 15424140.0, 3, 0.0888525918801
3696552.0, 13838596.0, 3, 0.0885942480499
5050154.0, 8825694.0, 3, 0.0847281658342
4988950.0, 16990408.0, 3, 0.083709072804
3515430.0, 14009122.0, 3, 0.0825764484023
3781100.0, 12682526.0, 3, 0.0812124144355
4691010.0, 15320160.0, 3, 0.0801915524315
3973420.0, 9598160.0, 3, 0.0789914489307
7446344.0, 11501118.0, 3, 0.0751051670901
3713360.0, 12082206.0, 3, 0.073165358971
7527582.0, 4500234.0, 3, 0.0598221437277
7313708.0, 11735206.0, 3, 0.0556283619353
5358968.0, 3793520.0, 3, 0.0552217259557
4411998.0, 14005246.0, 3, 0.0535233603988
4054654.0, 9603404.0, 3, 0.0522883112889
5290684.0, 2827678.0, 3, 0.0511727080685
7049162.0, 3420876.0, 3, 0.0464353867259
3839394.0, 3492268.0, 3, 0.046208083117
3455978.0, 4215058.0, 3, 0.0407255009939
4673736.0, 4657252.0, 3, 0.0392169444545
5217814.0, 2994144.0, 3, 0.038712706363
4137400.0, 4270444.0, 3, 0.0385525702496
4117330.0, 5042066.0, 3, 0.037954478265
5199380.0, 11754306.0, 3, 0.0270566238455
5158226.0, 5068374.0, 3, 0.0265522243764
4679604.0, 3234514.0, 3, 0.0210698800316
5188616.0, 3274254.0, 3, 0.00937149157721
Generacion: 55
7245648.0, 2419760.0, 1, inf
2328942.0, 18642252.0, 1, inf
5450676.0, 2453818.0, 1, 0.465657030927
3213358.0, 4289786.0, 1, 0.333956947196
4210250.0, 2582664.0, 1, 0.333056893032
2571668.0, 14970754.0, 1, 0.265932973482
6459918.0, 2451244.0, 1, 0.257069852544
3111134.0, 8006310.0, 1, 0.237412307914
2669980.0, 12094682.0, 1, 0.23325047173
3307772.0, 3237496.0, 1, 0.174630708548
6711770.0, 2444438.0, 1, 0.161748975305
3748920.0, 3223908.0, 1, 0.151092616031
2466980.0, 16741298.0, 1, 0.147405514323
3956508.0, 2926878.0, 1, 0.133357162244
2482346.0, 15789686.0, 1, 0.130433612491
2851074.0, 10490116.0, 1, 0.117716062076
2369348.0, 17808138.0, 1, 0.111209185756
3111134.0, 8006310.0, 1, 0.0838349839895
3070250.0, 9029038.0, 1, 0.0777630325651
2710608.0, 10796588.0, 1, 0.0641748777164
2930040.0, 9610948.0, 1, 0.0545523496492
2708848.0, 11374202.0, 1, 0.0523156089347
2930040.0, 9610948.0, 1, 0.0516651470653
2931800.0, 9033356.0, 1, 0.0490442866763
2671740.0, 11517034.0, 1, 0.0431551756447
2330402.0, 18094754.0, 1, 0.0416704724263
2997880.0, 9031936.0, 1, 0.0284252704168
2710608.0, 10796588.0, 1, 0.0192497586539
2330402.0, 18094754.0, 1, 0.0179647625478
2671740.0, 11517034.0, 1, 0.00916252914562
3070250.0, 9029038.0, 1, 0.00849396417272
2931800.0, 9033356.0, 1, 0.000445496028882
2671740.0, 11517034.0, 1, 0.0
2710608.0, 10796588.0, 1, 0.0
2930040.0, 9610948.0, 1, 0.0
2931800.0, 9033356.0, 1, 0.0
2931800.0, 9033356.0, 1, 0.0
2848884.0, 19035896.0, 2, inf
2446948.0, 17988648.0, 2, inf
7398362.0, 2431440.0, 2, inf
4847824.0, 3284688.0, 2, 0.491135988766
5964194.0, 2610266.0, 2, 0.43818126369
3266534.0, 4290860.0, 2, 0.394299656406
3120396.0, 9035308.0, 2, 0.352002977599
6815902.0, 2608832.0, 2, 0.300417928825
4033526.0, 9512300.0, 2, 0.22876595116
3696552.0, 13838596.0, 2, 0.197296078354
2867302.0, 16487702.0, 2, 0.163145919612
2620044.0, 15355660.0, 2, 0.136508040615
3854534.0, 9856554.0, 2, 0.134675096116
3885822.0, 12484656.0, 2, 0.124903800814
3357914.0, 11571050.0, 2, 0.121279717688
2774516.0, 11364856.0, 2, 0.113328237992
2804228.0, 13561052.0, 2, 0.0909277258525
3080644.0, 12087338.0, 2, 0.0788573517763
2590462.0, 15611076.0, 2, 0.0587690782967
2590462.0, 15611076.0, 2, 0.0443668245502
2737820.0, 11515610.0, 2, 0.0436155447539
2947700.0, 9763362.0, 2, 0.0393537893915
2987978.0, 13745070.0, 2, 0.0277575333964
3002376.0, 9607790.0, 2, 0.0251764939356
3002376.0, 9607790.0, 2, 0.0086587221326
3292406.0, 7981642.0, 3, inf
8214100.0, 3416816.0, 3, inf
8085198.0, 2623784.0, 3, inf
4990228.0, 17078564.0, 3, inf
6444710.0, 12679928.0, 3, 0.357233075308
5240626.0, 4281014.0, 3, 0.328446267384
6668592.0, 7186032.0, 3, 0.276402313485
3885782.0, 17035236.0, 3, 0.240327918346
5567300.0, 3741686.0, 3, 0.23627743589
7632026.0, 3176786.0, 3, 0.228613883272
6778582.0, 3482178.0, 3, 0.183662710701
6754564.0, 15626228.0, 3, 0.179147006302
5474436.0, 9851434.0, 3, 0.176406000063
3980722.0, 8522672.0, 3, 0.163750461052
3292406.0, 7981642.0, 3, 0.15799250809
4345862.0, 12090776.0, 3, 0.145508460759
5018462.0, 14553134.0, 3, 0.137340079226
4389300.0, 14585428.0, 3, 0.109036590571
7709092.0, 3535462.0, 3, 0.108205763107
4674862.0, 11467078.0, 3, 0.108031280897
4823830.0, 10970050.0, 3, 0.102502346363
4086114.0, 7596174.0, 3, 0.0982986995862
6487086.0, 10429956.0, 3, 0.0939379728701
4673728.0, 10911644.0, 3, 0.0657074741708
5030686.0, 3715324.0, 3, 0.0594065802186
4517130.0, 10211322.0, 3, 0.0456810037525
6768492.0, 2845116.0, 3, 0.0430274080849
4535366.0, 10113156.0, 3, 0.0338836412388
5003542.0, 7752870.0, 3, 0.0324038074806
6720918.0, 2625374.0, 3, 0.0226034202178
4055068.0, 10198636.0, 3, 0.0224340505917
4535366.0, 10113156.0, 3, 0.0218114879812
6718678.0, 10196574.0, 3, 0.0165453199975
7531734.0, 17909300.0, 4, inf
10181872.0, 3438916.0, 4, inf
12420368.0, 4320334.0, 4, inf
5050154.0, 8825694.0, 4, inf
11792806.0, 6122846.0, 4, 0.411655732155
Generacion: 56
2328942.0, 18642252.0, 1, inf
8129768.0, 2418976.0, 1, inf
2328942.0, 18642252.0, 1, inf
7245648.0, 2419760.0, 1, 0.463994295472
3472440.0, 4782792.0, 1, 0.355223437055
5450676.0, 2453818.0, 1, 0.31640656113
4645616.0, 2566938.0, 1, 0.241309508642
2620044.0, 15355660.0, 1, 0.230457981645
3315760.0, 7977806.0, 1, 0.225160431827
2669980.0, 12094682.0, 1, 0.201309539709
2482346.0, 15789686.0, 1, 0.177088279287
2359984.0, 17839446.0, 1, 0.168277514318
3879284.0, 3790936.0, 1, 0.167775947469
4100770.0, 2593342.0, 1, 0.140981447091
5450676.0, 2453818.0, 1, 0.140883012948
2710608.0, 10796588.0, 1, 0.0790131445285
3070250.0, 9029038.0, 1, 0.0755165911318
3111134.0, 8006310.0, 1, 0.0742529779843
2916114.0, 10484506.0, 1, 0.0678046563565
3917234.0, 3304880.0, 1, 0.0665729764412
2930040.0, 9610948.0, 1, 0.0541493730451
2708848.0, 11374202.0, 1, 0.0511085951659
2590462.0, 15611076.0, 1, 0.0504909434463
3956508.0, 2926878.0, 1, 0.0481691965107
2931800.0, 9033356.0, 1, 0.0469941547349
2669980.0, 12094682.0, 1, 0.0442145546346
2671740.0, 11517034.0, 1, 0.0420031454319
2330402.0, 18094754.0, 1, 0.0388473030713
2930040.0, 9610948.0, 1, 0.0380033661817
3176174.0, 8000694.0, 1, 0.0358219423754
2851074.0, 10490116.0, 1, 0.0301030787901
3956508.0, 2926878.0, 1, 0.0273295179692
3315642.0, 7997112.0, 1, 0.025473937268
2851074.0, 10490116.0, 1, 0.0245606267917
2997880.0, 9031936.0, 1, 0.0241334514165
2330402.0, 18094754.0, 1, 0.0159888304101
2671740.0, 11517034.0, 1, 0.00910754548825
3111134.0, 8006310.0, 1, 0.00739413108431
3070250.0, 9029038.0, 1, 0.00722659402213
2931800.0, 9033356.0, 1, 0.000390933627612
2671740.0, 11517034.0, 1, 0.0
2671740.0, 11517034.0, 1, 0.0
2930040.0, 9610948.0, 1, 0.0
2930040.0, 9610948.0, 1, 0.0
2930040.0, 9610948.0, 1, 0.0
2930040.0, 9610948.0, 1, 0.0
3070250.0, 9029038.0, 1, 0.0
3111134.0, 8006310.0, 1, 0.0
2361980.0, 18101034.0, 2, inf
7398362.0, 2431440.0, 2, inf
5904374.0, 4681986.0, 2, 0.213428453277
2589002.0, 16158518.0, 2, 0.202937577476
5295842.0, 3790180.0, 2, 0.19528158032
4086114.0, 7596174.0, 2, 0.194891016521
6609126.0, 2959916.0, 2, 0.186425416095
4836354.0, 8822322.0, 2, 0.176926277055
3388742.0, 17988136.0, 2, 0.167667697131
4353980.0, 6477028.0, 2, 0.163750413052
5978242.0, 3739372.0, 2, 0.162237795525
3696552.0, 13838596.0, 2, 0.158192515543
6560128.0, 2957430.0, 2, 0.157349239409
5223828.0, 3270660.0, 2, 0.14097696283
3655428.0, 5223650.0, 2, 0.137785117858
2688856.0, 14544364.0, 2, 0.136502195581
2622040.0, 15617306.0, 2, 0.122838392714
2770078.0, 12685026.0, 2, 0.113774583221
3078634.0, 10790666.0, 2, 0.112209383724
4739042.0, 9759834.0, 2, 0.106116088428
3579560.0, 12120776.0, 2, 0.0911734399049
4384592.0, 11362104.0, 2, 0.0893264786778
4195472.0, 10160406.0, 2, 0.0729931662659
2774516.0, 11364856.0, 2, 0.0710618332292
3854534.0, 9856554.0, 2, 0.0660943314785
3900680.0, 8860232.0, 2, 0.0595737321158
3184064.0, 9317658.0, 2, 0.0578561668536
3357914.0, 11571050.0, 2, 0.0576888510863
3292706.0, 10481036.0, 2, 0.0572459718595
4155532.0, 11163182.0, 2, 0.0497810802347
3128782.0, 12169966.0, 2, 0.0486508436399
4322438.0, 9599316.0, 2, 0.0483253587619
5910016.0, 2457174.0, 2, 0.0482344355828
3120396.0, 9035308.0, 2, 0.0391490975181
4128422.0, 9495758.0, 2, 0.031758118744
3272174.0, 18096200.0, 2, 0.0287763466657
2737820.0, 11515610.0, 2, 0.0193428565025
2737820.0, 11515610.0, 2, 0.00994305701014
9160554.0, 2986338.0, 3, inf
10643076.0, 15837908.0, 3, inf
4317884.0, 15329892.0, 3, inf
7739206.0, 19132266.0, 3, inf
10476330.0, 14927536.0, 3, 0.220313755924
5012330.0, 17359992.0, 3, 0.20963489552
5418296.0, 12042574.0, 3, 0.209495713628
6344612.0, 12089584.0, 3, 0.196497280194
6667536.0, 8698582.0, 3, 0.180109488158
5910680.0, 6142786.0, 3, 0.167360197799
10006942.0, 3434314.0, 3, 0.156823106588
10374868.0, 16896244.0, 3, 0.152862680565
9463374.0, 4763708.0, 3, 0.149887955438
6492528.0, 6751254.0, 3, 0.144833680079
Generacion: 57
2328942.0, 18642252.0, 1, inf
7742540.0, 2438542.0, 1, inf
2328942.0, 18642252.0, 1, inf
5387394.0, 2440766.0, 1, 0.536552823916
3293530.0, 3231608.0, 1, 0.430345772423
3176174.0, 8000694.0, 1, 0.306334812567
2669980.0, 12094682.0, 1, 0.267674454362
2590462.0, 15611076.0, 1, 0.217281350923
4883972.0, 2576566.0, 1, 0.162513268561
4556154.0, 2586058.0, 1, 0.145708417566
2428796.0, 17027890.0, 1, 0.142379574521
3907530.0, 3216554.0, 1, 0.141271504868
4100770.0, 2593342.0, 1, 0.131800083459
2369348.0, 17808138.0, 1, 0.118074193154
2589002.0, 16158518.0, 1, 0.117300578843
3004136.0, 9030198.0, 1, 0.0965099680147
2710608.0, 10796588.0, 1, 0.0965020685892
3111134.0, 8006310.0, 1, 0.07520268295
3956508.0, 2926878.0, 1, 0.0741563676175
2916114.0, 10484506.0, 1, 0.0688438061683
2851074.0, 10490116.0, 1, 0.0572209852862
2930040.0, 9610948.0, 1, 0.0542360943094
2931800.0, 9033356.0, 1, 0.0490075721543
2590462.0, 15611076.0, 1, 0.0484735464385
2671740.0, 11517034.0, 1, 0.0447869002668
2671740.0, 11517034.0, 1, 0.042828818096
2930040.0, 9610948.0, 1, 0.0382180750398
3176174.0, 8000694.0, 1, 0.0220245914604
3111134.0, 8006310.0, 1, 0.0201112613609
2931800.0, 9033356.0, 1, 0.000520000896243
2931800.0, 9033356.0, 1, 0.0
2328942.0, 18642252.0, 1, 0.0
2671740.0, 11517034.0, 1, 0.0
2671740.0, 11517034.0, 1, 0.0
2930040.0, 9610948.0, 1, 0.0
2930040.0, 9610948.0, 1, 0.0
2930040.0, 9610948.0, 1, 0.0
8652504.0, 2705594.0, 2, inf
2626644.0, 17072008.0, 2, inf
5784834.0, 2442338.0, 2, inf
3433862.0, 18724834.0, 2, inf
4237126.0, 6728052.0, 2, 0.255852627754
3444490.0, 14966874.0, 2, 0.232902421163
2735614.0, 12085032.0, 2, 0.206882746853
4089754.0, 8390646.0, 2, 0.166080615426
5295842.0, 3790180.0, 2, 0.163913783908
4780704.0, 4163472.0, 2, 0.153919229697
3472440.0, 4782792.0, 2, 0.130683761881
3124692.0, 17245676.0, 2, 0.13051602348
3292706.0, 10481036.0, 2, 0.123488360211
4296284.0, 4699156.0, 2, 0.115637474862
4704742.0, 9232606.0, 2, 0.106212638726
3917234.0, 3304880.0, 2, 0.104971214676
2661416.0, 16155204.0, 2, 0.0974199651663
5450676.0, 2453818.0, 2, 0.09731695198
2922862.0, 15780216.0, 2, 0.0965537929947
3607878.0, 11521456.0, 2, 0.080179854281
4089662.0, 9033796.0, 2, 0.0772988893004
3112102.0, 11507954.0, 2, 0.0694611721219
2771878.0, 11804758.0, 2, 0.0549440874429
3340704.0, 9603552.0, 2, 0.0464672055766
3858506.0, 10080942.0, 2, 0.0429470234732
3002376.0, 9607790.0, 2, 0.0421294618254
3481114.0, 10058880.0, 2, 0.0361132262796
3858506.0, 10080942.0, 2, 0.0343180259794
3436524.0, 9858896.0, 2, 0.0294677151178
2860336.0, 11518982.0, 2, 0.0252734199875
3082230.0, 11517916.0, 2, 0.0184162786351
3117916.0, 9183098.0, 2, 0.0142993727833
2737820.0, 11515610.0, 2, 0.0057935978065
2737820.0, 11515610.0, 2, 0.000836287004754
2737820.0, 11515610.0, 2, 0.0
8212126.0, 20521860.0, 3, inf
3696552.0, 13838596.0, 3, inf
5857518.0, 2810788.0, 3, inf
12932740.0, 10851370.0, 3, inf
12005892.0, 3821914.0, 3, 0.240133060525
4884676.0, 6193330.0, 3, 0.23421763424
9272178.0, 18687382.0, 3, 0.228836607956
6665952.0, 8780044.0, 3, 0.211667750087
8857524.0, 13483418.0, 3, 0.192718991148
10505224.0, 16876544.0, 3, 0.181191776566
10814214.0, 10857360.0, 3, 0.179783449567
9820370.0, 12458064.0, 3, 0.165902620455
6125642.0, 5269250.0, 3, 0.150232481366
7211068.0, 17432806.0, 3, 0.142886590554
7217176.0, 14808474.0, 3, 0.134739690278
10380864.0, 11168688.0, 3, 0.126821689747
4836354.0, 8822322.0, 3, 0.126550889554
8010904.0, 14159964.0, 3, 0.109780106585
4345862.0, 12090776.0, 3, 0.10647662457
7560020.0, 4425884.0, 3, 0.104137806659
5739192.0, 10475478.0, 3, 0.0985417932104
4075208.0, 14533190.0, 3, 0.0842417871373
4599984.0, 11157886.0, 3, 0.0706836154187
9535784.0, 12165608.0, 3, 0.0705619970781
5732316.0, 3792258.0, 3, 0.0681063086117
6609126.0, 2959916.0, 3, 0.0666338824866
7233508.0, 10588768.0, 3, 0.0553053291979
5168780.0, 10529282.0, 3, 0.0527076608619
Generacion: 58
6598854.0, 2417386.0, 1, inf
2328942.0, 18642252.0, 1, inf
3372242.0, 4211528.0, 1, 0.357232784836
5477662.0, 2421724.0, 1, 0.285161130907
3315760.0, 7977806.0, 1, 0.261842581759
3917234.0, 3304880.0, 1, 0.233442422331
4641292.0, 2478828.0, 1, 0.2210837939
4398266.0, 2507500.0, 1, 0.220484829282
2669980.0, 12094682.0, 1, 0.21714087934
2590462.0, 15611076.0, 1, 0.217070620281
3838740.0, 4168978.0, 1, 0.183515570651
5333146.0, 2472814.0, 1, 0.177080653985
2460334.0, 17034570.0, 1, 0.153114612272
2369348.0, 17808138.0, 1, 0.0957728260091
3029654.0, 8025666.0, 1, 0.083294408282
2893498.0, 9769524.0, 1, 0.0726800463268
2710608.0, 10796588.0, 1, 0.0675403682516
2589002.0, 16158518.0, 1, 0.0638745679095
3004136.0, 9030198.0, 1, 0.0633782509192
2330402.0, 18094754.0, 1, 0.060872566431
2589002.0, 16158518.0, 1, 0.054336333292
2669980.0, 12094682.0, 1, 0.0542255023343
2590462.0, 15611076.0, 1, 0.0523637920434
2931800.0, 9033356.0, 1, 0.0510749133834
2851074.0, 10490116.0, 1, 0.0482269468495
2769594.0, 10509192.0, 1, 0.0469329451214
2671740.0, 11517034.0, 1, 0.0442932133316
2708848.0, 11374202.0, 1, 0.0442911177827
2930040.0, 9610948.0, 1, 0.0441572064143
5387394.0, 2440766.0, 1, 0.0369940643814
3250500.0, 7997292.0, 1, 0.0341012776681
3094848.0, 8023446.0, 1, 0.0202753441381
2834788.0, 10506968.0, 1, 0.0202580866766
3176174.0, 8000694.0, 1, 0.0177530514847
2997880.0, 9031936.0, 1, 0.017135503867
3111134.0, 8006310.0, 1, 0.0162883206778
3176174.0, 8000694.0, 1, 0.0154418421922
2851074.0, 10490116.0, 1, 0.0109742204047
2930040.0, 9610948.0, 1, 0.0101858265218
2671740.0, 11517034.0, 1, 0.00921546411636
2708848.0, 11374202.0, 1, 0.00921546411636
3004136.0, 9030198.0, 1, 0.00608335510457
3111134.0, 8006310.0, 1, 0.00416026549751
2931800.0, 9033356.0, 1, 0.000499706463874
2671740.0, 11517034.0, 1, 0.0
2671740.0, 11517034.0, 1, 0.0
2931800.0, 9033356.0, 1, 0.0
3004136.0, 9030198.0, 1, 0.0
3176174.0, 8000694.0, 1, 0.0
2590462.0, 15611076.0, 1, 0.0
2590462.0, 15611076.0, 1, 0.0
2671740.0, 11517034.0, 1, 0.0
3433862.0, 18724834.0, 2, inf
6358410.0, 2429476.0, 2, inf
2474376.0, 18092762.0, 2, inf
10158120.0, 2447398.0, 2, inf
4020386.0, 3381806.0, 2, 0.47291210136
3521124.0, 9023566.0, 2, 0.349084785656
2809000.0, 15507082.0, 2, 0.248862001465
4883972.0, 2576566.0, 2, 0.209235210694
3368274.0, 12987176.0, 2, 0.195689701699
3044046.0, 10201556.0, 2, 0.116559681026
4763208.0, 2578640.0, 2, 0.11203529333
4402816.0, 2552114.0, 2, 0.10460116035
3429472.0, 16915578.0, 2, 0.102592299312
2595442.0, 17039764.0, 2, 0.0901175940681
2774516.0, 11364856.0, 2, 0.0868584368586
3211732.0, 11796774.0, 2, 0.065905545864
3501370.0, 12780022.0, 2, 0.0611601222646
3128782.0, 12169966.0, 2, 0.0548592420668
2800502.0, 17830054.0, 2, 0.0533088136452
2860336.0, 11518982.0, 2, 0.047844274181
3045846.0, 9321344.0, 2, 0.0471456817274
3625076.0, 17835318.0, 2, 0.0431678364046
3781814.0, 9855588.0, 2, 0.0430729721641
2735614.0, 12085032.0, 2, 0.0411834494664
3808054.0, 11484012.0, 2, 0.0398654246875
2735914.0, 18349680.0, 2, 0.0390755693202
3436524.0, 9858896.0, 2, 0.0300168980519
3730564.0, 9231794.0, 2, 0.0288824151532
3112164.0, 9024930.0, 2, 0.019169569376
3522748.0, 11508524.0, 2, 0.015467901195
3117916.0, 9183098.0, 2, 0.0148574059403
2737820.0, 11515610.0, 2, 0.00498272689535
2737820.0, 11515610.0, 2, 0.000682903920578
4089528.0, 7625868.0, 3, inf
9051448.0, 3460326.0, 3, inf
9271338.0, 17330066.0, 3, inf
12916648.0, 12542978.0, 3, inf
12194388.0, 16622802.0, 3, 0.273102646287
11049664.0, 14847676.0, 3, 0.244907958197
8798102.0, 15488780.0, 3, 0.235072833831
11677788.0, 11768836.0, 3, 0.218296676468
4291368.0, 13136212.0, 3, 0.210587908958
9557128.0, 4548164.0, 3, 0.201852594241
8086562.0, 10845870.0, 3, 0.1971935502
5951242.0, 14813802.0, 3, 0.193870164085
6813756.0, 8983396.0, 3, 0.159090496569
6835240.0, 6066180.0, 3, 0.156617628207
5036544.0, 7507490.0, 3, 0.155701790403
Generacion: 59
6949694.0, 2411920.0, 1, inf
2328942.0, 18642252.0, 1, inf
2328942.0, 18642252.0, 1, inf
3197672.0, 3940842.0, 1, 0.362411223402
3176174.0, 8000694.0, 1, 0.269213939219
5477662.0, 2421724.0, 1, 0.263618617082
6598854.0, 2417386.0, 1, 0.242979532829
2669980.0, 12094682.0, 1, 0.217036594037
2590462.0, 15611076.0, 1, 0.21697166954
3543630.0, 3409324.0, 1, 0.194907551798
2589002.0, 16158518.0, 1, 0.183220040266
4641292.0, 2478828.0, 1, 0.178739544571
2369348.0, 17808138.0, 1, 0.17526229135
5333146.0, 2472814.0, 1, 0.163812772519
4214954.0, 2576800.0, 1, 0.109161640858
3917234.0, 3304880.0, 1, 0.1064054078
4214730.0, 3217124.0, 1, 0.0901734989093
3029654.0, 8025666.0, 1, 0.0877017931065
2710608.0, 10796588.0, 1, 0.0832732760539
2997880.0, 9031936.0, 1, 0.0763000504573
6598854.0, 2417386.0, 1, 0.0761943125953
2893498.0, 9769524.0, 1, 0.0712576341561
4004912.0, 3302576.0, 1, 0.0697895074281
4512450.0, 2491132.0, 1, 0.0651406807744
2851074.0, 10490116.0, 1, 0.0581418864556
2669980.0, 12094682.0, 1, 0.0527995331699
2590462.0, 15611076.0, 1, 0.0509384498599
2931800.0, 9033356.0, 1, 0.0498878981982
2671740.0, 11517034.0, 1, 0.0447697543941
2671740.0, 11517034.0, 1, 0.0440022638077
2930040.0, 9610948.0, 1, 0.0434954322099
2330402.0, 18094754.0, 1, 0.0421615111969
5387394.0, 2440766.0, 1, 0.0344232386768
4512450.0, 2491132.0, 1, 0.0331616056116
2769594.0, 10509192.0, 1, 0.0318162984545
2834788.0, 10506968.0, 1, 0.0188088236624
3111134.0, 8006310.0, 1, 0.0179795122226
2330402.0, 18094754.0, 1, 0.0179752472859
3111134.0, 8006310.0, 1, 0.0152682128688
2769594.0, 10509192.0, 1, 0.0129024820153
2930040.0, 9610948.0, 1, 0.0101512388887
2997880.0, 9031936.0, 1, 0.0069638604154
2931800.0, 9033356.0, 1, 0.000468380891722
2671740.0, 11517034.0, 1, 0.0
2671740.0, 11517034.0, 1, 0.0
2769594.0, 10509192.0, 1, 0.0
2930040.0, 9610948.0, 1, 0.0
2931800.0, 9033356.0, 1, 0.0
3111134.0, 8006310.0, 1, 0.0
6598854.0, 2417386.0, 1, 0.0
2590462.0, 15611076.0, 1, 0.0
2669980.0, 12094682.0, 1, 0.0
2669980.0, 12094682.0, 1, 0.0
2671740.0, 11517034.0, 1, 0.0
6716474.0, 2438174.0, 2, inf
2361980.0, 18101034.0, 2, inf
9435482.0, 3485714.0, 2, inf
3433862.0, 18724834.0, 2, inf
2688856.0, 14544364.0, 2, 0.413065414142
5200324.0, 4674450.0, 2, 0.406960453239
3187026.0, 8003152.0, 2, 0.278762340231
7861590.0, 3463974.0, 2, 0.255661260106
2446948.0, 17988648.0, 2, 0.254511279999
9425484.0, 2842218.0, 2, 0.183071218336
4054834.0, 9318424.0, 2, 0.181332343619
8481620.0, 3511750.0, 2, 0.173157510385
6024120.0, 2440242.0, 2, 0.166166899327
3128782.0, 12169966.0, 2, 0.160269887512
8245416.0, 4118404.0, 2, 0.12270092252
3521124.0, 9023566.0, 2, 0.108146534475
5553966.0, 2467816.0, 2, 0.0820554089878
3956562.0, 4244524.0, 2, 0.0774575071241
3121228.0, 10797460.0, 2, 0.0660582277603
5301050.0, 2678612.0, 2, 0.0641873733991
3044046.0, 10201556.0, 2, 0.0599757834615
2916114.0, 10484506.0, 2, 0.0566690485702
3730564.0, 9231794.0, 2, 0.05617536419
3002376.0, 9607790.0, 2, 0.0548035025514
2427826.0, 18648240.0, 2, 0.0503134392679
3082230.0, 11517916.0, 2, 0.0502811918745
5547228.0, 3588778.0, 2, 0.0460447299061
5491746.0, 4159554.0, 2, 0.0425466067335
3211732.0, 11796774.0, 2, 0.0393479014524
3665222.0, 11805986.0, 2, 0.0326260948901
2841640.0, 18088484.0, 2, 0.0311430827728
3340704.0, 9603552.0, 2, 0.0289479097384
2860336.0, 11518982.0, 2, 0.027650455037
3687266.0, 11945604.0, 2, 0.0264059807959
3068044.0, 9598402.0, 2, 0.0222613941081
3045846.0, 9321344.0, 2, 0.0205832951119
3110342.0, 12085602.0, 2, 0.0192890662057
3413170.0, 9600134.0, 2, 0.0134862066909
4065880.0, 17825354.0, 3, inf
5697362.0, 4170300.0, 3, inf
12483208.0, 4361444.0, 3, inf
3520544.0, 8004946.0, 3, inf
10582340.0, 12681710.0, 3, 0.361978517884
4463948.0, 5222622.0, 3, 0.246581324846
7381262.0, 14706258.0, 3, 0.244851952764
11734526.0, 14360746.0, 3, 0.244121745709
Generacion: 60
5477662.0, 2421724.0, 1, inf
2328942.0, 18642252.0, 1, inf
5477662.0, 2421724.0, 1, inf
4214954.0, 2576800.0, 1, 0.397420744431
3402756.0, 3220954.0, 1, 0.371237981333
3259056.0, 4136098.0, 1, 0.269163442305
5333146.0, 2472814.0, 1, 0.269142698355
3250830.0, 7997796.0, 1, 0.264575845477
4641292.0, 2478828.0, 1, 0.261773635037
2590462.0, 15611076.0, 1, 0.251123146829
2369348.0, 17808138.0, 1, 0.224580955934
2669980.0, 12094682.0, 1, 0.217345611831
2482346.0, 15789686.0, 1, 0.205672930768
2769594.0, 10509192.0, 1, 0.113802347625
3348258.0, 4133720.0, 1, 0.102056471015
4512450.0, 2491132.0, 1, 0.0952401120876
3004136.0, 9030198.0, 1, 0.0932017550565
2872928.0, 9786840.0, 1, 0.0849513283255
3029654.0, 8025666.0, 1, 0.0826345946776
2669980.0, 12094682.0, 1, 0.0608662291271
2931800.0, 9033356.0, 1, 0.0585818498589
2708848.0, 11374202.0, 1, 0.056759757116
2710608.0, 10796588.0, 1, 0.0543433880801
2671740.0, 11517034.0, 1, 0.0473972639603
2930040.0, 9610948.0, 1, 0.0472140559617
4512450.0, 2491132.0, 1, 0.0462003052604
3176174.0, 8000694.0, 1, 0.0448908550176
2590462.0, 15611076.0, 1, 0.036265426983
2893498.0, 9769524.0, 1, 0.0289819541212
3094848.0, 8023446.0, 1, 0.0270704845477
3111134.0, 8006310.0, 1, 0.0217124517018
2710608.0, 10796588.0, 1, 0.0182769995146
2930040.0, 9610948.0, 1, 0.0103352111832
2671740.0, 11517034.0, 1, 0.00936458926508
3029654.0, 8025666.0, 1, 0.00824110914357
3111134.0, 8006310.0, 1, 0.0055184884144
2931800.0, 9033356.0, 1, 0.000753648856725
2671740.0, 11517034.0, 1, 0.0
2671740.0, 11517034.0, 1, 0.0
2930040.0, 9610948.0, 1, 0.0
2931800.0, 9033356.0, 1, 0.0
2590462.0, 15611076.0, 1, 0.0
2590462.0, 15611076.0, 1, 0.0
2590462.0, 15611076.0, 1, 0.0
2669980.0, 12094682.0, 1, 0.0
2671740.0, 11517034.0, 1, 0.0
9435482.0, 3485714.0, 2, inf
6716474.0, 2438174.0, 2, inf
2400978.0, 17814414.0, 2, inf
4422516.0, 7599588.0, 2, 0.422931061875
8140644.0, 3359420.0, 2, 0.365427818887
2709182.0, 14528704.0, 2, 0.237584081519
5510480.0, 5079488.0, 2, 0.232248908682
7037740.0, 3636402.0, 2, 0.190709843236
5379658.0, 3751666.0, 2, 0.165346964982
2770078.0, 12685026.0, 2, 0.155049016397
3730564.0, 9231794.0, 2, 0.135958398954
2589002.0, 16158518.0, 2, 0.132724435262
3521124.0, 9023566.0, 2, 0.125817521841
6073530.0, 3107868.0, 2, 0.124831560419
2687886.0, 16164696.0, 2, 0.124776227629
6349256.0, 2471570.0, 2, 0.116948050059
6589822.0, 4192434.0, 2, 0.107875829807
2957224.0, 10511140.0, 2, 0.0832689589637
5381356.0, 4607714.0, 2, 0.0762871053323
3187026.0, 8003152.0, 2, 0.0755648401403
2788046.0, 11435048.0, 2, 0.0739827342327
3368298.0, 7977936.0, 2, 0.0670678740477
3002376.0, 9607790.0, 2, 0.0657041959347
3044046.0, 10201556.0, 2, 0.0596556289494
5646354.0, 3745882.0, 2, 0.0513048733746
6872902.0, 3584552.0, 2, 0.0503410016387
5877312.0, 9145900.0, 2, 0.0497747398242
3180768.0, 12281676.0, 2, 0.0491280366097
2860336.0, 11518982.0, 2, 0.046772851566
3233962.0, 9325076.0, 2, 0.0443981127106
3080644.0, 12087338.0, 2, 0.0397642937039
2771878.0, 11804758.0, 2, 0.0395175295972
5818652.0, 3564580.0, 2, 0.0392601349522
3018438.0, 10465160.0, 2, 0.02605757949
3114872.0, 9266138.0, 2, 0.0162562125703
2589002.0, 16158518.0, 2, 0.0144587855029
3107382.0, 11455362.0, 2, 0.0103244121118
3045846.0, 9321344.0, 2, 0.00903569786889
12584864.0, 19147212.0, 3, inf
3520544.0, 8004946.0, 3, inf
9953132.0, 3888164.0, 3, inf
9994900.0, 14256554.0, 3, 0.279507668582
7606764.0, 16055014.0, 3, 0.238103242311
4842466.0, 12115988.0, 3, 0.203373896413
11666416.0, 10855958.0, 3, 0.201050582701
10846972.0, 17435144.0, 3, 0.197917486833
5726146.0, 10031838.0, 3, 0.161873581851
5283270.0, 12106572.0, 3, 0.15495554069
4070262.0, 15774096.0, 3, 0.152571426853
8548918.0, 10813550.0, 3, 0.137640427761
10345540.0, 6716228.0, 3, 0.133566911085
10431850.0, 6695822.0, 3, 0.133128366055
6495608.0, 10284752.0, 3, 0.126779996516
4377444.0, 9433046.0, 3, 0.124492993147
Generacion: 61
2367888.0, 18355602.0, 1, inf
7245648.0, 2419760.0, 1, inf
5477662.0, 2421724.0, 1, 0.370128239954
3197672.0, 3940842.0, 1, 0.346388517665
3176174.0, 8000694.0, 1, 0.26809630441
2669980.0, 12094682.0, 1, 0.251478331205
2369348.0, 17808138.0, 1, 0.217853840903
2620044.0, 15355660.0, 1, 0.210696341456
4641292.0, 2478828.0, 1, 0.194689231164
3402756.0, 3220954.0, 1, 0.17849417383
5450676.0, 2453818.0, 1, 0.175049369648
3843816.0, 3207366.0, 1, 0.157884034243
2590462.0, 15611076.0, 1, 0.14393388234
2769594.0, 10509192.0, 1, 0.133247938224
4073668.0, 2896836.0, 1, 0.115656836309
4214954.0, 2576800.0, 1, 0.11541422112
3004136.0, 9030198.0, 1, 0.0832954438088
3029654.0, 8025666.0, 1, 0.0797404054467
2872928.0, 9786840.0, 1, 0.0718171936191
2708848.0, 11374202.0, 1, 0.0618883745287
4512450.0, 2491132.0, 1, 0.0617623866337
2590462.0, 15611076.0, 1, 0.06135882295
2931800.0, 9033356.0, 1, 0.0516335861846
2671740.0, 11517034.0, 1, 0.0438559417273
2930040.0, 9610948.0, 1, 0.0437363907668
4512450.0, 2491132.0, 1, 0.0317899800304
3111134.0, 8006310.0, 1, 0.0316054118809
2620044.0, 15355660.0, 1, 0.0262652554108
2893498.0, 9769524.0, 1, 0.0227461621838
2708848.0, 11374202.0, 1, 0.0214166075272
2930040.0, 9610948.0, 1, 0.0103117232333
2671740.0, 11517034.0, 1, 0.00932376163074
3029654.0, 8025666.0, 1, 0.00644612018106
3176174.0, 8000694.0, 1, 0.00475976404778
2671740.0, 11517034.0, 1, 0.0
2708848.0, 11374202.0, 1, 0.0
2708848.0, 11374202.0, 1, 0.0
2930040.0, 9610948.0, 1, 0.0
2930040.0, 9610948.0, 1, 0.0
2930040.0, 9610948.0, 1, 0.0
2671740.0, 11517034.0, 1, 0.0
2671740.0, 11517034.0, 1, 0.0
2411032.0, 20040198.0, 2, inf
5411352.0, 2505218.0, 2, inf
6297238.0, 2708684.0, 2, inf
3590292.0, 18046982.0, 2, 0.255978004839
3744028.0, 11633512.0, 2, 0.246446705686
3187026.0, 8003152.0, 2, 0.235521067069
3259056.0, 4136098.0, 2, 0.230139732788
4352952.0, 2887738.0, 2, 0.227466409816
2951308.0, 14533130.0, 2, 0.221972317298
5660916.0, 3264406.0, 2, 0.199617204781
3128782.0, 12169966.0, 2, 0.17712615571
6033080.0, 2805610.0, 2, 0.170777120544
5219180.0, 2832104.0, 2, 0.159617810586
4532200.0, 3582718.0, 2, 0.142563855677
3291478.0, 15895984.0, 2, 0.136206475689
2813836.0, 11964086.0, 2, 0.134706217067
4809246.0, 2555002.0, 2, 0.133723201685
2952962.0, 16821742.0, 2, 0.110954551616
3222434.0, 8948132.0, 2, 0.109510083121
2815636.0, 11083852.0, 2, 0.0918447212891
2916114.0, 10484506.0, 2, 0.0852275095439
3403408.0, 16519840.0, 2, 0.0822015005135
4714322.0, 2572078.0, 2, 0.0800538916318
3044046.0, 10201556.0, 2, 0.0707252804307
3187026.0, 8003152.0, 2, 0.0630023364322
3068044.0, 9598402.0, 2, 0.061125359579
3462538.0, 9637626.0, 2, 0.0575102301011
3348258.0, 4133720.0, 2, 0.0460336695546
3259238.0, 9763602.0, 2, 0.0405031289293
3348258.0, 4133720.0, 2, 0.0143268335306
14279468.0, 3047772.0, 3, inf
3440644.0, 8021498.0, 3, inf
11931518.0, 17865850.0, 3, inf
4513240.0, 16484940.0, 3, 0.332034391173
8105988.0, 13133254.0, 3, 0.263208554022
9722450.0, 12841628.0, 3, 0.152870710811
7309692.0, 4645214.0, 3, 0.150819149625
10694740.0, 3874244.0, 3, 0.135489675882
3592158.0, 7520460.0, 3, 0.135233845021
11835690.0, 5599756.0, 3, 0.122076955273
10982998.0, 9993406.0, 3, 0.119771714645
5788356.0, 6181090.0, 3, 0.114811520573
5102490.0, 10090614.0, 3, 0.104880884448
4345862.0, 12090776.0, 3, 0.103699526275
9581204.0, 12390352.0, 3, 0.0933339107917
8888184.0, 3886114.0, 3, 0.0917947793408
4009672.0, 8510960.0, 3, 0.0883146157809
5977528.0, 9018124.0, 3, 0.0857023355169
6530122.0, 10485018.0, 3, 0.084817755037
6851748.0, 7970316.0, 3, 0.0822694606949
7567326.0, 5502670.0, 3, 0.0816350871073
8279966.0, 4246108.0, 3, 0.0740861656486
5966514.0, 9143432.0, 3, 0.0687287799844
4414452.0, 11351886.0, 3, 0.0679011109663
5647574.0, 10110396.0, 3, 0.0645120634768
4012012.0, 8283466.0, 3, 0.0640486119409
8035684.0, 10498348.0, 3, 0.0639918924299
9260038.0, 3505204.0, 3, 0.0636321449321
Generacion: 62
7245648.0, 2419760.0, 1, inf
7245648.0, 2419760.0, 1, inf
2367888.0, 18355602.0, 1, inf
5477662.0, 2421724.0, 1, 0.366460384253
3197672.0, 3940842.0, 1, 0.346388517665
4073668.0, 2896836.0, 1, 0.276211957262
3176174.0, 8000694.0, 1, 0.272856068458
3402756.0, 3220954.0, 1, 0.245102885955
2620044.0, 15355660.0, 1, 0.224866780346
2428796.0, 17027890.0, 1, 0.21954236949
2669980.0, 12094682.0, 1, 0.204992493788
4883818.0, 2485496.0, 1, 0.199321937478
4548850.0, 2563620.0, 1, 0.191902836474
2521342.0, 15358350.0, 1, 0.144143312965
5477662.0, 2421724.0, 1, 0.121868471511
3029654.0, 8025666.0, 1, 0.101214453185
2904958.0, 10484236.0, 1, 0.0892596489917
2931800.0, 9033356.0, 1, 0.0635950075429
2931800.0, 9033356.0, 1, 0.0563060948933
2930040.0, 9610948.0, 1, 0.0551610634815
2671740.0, 11517034.0, 1, 0.053179703358
2708848.0, 11374202.0, 1, 0.0531775698027
2710608.0, 10796588.0, 1, 0.0483390636991
2669980.0, 12094682.0, 1, 0.0464858374171
2769594.0, 10509192.0, 1, 0.0457858292315
2930040.0, 9610948.0, 1, 0.04138695168
2710608.0, 10796588.0, 1, 0.0183953877174
3111134.0, 8006310.0, 1, 0.0170568020324
3111134.0, 8006310.0, 1, 0.0145486098485
2769594.0, 10509192.0, 1, 0.0136588754794
2620044.0, 15355660.0, 1, 0.0104062879336
2669980.0, 12094682.0, 1, 0.0
2930040.0, 9610948.0, 1, 0.0
5477662.0, 2421724.0, 1, 0.0
2669980.0, 12094682.0, 1, 0.0
2590462.0, 15611076.0, 2, inf
7295740.0, 2431702.0, 2, inf
3254404.0, 17029838.0, 2, inf
7421062.0, 2433530.0, 2, inf
3560852.0, 8954314.0, 2, 0.484696533811
3348258.0, 4133720.0, 2, 0.417543651302
7084256.0, 2773008.0, 2, 0.353986644761
5660916.0, 3264406.0, 2, 0.349541208624
4714322.0, 2572078.0, 2, 0.21632110835
5428230.0, 3201420.0, 2, 0.210390653584
4187246.0, 3299538.0, 2, 0.200395422635
3128782.0, 12169966.0, 2, 0.187886680679
2951308.0, 14533130.0, 2, 0.180508174841
4480928.0, 3053714.0, 2, 0.138458946007
2590462.0, 15611076.0, 2, 0.117556785823
2818544.0, 11743746.0, 2, 0.111334672496
2896732.0, 10946654.0, 2, 0.10645864708
2688856.0, 14544364.0, 2, 0.103889786411
3543630.0, 3409324.0, 2, 0.0643814872374
3525886.0, 9264370.0, 2, 0.062523518322
2916114.0, 10484506.0, 2, 0.0623386014155
2735614.0, 12085032.0, 2, 0.056044060831
7211508.0, 2477882.0, 2, 0.0532708694719
3436524.0, 9858896.0, 2, 0.0496761984039
3068044.0, 9598402.0, 2, 0.041066427495
3454736.0, 9798154.0, 2, 0.0357003884432
3002376.0, 9607790.0, 2, 0.0328814200413
3044046.0, 10201556.0, 2, 0.0320991174304
7421062.0, 2433530.0, 2, 0.0260685825398
3044046.0, 10201556.0, 2, 0.0243505244769
3128782.0, 12169966.0, 2, 0.0183917334118
3128782.0, 12169966.0, 2, 0.0
3128782.0, 12169966.0, 2, 0.0
11931518.0, 17865850.0, 3, inf
4766218.0, 2799966.0, 3, inf
5683952.0, 19893430.0, 3, inf
3786530.0, 11364028.0, 3, inf
11218550.0, 12420536.0, 3, 0.232705697515
4528504.0, 7612094.0, 3, 0.218430035381
7517114.0, 15350678.0, 3, 0.188324817431
8334108.0, 3558202.0, 3, 0.159836090332
7583872.0, 14962976.0, 3, 0.157911289769
5295958.0, 13783928.0, 3, 0.151416913556
10071060.0, 4228734.0, 3, 0.149678434542
7109470.0, 18307514.0, 3, 0.149241499716
4058928.0, 11001570.0, 3, 0.135723948248
4663868.0, 9382066.0, 3, 0.126046593241
10453098.0, 11873606.0, 3, 0.118636286485
8832638.0, 3352904.0, 3, 0.116022680394
6493314.0, 10584628.0, 3, 0.11559371481
5956586.0, 6092760.0, 3, 0.111396648929
9357660.0, 4141798.0, 3, 0.104802006901
11853630.0, 4481692.0, 3, 0.103042951059
9256614.0, 6706266.0, 3, 0.0965844434709
5267078.0, 5359420.0, 3, 0.0926623211696
6222568.0, 4874202.0, 3, 0.0907043528828
10868508.0, 3836470.0, 3, 0.0882320092523
6499076.0, 14366010.0, 3, 0.0826485059269
6604672.0, 9605966.0, 3, 0.0802471320912
6896848.0, 4493826.0, 3, 0.0680834744295
3794416.0, 11518308.0, 3, 0.0631321369783
10607442.0, 3882228.0, 3, 0.0568592432812
5573354.0, 4082256.0, 3, 0.0566817170825
3787530.0, 6796288.0, 3, 0.0539608554072
5121864.0, 9586098.0, 3, 0.0529375904263
Generacion: 63
7245648.0, 2419760.0, 1, inf
2367888.0, 18355602.0, 1, inf
5477662.0, 2421724.0, 1, 0.488328855764
3197672.0, 3940842.0, 1, 0.347774449414
3176174.0, 8000694.0, 1, 0.272856068458
3407714.0, 3215066.0, 1, 0.245102885955
2563860.0, 17033084.0, 1, 0.239946279283
4883818.0, 2485496.0, 1, 0.219807737057
2620044.0, 15355660.0, 1, 0.216150074317
2669980.0, 12094682.0, 1, 0.204992493788
4453934.0, 2579984.0, 1, 0.191902836474
4073668.0, 2896836.0, 1, 0.156411630754
2620044.0, 15355660.0, 1, 0.115498569848
4073668.0, 2896836.0, 1, 0.0979285951797
2851074.0, 10490116.0, 1, 0.0892596489917
3004136.0, 9030198.0, 1, 0.0832954438088
3029654.0, 8025666.0, 1, 0.081772386103
2930040.0, 9610948.0, 1, 0.0555300430434
2671740.0, 11517034.0, 1, 0.053179703358
2708848.0, 11374202.0, 1, 0.0531775698027
2930040.0, 9610948.0, 1, 0.0524338256549
2931800.0, 9033356.0, 1, 0.0510745951885
2710608.0, 10796588.0, 1, 0.0483390636991
2769594.0, 10509192.0, 1, 0.048028851174
2669980.0, 12094682.0, 1, 0.0464858374171
2710608.0, 10796588.0, 1, 0.0183953877174
3094848.0, 8023446.0, 1, 0.0179190093761
3111134.0, 8006310.0, 1, 0.0144093012383
3111134.0, 8006310.0, 1, 0.00369124079121
2931800.0, 9033356.0, 1, 0.000558990996092
2930040.0, 9610948.0, 1, 0.0
2931800.0, 9033356.0, 1, 0.0
2931800.0, 9033356.0, 1, 0.0
2620044.0, 15355660.0, 1, 0.0
2669980.0, 12094682.0, 1, 0.0
5941638.0, 2427848.0, 2, inf
2688856.0, 14544364.0, 2, inf
2688856.0, 14544364.0, 2, inf
9340438.0, 2595816.0, 2, inf
7835724.0, 2808686.0, 2, 0.344707005148
3296120.0, 4023080.0, 2, 0.338476637583
3292406.0, 7981642.0, 2, 0.334850069501
8223690.0, 2804132.0, 2, 0.240545361129
2770078.0, 12685026.0, 2, 0.209825834894
4749732.0, 2846242.0, 2, 0.17374654201
2896598.0, 14534186.0, 2, 0.165917437131
3361026.0, 9685656.0, 2, 0.155244670107
4047368.0, 3968464.0, 2, 0.152193082428
4123314.0, 3442218.0, 2, 0.150698730341
4054476.0, 9034040.0, 2, 0.13696066391
5284946.0, 3362398.0, 2, 0.112988139214
3250830.0, 7997796.0, 2, 0.103590249295
5407706.0, 2823796.0, 2, 0.10182676088
4983328.0, 2635100.0, 2, 0.0976568972488
2896732.0, 10946654.0, 2, 0.0839016028223
3044046.0, 10201556.0, 2, 0.065102273292
3181100.0, 11959808.0, 2, 0.058501866744
3112102.0, 11507954.0, 2, 0.0584120519826
4080058.0, 9597734.0, 2, 0.0569270276269
3080644.0, 12087338.0, 2, 0.0561423774436
3044046.0, 10201556.0, 2, 0.0488429211702
2810486.0, 11025466.0, 2, 0.0441853946814
2788046.0, 11435048.0, 2, 0.0365049237925
3002376.0, 9607790.0, 2, 0.0289234178029
2813836.0, 11964086.0, 2, 0.0232810772078
2735614.0, 12085032.0, 2, 0.022383160698
3340704.0, 9603552.0, 2, 0.0105327895647
2788046.0, 11435048.0, 2, 0.0093907097164
3068044.0, 9598402.0, 2, 0.00598232074682
2837828.0, 14549846.0, 3, inf
6247904.0, 19088332.0, 3, inf
10868508.0, 3836470.0, 3, inf
8810242.0, 2820322.0, 3, inf
7923356.0, 8785830.0, 3, 0.246390933709
4179688.0, 6842470.0, 3, 0.225967076536
5266500.0, 5650986.0, 3, 0.167918048621
7456718.0, 16153494.0, 3, 0.165812298212
5034686.0, 9680300.0, 3, 0.155728587796
3408772.0, 17548726.0, 3, 0.15178659996
9722450.0, 12841628.0, 3, 0.140033734635
7154184.0, 10639044.0, 3, 0.129289307553
5884160.0, 3158956.0, 3, 0.119968452012
3725190.0, 18485946.0, 3, 0.118794606099
10177376.0, 4127144.0, 3, 0.114422902286
8296546.0, 5011574.0, 3, 0.100215152929
9923240.0, 4723250.0, 3, 0.0998438096646
4058928.0, 11001570.0, 3, 0.0903185699791
3507910.0, 15413062.0, 3, 0.0881763586373
4511498.0, 11727976.0, 3, 0.0869743231681
6823798.0, 18728718.0, 3, 0.08347323576
6758132.0, 3784638.0, 3, 0.0833360214396
9357660.0, 4141798.0, 3, 0.0806146734854
4818634.0, 11620444.0, 3, 0.0740266922344
3590656.0, 12770892.0, 3, 0.0737170171309
3348258.0, 4133720.0, 3, 0.0717726294697
5154404.0, 5589068.0, 3, 0.0681709175839
8785290.0, 3533674.0, 3, 0.0665745918682
4346036.0, 12082550.0, 3, 0.065681120583
9123746.0, 3538396.0, 3, 0.0642052583123
8374136.0, 3544896.0, 3, 0.0619787339202
Generacion: 64
2367888.0, 18355602.0, 1, inf
7724406.0, 2432072.0, 1, inf
5333146.0, 2472814.0, 1, 0.562239749644
3407714.0, 3215066.0, 1, 0.320141555293
4749732.0, 2846242.0, 1, 0.29280889154
3109740.0, 3943170.0, 1, 0.29001537076
3094848.0, 8023446.0, 1, 0.271332473146
2662876.0, 15607762.0, 1, 0.270327148522
2669980.0, 12094682.0, 1, 0.220950506618
2449122.0, 17012570.0, 1, 0.179256622921
2807700.0, 9788770.0, 1, 0.139180210752
4847604.0, 2832932.0, 1, 0.132367983418
2589002.0, 16158518.0, 1, 0.128127547955
2774516.0, 11364856.0, 1, 0.121491591488
3029654.0, 8025666.0, 1, 0.0752557219925
3266428.0, 3534550.0, 1, 0.0703600586923
3004136.0, 9030198.0, 1, 0.0642526785975
2930040.0, 9610948.0, 1, 0.059112325603
3149268.0, 3567154.0, 1, 0.0549132340329
2671740.0, 11517034.0, 1, 0.0486127506639
2931800.0, 9033356.0, 1, 0.0486092338557
2669980.0, 12094682.0, 1, 0.0376026131081
2737820.0, 11515610.0, 1, 0.0287438918492
2997880.0, 9031936.0, 1, 0.0137026180003
2930040.0, 9610948.0, 1, 0.0114958191213
3029654.0, 8025666.0, 1, 0.00490333198601
3004136.0, 9030198.0, 1, 0.00487306231591
2671740.0, 11517034.0, 1, 0.000417999065045
2931800.0, 9033356.0, 1, 0.000417747864464
2671740.0, 11517034.0, 1, 0.0
2930040.0, 9610948.0, 1, 0.0
2930040.0, 9610948.0, 1, 0.0
2930040.0, 9610948.0, 1, 0.0
2930040.0, 9610948.0, 1, 0.0
2931800.0, 9033356.0, 1, 0.0
5508012.0, 2486740.0, 2, inf
2688856.0, 14544364.0, 2, inf
4020386.0, 3381806.0, 2, 1.03737758095
3659930.0, 7980278.0, 2, 0.565100697374
3080644.0, 12087338.0, 2, 0.262617921973
3867910.0, 9797086.0, 2, 0.145696557107
3120396.0, 9035308.0, 2, 0.129733898691
3361026.0, 9685656.0, 2, 0.128933878022
3002376.0, 9607790.0, 2, 0.123717340877
3182900.0, 11079574.0, 2, 0.107909584781
3217284.0, 8027618.0, 2, 0.102310521637
3293760.0, 10300932.0, 2, 0.0790925052562
3224656.0, 11560736.0, 2, 0.0681860793602
3315662.0, 10480118.0, 2, 0.0676082659186
3029624.0, 9900728.0, 2, 0.0515085665146
3119642.0, 11366858.0, 2, 0.0380445290444
3045846.0, 9321344.0, 2, 0.034411073711
3340704.0, 9603552.0, 2, 0.0322877431822
3045846.0, 9321344.0, 2, 0.0294766227306
3076874.0, 11368280.0, 2, 0.0284226978436
3018438.0, 10465160.0, 2, 0.0245261091646
3224656.0, 11560736.0, 2, 0.0185763206128
3340704.0, 9603552.0, 2, 0.00756001929357
5232002.0, 17014494.0, 3, inf
8761618.0, 2810074.0, 3, inf
3290564.0, 14784572.0, 3, inf
4698606.0, 9359418.0, 3, 0.506302781492
4047368.0, 3968464.0, 3, 0.381639451963
3341646.0, 14288092.0, 3, 0.246952223829
8343706.0, 2813118.0, 3, 0.238042587079
7076686.0, 11822704.0, 3, 0.231716699258
7471876.0, 3111572.0, 3, 0.189489213905
6379126.0, 3231502.0, 3, 0.17075160731
5738114.0, 2842792.0, 3, 0.15245585494
6314616.0, 9674220.0, 3, 0.139299624719
4047368.0, 3968464.0, 3, 0.132346412715
4137276.0, 9542492.0, 3, 0.126086290188
5595476.0, 11391418.0, 3, 0.12586444334
7456718.0, 16153494.0, 3, 0.124432993432
4109820.0, 13110500.0, 3, 0.118582016311
7117026.0, 15311462.0, 3, 0.109537150998
4121832.0, 12767020.0, 3, 0.0942554621785
4058928.0, 11001570.0, 3, 0.0926247775648
4129482.0, 10195346.0, 3, 0.0820834320474
4960886.0, 3689630.0, 3, 0.0811140230934
4760362.0, 9856912.0, 3, 0.0747464401244
7148708.0, 3581146.0, 3, 0.0713242446854
3341074.0, 16239924.0, 3, 0.0699517103126
4906828.0, 11348884.0, 3, 0.0564509215496
4919052.0, 3920816.0, 3, 0.0295108156223
4130032.0, 3558448.0, 3, 0.0260397433893
10856006.0, 17630390.0, 4, inf
8270502.0, 3620186.0, 4, inf
4177052.0, 5379052.0, 4, inf
12977390.0, 4313808.0, 4, inf
9722450.0, 12841628.0, 4, 0.566004012276
12909928.0, 10872678.0, 4, 0.258252517786
9189930.0, 11465184.0, 4, 0.2062636481
6560688.0, 8719846.0, 4, 0.200481923814
6786134.0, 9563360.0, 4, 0.180913568036
5094152.0, 6871478.0, 4, 0.168563836319
7416612.0, 6780676.0, 4, 0.166191491424
11899288.0, 4616530.0, 4, 0.16067408014
10581398.0, 9275658.0, 4, 0.154570200248
11078386.0, 6050200.0, 4, 0.145115843078
Generacion: 65
2330402.0, 18094754.0, 1, inf
8383304.0, 2415896.0, 1, inf
6969892.0, 2418642.0, 1, 0.616113865174
4714322.0, 2572078.0, 1, 0.465230676373
3109740.0, 3943170.0, 1, 0.352756159594
3070250.0, 9029038.0, 1, 0.341898274347
2590462.0, 15611076.0, 1, 0.272570467859
2669980.0, 12094682.0, 1, 0.224566925445
4214954.0, 2576800.0, 1, 0.139891255062
3843816.0, 3207366.0, 1, 0.116983340266
3407714.0, 3215066.0, 1, 0.116258123629
2398982.0, 17552796.0, 1, 0.108887686777
4005506.0, 2929364.0, 1, 0.101533310175
2872928.0, 9786840.0, 1, 0.100877900207
2776722.0, 10795458.0, 1, 0.0912187731965
2671740.0, 11517034.0, 1, 0.0895047893524
2589002.0, 16158518.0, 1, 0.0875031634245
3266428.0, 3534550.0, 1, 0.0738123089731
2466980.0, 16741298.0, 1, 0.0679744526681
2710608.0, 10796588.0, 1, 0.0633663066958
2491168.0, 16725824.0, 1, 0.0573290548151
3225810.0, 3901172.0, 1, 0.0519482731547
2669980.0, 12094682.0, 1, 0.0499796487921
2931800.0, 9033356.0, 1, 0.0477559849889
2930040.0, 9610948.0, 1, 0.0462743816192
2997880.0, 9031936.0, 1, 0.0121520490148
2930040.0, 9610948.0, 1, 0.0115091887142
3004136.0, 9030198.0, 1, 0.0110335445118
3004136.0, 9030198.0, 1, 0.0011075388029
2931800.0, 9033356.0, 1, 0.000381337438307
2931800.0, 9033356.0, 1, 0.0
2931800.0, 9033356.0, 1, 0.0
2931800.0, 9033356.0, 1, 0.0
8761618.0, 2810074.0, 2, inf
2981470.0, 18096022.0, 2, inf
2498570.0, 16747974.0, 2, inf
8343706.0, 2813118.0, 2, 0.484893203801
3734682.0, 7976312.0, 2, 0.455457757587
5738114.0, 2842792.0, 2, 0.416251887926
2771878.0, 11804758.0, 2, 0.348158081276
4479322.0, 3555210.0, 2, 0.337695905188
4749732.0, 2846242.0, 2, 0.195760270079
5738114.0, 2842792.0, 2, 0.159752919792
4020386.0, 3381806.0, 2, 0.137929106591
2904958.0, 10484236.0, 2, 0.106985940146
4345360.0, 9367260.0, 2, 0.0894908467954
3120396.0, 9035308.0, 2, 0.0693994415592
2737820.0, 11515610.0, 2, 0.0678244431625
2774516.0, 11364856.0, 2, 0.060322234002
4732906.0, 3464164.0, 2, 0.0545194769176
3413170.0, 9600134.0, 2, 0.0518356016254
3216894.0, 9902972.0, 2, 0.0507181897907
4466644.0, 9318742.0, 2, 0.0401016154645
3361026.0, 9685656.0, 2, 0.0347709619596
3120396.0, 9035308.0, 2, 0.0339496417521
2788046.0, 11435048.0, 2, 0.0304655032375
3259238.0, 9763602.0, 2, 0.0282132769256
3413170.0, 9600134.0, 2, 0.023560173421
3044046.0, 10201556.0, 2, 0.0211145727235
3044046.0, 10201556.0, 2, 0.0187802013632
3076874.0, 11368280.0, 2, 0.0162437211953
3034142.0, 9765146.0, 2, 0.0157708341648
3002376.0, 9607790.0, 2, 0.0140047743423
3045846.0, 9321344.0, 2, 0.00841556358369
3119642.0, 11366858.0, 2, 0.00717300926035
11760796.0, 4306304.0, 3, inf
3180584.0, 10505074.0, 3, inf
8348770.0, 17682076.0, 3, inf
10826466.0, 2997766.0, 3, inf
6988196.0, 9107426.0, 3, 0.23530725151
6835144.0, 6557266.0, 3, 0.228435622235
9657220.0, 3073278.0, 3, 0.21938364788
3994716.0, 13955048.0, 3, 0.187730944857
5558480.0, 14941750.0, 3, 0.18404234657
9189930.0, 11465184.0, 3, 0.143349202361
3203386.0, 16821302.0, 3, 0.136983568036
5143092.0, 5942552.0, 3, 0.124743950026
3711002.0, 12678588.0, 3, 0.115840142177
7992056.0, 12357272.0, 3, 0.109291732089
5803400.0, 3908474.0, 3, 0.10885775794
7566048.0, 4429060.0, 3, 0.108396040014
6542442.0, 4828634.0, 3, 0.103731374933
3484384.0, 14790046.0, 3, 0.101508142136
11379270.0, 3974940.0, 3, 0.0962023478442
4880538.0, 6103946.0, 3, 0.0911549146796
8698166.0, 11479958.0, 3, 0.0907019393334
6666614.0, 16899952.0, 3, 0.0871228116328
10971720.0, 3986852.0, 3, 0.0869936330106
7148708.0, 3581146.0, 3, 0.0810838927393
6314616.0, 9674220.0, 3, 0.0786338501579
4345862.0, 12090776.0, 3, 0.0698947637622
6590572.0, 11016314.0, 3, 0.0666040091198
8489930.0, 10169654.0, 3, 0.0663899823618
8270502.0, 3620186.0, 3, 0.0638650341562
5411164.0, 4585986.0, 3, 0.0592336846007
4605922.0, 9605592.0, 3, 0.0567893058016
3211732.0, 11796774.0, 3, 0.0546821005096
4564068.0, 10699660.0, 3, 0.0532366029663
4244932.0, 10649220.0, 3, 0.0528131588604
6910894.0, 3418470.0, 3, 0.0481663087651
Generacion: 66
8383304.0, 2415896.0, 1, inf
8383304.0, 2415896.0, 1, inf
2369348.0, 17808138.0, 1, inf
6657354.0, 2439320.0, 1, 0.368914944075
3070250.0, 9029038.0, 1, 0.348052807232
3109740.0, 3943170.0, 1, 0.345038946206
5614718.0, 2473182.0, 1, 0.297903340886
7818624.0, 2435476.0, 1, 0.288512598345
2590462.0, 15611076.0, 1, 0.277483471841
2669980.0, 12094682.0, 1, 0.228745011935
3843816.0, 3207366.0, 1, 0.148695522995
2466980.0, 16741298.0, 1, 0.143696216611
4883818.0, 2485496.0, 1, 0.139249468172
4809246.0, 2555002.0, 1, 0.127280827844
4146592.0, 2557762.0, 1, 0.127233978939
2872928.0, 9786840.0, 1, 0.102448702747
2589002.0, 16158518.0, 1, 0.0939606040878
3407714.0, 3215066.0, 1, 0.0932711673277
2776722.0, 10795458.0, 1, 0.0925916528733
4051608.0, 2574304.0, 1, 0.0925489014264
3266428.0, 3534550.0, 1, 0.0748217717984
2708848.0, 11374202.0, 1, 0.0532687541057
2669980.0, 12094682.0, 1, 0.0507507610468
2710608.0, 10796588.0, 1, 0.0485197363673
2931800.0, 9033356.0, 1, 0.0485126535592
2930040.0, 9610948.0, 1, 0.0470214554194
2671740.0, 11517034.0, 1, 0.0436988305039
3225810.0, 3901172.0, 1, 0.0378286355414
3407714.0, 3215066.0, 1, 0.0239932739078
3197672.0, 3940842.0, 1, 0.0171985965022
3004136.0, 9030198.0, 1, 0.0122219530011
2930040.0, 9610948.0, 1, 0.0117199677604
2997880.0, 9031936.0, 1, 0.011100689792
2671740.0, 11517034.0, 1, 0.00957213250677
3109740.0, 3943170.0, 1, 0.0067176382593
3197672.0, 3940842.0, 1, 0.00483002883882
2997880.0, 9031936.0, 1, 0.00113250131882
2931800.0, 9033356.0, 1, 0.000384906890124
2710608.0, 10796588.0, 1, 0.000366066230004
2466010.0, 18361620.0, 2, inf
9440650.0, 2428180.0, 2, inf
2468776.0, 19751738.0, 2, inf
6753854.0, 2441644.0, 2, 0.568462914774
2709708.0, 15601594.0, 2, 0.29455539383
2771878.0, 11804758.0, 2, 0.24112421056
5500534.0, 2489550.0, 2, 0.234046939356
4038178.0, 8021542.0, 2, 0.200011207645
3019928.0, 16239256.0, 2, 0.177664572863
4895788.0, 4579092.0, 2, 0.166891258929
3973638.0, 5818856.0, 2, 0.165325898403
3538164.0, 3415232.0, 2, 0.119244928872
4168162.0, 5231710.0, 2, 0.113156038192
3634892.0, 9869940.0, 2, 0.108790456694
4539858.0, 2579814.0, 2, 0.097053161418
3182900.0, 11079574.0, 2, 0.092571802736
5146996.0, 2505068.0, 2, 0.0914703280889
3120396.0, 9035308.0, 2, 0.0902325362761
3948022.0, 5381438.0, 2, 0.0824611635117
4073668.0, 2896836.0, 2, 0.0665200113388
4714322.0, 2572078.0, 2, 0.055346727149
2899212.0, 10798832.0, 2, 0.054652054723
3045846.0, 9321344.0, 2, 0.0528857834939
2916114.0, 10484506.0, 2, 0.051785521565
3543630.0, 3409324.0, 2, 0.0437928671291
3044046.0, 10201556.0, 2, 0.0391917718101
2737820.0, 11515610.0, 2, 0.0341093541564
3076874.0, 11368280.0, 2, 0.0193909776094
2774516.0, 11364856.0, 2, 0.0180761354131
2774516.0, 11364856.0, 2, 0.0168460915718
2813836.0, 11964086.0, 3, inf
13538178.0, 3980360.0, 3, inf
3084398.0, 16053864.0, 3, inf
5738114.0, 2842792.0, 3, inf
10595872.0, 4705536.0, 3, 0.420525554645
13008886.0, 3067876.0, 3, 0.294980571486
3994716.0, 13955048.0, 3, 0.288176070708
9013506.0, 3323714.0, 3, 0.244617936619
5322982.0, 7026858.0, 3, 0.196577067554
6733824.0, 14941050.0, 3, 0.185062010215
5921026.0, 12541276.0, 3, 0.124501011259
7992056.0, 12357272.0, 3, 0.117329817812
6882838.0, 8489944.0, 3, 0.114133764554
4226834.0, 10582346.0, 3, 0.113472850716
4436010.0, 9797698.0, 3, 0.107278721777
5419862.0, 9402680.0, 3, 0.101394208328
6876368.0, 5919576.0, 3, 0.0939883007202
7451264.0, 5240286.0, 3, 0.0934458692145
4747968.0, 5212606.0, 3, 0.090804601911
8306698.0, 4494818.0, 3, 0.0890455802766
6898860.0, 8506980.0, 3, 0.0855232906165
5928770.0, 11344210.0, 3, 0.0844122422864
5825632.0, 3479560.0, 3, 0.0639232719808
5239454.0, 4354070.0, 3, 0.0625448896916
7095210.0, 4307348.0, 3, 0.0616079193535
5326512.0, 5342322.0, 3, 0.0518326933581
7059088.0, 11070858.0, 3, 0.0501483211197
5269628.0, 5815338.0, 3, 0.0497970920957
8241004.0, 4578830.0, 3, 0.0452891555189
5304898.0, 10753176.0, 3, 0.0419525057592
4678120.0, 9594830.0, 3, 0.0344963816503
Generacion: 67
8383304.0, 2415896.0, 1, inf
2466010.0, 18361620.0, 1, inf
8383304.0, 2415896.0, 1, inf
3101228.0, 8022508.0, 1, 0.35588343542
3149268.0, 3567154.0, 1, 0.332948753793
2662876.0, 15607762.0, 1, 0.320650134029
6598854.0, 2417386.0, 1, 0.319810430533
5451514.0, 2478718.0, 1, 0.299009671378
4772480.0, 2553104.0, 1, 0.225483880734
2669980.0, 12094682.0, 1, 0.220612296347
2491168.0, 16725824.0, 1, 0.205971572515
6497526.0, 2433774.0, 1, 0.197742358877
4073668.0, 2896836.0, 1, 0.167296017911
4146592.0, 2557762.0, 1, 0.139652923473
3402756.0, 3220954.0, 1, 0.114049697329
2807700.0, 9788770.0, 1, 0.0840738257104
2776722.0, 10795458.0, 1, 0.0796112012273
3070250.0, 9029038.0, 1, 0.0742952639865
3293530.0, 3231608.0, 1, 0.0645496498132
2671740.0, 11517034.0, 1, 0.0517518159437
2708848.0, 11374202.0, 1, 0.0517496837107
2931800.0, 9033356.0, 1, 0.0477761273516
2710608.0, 10796588.0, 1, 0.0477650662076
2930040.0, 9610948.0, 1, 0.0423978332564
3402756.0, 3220954.0, 1, 0.0387851022269
2669980.0, 12094682.0, 1, 0.0374264360304
2893498.0, 9769524.0, 1, 0.0318266953363
3004136.0, 9030198.0, 1, 0.0124119940571
2997880.0, 9031936.0, 1, 0.0112762613968
2930040.0, 9610948.0, 1, 0.0102421682798
3070250.0, 9029038.0, 1, 0.00530791001034
2997880.0, 9031936.0, 1, 0.00114629210239
7012830.0, 2436006.0, 2, inf
2468776.0, 19751738.0, 2, inf
3197672.0, 3940842.0, 2, 0.481791468159
5664658.0, 2562522.0, 2, 0.407152140501
3192740.0, 9032462.0, 2, 0.325889581628
6657354.0, 2439320.0, 2, 0.303561388126
2926538.0, 16043138.0, 2, 0.290668039115
4050798.0, 3937294.0, 2, 0.287715356856
3128782.0, 12169966.0, 2, 0.261067511032
4809246.0, 2555002.0, 2, 0.247635501901
2851954.0, 18269166.0, 2, 0.188982666646
2914672.0, 16863614.0, 2, 0.144968772544
3003760.0, 11087876.0, 2, 0.14446835174
4380014.0, 3405832.0, 2, 0.137289185527
3045846.0, 9321344.0, 2, 0.134792152017
4571720.0, 2562674.0, 2, 0.130393325707
2737820.0, 11515610.0, 2, 0.0844224233231
4438036.0, 3464314.0, 2, 0.0728807552841
2813836.0, 11964086.0, 2, 0.046200848294
3076874.0, 11368280.0, 2, 0.0429535891812
2752820.0, 11747728.0, 2, 0.0426285901921
3197672.0, 3940842.0, 2, 0.00129027480171
3455166.0, 18089878.0, 3, inf
9999390.0, 2687822.0, 3, inf
9442954.0, 2449216.0, 3, inf
8294304.0, 3451774.0, 3, 0.417402458151
6795820.0, 2564012.0, 3, 0.25477898551
4786376.0, 9635642.0, 3, 0.244064698943
4489400.0, 11959604.0, 3, 0.185340931803
3753658.0, 16743330.0, 3, 0.180108244431
4052400.0, 13833438.0, 3, 0.175767017745
6002296.0, 3805168.0, 3, 0.173919177618
3631606.0, 15612986.0, 3, 0.14040036412
4747150.0, 7760926.0, 3, 0.140199466623
4808992.0, 6196856.0, 3, 0.135025743785
3787148.0, 8253716.0, 3, 0.132655861573
3644838.0, 14809988.0, 3, 0.132427365148
3534958.0, 12663202.0, 3, 0.122764285845
6677288.0, 2927388.0, 3, 0.108551891163
4221232.0, 4991846.0, 3, 0.0866432134066
4895788.0, 4579092.0, 3, 0.0763391461042
4426008.0, 12335014.0, 3, 0.0736397619608
5083832.0, 4340968.0, 3, 0.0601842439222
5738114.0, 2842792.0, 3, 0.0519185687352
4474960.0, 5347422.0, 3, 0.0516014320143
5612300.0, 3216438.0, 3, 0.0512865128738
5311034.0, 3972990.0, 3, 0.0487739385586
3948480.0, 5799140.0, 3, 0.0479457626538
3969212.0, 5762016.0, 3, 0.0447606546484
4661498.0, 2569468.0, 3, 0.0446035248445
5447968.0, 12088672.0, 3, 0.0431479727698
3837386.0, 4286224.0, 3, 0.0392900669799
6677288.0, 2927388.0, 3, 0.0365931362604
5527198.0, 2816218.0, 3, 0.0350191470346
5709044.0, 3294932.0, 3, 0.0342716196186
4856586.0, 4112028.0, 3, 0.0332898951174
5167108.0, 12117836.0, 3, 0.032975977957
4729492.0, 3497400.0, 3, 0.0328074248634
5257174.0, 5041328.0, 3, 0.0248188661365
4793780.0, 5106442.0, 3, 0.0230262711842
5196562.0, 3496746.0, 3, 0.0166798106677
7823044.0, 18907466.0, 4, inf
5324012.0, 11189328.0, 4, inf
10693690.0, 3525244.0, 4, inf
13015940.0, 5482110.0, 4, inf
11880806.0, 6141854.0, 4, 0.387910468358
5907392.0, 16908032.0, 4, 0.366237327339
12572232.0, 12128644.0, 4, 0.25696151934
Generacion: 68
6949694.0, 2411920.0, 1, inf
2328942.0, 18642252.0, 1, inf
5778146.0, 2476702.0, 1, 0.478580825122
4425044.0, 2549432.0, 1, 0.358087095895
2669980.0, 12094682.0, 1, 0.288005995027
3109740.0, 3943170.0, 1, 0.284904454354
2661416.0, 16155204.0, 1, 0.270390092115
3101228.0, 8022508.0, 1, 0.252721119197
3956508.0, 2926878.0, 1, 0.201838532197
6598854.0, 2417386.0, 1, 0.177950290836
3402756.0, 3220954.0, 1, 0.162253717446
2359984.0, 17839446.0, 1, 0.153422257131
2807700.0, 9788770.0, 1, 0.142129654616
4146592.0, 2557762.0, 1, 0.124653807263
2498570.0, 16747974.0, 1, 0.110406887957
2931800.0, 9033356.0, 1, 0.0877886419838
3149268.0, 3567154.0, 1, 0.0836164049121
3070250.0, 9029038.0, 1, 0.0831214576185
2776722.0, 10795458.0, 1, 0.0831068891183
6598854.0, 2417386.0, 1, 0.0795816739876
3293530.0, 3231608.0, 1, 0.0761890355292
3094848.0, 8023446.0, 1, 0.068719470851
2581652.0, 16172952.0, 1, 0.0585987753333
2552778.0, 16724692.0, 1, 0.0534090403682
2708848.0, 11374202.0, 1, 0.0528004818601
2710608.0, 10796588.0, 1, 0.0498966117946
2671740.0, 11517034.0, 1, 0.0436213734244
2997880.0, 9031936.0, 1, 0.0302287005108
2671740.0, 11517034.0, 1, 0.00918120327884
3101228.0, 8022508.0, 1, 0.00189991742484
2710608.0, 10796588.0, 1, 0.000450513111815
8383304.0, 2415896.0, 2, inf
2466010.0, 18361620.0, 2, inf
7122322.0, 2417508.0, 2, 0.542348325546
2569094.0, 17873020.0, 2, 0.449676659416
3288866.0, 8024772.0, 2, 0.405937270662
4772480.0, 2553104.0, 2, 0.397714449961
2813836.0, 11964086.0, 2, 0.370869618664
3837386.0, 4286224.0, 2, 0.370538691344
7960978.0, 2471776.0, 2, 0.221604719913
3121228.0, 10797460.0, 2, 0.105716664518
3045846.0, 9321344.0, 2, 0.105169939094
4226520.0, 2913560.0, 2, 0.103093630426
4438036.0, 3464314.0, 2, 0.0973631142258
3120396.0, 9035308.0, 2, 0.0940508482015
4571720.0, 2562674.0, 2, 0.079124936223
3965948.0, 3575934.0, 2, 0.077564565851
2752820.0, 11747728.0, 2, 0.0692741499122
3197672.0, 3940842.0, 2, 0.0680719934707
4241394.0, 3652512.0, 2, 0.0586297726165
2860336.0, 11518982.0, 2, 0.0557575047589
2815636.0, 11083852.0, 2, 0.0530208994805
2899212.0, 10798832.0, 2, 0.049310905039
3045846.0, 9321344.0, 2, 0.0427186843492
4772480.0, 2553104.0, 2, 0.0390279718146
2813836.0, 11964086.0, 2, 0.0238798724871
2813836.0, 11964086.0, 2, 0.0
10276756.0, 3280130.0, 3, inf
2845752.0, 17553084.0, 3, inf
4673548.0, 19611860.0, 3, inf
9442954.0, 2449216.0, 3, inf
3292406.0, 7981642.0, 3, 0.240188641994
4355570.0, 5398728.0, 3, 0.239205573565
8078432.0, 3351664.0, 3, 0.193481675098
4455666.0, 13226904.0, 3, 0.184168308232
8664976.0, 3852322.0, 3, 0.180145068074
6448098.0, 3230272.0, 3, 0.165845216347
3631606.0, 15612986.0, 3, 0.158482874577
7307348.0, 4045022.0, 3, 0.15197541032
4152810.0, 16907660.0, 3, 0.150990479898
3231408.0, 15244252.0, 3, 0.150473206035
10250890.0, 2699574.0, 3, 0.13768559091
5657138.0, 3601178.0, 3, 0.121393428471
3972234.0, 9376992.0, 3, 0.11230508483
3207354.0, 17862626.0, 3, 0.108554362531
9281404.0, 3465210.0, 3, 0.0978864044243
3110342.0, 12085602.0, 3, 0.0957540024178
3754308.0, 12761406.0, 3, 0.0881250743077
5041582.0, 4334492.0, 3, 0.0720751408633
6764912.0, 3658978.0, 3, 0.071734957647
4896040.0, 11558986.0, 3, 0.0649531940733
4649114.0, 10483668.0, 3, 0.0641452554732
3911934.0, 10898614.0, 3, 0.06236186227
3293760.0, 10300932.0, 3, 0.0565833673667
4773298.0, 4575718.0, 3, 0.0564186158083
6955862.0, 10190700.0, 3, 0.0560566570746
5311034.0, 3972990.0, 3, 0.0484057329191
7073302.0, 3587960.0, 3, 0.0471552943244
7008906.0, 2992302.0, 3, 0.046725748034
4720148.0, 9793966.0, 3, 0.0456385718831
5576772.0, 4572582.0, 3, 0.0441465167831
4073574.0, 4294052.0, 3, 0.0411666326369
5433530.0, 3977154.0, 3, 0.0328822445962
4858408.0, 9637804.0, 3, 0.0327820463043
3003760.0, 11087876.0, 3, 0.0322908997265
3194690.0, 17833584.0, 3, 0.0310908318173
3003760.0, 11087876.0, 3, 0.0299116934715
9336306.0, 3481150.0, 3, 0.0288921577755
3751232.0, 11361784.0, 3, 0.028393089802
5347236.0, 3659608.0, 3, 0.0277498452343
Generacion: 69
6949694.0, 2411920.0, 1, inf
2367888.0, 18355602.0, 1, inf
2367888.0, 18355602.0, 1, inf
6949694.0, 2411920.0, 1, inf
5553966.0, 2467816.0, 1, 0.431100500043
3109928.0, 4395008.0, 1, 0.366117241713
6598854.0, 2417386.0, 1, 0.308129824635
2590462.0, 15611076.0, 1, 0.272560736929
3101228.0, 8022508.0, 1, 0.228912054538
2669980.0, 12094682.0, 1, 0.220935064734
4641292.0, 2478828.0, 1, 0.22032922401
3733910.0, 4386846.0, 1, 0.21627327823
4073668.0, 2896836.0, 1, 0.157115972363
4571720.0, 2562674.0, 1, 0.150104303177
3917422.0, 3756718.0, 1, 0.140153342061
2469766.0, 17980106.0, 1, 0.129353605768
2498570.0, 16747974.0, 1, 0.0968582784124
3956508.0, 2926878.0, 1, 0.0880338607097
2769594.0, 10509192.0, 1, 0.0844018908681
3070250.0, 9029038.0, 1, 0.0829425665084
2589002.0, 16158518.0, 1, 0.0780715565958
2807700.0, 9788770.0, 1, 0.0678595886403
2710608.0, 10796588.0, 1, 0.0675121834295
3094848.0, 8023446.0, 1, 0.0644639678291
2930040.0, 9610948.0, 1, 0.0601081778922
2552778.0, 16724692.0, 1, 0.0567083291025
2671740.0, 11517034.0, 1, 0.0536721776344
2669980.0, 12094682.0, 1, 0.0535856921163
2931800.0, 9033356.0, 1, 0.05064927513
2708848.0, 11374202.0, 1, 0.0443273842068
2872928.0, 9786840.0, 1, 0.0378543941004
2997880.0, 9031936.0, 1, 0.0159857332121
3004136.0, 9030198.0, 1, 0.0159768464667
2708848.0, 11374202.0, 1, 0.00934266092147
3094848.0, 8023446.0, 1, 0.00542745746641
3101228.0, 8022508.0, 1, 0.00195764665382
2931800.0, 9033356.0, 1, 0.00047319149778
3101228.0, 8022508.0, 1, 0.0
2708848.0, 11374202.0, 1, 0.0
2708848.0, 11374202.0, 1, 0.0
2931800.0, 9033356.0, 1, 0.0
7025754.0, 2417478.0, 2, inf
2699650.0, 19025294.0, 2, inf
10250890.0, 2699574.0, 2, inf
2622040.0, 15617306.0, 2, inf
3440644.0, 8021498.0, 2, 0.314272065857
9431630.0, 2569004.0, 2, 0.279750144258
5675074.0, 2832702.0, 2, 0.255661647088
3081334.0, 15491038.0, 2, 0.239936587955
4394674.0, 4814032.0, 2, 0.239827673459
2752820.0, 11747728.0, 2, 0.235497781282
3031258.0, 18356924.0, 2, 0.221526113453
8211422.0, 3578936.0, 2, 0.183673539867
7016696.0, 4015144.0, 2, 0.18138620039
7449694.0, 2493406.0, 2, 0.119045979635
8211422.0, 3578936.0, 2, 0.116980272414
5311034.0, 3972990.0, 2, 0.113503536014
3753546.0, 11556082.0, 2, 0.0818852451495
3192740.0, 9032462.0, 2, 0.0768748446541
4741020.0, 4361498.0, 2, 0.0760448370574
4843934.0, 11399158.0, 2, 0.0693744031515
4462650.0, 4613092.0, 2, 0.0685936426358
3293760.0, 10300932.0, 2, 0.0672224944697
7307348.0, 4045022.0, 2, 0.066351644981
3065498.0, 9744116.0, 2, 0.0657707311955
5009546.0, 3294412.0, 2, 0.0618894494752
2776722.0, 10795458.0, 2, 0.0534708846331
4137328.0, 11618544.0, 2, 0.0515126384022
3118436.0, 9317638.0, 2, 0.0477994818126
7372842.0, 3232372.0, 2, 0.0445626136761
4020246.0, 11624348.0, 2, 0.0444156673182
3172990.0, 10508560.0, 2, 0.0330826811889
4978734.0, 10320854.0, 2, 0.0308694683204
2940978.0, 11747718.0, 2, 0.0298337196792
2845458.0, 10712794.0, 2, 0.028235114757
3120396.0, 9035308.0, 2, 0.0243222044422
4033050.0, 3262906.0, 2, 0.019082857801
4984058.0, 4746702.0, 2, 0.0161380012155
4781840.0, 11520388.0, 2, 0.0157239945824
2860336.0, 11518982.0, 2, 0.0106553216159
2860336.0, 11518982.0, 2, 0.00916514456681
7347144.0, 20144152.0, 3, inf
2883570.0, 18275690.0, 3, inf
11106226.0, 3410168.0, 3, inf
13216778.0, 4619086.0, 3, inf
10133080.0, 12568212.0, 3, 0.316131081482
4047570.0, 16439570.0, 3, 0.247985020305
6480796.0, 16163426.0, 3, 0.235106395891
12090320.0, 17116314.0, 3, 0.221357843358
4857644.0, 11552196.0, 3, 0.15607633323
11478926.0, 3904910.0, 3, 0.132813685337
7472814.0, 6669036.0, 3, 0.132199862951
9487848.0, 8206402.0, 3, 0.13110108516
6370486.0, 8747216.0, 3, 0.118246605084
5481756.0, 17540600.0, 3, 0.115857818292
5081248.0, 5261816.0, 3, 0.104907973197
6493192.0, 12279328.0, 3, 0.0983837965315
9510612.0, 17329426.0, 3, 0.0877973149654
8942768.0, 5363904.0, 3, 0.087536196069
10399934.0, 5774664.0, 3, 0.0832563605763
Generacion: 70
6949694.0, 2411920.0, 1, inf
2367888.0, 18355602.0, 1, inf
6949694.0, 2411920.0, 1, inf
3109740.0, 3943170.0, 1, 0.300466291288
3101228.0, 8022508.0, 1, 0.257251681483
6459918.0, 2451244.0, 1, 0.241482492724
2613712.0, 14539322.0, 1, 0.237140687179
5553966.0, 2467816.0, 1, 0.233828388241
2466980.0, 16741298.0, 1, 0.185917204512
5032234.0, 2546234.0, 1, 0.185268389111
3843816.0, 3207366.0, 1, 0.163810864097
3293530.0, 3231608.0, 1, 0.163616327772
2669980.0, 12094682.0, 1, 0.161812819175
4226520.0, 2913560.0, 1, 0.137936874941
4571720.0, 2562674.0, 1, 0.120719502033
5396084.0, 2477420.0, 1, 0.1187888194
6653034.0, 2442212.0, 1, 0.109362271293
2521342.0, 15358350.0, 1, 0.107095018967
2482346.0, 15789686.0, 1, 0.0986043161847
4567290.0, 2853044.0, 1, 0.0973493099992
3198266.0, 3569640.0, 1, 0.0847427194967
2997880.0, 9031936.0, 1, 0.0845601725756
3029654.0, 8025666.0, 1, 0.0773429155282
3956508.0, 2926878.0, 1, 0.0765237702891
2872928.0, 9786840.0, 1, 0.0723767819551
2851074.0, 10490116.0, 1, 0.0640719996348
2669980.0, 12094682.0, 1, 0.0574698067789
2710608.0, 10796588.0, 1, 0.0511130781163
2931800.0, 9033356.0, 1, 0.05064927513
2930040.0, 9610948.0, 1, 0.0486919683388
2708848.0, 11374202.0, 1, 0.0455731878474
2708848.0, 11374202.0, 1, 0.0447115122122
2845458.0, 10712794.0, 1, 0.0353789473223
3956508.0, 2926878.0, 1, 0.0254308567885
2776722.0, 10795458.0, 1, 0.0196144308925
3094848.0, 8023446.0, 1, 0.0158194232461
2776722.0, 10795458.0, 1, 0.0150728191173
2930040.0, 9610948.0, 1, 0.0114162095535
3029654.0, 8025666.0, 1, 0.00707406013289
3101228.0, 8022508.0, 1, 0.00191661479869
2931800.0, 9033356.0, 1, 0.00047319149778
2708848.0, 11374202.0, 1, 0.0
2708848.0, 11374202.0, 1, 0.0
2930040.0, 9610948.0, 1, 0.0
2930040.0, 9610948.0, 1, 0.0
3029654.0, 8025666.0, 1, 0.0
3029654.0, 8025666.0, 1, 0.0
3101228.0, 8022508.0, 1, 0.0
2669980.0, 12094682.0, 1, 0.0
2669980.0, 12094682.0, 1, 0.0
7025754.0, 2417478.0, 2, inf
7553878.0, 2463006.0, 2, inf
2498570.0, 16747974.0, 2, inf
2735914.0, 18349680.0, 2, inf
5769518.0, 2469228.0, 2, 0.40512896965
3525860.0, 13556008.0, 2, 0.320984700917
3109928.0, 4395008.0, 2, 0.301455705175
3070250.0, 9029038.0, 2, 0.299685721427
5009546.0, 3294412.0, 2, 0.244381422111
4354216.0, 4295970.0, 2, 0.184670927566
2589002.0, 16158518.0, 2, 0.181237570464
3917422.0, 3756718.0, 2, 0.157270871784
3397286.0, 16891808.0, 2, 0.141575499828
2768864.0, 12105422.0, 2, 0.119241903532
4661104.0, 9708872.0, 2, 0.111502521155
3293760.0, 10300932.0, 2, 0.109408241752
7025754.0, 2417478.0, 2, 0.107326812219
4651050.0, 2569516.0, 2, 0.106591025139
2871448.0, 16742000.0, 2, 0.0877891396636
4811156.0, 3745242.0, 2, 0.0776886953284
2589002.0, 16158518.0, 2, 0.0656837490892
3121228.0, 10797460.0, 2, 0.0623807884643
3189604.0, 12083368.0, 2, 0.0594982436381
3178218.0, 11506868.0, 2, 0.0566059747623
3070250.0, 9029038.0, 2, 0.0505192155731
3025630.0, 16825552.0, 2, 0.0483532776865
3733910.0, 4386846.0, 2, 0.0468586821259
4907154.0, 2563364.0, 2, 0.0455385725688
3182900.0, 11079574.0, 2, 0.0376308644717
3733910.0, 4386846.0, 2, 0.0368131502576
3179322.0, 11364598.0, 2, 0.027745674602
2589002.0, 16158518.0, 2, 0.0
12550766.0, 2796346.0, 3, inf
3166456.0, 8020548.0, 3, inf
6761248.0, 2477170.0, 3, inf
11437476.0, 18324442.0, 3, inf
9569222.0, 14491452.0, 3, 0.290408491649
3512348.0, 8018080.0, 3, 0.250908929756
10129974.0, 16393780.0, 3, 0.240505043583
5862490.0, 5178304.0, 3, 0.223207108275
8814404.0, 2925458.0, 3, 0.192894089549
10312798.0, 12984810.0, 3, 0.166799491678
4951268.0, 17547912.0, 3, 0.165994930465
5771640.0, 10146238.0, 3, 0.151652619991
7128654.0, 11769268.0, 3, 0.148682397813
3837966.0, 4408224.0, 3, 0.143458810852
5507970.0, 11697534.0, 3, 0.141831082291
7896788.0, 3496484.0, 3, 0.137502369531
4741020.0, 4361498.0, 3, 0.123781154798
7564994.0, 8961408.0, 3, 0.122267910429
Generacion: 71
2359984.0, 17839446.0, 1, inf
7025754.0, 2417478.0, 1, inf
3109928.0, 4395008.0, 1, 0.379096520083
2620044.0, 15355660.0, 1, 0.318698717956
2671740.0, 11517034.0, 1, 0.256859607702
5553966.0, 2467816.0, 1, 0.247457912211
3101228.0, 8022508.0, 1, 0.238509285281
5784834.0, 2442338.0, 1, 0.219941119596
4641292.0, 2478828.0, 1, 0.216672572224
3732016.0, 4261064.0, 1, 0.200582047741
6569386.0, 2432202.0, 1, 0.168736252719
4226520.0, 2913560.0, 1, 0.126004734646
2589002.0, 16158518.0, 1, 0.116316359758
2498570.0, 16747974.0, 1, 0.1105217952
2872928.0, 9786840.0, 1, 0.105795712627
2497100.0, 17559214.0, 1, 0.100476553925
6743302.0, 2423170.0, 1, 0.098766678685
4521444.0, 2850944.0, 1, 0.0967379935011
3748920.0, 3223908.0, 1, 0.0922862305554
3029654.0, 8025666.0, 1, 0.0791092615855
3956508.0, 2926878.0, 1, 0.0760583958074
2710608.0, 10796588.0, 1, 0.0722435164504
3004136.0, 9030198.0, 1, 0.0664772630086
2710608.0, 10796588.0, 1, 0.0658518681174
3843816.0, 3207366.0, 1, 0.0637518794227
2708848.0, 11374202.0, 1, 0.0550460261181
2931800.0, 9033356.0, 1, 0.0516152694749
4571720.0, 2562674.0, 1, 0.0498156066151
2930040.0, 9610948.0, 1, 0.0452844816306
6569386.0, 2432202.0, 1, 0.0379321206505
3956508.0, 2926878.0, 1, 0.0250164998397
2893498.0, 9769524.0, 1, 0.0236459265364
2671740.0, 11517034.0, 1, 0.0203414367901
2997880.0, 9031936.0, 1, 0.015708323153
3094848.0, 8023446.0, 1, 0.0140336499644
3732016.0, 4261064.0, 1, 0.0123082546967
2930040.0, 9610948.0, 1, 0.0106596903097
3029654.0, 8025666.0, 1, 0.00561314422335
3004136.0, 9030198.0, 1, 0.00558189010585
3094848.0, 8023446.0, 1, 0.00151135609406
2931800.0, 9033356.0, 1, 0.000469291782131
2930040.0, 9610948.0, 1, 0.0
3029654.0, 8025666.0, 1, 0.0
2606680.0, 16746040.0, 2, inf
3031258.0, 18356924.0, 2, inf
7553878.0, 2463006.0, 2, inf
5769518.0, 2469228.0, 2, 0.415033627132
4445776.0, 7034860.0, 2, 0.272313096082
3959624.0, 4424554.0, 2, 0.240313780476
3708380.0, 13740890.0, 2, 0.211710690166
3672698.0, 15602690.0, 2, 0.197002809839
5508012.0, 2486740.0, 2, 0.153875620933
5032234.0, 2546234.0, 2, 0.126275168578
3178926.0, 8000998.0, 2, 0.126015150433
3412662.0, 16725454.0, 2, 0.125584063416
3110342.0, 12085602.0, 2, 0.122199739757
3293760.0, 10300932.0, 2, 0.110787882568
2767034.0, 17546822.0, 2, 0.100044362112
4310272.0, 11404642.0, 2, 0.0882477647264
2688856.0, 14544364.0, 2, 0.0818970131379
3182900.0, 11079574.0, 2, 0.075604067572
4689596.0, 3464722.0, 2, 0.0747157345247
3397286.0, 16891808.0, 2, 0.072911633132
4053400.0, 9609436.0, 2, 0.0719019436836
4660372.0, 4152482.0, 2, 0.0707245034379
3407292.0, 9030236.0, 2, 0.0681838578817
4567290.0, 2853044.0, 2, 0.0640482071883
4544242.0, 3380418.0, 2, 0.0626088154199
2709182.0, 14528704.0, 2, 0.0600037036991
4907154.0, 2563364.0, 2, 0.0563678232636
2774516.0, 11364856.0, 2, 0.0560322119131
3224058.0, 9875252.0, 2, 0.0550050122411
3178218.0, 11506868.0, 2, 0.0546391381615
4813762.0, 11362946.0, 2, 0.0501439198342
2735614.0, 12085032.0, 2, 0.0481061852335
4053080.0, 9466328.0, 2, 0.0408049920397
4606782.0, 4322754.0, 2, 0.0359330893714
3120396.0, 9035308.0, 2, 0.0283120863971
3180596.0, 9262160.0, 2, 0.0275931614657
2638314.0, 16752716.0, 2, 0.0257819216471
4848870.0, 3457754.0, 2, 0.0241819239536
3180552.0, 9782848.0, 2, 0.017061949581
3932022.0, 16748072.0, 3, inf
4830536.0, 19740308.0, 3, inf
6336286.0, 2490234.0, 3, inf
14285662.0, 9429072.0, 3, inf
8439696.0, 6373524.0, 3, 0.292772966257
11849818.0, 18423356.0, 3, 0.23573637935
5059568.0, 9302598.0, 3, 0.202082716558
11428286.0, 15845830.0, 3, 0.183460076108
10633174.0, 3463610.0, 3, 0.183292893641
12767180.0, 3870420.0, 3, 0.160151970267
7999304.0, 13942582.0, 3, 0.149588802165
9929742.0, 11595796.0, 3, 0.136164633552
12180270.0, 14745298.0, 3, 0.124256098954
5844468.0, 16923154.0, 3, 0.120902947724
8974296.0, 5359518.0, 3, 0.107999197599
5921026.0, 12541276.0, 3, 0.104322673674
9083466.0, 14762562.0, 3, 0.102316923762
12644162.0, 11421808.0, 3, 0.0994750939348
Generacion: 72
2466980.0, 16741298.0, 1, inf
7025754.0, 2417478.0, 1, inf
3149268.0, 3567154.0, 1, 0.428008553318
2620044.0, 15355660.0, 1, 0.342188714766
3101228.0, 8022508.0, 1, 0.312444597381
4641292.0, 2478828.0, 1, 0.305660049472
5784834.0, 2442338.0, 1, 0.278762646551
2671740.0, 11517034.0, 1, 0.27651496268
5894434.0, 2423296.0, 1, 0.273940334364
3610668.0, 3492468.0, 1, 0.17747227959
2807700.0, 9788770.0, 1, 0.13861474548
4226520.0, 2913560.0, 1, 0.129224030996
3843816.0, 3207366.0, 1, 0.115348476739
2769594.0, 10509192.0, 1, 0.0916574142393
4521444.0, 2850944.0, 1, 0.0906725334021
3029654.0, 8025666.0, 1, 0.0844309494977
2589002.0, 16158518.0, 1, 0.082816957694
3956508.0, 2926878.0, 1, 0.0788110093725
3004136.0, 9030198.0, 1, 0.0772213674885
2931800.0, 9033356.0, 1, 0.0672334310675
2710608.0, 10796588.0, 1, 0.0632360627206
2671740.0, 11517034.0, 1, 0.0616369485728
2589002.0, 16158518.0, 1, 0.0474953608491
4521444.0, 2850944.0, 1, 0.0306609839014
2710608.0, 10796588.0, 1, 0.0285901772525
2931800.0, 9033356.0, 1, 0.027321366806
3956508.0, 2926878.0, 1, 0.0256495839577
2997880.0, 9031936.0, 1, 0.016087895918
3094848.0, 8023446.0, 1, 0.0159207457149
3101228.0, 8022508.0, 1, 0.0106034062655
3029654.0, 8025666.0, 1, 0.00575254417772
2710608.0, 10796588.0, 1, 0.0
3101228.0, 8022508.0, 1, 0.0
8129768.0, 2418976.0, 2, inf
2498570.0, 16747974.0, 2, inf
2501356.0, 17986782.0, 2, inf
6569386.0, 2432202.0, 2, 0.519156580745
2896598.0, 14534186.0, 2, 0.359753071709
5229666.0, 3757052.0, 2, 0.279166931548
3368298.0, 7977936.0, 2, 0.27484811476
3732016.0, 4261064.0, 2, 0.272845371854
3082230.0, 11517916.0, 2, 0.207753214331
3215390.0, 16700198.0, 2, 0.161442554493
4656522.0, 2823130.0, 2, 0.152562850819
4314856.0, 8627112.0, 2, 0.115624267116
4538996.0, 3621228.0, 2, 0.097981204088
3737262.0, 4017692.0, 2, 0.0959031424017
2851074.0, 10490116.0, 2, 0.0940066918183
5024716.0, 2483588.0, 2, 0.0891479434369
4089754.0, 8390646.0, 2, 0.0876253605766
3633318.0, 8948704.0, 2, 0.0832584727119
3494320.0, 9427738.0, 2, 0.0656994756756
3002376.0, 9607790.0, 2, 0.0623070963355
3137486.0, 17255644.0, 2, 0.0618766866269
5136644.0, 2492712.0, 2, 0.058205976209
4089754.0, 8390646.0, 2, 0.0551635108283
3034084.0, 10713080.0, 2, 0.0520445511512
2767034.0, 17546822.0, 2, 0.0487448202888
2737820.0, 11515610.0, 2, 0.0478195690892
3174352.0, 17701396.0, 2, 0.0356198890731
3112102.0, 11507954.0, 2, 0.0338054630652
3002376.0, 9607790.0, 2, 0.0303499431442
4573812.0, 3632582.0, 2, 0.0295951865155
3292406.0, 7981642.0, 2, 0.0286351151659
3114872.0, 9266138.0, 2, 0.0282075513314
3178926.0, 8000998.0, 2, 0.027790395843
3182900.0, 11079574.0, 2, 0.0277237493989
3182900.0, 11079574.0, 2, 0.0242475000293
3184064.0, 9317658.0, 2, 0.0161500391928
7712512.0, 2433274.0, 3, inf
13049258.0, 17359844.0, 3, inf
5412852.0, 19370958.0, 3, inf
3400706.0, 14555116.0, 3, inf
11279776.0, 3904878.0, 3, 0.232889248319
5850482.0, 7609354.0, 3, 0.206238676011
9686222.0, 14595946.0, 3, 0.188364394537
10875324.0, 19009630.0, 3, 0.182107951751
5322798.0, 5351600.0, 3, 0.164736721138
3598200.0, 13553006.0, 3, 0.156855978217
9074996.0, 3720052.0, 3, 0.137878839854
10276918.0, 2669520.0, 3, 0.136086229102
8128842.0, 11541844.0, 3, 0.134678128228
4016782.0, 10531968.0, 3, 0.122189101778
7222014.0, 18046952.0, 3, 0.116447589756
4599096.0, 16440722.0, 3, 0.109734604275
7117438.0, 9515564.0, 3, 0.105958503763
5598442.0, 12752000.0, 3, 0.0975519879475
4142854.0, 9684144.0, 3, 0.0966156389394
6038748.0, 4468156.0, 3, 0.0874657682815
4660724.0, 16889506.0, 3, 0.0863543060502
3530494.0, 15635642.0, 3, 0.0857335378711
5450066.0, 8698988.0, 3, 0.0817863015563
5028456.0, 4390928.0, 3, 0.0797436625042
6290780.0, 12216446.0, 3, 0.0795658651688
6311702.0, 2865474.0, 3, 0.0765669969264
6233372.0, 8225836.0, 3, 0.0761124755163
8896442.0, 2853582.0, 3, 0.0752478553857
8454296.0, 4427142.0, 3, 0.0739517112631
7586772.0, 5236460.0, 3, 0.0680519395935
6695630.0, 4048606.0, 3, 0.0674752119439
Generacion: 73
7025754.0, 2417478.0, 1, inf
2328942.0, 18642252.0, 1, inf
3293530.0, 3231608.0, 1, 0.411659307065
5477662.0, 2421724.0, 1, 0.377205335961
2669980.0, 12094682.0, 1, 0.359484946672
2491168.0, 16725824.0, 1, 0.350132759268
3292406.0, 7981642.0, 1, 0.304468346127
5271006.0, 2475908.0, 1, 0.181591405545
3843816.0, 3207366.0, 1, 0.159936665629
4641292.0, 2478828.0, 1, 0.155999511584
2428796.0, 17027890.0, 1, 0.126031618088
2930040.0, 9610948.0, 1, 0.111479670236
3956508.0, 2926878.0, 1, 0.0995901320882
2834788.0, 10506968.0, 1, 0.0895231147658
4521444.0, 2850944.0, 1, 0.0845885533429
2710608.0, 10796588.0, 1, 0.0829516071586
3029654.0, 8025666.0, 1, 0.0771523135222
3004136.0, 9030198.0, 1, 0.0687856007692
4226520.0, 2913560.0, 1, 0.0636132226542
4226520.0, 2913560.0, 1, 0.061347639272
2931800.0, 9033356.0, 1, 0.0501307467276
2671740.0, 11517034.0, 1, 0.0447787922319
2671740.0, 11517034.0, 1, 0.0438782384015
4544500.0, 2497306.0, 1, 0.0424041951016
2449122.0, 17012570.0, 1, 0.0318972241321
2769594.0, 10509192.0, 1, 0.031593884367
3244034.0, 8000558.0, 1, 0.0253540596761
3166456.0, 8020548.0, 1, 0.0178684606086
3101228.0, 8022508.0, 1, 0.0153596500312
3178926.0, 8000998.0, 1, 0.0150671160834
2997880.0, 9031936.0, 1, 0.0141762376567
3101228.0, 8022508.0, 1, 0.0140823584975
2769594.0, 10509192.0, 1, 0.0126958056551
4521444.0, 2850944.0, 1, 0.00876814492567
4544500.0, 2497306.0, 1, 0.00604773723308
3029654.0, 8025666.0, 1, 0.00562768754194
3178926.0, 8000998.0, 1, 0.00268211138685
2997880.0, 9031936.0, 1, 0.00141948777986
3178926.0, 8000998.0, 1, 0.0
3029654.0, 8025666.0, 1, 0.0
3129154.0, 18274576.0, 2, inf
2501356.0, 17986782.0, 2, inf
5894434.0, 2423296.0, 2, inf
10137274.0, 2759820.0, 2, inf
4830492.0, 8448374.0, 2, 0.347345442056
3304672.0, 15608612.0, 2, 0.338325978467
3591946.0, 11556406.0, 2, 0.306452316743
3293724.0, 4012454.0, 2, 0.288314646202
2914672.0, 16863614.0, 2, 0.150840561141
5330698.0, 2843738.0, 2, 0.126911477793
3129216.0, 10676326.0, 2, 0.1065140763
4187434.0, 3753384.0, 2, 0.104096949759
4273920.0, 11469360.0, 2, 0.101561636078
3666626.0, 4010626.0, 2, 0.0943289129505
3130056.0, 17233494.0, 2, 0.0750028755415
4538996.0, 3621228.0, 2, 0.0721686435084
5110588.0, 3368914.0, 2, 0.0719336666389
3180552.0, 9782848.0, 2, 0.0649383736242
3070250.0, 9029038.0, 2, 0.0629747584164
3320552.0, 9759084.0, 2, 0.0477764256362
4913646.0, 3210324.0, 2, 0.0426223586162
4677946.0, 9603058.0, 2, 0.0419752562219
3240888.0, 16904458.0, 2, 0.0372504671917
4965210.0, 3239698.0, 2, 0.0357963991986
3028924.0, 9621878.0, 2, 0.0302176152917
3187462.0, 9260788.0, 2, 0.0256484039399
3184064.0, 9317658.0, 2, 0.0189110506179
4639786.0, 2825788.0, 2, 0.0166912919941
3118436.0, 9317638.0, 2, 0.00989690084425
4656522.0, 2823130.0, 2, 0.00915911733516
3118436.0, 9317638.0, 2, 0.00140489125862
12400052.0, 3510804.0, 3, inf
6494768.0, 18513628.0, 3, inf
6569386.0, 2432202.0, 3, inf
2506010.0, 18099438.0, 3, inf
9343538.0, 12847992.0, 3, 0.385892147309
4977606.0, 16821172.0, 3, 0.272545596538
3340008.0, 18014164.0, 3, 0.190842223921
5850482.0, 7609354.0, 3, 0.178083285753
10592136.0, 8482732.0, 3, 0.156087957289
9999274.0, 12394054.0, 3, 0.147194083591
6251756.0, 6243754.0, 3, 0.146013556041
4319728.0, 17188216.0, 3, 0.136438884221
12293966.0, 4482504.0, 3, 0.122094458285
11279776.0, 3904878.0, 3, 0.111340783016
7870510.0, 11846058.0, 3, 0.10995464597
7118284.0, 10981402.0, 3, 0.105687419946
8657964.0, 3573738.0, 3, 0.102955615269
6179526.0, 5476082.0, 3, 0.0978982978439
7233276.0, 10388938.0, 3, 0.0950093142333
6372988.0, 9760114.0, 3, 0.091288246349
5443354.0, 8550734.0, 3, 0.089075312113
10964434.0, 3660148.0, 3, 0.0747793922146
9752228.0, 3518194.0, 3, 0.0701893045232
4660724.0, 16889506.0, 3, 0.0630276845162
5048198.0, 11354518.0, 3, 0.0604002803718
7651876.0, 4670550.0, 3, 0.0599988346228
5446608.0, 17383916.0, 3, 0.0596978687328
4838148.0, 18211840.0, 3, 0.0577833581065
7764152.0, 5073846.0, 3, 0.0563984059042
Generacion: 74
2367888.0, 18355602.0, 1, inf
7852020.0, 2418432.0, 1, inf
2491168.0, 16725824.0, 1, 0.390085804099
5477662.0, 2421724.0, 1, 0.358097096398
2671740.0, 11517034.0, 1, 0.333920163337
3149268.0, 3567154.0, 1, 0.332854212421
7215600.0, 2419944.0, 1, 0.322505335595
3111134.0, 8006310.0, 1, 0.280347348125
3843816.0, 3207366.0, 1, 0.168934556828
5271006.0, 2475908.0, 1, 0.156090340335
4115266.0, 2599206.0, 1, 0.143045144525
2428796.0, 17027890.0, 1, 0.1247420984
4641292.0, 2478828.0, 1, 0.119423166812
7245648.0, 2419760.0, 1, 0.116142407514
4402816.0, 2552114.0, 1, 0.103471108356
2930040.0, 9610948.0, 1, 0.0959319775243
3402756.0, 3220954.0, 1, 0.0810932601331
2671740.0, 11517034.0, 1, 0.0781316589232
3029654.0, 8025666.0, 1, 0.0760818721101
3004136.0, 9030198.0, 1, 0.0689336237373
3293530.0, 3231608.0, 1, 0.0679448849128
2904958.0, 10484236.0, 1, 0.067590772605
2710608.0, 10796588.0, 1, 0.0644191596186
2931800.0, 9033356.0, 1, 0.0482911258913
4641292.0, 2478828.0, 1, 0.0436679496068
2834788.0, 10506968.0, 1, 0.0429111579769
2776722.0, 10795458.0, 1, 0.0408161219783
3402756.0, 3220954.0, 1, 0.0207693323623
3101228.0, 8022508.0, 1, 0.0140674743218
2997880.0, 9031936.0, 1, 0.0121583620443
3111134.0, 8006310.0, 1, 0.00796988221426
2904958.0, 10484236.0, 1, 0.00599990987168
3029654.0, 8025666.0, 1, 0.00485121398979
3101228.0, 8022508.0, 1, 0.00200445537785
2997880.0, 9031936.0, 1, 0.00122984558461
2931800.0, 9033356.0, 1, 0.000410025784505
2997880.0, 9031936.0, 1, 0.0
6535572.0, 2490912.0, 2, inf
2460334.0, 17034570.0, 2, inf
5941638.0, 2427848.0, 2, inf
3023636.0, 18356774.0, 2, inf
2688856.0, 14544364.0, 2, 0.504612458041
3666626.0, 4010626.0, 2, 0.407733043173
4050798.0, 3937294.0, 2, 0.282562564755
3250500.0, 7997292.0, 2, 0.25846480304
3182900.0, 11079574.0, 2, 0.222682016659
3276560.0, 16915724.0, 2, 0.199862050308
5094278.0, 2549308.0, 2, 0.190562192547
3427894.0, 11044918.0, 2, 0.177123122548
4639786.0, 2825788.0, 2, 0.15904853424
5396084.0, 2477420.0, 2, 0.153874257357
4521444.0, 2850944.0, 2, 0.115941590333
3130056.0, 17233494.0, 2, 0.106613930703
4521444.0, 2850944.0, 2, 0.0972391127155
3180552.0, 9782848.0, 2, 0.0903120032045
3070250.0, 9029038.0, 2, 0.0883430383938
3166456.0, 8020548.0, 2, 0.0765311288033
5330698.0, 2843738.0, 2, 0.075637762
3028924.0, 9621878.0, 2, 0.0585467366898
3192740.0, 9032462.0, 2, 0.0522191586739
3244034.0, 8000558.0, 2, 0.0127917853293
3178926.0, 8000998.0, 2, 0.00308756668714
3178926.0, 8000998.0, 2, 0.00162632204132
3244034.0, 8000558.0, 2, 0.00161427850127
6361222.0, 18570768.0, 3, inf
10854926.0, 2960732.0, 3, inf
6632364.0, 2471886.0, 3, inf
3320552.0, 9759084.0, 3, inf
8884164.0, 2820286.0, 3, 0.387734945601
4500142.0, 7626610.0, 3, 0.308619277601
4281368.0, 13837692.0, 3, 0.295760171688
5477820.0, 3985450.0, 3, 0.262346240919
6693198.0, 16694696.0, 3, 0.257212491757
8082146.0, 12196072.0, 3, 0.178032714719
7640582.0, 10533804.0, 3, 0.155624132428
3625076.0, 17835318.0, 3, 0.148979283609
4686544.0, 12416662.0, 3, 0.126913274286
4116360.0, 10948544.0, 3, 0.111053448699
5576902.0, 3703200.0, 3, 0.106630127444
6228218.0, 3555172.0, 3, 0.0941728359162
4161076.0, 8392186.0, 3, 0.0929307889011
7095234.0, 3252134.0, 3, 0.0897193022088
3593470.0, 17975824.0, 3, 0.0861012529392
6372988.0, 9760114.0, 3, 0.0803389423821
6255056.0, 8789632.0, 3, 0.0652726342735
4273920.0, 11469360.0, 3, 0.064553106369
7711572.0, 2589002.0, 3, 0.060346584336
6603952.0, 9176164.0, 3, 0.0597834725732
7986142.0, 3481786.0, 3, 0.0559859106099
4272234.0, 11176356.0, 3, 0.0473282894239
4913646.0, 3210324.0, 3, 0.0453615473194
6820932.0, 9249348.0, 3, 0.0402673808089
6986446.0, 3230756.0, 3, 0.0390038153798
4606096.0, 9597364.0, 3, 0.0370131403475
4794020.0, 3643820.0, 3, 0.0367417080222
5310182.0, 9197864.0, 3, 0.028698940877
5160222.0, 3973036.0, 3, 0.0279340445895
6236340.0, 9467274.0, 3, 0.025179476056
5295842.0, 3790180.0, 3, 0.0241025752592
5009418.0, 3596954.0, 3, 0.0234739872697
Generacion: 75
7122322.0, 2417508.0, 1, inf
2367888.0, 18355602.0, 1, inf
5391750.0, 2474970.0, 1, 0.525682372054
3109740.0, 3943170.0, 1, 0.289645457021
3101228.0, 8022508.0, 1, 0.271003081244
2669980.0, 12094682.0, 1, 0.251719206792
2620044.0, 15355660.0, 1, 0.236034563985
4641292.0, 2478828.0, 1, 0.233015865025
3843816.0, 3207366.0, 1, 0.230722049175
2428796.0, 17027890.0, 1, 0.220331838124
4312468.0, 2570766.0, 1, 0.213443594345
2521342.0, 15358350.0, 1, 0.14514551254
2671740.0, 11517034.0, 1, 0.120429828343
3149268.0, 3567154.0, 1, 0.106943873771
2769594.0, 10509192.0, 1, 0.0976682104978
3407714.0, 3215066.0, 1, 0.0936206888416
3029654.0, 8025666.0, 1, 0.0836466096529
3402756.0, 3220954.0, 1, 0.076449914304
2904958.0, 10484236.0, 1, 0.0762531185306
3004136.0, 9030198.0, 1, 0.0643429341103
2930040.0, 9610948.0, 1, 0.0551626797896
2931800.0, 9033356.0, 1, 0.0501383209565
2930040.0, 9610948.0, 1, 0.0415152125066
2834788.0, 10506968.0, 1, 0.0151385210154
2834788.0, 10506968.0, 1, 0.0148983944739
2997880.0, 9031936.0, 1, 0.0140076518815
3004136.0, 9030198.0, 1, 0.00547624730215
3101228.0, 8022508.0, 1, 0.00198847040995
2997880.0, 9031936.0, 1, 0.00140491906278
2931800.0, 9033356.0, 1, 0.000459275480393
3004136.0, 9030198.0, 1, 0.0
7245648.0, 2419760.0, 2, inf
2818544.0, 11743746.0, 2, inf
3036690.0, 17979998.0, 2, inf
5396084.0, 2477420.0, 2, 0.571934895101
3315642.0, 7997112.0, 2, 0.458722039909
2846234.0, 15411950.0, 2, 0.432106491869
7215600.0, 2419944.0, 2, 0.421487516779
3972028.0, 3559966.0, 2, 0.398852151466
4702044.0, 2484824.0, 2, 0.221569850183
3953688.0, 3216706.0, 2, 0.171353657776
4359356.0, 3200706.0, 2, 0.14760899521
4521444.0, 2850944.0, 2, 0.12341394732
2957224.0, 10511140.0, 2, 0.116380015532
3028924.0, 9621878.0, 2, 0.0944137522619
3070250.0, 9029038.0, 2, 0.0919186565564
3111134.0, 8006310.0, 2, 0.0819376124958
3182900.0, 11079574.0, 2, 0.0783935746519
3078634.0, 10790666.0, 2, 0.0457661203112
3045846.0, 9321344.0, 2, 0.0456802506877
3187026.0, 8003152.0, 2, 0.0305750573859
3111134.0, 8006310.0, 2, 0.00754409539431
3111134.0, 8006310.0, 2, 0.0
3512348.0, 8018080.0, 3, inf
8956124.0, 2423438.0, 3, inf
4857850.0, 19946126.0, 3, inf
7691086.0, 3532188.0, 3, 0.354165741037
3520544.0, 8004946.0, 3, 0.29488689922
4604012.0, 13157022.0, 3, 0.278779111356
5251932.0, 4335878.0, 3, 0.224142884679
4290732.0, 16628408.0, 3, 0.218454093118
7118284.0, 10981402.0, 3, 0.212260944087
5373852.0, 16537948.0, 3, 0.21044069184
6676262.0, 9171992.0, 3, 0.182139359645
5397834.0, 3652838.0, 3, 0.150479491775
6118648.0, 3587974.0, 3, 0.141426530563
3973696.0, 9606388.0, 3, 0.139232266262
5080700.0, 11407502.0, 3, 0.109824286858
6130246.0, 12077986.0, 3, 0.0953956425549
4166588.0, 10900074.0, 3, 0.0898861301603
4565334.0, 3217826.0, 3, 0.0810702383393
5235942.0, 12060288.0, 3, 0.0697184014676
4296984.0, 10094826.0, 3, 0.0660663549006
6311702.0, 2865474.0, 3, 0.0605061583611
4824206.0, 10105354.0, 3, 0.0575946754461
6620198.0, 9831596.0, 3, 0.0534201083361
4697368.0, 3297766.0, 3, 0.052929232895
4073574.0, 4294052.0, 3, 0.0512067581461
6510402.0, 2644334.0, 3, 0.0501170465246
4794484.0, 4027326.0, 3, 0.0499312807776
6297238.0, 2708684.0, 3, 0.0447125064195
6537198.0, 11352892.0, 3, 0.0444861339364
5316466.0, 3827394.0, 3, 0.0251891776583
5330698.0, 2843738.0, 3, 0.0194894080579
5309916.0, 2556336.0, 3, 0.0144803518873
5306264.0, 4303716.0, 3, 0.013038392732
11531410.0, 17963472.0, 4, inf
13072084.0, 4003904.0, 4, inf
11601068.0, 3003218.0, 4, inf
5721976.0, 4280468.0, 4, inf
11342364.0, 17326786.0, 4, 0.455797433279
8143518.0, 12200620.0, 4, 0.37867683573
6911992.0, 8297176.0, 4, 0.341780140275
7131186.0, 6213612.0, 4, 0.204345773512
6038010.0, 4219916.0, 4, 0.177432370995
8980440.0, 3777670.0, 4, 0.153594299861
8614732.0, 5067846.0, 4, 0.149071803651
7395598.0, 9490586.0, 4, 0.146199260089
10017644.0, 4735036.0, 4, 0.137367357965
9586466.0, 10706598.0, 4, 0.116026801693
Generacion: 76
2328942.0, 18642252.0, 1, inf
8882256.0, 2410430.0, 1, inf
6949694.0, 2411920.0, 1, 0.348863241291
3094848.0, 8023446.0, 1, 0.263732562991
3109740.0, 3943170.0, 1, 0.257406864857
2367888.0, 18355602.0, 1, 0.231671784523
2620044.0, 15355660.0, 1, 0.223747378137
2521342.0, 15358350.0, 1, 0.223296193276
2669980.0, 12094682.0, 1, 0.219130168915
3407714.0, 3215066.0, 1, 0.204648996914
5941638.0, 2427848.0, 1, 0.196554916299
4226520.0, 2913560.0, 1, 0.177754163275
6598854.0, 2417386.0, 1, 0.154805133889
2735614.0, 12085032.0, 1, 0.112878435863
2769594.0, 10509192.0, 1, 0.107031620255
5271006.0, 2475908.0, 1, 0.105943656481
5333146.0, 2472814.0, 1, 0.105295638775
4641292.0, 2478828.0, 1, 0.102470854551
2930040.0, 9610948.0, 1, 0.0917951452677
3149268.0, 3567154.0, 1, 0.0903257870427
4312468.0, 2570766.0, 1, 0.0838746088358
3029654.0, 8025666.0, 1, 0.0718348321186
2916114.0, 10484506.0, 1, 0.0662130168743
3004136.0, 9030198.0, 1, 0.0628412145382
4634754.0, 2563272.0, 1, 0.055840809422
2931800.0, 9033356.0, 1, 0.0460234256428
3109740.0, 3943170.0, 1, 0.0254377980314
2851074.0, 10490116.0, 1, 0.0137937292964
2997880.0, 9031936.0, 1, 0.0112326354605
2834788.0, 10506968.0, 1, 0.0109864566251
2769594.0, 10509192.0, 1, 0.0053221776142
3029654.0, 8025666.0, 1, 0.00403067610367
3004136.0, 9030198.0, 1, 0.00400098134729
2834788.0, 10506968.0, 1, 0.00262216964877
3029654.0, 8025666.0, 1, 0.0
3109740.0, 3943170.0, 1, 0.0
2769594.0, 10509192.0, 1, 0.0
3004136.0, 9030198.0, 1, 0.0
3091064.0, 19952598.0, 2, inf
2589002.0, 16158518.0, 2, inf
9055392.0, 2416018.0, 2, inf
7911546.0, 2464830.0, 2, 0.57957903504
5331758.0, 2481512.0, 2, 0.447505760251
4089634.0, 7832246.0, 2, 0.293797274944
3907704.0, 15505674.0, 2, 0.288104153321
3959436.0, 3970708.0, 2, 0.284218466907
3579560.0, 12120776.0, 2, 0.262522119968
4371670.0, 2809080.0, 2, 0.136441220552
3180584.0, 10505074.0, 2, 0.131948152241
2818544.0, 11743746.0, 2, 0.131697676048
4702044.0, 2484824.0, 2, 0.119551561182
5024716.0, 2483588.0, 2, 0.0975714823446
3068044.0, 9598402.0, 2, 0.0847614343154
3953688.0, 3216706.0, 2, 0.0742404178308
3560852.0, 8954314.0, 2, 0.0665801958389
3440644.0, 8021498.0, 2, 0.0655487824753
3397270.0, 11842582.0, 2, 0.0574869364131
3184064.0, 9317658.0, 2, 0.0495179135064
2959994.0, 11808486.0, 2, 0.0442201155889
3520544.0, 8004946.0, 2, 0.0293815032772
3070250.0, 9029038.0, 2, 0.0211144521882
3118436.0, 9317638.0, 2, 0.0170085904195
3180596.0, 9262160.0, 2, 0.0169951960341
3440644.0, 8021498.0, 2, 0.00765146220601
8801450.0, 3301552.0, 3, inf
5638890.0, 2599080.0, 3, inf
3879634.0, 9637284.0, 3, inf
3933624.0, 17824000.0, 3, inf
4829642.0, 5810758.0, 3, 0.264009196382
7625298.0, 3302722.0, 3, 0.256682507205
6830452.0, 8006570.0, 3, 0.214692650361
6291200.0, 17465676.0, 3, 0.200233704805
6601880.0, 16588318.0, 3, 0.174349186299
4661976.0, 10099614.0, 3, 0.171579516196
7382324.0, 14022846.0, 3, 0.166152934479
5681284.0, 3205756.0, 3, 0.163659306737
4038610.0, 9487742.0, 3, 0.162148421579
5443278.0, 14987128.0, 3, 0.147768528697
5104192.0, 4365424.0, 3, 0.124243039355
4944890.0, 12658924.0, 3, 0.108446895869
7381150.0, 8499532.0, 3, 0.0963034413476
5068274.0, 11170608.0, 3, 0.0945428224819
7073558.0, 14924924.0, 3, 0.0873529193313
5235942.0, 12060288.0, 3, 0.0829454975171
6676262.0, 9171992.0, 3, 0.0816769485876
5490438.0, 3818788.0, 3, 0.0790766187285
7019390.0, 10404218.0, 3, 0.0783007698236
4998466.0, 16831598.0, 3, 0.0761838220226
6345980.0, 3690864.0, 3, 0.0740264822759
4720148.0, 9793966.0, 3, 0.064432543399
6614318.0, 10831124.0, 3, 0.0642424909501
7553186.0, 12582736.0, 3, 0.0638331302341
5290684.0, 2827678.0, 3, 0.0530414762418
4930260.0, 4289702.0, 3, 0.0530225092431
7137598.0, 3652784.0, 3, 0.0519853367018
5300880.0, 3497580.0, 3, 0.0510092194075
7486640.0, 8203608.0, 3, 0.049262337084
6607826.0, 8912796.0, 3, 0.0466954925902
4842466.0, 12115988.0, 3, 0.0406125890215
4005136.0, 10298012.0, 3, 0.0404704182273
Generacion: 77
6598854.0, 2417386.0, 1, inf
2328942.0, 18642252.0, 1, inf
2328942.0, 18642252.0, 1, inf
5477662.0, 2421724.0, 1, 0.462241784892
2589002.0, 16158518.0, 1, 0.340441473798
2669980.0, 12094682.0, 1, 0.322943089772
3094848.0, 8023446.0, 1, 0.270375595262
3956508.0, 2926878.0, 1, 0.266334796055
3109740.0, 3943170.0, 1, 0.260740211835
3266428.0, 3534550.0, 1, 0.228515713668
2510276.0, 17011454.0, 1, 0.213987178703
4641292.0, 2478828.0, 1, 0.200740232811
4146592.0, 2557762.0, 1, 0.187989285381
2708848.0, 11374202.0, 1, 0.1210490457
4641292.0, 2478828.0, 1, 0.119376724627
2769594.0, 10509192.0, 1, 0.0877984549282
3029654.0, 8025666.0, 1, 0.0771813456902
2916114.0, 10484506.0, 1, 0.0726800463268
2930040.0, 9610948.0, 1, 0.0707815555509
3004136.0, 9030198.0, 1, 0.0623253018186
3002376.0, 9607790.0, 1, 0.0531468749573
3149268.0, 3567154.0, 1, 0.050613796143
3004136.0, 9030198.0, 1, 0.0415754201854
2851074.0, 10490116.0, 1, 0.0358360162793
3109740.0, 3943170.0, 1, 0.0266629512544
3149268.0, 3567154.0, 1, 0.0112668417623
3029654.0, 8025666.0, 1, 0.00611306259183
2930040.0, 9610948.0, 1, 0.00345606504018
4641292.0, 2478828.0, 1, 0.0
3004136.0, 9030198.0, 1, 0.0
3029654.0, 8025666.0, 1, 0.0
2802498.0, 18091642.0, 2, inf
5941638.0, 2427848.0, 2, inf
2694506.0, 15613888.0, 2, inf
7724406.0, 2432072.0, 2, inf
3933786.0, 5019448.0, 2, 0.348261256279
3241584.0, 14486224.0, 2, 0.230149962444
3341074.0, 16239924.0, 2, 0.207833806695
3879634.0, 9637284.0, 2, 0.198898902091
5049732.0, 4369124.0, 2, 0.193383950899
3579560.0, 12120776.0, 2, 0.189751765342
3536086.0, 7498554.0, 2, 0.175062139763
2737820.0, 11515610.0, 2, 0.165313703918
5589318.0, 4338524.0, 2, 0.160541063565
4634754.0, 2563272.0, 2, 0.144216276021
4634754.0, 2563272.0, 2, 0.143766565718
3070250.0, 9029038.0, 2, 0.139610551057
5859298.0, 3529948.0, 2, 0.127782076415
3217284.0, 8027618.0, 2, 0.10827089162
5722070.0, 3948194.0, 2, 0.105295722662
3656964.0, 11890422.0, 2, 0.0982927460374
3502956.0, 7523030.0, 2, 0.0725467879197
3109928.0, 4395008.0, 2, 0.0634556659972
3180596.0, 9262160.0, 2, 0.0456169950192
3253220.0, 9257070.0, 2, 0.0346625738961
5920080.0, 2494252.0, 2, 0.024746110685
8945900.0, 2437804.0, 3, inf
10057812.0, 5298436.0, 3, inf
6291200.0, 17465676.0, 3, inf
4098234.0, 9796598.0, 3, inf
5944972.0, 15548478.0, 3, 0.205617838863
5255576.0, 14138428.0, 3, 0.178485479641
4692374.0, 12179778.0, 3, 0.168851705305
8791638.0, 4385096.0, 3, 0.141618939281
4136518.0, 12335350.0, 3, 0.14075435311
5370524.0, 10916990.0, 3, 0.138417201891
5367398.0, 16815294.0, 3, 0.134678327235
9747456.0, 2799084.0, 3, 0.130475431572
9188696.0, 5549828.0, 3, 0.126736561753
5131878.0, 7618610.0, 3, 0.120885258558
9430034.0, 9677124.0, 3, 0.107040569581
8015822.0, 8254276.0, 3, 0.106005348245
8211210.0, 6823584.0, 3, 0.102323472983
6959096.0, 14817828.0, 3, 0.101794910999
4160332.0, 9752242.0, 3, 0.101221194495
8259982.0, 6082302.0, 3, 0.0982741882545
7621070.0, 11711430.0, 3, 0.0974854575193
7514768.0, 6696588.0, 3, 0.0915573149212
6118648.0, 3587974.0, 3, 0.0774128139005
6892740.0, 15348824.0, 3, 0.0718451281838
4919190.0, 10206630.0, 3, 0.0708468945073
7369396.0, 9552638.0, 3, 0.068360951496
6486804.0, 8785068.0, 3, 0.0679313670154
7782314.0, 10431904.0, 3, 0.0628227589627
7203140.0, 2857134.0, 3, 0.0597092444203
8488716.0, 2842572.0, 3, 0.0586096517506
6697850.0, 3295620.0, 3, 0.0584996578112
8985594.0, 8459158.0, 3, 0.0564339745765
6676262.0, 9171992.0, 3, 0.0535948568016
5068274.0, 11170608.0, 3, 0.0518686326695
7911546.0, 2464830.0, 3, 0.0508066517123
7019390.0, 10404218.0, 3, 0.0503464193129
7801814.0, 11389432.0, 3, 0.0467588264939
8414504.0, 4119862.0, 3, 0.044651329768
6820682.0, 8691842.0, 3, 0.0423562846577
6015524.0, 2944112.0, 3, 0.0417377813789
6397718.0, 10278722.0, 3, 0.0384156595517
8465370.0, 9435616.0, 3, 0.0377818942793
5328198.0, 9854310.0, 3, 0.0375536942318
7856308.0, 11055590.0, 3, 0.0352892209798
Generacion: 78
2328942.0, 18642252.0, 1, inf
6598854.0, 2417386.0, 1, inf
2328942.0, 18642252.0, 1, inf
2589002.0, 16158518.0, 1, 0.483421591027
5477662.0, 2421724.0, 1, 0.462241784892
2669980.0, 12094682.0, 1, 0.322943089772
3109928.0, 4395008.0, 1, 0.298725119428
3832142.0, 3237582.0, 1, 0.266334796055
3094848.0, 8023446.0, 1, 0.242571135416
4641292.0, 2478828.0, 1, 0.200740232811
3266428.0, 3534550.0, 1, 0.168917764742
4146592.0, 2557762.0, 1, 0.157757072422
2708848.0, 11374202.0, 1, 0.1210490457
4641292.0, 2478828.0, 1, 0.119376724627
2930040.0, 9610948.0, 1, 0.0931134878143
3198266.0, 3569640.0, 1, 0.0896850977514
3004136.0, 9030198.0, 1, 0.0850248547807
3029654.0, 8025666.0, 1, 0.083294408282
2769594.0, 10509192.0, 1, 0.082945672155
4146592.0, 2557762.0, 1, 0.0785082055466
2916114.0, 10484506.0, 1, 0.0726800463268
2931800.0, 9033356.0, 1, 0.0531468749573
2851074.0, 10490116.0, 1, 0.0204307123759
2834788.0, 10506968.0, 1, 0.0202580866766
4641292.0, 2478828.0, 1, 0.0
6553702.0, 2426070.0, 2, inf
9528192.0, 2665844.0, 2, inf
2429040.0, 19229956.0, 2, inf
2770078.0, 12685026.0, 2, 0.415321188412
7656200.0, 2429670.0, 2, 0.376157387263
3408120.0, 4266178.0, 2, 0.352691062128
3166456.0, 8020548.0, 2, 0.298981556127
3341074.0, 16239924.0, 2, 0.274989187037
3203386.0, 16821302.0, 2, 0.200542171834
6875430.0, 2833752.0, 2, 0.175985767366
4848870.0, 3457754.0, 2, 0.175668077408
2957224.0, 10511140.0, 2, 0.145289108615
5769518.0, 2469228.0, 2, 0.134886307168
6476266.0, 3152848.0, 2, 0.13229909266
3917234.0, 3304880.0, 2, 0.118394232911
5389824.0, 3240786.0, 2, 0.104838691624
3070250.0, 9029038.0, 2, 0.103361201011
2957224.0, 10511140.0, 2, 0.100688595216
3180596.0, 9262160.0, 2, 0.0934019854167
4548850.0, 2563620.0, 2, 0.0806544962868
4156956.0, 3212164.0, 2, 0.0646633050911
4359356.0, 3200706.0, 2, 0.0587328290664
5559162.0, 2805246.0, 2, 0.0403552755969
5553966.0, 2467816.0, 2, 0.0262073698211
11492174.0, 3540724.0, 3, inf
7479218.0, 3378242.0, 3, inf
3461132.0, 16922054.0, 3, inf
3413170.0, 9600134.0, 3, inf
8465234.0, 3556038.0, 3, 0.410977540442
3992856.0, 15320468.0, 3, 0.390573206224
3911056.0, 11973654.0, 3, 0.291515683841
4137464.0, 10091266.0, 3, 0.197115499823
3762346.0, 7523138.0, 3, 0.19499148718
4902030.0, 11659640.0, 3, 0.170531310536
4637778.0, 9030140.0, 3, 0.155856484712
6491100.0, 3391310.0, 3, 0.140155466248
4677370.0, 5717050.0, 3, 0.139179440482
4761728.0, 7603716.0, 3, 0.123844481454
8184940.0, 3741072.0, 3, 0.103519961071
7733434.0, 3753054.0, 3, 0.0883189715649
4474960.0, 5347422.0, 3, 0.0848179840997
5869600.0, 3468364.0, 3, 0.0759723322819
5130068.0, 4380352.0, 3, 0.0733892748052
5538528.0, 3577804.0, 3, 0.0644775547043
6400660.0, 4637068.0, 3, 0.0572715326415
6063182.0, 3985198.0, 3, 0.0565165178935
5326512.0, 5342322.0, 3, 0.0532927815405
4678120.0, 9594830.0, 3, 0.0525268309311
6179728.0, 4003754.0, 3, 0.0459303372123
3454736.0, 9798154.0, 3, 0.0417960987801
5377966.0, 5705748.0, 3, 0.0401089516516
5459060.0, 4331276.0, 3, 0.0381870314632
4605922.0, 9605592.0, 3, 0.0347739259146
4809584.0, 5041216.0, 3, 0.0342816026694
3933786.0, 5019448.0, 3, 0.0332474519107
7617034.0, 3998598.0, 3, 0.0328363271764
4790842.0, 4728050.0, 3, 0.0319293147952
6235808.0, 3555918.0, 3, 0.020413850651
4875206.0, 4354414.0, 3, 0.012593383323
5430066.0, 4339124.0, 3, 0.0117460051076
6235808.0, 3555918.0, 3, 0.00806329044771
4779720.0, 4354708.0, 3, 0.00551878017218
11907690.0, 16143482.0, 4, inf
4954952.0, 7784982.0, 4, inf
9272930.0, 4400766.0, 4, inf
12857498.0, 8833122.0, 4, inf
9779250.0, 13276126.0, 4, 0.369208125904
10656144.0, 8765842.0, 4, 0.278191366953
9450928.0, 10859568.0, 4, 0.256093179831
6482204.0, 7906770.0, 4, 0.255244855412
6767090.0, 13667206.0, 4, 0.242531564082
8039264.0, 15391688.0, 4, 0.226120808508
8512288.0, 6119666.0, 4, 0.221491637341
11873744.0, 4587120.0, 4, 0.176000623677
8030010.0, 9092504.0, 4, 0.146768592525
Generacion: 79
8556440.0, 2421442.0, 1, inf
2328942.0, 18642252.0, 1, inf
7656200.0, 2429670.0, 1, 0.484990588404
5553966.0, 2467816.0, 1, 0.338251691157
2521342.0, 15358350.0, 1, 0.314219507907
3109740.0, 3943170.0, 1, 0.303206538958
3101228.0, 8022508.0, 1, 0.25393709083
2669980.0, 12094682.0, 1, 0.201485146857
5553966.0, 2467816.0, 1, 0.148907157127
4641292.0, 2478828.0, 1, 0.147934209414
3266428.0, 3534550.0, 1, 0.146980259506
4359356.0, 3200706.0, 1, 0.134144956082
3748920.0, 3223908.0, 1, 0.112886519524
3843816.0, 3207366.0, 1, 0.0994530577858
2491168.0, 16725824.0, 1, 0.0939869897123
4412762.0, 2513364.0, 1, 0.0818655605063
2359984.0, 17839446.0, 1, 0.0815712395346
2807700.0, 9788770.0, 1, 0.0811401453012
3029654.0, 8025666.0, 1, 0.0725920156229
2428796.0, 17027890.0, 1, 0.0652898595351
2931800.0, 9033356.0, 1, 0.0624059023556
2669980.0, 12094682.0, 1, 0.059479550994
2769594.0, 10509192.0, 1, 0.0594461669562
2708848.0, 11374202.0, 1, 0.0592859099798
2930040.0, 9610948.0, 1, 0.0552532149059
2330402.0, 18094754.0, 1, 0.0544770160363
2769594.0, 10509192.0, 1, 0.0541679209922
2931800.0, 9033356.0, 1, 0.0513212987496
2671740.0, 11517034.0, 1, 0.0506583682596
4600616.0, 2501192.0, 1, 0.0388260375141
2466980.0, 16741298.0, 1, 0.0244293303789
2449122.0, 17012570.0, 1, 0.0237996836533
2708848.0, 11374202.0, 1, 0.0185599581346
3029654.0, 8025666.0, 1, 0.0158500738231
3094848.0, 8023446.0, 1, 0.0116879074486
2930040.0, 9610948.0, 1, 0.011245201996
4641292.0, 2478828.0, 1, 0.00721055714184
2931800.0, 9033356.0, 1, 0.0
2931800.0, 9033356.0, 1, 0.0
3029654.0, 8025666.0, 1, 0.0
4641292.0, 2478828.0, 1, 0.0
4641292.0, 2478828.0, 1, 0.0
2669980.0, 12094682.0, 1, 0.0
5769518.0, 2469228.0, 2, inf
2361980.0, 18101034.0, 2, inf
7936788.0, 2577196.0, 2, inf
2589002.0, 16158518.0, 2, 0.236682839285
3650996.0, 14312568.0, 2, 0.228486206281
4761728.0, 7603716.0, 2, 0.219463878539
4177052.0, 5379052.0, 2, 0.196375457878
3812478.0, 12990716.0, 2, 0.142577746815
5389824.0, 3240786.0, 2, 0.127966637269
3044046.0, 10201556.0, 2, 0.118291746515
3324374.0, 16943586.0, 2, 0.118290336256
4356996.0, 10964458.0, 2, 0.108319179687
3552388.0, 16855594.0, 2, 0.0962053167272
3217284.0, 8027618.0, 2, 0.0932962137808
4497260.0, 9245026.0, 2, 0.092230555322
4673736.0, 4657252.0, 2, 0.0900896291973
4066908.0, 9372614.0, 2, 0.0823858006548
4052786.0, 4285940.0, 2, 0.0820890236678
2774516.0, 11364856.0, 2, 0.0795627773353
4474960.0, 5347422.0, 2, 0.0713354152625
5183006.0, 3060792.0, 2, 0.0698032872875
4020078.0, 12111932.0, 2, 0.065842454132
3979714.0, 12759758.0, 2, 0.0645913883666
2860336.0, 11518982.0, 2, 0.0623801722748
4970938.0, 4536070.0, 2, 0.0614943292812
5559162.0, 2805246.0, 2, 0.0576421893973
3734682.0, 7976312.0, 2, 0.0560842946222
5630326.0, 2827868.0, 2, 0.0540811406022
5282700.0, 2601186.0, 2, 0.051687522094
3208916.0, 12343324.0, 2, 0.0480238459963
5040820.0, 4392674.0, 2, 0.0470008033226
2834788.0, 10506968.0, 2, 0.046097806166
3180596.0, 9262160.0, 2, 0.0377361894169
2916114.0, 10484506.0, 2, 0.0346712530904
3590656.0, 12770892.0, 2, 0.0324630191027
3315662.0, 10480118.0, 2, 0.0266777131533
3276560.0, 16915724.0, 2, 0.0232759218581
4548850.0, 2563620.0, 2, 0.0229479138831
4548850.0, 2563620.0, 2, 0.0152925881109
5010190.0, 2572156.0, 2, 0.0134038053036
10586944.0, 2772298.0, 3, inf
12571044.0, 9397118.0, 3, inf
4720740.0, 21049418.0, 3, inf
10401382.0, 12277282.0, 3, 0.43219153793
6409688.0, 17357664.0, 3, 0.321020431832
9985954.0, 17371996.0, 3, 0.23894166898
12558094.0, 18507124.0, 3, 0.223479239605
5353768.0, 10569318.0, 3, 0.20108593086
9019328.0, 3523870.0, 3, 0.182650344664
7823044.0, 18907466.0, 3, 0.173299066344
11476172.0, 4581740.0, 3, 0.14787939779
5016764.0, 6999696.0, 3, 0.146129132665
11448132.0, 3994936.0, 3, 0.119706354875
4900376.0, 7750104.0, 3, 0.102031100585
8674372.0, 3438222.0, 3, 0.101199958414
6127220.0, 8175326.0, 3, 0.0928249187891
8245228.0, 4448172.0, 3, 0.0903587152408
Generacion: 80
6553702.0, 2426070.0, 1, inf
2328942.0, 18642252.0, 1, inf
2328942.0, 18642252.0, 1, inf
2589002.0, 16158518.0, 1, 0.341003490396
4359356.0, 3200706.0, 1, 0.313339020058
3407714.0, 3215066.0, 1, 0.279282968688
3176174.0, 8000694.0, 1, 0.274910408202
3213146.0, 4019520.0, 1, 0.264553223154
2669980.0, 12094682.0, 1, 0.251020340486
5553966.0, 2467816.0, 1, 0.237078511711
5391750.0, 2474970.0, 1, 0.216708861074
4641292.0, 2478828.0, 1, 0.178772764749
2769594.0, 10509192.0, 1, 0.138758214607
2359984.0, 17839446.0, 1, 0.128943855031
2671740.0, 11517034.0, 1, 0.121350707116
2997880.0, 9031936.0, 1, 0.105207362118
2807700.0, 9788770.0, 1, 0.0933693721296
2449122.0, 17012570.0, 1, 0.0866337061852
2510276.0, 17011454.0, 1, 0.0857762242148
3266428.0, 3534550.0, 1, 0.0853666062788
3029654.0, 8025666.0, 1, 0.0851426576053
4544500.0, 2497306.0, 1, 0.0662870754034
2669980.0, 12094682.0, 1, 0.0547891811646
2995674.0, 9601300.0, 1, 0.0506464111333
4544500.0, 2497306.0, 1, 0.0449630335451
3225810.0, 3901172.0, 1, 0.0425183871088
5553966.0, 2467816.0, 1, 0.0409708427282
3094848.0, 8023446.0, 1, 0.0362212032498
2930040.0, 9610948.0, 1, 0.0295528192165
2930040.0, 9610948.0, 1, 0.026501270187
4641292.0, 2478828.0, 1, 0.0231485610478
2995674.0, 9601300.0, 1, 0.00111712109403
2930040.0, 9610948.0, 1, 0.0
6632364.0, 2471886.0, 2, inf
2429040.0, 19229956.0, 2, inf
6627512.0, 2469314.0, 2, inf
3610668.0, 3492468.0, 2, 0.388334014948
3368298.0, 7977936.0, 2, 0.340212016118
2801824.0, 15840798.0, 2, 0.281890440536
3180768.0, 12281676.0, 2, 0.256788634803
4011328.0, 3458878.0, 2, 0.237586672771
2677340.0, 17016648.0, 2, 0.230399131082
5236774.0, 2497880.0, 2, 0.219173313917
5920080.0, 2494252.0, 2, 0.216204345706
4600616.0, 2501192.0, 2, 0.210254494938
6139032.0, 2682204.0, 2, 0.201822828405
5000564.0, 3063006.0, 2, 0.13855715208
2771878.0, 11804758.0, 2, 0.135252135313
2957224.0, 10511140.0, 2, 0.130963435085
3150098.0, 8953482.0, 2, 0.120576291863
4848870.0, 3457754.0, 2, 0.118769552523
2839832.0, 16735376.0, 2, 0.104860341712
3217284.0, 8027618.0, 2, 0.10042412803
3109246.0, 9799682.0, 2, 0.0797837791513
2947700.0, 9763362.0, 2, 0.077898535119
3512348.0, 8018080.0, 2, 0.060625714156
2995338.0, 9791014.0, 2, 0.0383340720487
5575706.0, 18716336.0, 3, inf
2900088.0, 18479778.0, 3, inf
12826844.0, 3983900.0, 3, inf
7936788.0, 2577196.0, 3, inf
11330070.0, 3773526.0, 3, 0.277312632251
4825668.0, 6141412.0, 3, 0.17985179514
12766462.0, 4059926.0, 3, 0.165384175089
3926642.0, 13275218.0, 3, 0.159627552454
10017468.0, 4918002.0, 3, 0.150426229519
3397270.0, 11842582.0, 3, 0.148220198848
4735954.0, 7980792.0, 3, 0.140063805644
7018328.0, 11381968.0, 3, 0.13018874227
5652402.0, 15355906.0, 3, 0.122839075233
4665582.0, 16915514.0, 3, 0.120293794924
6526558.0, 9110342.0, 3, 0.112398463938
7743962.0, 10200480.0, 3, 0.105401504664
9258848.0, 5341830.0, 3, 0.102660699207
8661128.0, 4332598.0, 3, 0.100271845914
7418782.0, 3206478.0, 3, 0.0926065418851
4137320.0, 17156158.0, 3, 0.0887715946163
4502678.0, 17989906.0, 3, 0.0861598460233
8634758.0, 3768598.0, 3, 0.0794763557417
3340704.0, 9603552.0, 3, 0.0757672401259
3668986.0, 15247974.0, 3, 0.075353304413
4380840.0, 14359326.0, 3, 0.0729145921832
4649114.0, 10483668.0, 3, 0.0722902791037
5288212.0, 5513160.0, 3, 0.0659576143516
6846842.0, 8244940.0, 3, 0.0651950251575
6224564.0, 4916758.0, 3, 0.0626092188695
7377318.0, 5976012.0, 3, 0.0612898204014
3856762.0, 13962696.0, 3, 0.0567569241856
5966026.0, 5505920.0, 3, 0.0543101237223
3308008.0, 18110538.0, 3, 0.0518780692944
9491844.0, 3668494.0, 3, 0.0518344463809
5769440.0, 5034552.0, 3, 0.0508405561167
9819078.0, 3774810.0, 3, 0.0494388554724
9469836.0, 3475688.0, 3, 0.0416485675673
4147026.0, 5803314.0, 3, 0.0409982839884
3647562.0, 8141650.0, 3, 0.0387017744683
6427472.0, 8192892.0, 3, 0.0365298525846
6707578.0, 4037188.0, 3, 0.0360767980658
6837922.0, 13998036.0, 3, 0.0343773273514
5424254.0, 5031204.0, 3, 0.0336739899458
Generacion: 81
2328942.0, 18642252.0, 1, inf
8129768.0, 2418976.0, 1, inf
6444102.0, 2445112.0, 1, 0.421341868009
7980906.0, 2419738.0, 1, 0.292201703482
3148862.0, 4390194.0, 1, 0.284066510841
3094848.0, 8023446.0, 1, 0.235191785572
2620044.0, 15355660.0, 1, 0.230457981645
3956508.0, 2926878.0, 1, 0.219503420793
2669980.0, 12094682.0, 1, 0.212320730185
2807700.0, 9788770.0, 1, 0.162491506248
5333146.0, 2472814.0, 1, 0.158013957332
2771878.0, 11804758.0, 1, 0.153968053834
5553966.0, 2467816.0, 1, 0.153757946638
4641292.0, 2478828.0, 1, 0.142608280195
3407714.0, 3215066.0, 1, 0.133073781084
2330402.0, 18094754.0, 1, 0.121171063141
2449122.0, 17012570.0, 1, 0.112094943578
4453934.0, 2579984.0, 1, 0.10945740048
3004136.0, 9030198.0, 1, 0.102979600821
2589002.0, 16158518.0, 1, 0.085830096397
3029654.0, 8025666.0, 1, 0.0776937966687
2491168.0, 16725824.0, 1, 0.0767574286645
3149268.0, 3567154.0, 1, 0.0730088657192
2590462.0, 15611076.0, 1, 0.0548393387526
2995674.0, 9601300.0, 1, 0.0485706854909
3266428.0, 3534550.0, 1, 0.045552215822
3293530.0, 3231608.0, 1, 0.0440491264618
2930040.0, 9610948.0, 1, 0.0439603146919
5553966.0, 2467816.0, 1, 0.0394664632641
4512450.0, 2491132.0, 1, 0.0362097210853
2735614.0, 12085032.0, 1, 0.0354369855574
4466354.0, 2577016.0, 1, 0.0155643512278
3094848.0, 8023446.0, 1, 0.00944827297033
2669980.0, 12094682.0, 1, 0.00920325358792
5553966.0, 2467816.0, 1, 0.0
2429040.0, 19229956.0, 2, inf
2429040.0, 19229956.0, 2, inf
6627512.0, 2469314.0, 2, inf
5676694.0, 2468814.0, 2, inf
3225810.0, 3901172.0, 2, 0.451981763728
5626420.0, 2600502.0, 2, 0.319561008918
2972112.0, 14530220.0, 2, 0.294531680234
2833582.0, 12094972.0, 2, 0.283027016632
4544500.0, 2497306.0, 2, 0.263850611159
3217284.0, 8027618.0, 2, 0.262193708669
3969316.0, 3454150.0, 2, 0.213750676419
2545212.0, 18539842.0, 2, 0.213422521296
3981058.0, 3333568.0, 2, 0.187928594005
2957224.0, 10511140.0, 2, 0.163907896889
2775676.0, 16742624.0, 2, 0.163326794054
2703008.0, 16746486.0, 2, 0.162117622717
4544500.0, 2497306.0, 2, 0.135871734262
3150098.0, 8953482.0, 2, 0.131457233473
3109246.0, 9799682.0, 2, 0.0852091320825
3029624.0, 9900728.0, 2, 0.0751097045053
3217284.0, 8027618.0, 2, 0.0572694570231
3217284.0, 8027618.0, 2, 0.0
7082344.0, 2588856.0, 3, inf
12141030.0, 3074462.0, 3, inf
2856790.0, 18538706.0, 3, inf
3212232.0, 13486036.0, 3, 0.286216664091
3456566.0, 17015596.0, 3, 0.27009825083
4063606.0, 7098746.0, 3, 0.224899388537
9731900.0, 3919406.0, 3, 0.190689207914
8307596.0, 3627804.0, 3, 0.182300334253
10729448.0, 2997862.0, 3, 0.173858080715
4501154.0, 8824472.0, 3, 0.161000644325
11063374.0, 3704342.0, 3, 0.156901147037
3770492.0, 9933892.0, 3, 0.154548607333
6269898.0, 4767424.0, 3, 0.141712906363
4384592.0, 11362104.0, 3, 0.133272878783
3576890.0, 5069404.0, 3, 0.131022690669
9104566.0, 3674118.0, 3, 0.109549798855
8735658.0, 4054594.0, 3, 0.099591390754
5732100.0, 4259494.0, 3, 0.0991442324659
5611160.0, 11922702.0, 3, 0.0844151282688
3368298.0, 7977936.0, 3, 0.0824554554884
6235808.0, 3555918.0, 3, 0.0822413683254
5102550.0, 9475690.0, 3, 0.0783145036869
3586806.0, 17599498.0, 3, 0.0772346919256
5148212.0, 12976408.0, 3, 0.0763550617064
3440644.0, 8021498.0, 3, 0.0625821505845
3654840.0, 12369058.0, 3, 0.0604505117045
5295842.0, 3790180.0, 3, 0.0603820733472
4175152.0, 18181536.0, 3, 0.0599855337399
3615274.0, 9461824.0, 3, 0.0481570006131
4322438.0, 9599316.0, 3, 0.0431915339329
2900088.0, 18479778.0, 3, 0.0417693706788
4211576.0, 5065488.0, 3, 0.0347971813745
4436952.0, 13254844.0, 3, 0.0341756676848
4165486.0, 18477078.0, 3, 0.0307132875392
4345862.0, 12090776.0, 3, 0.0290261912577
5730260.0, 3213350.0, 3, 0.0250158096433
4446180.0, 12278888.0, 3, 0.0243624708697
3553898.0, 18532662.0, 3, 0.0166546070841
5725982.0, 3167430.0, 3, 0.014167367995
4425534.0, 4040180.0, 3, 0.014115481023
5655420.0, 3751642.0, 3, 0.0103340065921
5679572.0, 3668532.0, 3, 0.0103188728952
5657138.0, 3601178.0, 3, 0.00710839927053
Generacion: 82
2328942.0, 18642252.0, 1, inf
8514064.0, 2412766.0, 1, inf
7122322.0, 2417508.0, 1, 0.31776773483
3109740.0, 3943170.0, 1, 0.304329682128
3094848.0, 8023446.0, 1, 0.264496245571
2709182.0, 14528704.0, 1, 0.220208979993
6553702.0, 2426070.0, 1, 0.217772715279
2735614.0, 12085032.0, 1, 0.178408618606
2620044.0, 15355660.0, 1, 0.170626418699
3266428.0, 3534550.0, 1, 0.169883289429
4641292.0, 2478828.0, 1, 0.163158193936
2810486.0, 11025466.0, 1, 0.160312989919
5784834.0, 2442338.0, 1, 0.144426885887
2491168.0, 16725824.0, 1, 0.129726952082
3917234.0, 3304880.0, 1, 0.127168401512
2412022.0, 18268538.0, 1, 0.119845384725
2931800.0, 9033356.0, 1, 0.113784547524
5271006.0, 2475908.0, 1, 0.112228337524
4448820.0, 2966502.0, 1, 0.106512440449
2930040.0, 9610948.0, 1, 0.0874418427051
2449122.0, 17012570.0, 1, 0.0841859588466
2752820.0, 11747728.0, 1, 0.0773916567433
5676694.0, 2468814.0, 1, 0.0749059639313
3029654.0, 8025666.0, 1, 0.0726305298003
5333146.0, 2472814.0, 1, 0.0660280511462
2930040.0, 9610948.0, 1, 0.0549183379745
4214730.0, 3217124.0, 1, 0.0536544563512
3933568.0, 3221218.0, 1, 0.0535058423177
4260816.0, 3209118.0, 1, 0.0532896596357
2449122.0, 17012570.0, 1, 0.0236664769117
3029654.0, 8025666.0, 1, 0.0159576562719
2449122.0, 17012570.0, 1, 0.0
2443560.0, 18275218.0, 2, inf
8672028.0, 2418646.0, 2, inf
7398362.0, 2431440.0, 2, 0.520852046811
2661416.0, 16155204.0, 2, 0.445263167009
3973638.0, 5818856.0, 2, 0.430394459406
5451514.0, 2478718.0, 2, 0.419286764284
2771878.0, 11804758.0, 2, 0.310293474608
4807264.0, 2483416.0, 2, 0.221349292461
3303030.0, 9266132.0, 2, 0.207463687141
3299600.0, 3760050.0, 2, 0.172747910836
2533468.0, 18258156.0, 2, 0.168676851307
3178926.0, 8000998.0, 2, 0.167110214195
3044046.0, 10201556.0, 2, 0.155744943257
4365730.0, 3224346.0, 2, 0.129694712799
2771878.0, 11804758.0, 2, 0.118841487931
4317882.0, 3294050.0, 2, 0.0967359471735
3217284.0, 8027618.0, 2, 0.0861912038848
2995674.0, 9601300.0, 2, 0.0585539498398
3218820.0, 9784642.0, 2, 0.05066214178
3002376.0, 9607790.0, 2, 0.0193288001109
2928192.0, 18552404.0, 3, inf
6535572.0, 2490912.0, 3, inf
2772820.0, 16055360.0, 3, inf
13088600.0, 3088552.0, 3, inf
5474790.0, 9453968.0, 3, 0.291157759158
4568872.0, 5403754.0, 3, 0.284532051595
12090124.0, 3089770.0, 3, 0.275019510632
10267894.0, 3415218.0, 3, 0.230116193816
8099514.0, 3766290.0, 3, 0.222233605482
10328106.0, 3781082.0, 3, 0.177716787618
7771046.0, 3207734.0, 3, 0.142776676952
3584334.0, 11842962.0, 3, 0.124154001465
4181092.0, 14690904.0, 3, 0.119293148634
5626420.0, 2600502.0, 3, 0.10876139296
4885702.0, 13482068.0, 3, 0.100030249313
3725706.0, 17903832.0, 3, 0.0949507951562
4350114.0, 11118164.0, 3, 0.0942809724171
3753984.0, 13116334.0, 3, 0.0898314155377
4023332.0, 17231828.0, 3, 0.0859162902524
4863218.0, 14648128.0, 3, 0.0801023774879
2775676.0, 16742624.0, 3, 0.0766288730555
4678120.0, 9594830.0, 3, 0.0691049850439
3622656.0, 12502640.0, 3, 0.0655790739746
4559676.0, 10172602.0, 3, 0.0642076837882
5217262.0, 17188888.0, 3, 0.0611455462682
4514782.0, 4405930.0, 3, 0.0598073799834
5155484.0, 4995602.0, 3, 0.0579817024327
2835278.0, 12283150.0, 3, 0.0558567528037
4835780.0, 10148326.0, 3, 0.0538227956532
4384418.0, 11370320.0, 3, 0.0512246728889
8069910.0, 3433864.0, 3, 0.0397989975939
7799400.0, 2798252.0, 3, 0.0360440825782
4413022.0, 3633902.0, 3, 0.03333441908
7829410.0, 3921754.0, 3, 0.0328588039317
5158226.0, 5068374.0, 3, 0.0314005251347
5611008.0, 4263344.0, 3, 0.0305639851098
5566100.0, 4008944.0, 3, 0.0292185638189
4985566.0, 10171110.0, 3, 0.0251837179957
4911286.0, 3902362.0, 3, 0.0182881223029
5528988.0, 3783506.0, 3, 0.016402467418
13359484.0, 19248204.0, 4, inf
5241972.0, 5781832.0, 4, inf
13657642.0, 3933252.0, 4, inf
13122308.0, 16826432.0, 4, 0.412131596518
6130246.0, 12077986.0, 4, 0.272054142955
6424818.0, 7157772.0, 4, 0.217812350977
12022654.0, 5313150.0, 4, 0.217054390889
9385770.0, 15369210.0, 4, 0.214745918368
Generacion: 83
8882256.0, 2410430.0, 1, inf
2328942.0, 18642252.0, 1, inf
6949694.0, 2411920.0, 1, 0.520218282659
3029654.0, 8025666.0, 1, 0.340745689209
3109740.0, 3943170.0, 1, 0.264929819829
2710608.0, 10796588.0, 1, 0.240301734863
5477662.0, 2421724.0, 1, 0.240175591702
2709182.0, 14528704.0, 1, 0.234209890822
4544500.0, 2497306.0, 1, 0.151476665993
3843816.0, 3207366.0, 1, 0.14273952582
2412022.0, 18268538.0, 1, 0.118739248642
3266428.0, 3534550.0, 1, 0.113136846945
2931800.0, 9033356.0, 1, 0.112865621528
5236474.0, 2492360.0, 1, 0.112179130732
2590462.0, 15611076.0, 1, 0.108233324172
2449122.0, 17012570.0, 1, 0.102475543852
2482346.0, 15789686.0, 1, 0.088472694632
3956508.0, 2926878.0, 1, 0.085356213515
2688856.0, 14544364.0, 1, 0.0847981263293
2466980.0, 16741298.0, 1, 0.0804084786466
2776722.0, 10795458.0, 1, 0.0769047349158
2807700.0, 9788770.0, 1, 0.0768188220474
4254510.0, 2839122.0, 1, 0.0706086844742
4371670.0, 2809080.0, 1, 0.065309281171
2930040.0, 9610948.0, 1, 0.0554037202429
3197672.0, 3940842.0, 1, 0.0490837417903
5387394.0, 2440766.0, 1, 0.0348727134893
3266428.0, 3534550.0, 1, 0.0306487393639
2872928.0, 9786840.0, 1, 0.0296235644724
5271006.0, 2475908.0, 1, 0.0262081405476
3109740.0, 3943170.0, 1, 0.012364109098
2443560.0, 18275218.0, 2, inf
9055392.0, 2416018.0, 2, inf
2772820.0, 16055360.0, 2, 0.510080984034
2995674.0, 9601300.0, 2, 0.479826915546
5553966.0, 2467816.0, 2, 0.304133777645
7398362.0, 2431440.0, 2, 0.300144657206
4149060.0, 5542288.0, 2, 0.296695688038
3292406.0, 7981642.0, 2, 0.252368570319
7519120.0, 2421398.0, 2, 0.251588298023
2542708.0, 16604288.0, 2, 0.189771489874
4448820.0, 2966502.0, 2, 0.167883796155
5305824.0, 2495898.0, 2, 0.164138543734
4080596.0, 3944922.0, 2, 0.154599919616
3822488.0, 3559078.0, 2, 0.145932517565
3114872.0, 9266138.0, 2, 0.125503887265
3166456.0, 8020548.0, 2, 0.0894610386015
3953688.0, 3216706.0, 2, 0.0616343940335
4359356.0, 3200706.0, 2, 0.0611134890506
5406650.0, 2808410.0, 2, 0.0535525872873
3178926.0, 8000998.0, 2, 0.0215023966197
5396084.0, 2477420.0, 2, 0.0170200360026
13038504.0, 3069430.0, 3, inf
6535572.0, 2490912.0, 3, inf
3080644.0, 12087338.0, 3, inf
3492230.0, 18055550.0, 3, inf
4387610.0, 6594478.0, 3, 0.227539522148
10432422.0, 2670348.0, 3, 0.214453305995
12236792.0, 2981452.0, 3, 0.208284110154
4743476.0, 8501820.0, 3, 0.206326770748
3446320.0, 14510672.0, 3, 0.198332819605
11143344.0, 3334220.0, 3, 0.188402674143
3212738.0, 16885430.0, 3, 0.175602637775
9105040.0, 3503710.0, 3, 0.172982854613
3289384.0, 10909976.0, 3, 0.170570622173
3524100.0, 14115510.0, 3, 0.140423390758
4631898.0, 13155172.0, 3, 0.137430022458
5179464.0, 5359656.0, 3, 0.13550299785
4023332.0, 17231828.0, 3, 0.131903345814
6543274.0, 3822912.0, 3, 0.116706282951
4088962.0, 9460908.0, 3, 0.111998655108
7536120.0, 3230022.0, 3, 0.110250076578
8196288.0, 4004232.0, 3, 0.0907265435283
3211120.0, 9788062.0, 3, 0.0855659856694
8069910.0, 3433864.0, 3, 0.0679777980814
7627810.0, 3210762.0, 3, 0.0639226382015
8701718.0, 3231580.0, 3, 0.0616075261664
5453304.0, 5088032.0, 3, 0.0615725777075
5326616.0, 4736654.0, 3, 0.0576130166016
6235808.0, 3555918.0, 3, 0.054244083052
8787970.0, 2637878.0, 3, 0.0520313194343
5857834.0, 3751648.0, 3, 0.0507460785722
5724454.0, 3625692.0, 3, 0.0488399196034
4941082.0, 3264092.0, 3, 0.0475300009625
6319948.0, 2789794.0, 3, 0.0438194989834
6473120.0, 4545862.0, 3, 0.0437665945001
4620902.0, 4392474.0, 3, 0.0376178668126
5814422.0, 4247490.0, 3, 0.0349898134357
3218820.0, 9784642.0, 3, 0.0287160914519
4691838.0, 5014562.0, 3, 0.0272917820369
4317882.0, 3294050.0, 3, 0.0264126646085
4365372.0, 4342188.0, 3, 0.0149410696811
4720378.0, 5023142.0, 3, 0.00990596771025
5856662.0, 3321766.0, 3, 0.00694042149131
4331586.0, 3289896.0, 3, 0.00669384459808
8178132.0, 22656746.0, 4, inf
6104842.0, 15680460.0, 4, inf
10328106.0, 3781082.0, 4, inf
13234374.0, 12597090.0, 4, inf
7240262.0, 18912782.0, 4, 0.388722590021
Generacion: 84
8882256.0, 2410430.0, 1, inf
2411032.0, 20040198.0, 1, inf
5387394.0, 2440766.0, 1, 0.557514943785
3149268.0, 3567154.0, 1, 0.353883685732
3029654.0, 8025666.0, 1, 0.343660631955
2472876.0, 18942846.0, 1, 0.252118750032
2669980.0, 12094682.0, 1, 0.225202962271
2482346.0, 15789686.0, 1, 0.210810120416
2571668.0, 14970754.0, 1, 0.208091642688
4544500.0, 2497306.0, 1, 0.18264550029
4146592.0, 2557762.0, 1, 0.148553085064
5305824.0, 2495898.0, 1, 0.133459714119
3656514.0, 3494554.0, 1, 0.0990206226978
2708848.0, 11374202.0, 1, 0.079909060304
2807700.0, 9788770.0, 1, 0.076238705505
2776722.0, 10795458.0, 1, 0.0721693514758
2931800.0, 9033356.0, 1, 0.0630772563821
2893498.0, 9769524.0, 1, 0.0620259837979
3843816.0, 3207366.0, 1, 0.061065726857
2521342.0, 15358350.0, 1, 0.0602546135111
2931800.0, 9033356.0, 1, 0.0568785059931
3843816.0, 3207366.0, 1, 0.0512853778752
3750382.0, 3459078.0, 1, 0.0452337766392
2710608.0, 10796588.0, 1, 0.0433162459411
2931800.0, 9033356.0, 1, 0.0
2606110.0, 18953448.0, 2, inf
2542708.0, 16604288.0, 2, inf
8229100.0, 2442366.0, 2, inf
6632364.0, 2471886.0, 2, 0.452197234669
3809450.0, 5052382.0, 2, 0.351073212748
3066406.0, 10910150.0, 2, 0.331635505722
3252946.0, 15350388.0, 2, 0.289200429659
4371670.0, 2809080.0, 2, 0.27860747761
4111162.0, 3946562.0, 2, 0.227318809703
4329484.0, 7365810.0, 2, 0.223224282187
5444418.0, 2486294.0, 2, 0.221602447455
5672858.0, 2487706.0, 2, 0.182822568001
3114872.0, 9266138.0, 2, 0.170185850934
2904958.0, 10484236.0, 2, 0.145433040724
3178926.0, 8000998.0, 2, 0.102077469412
3292406.0, 7981642.0, 2, 0.092098852403
2661416.0, 16155204.0, 2, 0.0761884362023
5626340.0, 2583788.0, 2, 0.0596372402726
2774074.0, 15786948.0, 2, 0.0518807542041
2805612.0, 15793578.0, 2, 0.0453206210234
3292406.0, 7981642.0, 2, 0.0442374746139
2620044.0, 15355660.0, 2, 0.0361664500947
2769382.0, 18633016.0, 3, inf
9507106.0, 2808468.0, 3, inf
11454998.0, 2985888.0, 3, inf
4516900.0, 18703450.0, 3, inf
7128704.0, 3226780.0, 3, 0.380513834086
3932606.0, 16052358.0, 3, 0.29886474705
3517042.0, 14511780.0, 3, 0.246683364806
4501526.0, 10996336.0, 3, 0.234280654641
4594506.0, 7193612.0, 3, 0.217115611662
6424626.0, 3616746.0, 3, 0.186772074716
4539972.0, 4692662.0, 3, 0.185162820736
5724454.0, 3625692.0, 3, 0.174005039544
3293282.0, 10912482.0, 3, 0.165457187059
3554752.0, 18379498.0, 3, 0.162149110201
3637554.0, 14708542.0, 3, 0.14042570645
4678120.0, 9594830.0, 3, 0.130581581508
4662936.0, 8883190.0, 3, 0.105570610108
4854542.0, 7995606.0, 3, 0.0838121381939
3440644.0, 8021498.0, 3, 0.0816026498323
5337172.0, 3007894.0, 3, 0.0785023518338
4227430.0, 18409174.0, 3, 0.0753827673719
4620902.0, 4392474.0, 3, 0.0750047594108
5064044.0, 3025108.0, 3, 0.0657519355636
4448820.0, 2966502.0, 3, 0.0427194756301
4788472.0, 3169790.0, 3, 0.0307499445147
4688236.0, 3209532.0, 3, 0.0162905520441
8350840.0, 18051248.0, 4, inf
4913646.0, 3210324.0, 4, inf
14311548.0, 10952692.0, 4, inf
10690106.0, 11977396.0, 4, 0.330802994081
12746872.0, 5574160.0, 4, 0.253229627426
7574182.0, 14388214.0, 4, 0.239520492321
11905836.0, 10389158.0, 4, 0.187974434652
9898308.0, 6793268.0, 4, 0.180430254043
7358036.0, 8767026.0, 4, 0.150899022778
11532410.0, 3298514.0, 4, 0.136385807378
9201188.0, 17636466.0, 4, 0.135153808229
7206450.0, 14786082.0, 4, 0.1285135872
7355848.0, 9010890.0, 4, 0.125431050942
6591124.0, 3702272.0, 4, 0.102750336503
5160222.0, 3973036.0, 4, 0.100075917405
9872032.0, 14454274.0, 4, 0.0980821605629
10579668.0, 16404412.0, 4, 0.095023373447
6196918.0, 4933544.0, 4, 0.0908844240302
7369690.0, 15788862.0, 4, 0.0878076175085
8830208.0, 4452736.0, 4, 0.086067495179
5564784.0, 6599436.0, 4, 0.0816472850513
10599074.0, 15442598.0, 4, 0.0790866718381
12299166.0, 17160078.0, 4, 0.075671127329
10199732.0, 3393154.0, 4, 0.0634230590084
12163090.0, 16979694.0, 4, 0.0624864707806
8052216.0, 3368334.0, 4, 0.0622758205628
5574284.0, 5711974.0, 4, 0.061840775845
Generacion: 85
2367888.0, 18355602.0, 1, inf
6598854.0, 2417386.0, 1, inf
3149268.0, 3567154.0, 1, 0.401274917109
5387394.0, 2440766.0, 1, 0.301728793367
3111134.0, 8006310.0, 1, 0.290893446109
6497526.0, 2433774.0, 1, 0.287798688369
2669980.0, 12094682.0, 1, 0.258078725821
2571668.0, 14970754.0, 1, 0.239900953508
2482346.0, 15789686.0, 1, 0.224323680755
4544500.0, 2497306.0, 1, 0.224270446487
5236474.0, 2492360.0, 1, 0.20276767383
3610668.0, 3492468.0, 1, 0.168010891203
4254510.0, 2839122.0, 1, 0.149749059907
3843816.0, 3207366.0, 1, 0.114647368064
2807700.0, 9788770.0, 1, 0.107666871387
2708848.0, 11374202.0, 1, 0.0910479115337
4371670.0, 2809080.0, 1, 0.0899862181257
3004136.0, 9030198.0, 1, 0.0863528190475
3029654.0, 8025666.0, 1, 0.086172718333
3838982.0, 3487540.0, 1, 0.0729930955169
2521342.0, 15358350.0, 1, 0.0724931511322
2710608.0, 10796588.0, 1, 0.0636487791043
2710608.0, 10796588.0, 1, 0.0591887698158
2930040.0, 9610948.0, 1, 0.0552416372397
2931800.0, 9033356.0, 1, 0.0533362434353
2893498.0, 9769524.0, 1, 0.0302280038183
3843816.0, 3207366.0, 1, 0.024246996583
3101228.0, 8022508.0, 1, 0.0204724529766
2893498.0, 9769524.0, 1, 0.00984433621799
2931800.0, 9033356.0, 1, 0.000614120771184
2710608.0, 10796588.0, 1, 0.0
2710608.0, 10796588.0, 1, 0.0
3843816.0, 3207366.0, 1, 0.0
3843816.0, 3207366.0, 1, 0.0
3843816.0, 3207366.0, 1, 0.0
2411032.0, 20040198.0, 2, inf
7818624.0, 2435476.0, 2, inf
5846734.0, 2444780.0, 2, 0.399773011611
3908504.0, 5357190.0, 2, 0.254404268808
3187026.0, 8003152.0, 2, 0.246832107465
2934622.0, 17263130.0, 2, 0.214857569684
2868296.0, 16015334.0, 2, 0.196232789388
4051670.0, 9268088.0, 2, 0.162888387478
2742406.0, 13305900.0, 2, 0.159841769922
3018438.0, 10465160.0, 2, 0.124999679219
3656514.0, 3494554.0, 2, 0.123560836714
4548006.0, 4684156.0, 2, 0.106570160873
3040370.0, 12070654.0, 2, 0.103796052976
3307478.0, 3903500.0, 2, 0.102112902648
5305824.0, 2495898.0, 2, 0.0876998682093
4259612.0, 3499840.0, 2, 0.0847841272749
2542708.0, 16604288.0, 2, 0.0823700824843
5570648.0, 3281260.0, 2, 0.0809647532608
4834088.0, 2953126.0, 2, 0.0785701208037
2742406.0, 13305900.0, 2, 0.0774512895004
4164502.0, 11124404.0, 2, 0.0737187719985
2703008.0, 16746486.0, 2, 0.0664954634525
3092342.0, 16243066.0, 2, 0.0605747090727
4941082.0, 3264092.0, 2, 0.0590662128944
5117262.0, 3738636.0, 2, 0.0587104204951
5111618.0, 2555614.0, 2, 0.0585520161844
5672858.0, 2487706.0, 2, 0.0539589099087
4012742.0, 11719198.0, 2, 0.0521561783713
4893004.0, 4296660.0, 2, 0.0475610479
4685750.0, 4462258.0, 2, 0.0446932940544
4137328.0, 11618544.0, 2, 0.0409931475162
2774516.0, 11364856.0, 2, 0.0342210668907
4620902.0, 4392474.0, 2, 0.0326570982132
3225810.0, 3901172.0, 2, 0.0316393696797
2775676.0, 16742624.0, 2, 0.0254195494238
4673736.0, 4657252.0, 2, 0.0245964881744
10300008.0, 20673396.0, 3, inf
2868972.0, 19221816.0, 3, inf
7307306.0, 2489348.0, 3, inf
11817642.0, 6154426.0, 3, inf
8371758.0, 12841270.0, 3, 0.228114464526
4227430.0, 18409174.0, 3, 0.205106403502
4601794.0, 15200296.0, 3, 0.19145303957
7456718.0, 16153494.0, 3, 0.189270004874
9040876.0, 9281088.0, 3, 0.164633081273
9922698.0, 6895266.0, 3, 0.164296945868
7728130.0, 17786860.0, 3, 0.155042630869
11171932.0, 6232748.0, 3, 0.139259586262
3444010.0, 10313826.0, 3, 0.133044951517
8665242.0, 7209522.0, 3, 0.118173356581
7951604.0, 8646062.0, 3, 0.107725518819
10510330.0, 5149546.0, 3, 0.0959804656825
6800486.0, 3423534.0, 3, 0.0951816714599
5323324.0, 4832834.0, 3, 0.0942057724558
3342290.0, 9034188.0, 3, 0.0899084188508
11685610.0, 5600968.0, 3, 0.0868673065564
4897104.0, 11403506.0, 3, 0.0863049661214
5977852.0, 11885868.0, 3, 0.0768559713351
6340096.0, 11350530.0, 3, 0.0682505200857
4783476.0, 8023358.0, 3, 0.0658420998153
4661672.0, 10413766.0, 3, 0.0584322133074
6238018.0, 3782000.0, 3, 0.0582762348997
6491100.0, 3391310.0, 3, 0.0580980844578
4573274.0, 12245432.0, 3, 0.0567194011771
7784104.0, 7684462.0, 3, 0.0557052747857
Generacion: 86
2367888.0, 18355602.0, 1, inf
5387394.0, 2440766.0, 1, inf
3610668.0, 3492468.0, 1, 0.478183644428
3250830.0, 7997796.0, 1, 0.404685213551
4512450.0, 2491132.0, 1, 0.331772606322
2521342.0, 15358350.0, 1, 0.294314180074
4254510.0, 2839122.0, 1, 0.227598448175
2669980.0, 12094682.0, 1, 0.217943094828
3843816.0, 3207366.0, 1, 0.178357553191
2466980.0, 16741298.0, 1, 0.154170128809
2400978.0, 17814414.0, 1, 0.134251195986
4398266.0, 2507500.0, 1, 0.107290330429
2708848.0, 11374202.0, 1, 0.0950202063174
2669980.0, 12094682.0, 1, 0.0944968990182
3029654.0, 8025666.0, 1, 0.093300710548
3838982.0, 3487540.0, 1, 0.0932176105178
2807700.0, 9788770.0, 1, 0.0917402735491
2482346.0, 15789686.0, 1, 0.0727087139303
2710608.0, 10796588.0, 1, 0.0684489878575
3004136.0, 9030198.0, 1, 0.0651910799027
2710608.0, 10796588.0, 1, 0.0639085686279
2995674.0, 9601300.0, 1, 0.0575123431574
2893498.0, 9769524.0, 1, 0.051689909256
2930040.0, 9610948.0, 1, 0.0444089106455
3176174.0, 8000694.0, 1, 0.0443752458969
2997880.0, 9031936.0, 1, 0.0386873264199
2807700.0, 9788770.0, 1, 0.0333642405186
2482346.0, 15789686.0, 1, 0.0321916731172
3111134.0, 8006310.0, 1, 0.0261912870901
3244034.0, 8000558.0, 1, 0.0249066683943
3094848.0, 8023446.0, 1, 0.0239023085889
3004136.0, 9030198.0, 1, 0.00856025754239
3101228.0, 8022508.0, 1, 0.00647032866659
3838982.0, 3487540.0, 1, 0.00191057230452
2995674.0, 9601300.0, 1, 0.0013368098758
3004136.0, 9030198.0, 1, 0.0
2669980.0, 12094682.0, 1, 0.0
2710608.0, 10796588.0, 1, 0.0
11084200.0, 3015634.0, 2, inf
2506010.0, 18099438.0, 2, inf
10301288.0, 2801106.0, 2, inf
6106468.0, 3136324.0, 2, 0.596923930791
2742406.0, 13305900.0, 2, 0.280433089017
4401742.0, 4777072.0, 2, 0.236702271628
3187026.0, 8003152.0, 2, 0.218548274466
2906304.0, 16056594.0, 2, 0.210285235073
2813836.0, 11964086.0, 2, 0.15378449619
3366350.0, 10304898.0, 2, 0.141340768368
5284536.0, 3521156.0, 2, 0.133912284771
5057206.0, 4474666.0, 2, 0.130407325425
2703008.0, 16746486.0, 2, 0.12101261319
3114872.0, 9266138.0, 2, 0.106826499244
4558090.0, 4736424.0, 2, 0.0961777778884
3966476.0, 8025038.0, 2, 0.092300185918
5117262.0, 3738636.0, 2, 0.0888286384927
3885738.0, 11022902.0, 2, 0.0886799858748
4098234.0, 9796598.0, 2, 0.0668529581915
2815636.0, 11083852.0, 2, 0.065208326659
3002376.0, 9607790.0, 2, 0.0520353734818
4151906.0, 3218452.0, 2, 0.0470069944957
2845458.0, 10712794.0, 2, 0.0427667005709
2542708.0, 16604288.0, 2, 0.0392735597949
3092342.0, 16243066.0, 2, 0.0357400701624
3969316.0, 3454150.0, 2, 0.0351463827676
4359356.0, 3200706.0, 2, 0.0344929873117
3055230.0, 16496992.0, 2, 0.0340996154394
3121228.0, 10797460.0, 2, 0.0286820381645
3187026.0, 8003152.0, 2, 0.0223352565353
6535894.0, 3258102.0, 3, inf
10813770.0, 3779728.0, 3, inf
3333292.0, 9611116.0, 3, inf
5908500.0, 19152746.0, 3, inf
7529054.0, 16149270.0, 3, 0.415832852512
4895870.0, 13569802.0, 3, 0.255861879079
8901674.0, 3386688.0, 3, 0.255537092942
10262132.0, 3613114.0, 3, 0.253089370503
3440644.0, 8021498.0, 3, 0.230812855638
4924826.0, 5640900.0, 3, 0.180168842609
7872084.0, 10900390.0, 3, 0.120803292818
6270588.0, 10213538.0, 3, 0.113946399919
8400512.0, 5325996.0, 3, 0.110645092506
6947698.0, 8748726.0, 3, 0.107260698979
3836784.0, 11367138.0, 3, 0.104414686836
7132654.0, 12589592.0, 3, 0.102936958932
10614294.0, 3873246.0, 3, 0.101133538575
5227460.0, 4537524.0, 3, 0.0870624926725
6443730.0, 5041950.0, 3, 0.0850725941957
4686144.0, 9182602.0, 3, 0.0661945507926
4171238.0, 9398958.0, 3, 0.065059288004
4384592.0, 11362104.0, 3, 0.0649653558472
8095736.0, 8574158.0, 3, 0.064193502395
6198126.0, 4534958.0, 3, 0.0602498930629
7341404.0, 12387678.0, 3, 0.0584882556116
5046396.0, 12204524.0, 3, 0.0560463216887
5583522.0, 12014430.0, 3, 0.0556612704184
4678120.0, 9594830.0, 3, 0.0536596291306
8216506.0, 10929568.0, 3, 0.0491935352946
4228208.0, 8239760.0, 3, 0.0484968660166
7127728.0, 11550648.0, 3, 0.0441270820324
5459060.0, 4331276.0, 3, 0.0431602913123
Generacion: 87
5387394.0, 2440766.0, 1, inf
2328942.0, 18642252.0, 1, inf
5387394.0, 2440766.0, 1, inf
4634754.0, 2563272.0, 1, 0.552009217341
3197672.0, 3940842.0, 1, 0.332732068649
3843816.0, 3207366.0, 1, 0.330411016065
3176174.0, 8000694.0, 1, 0.271850822256
2669980.0, 12094682.0, 1, 0.226465789752
3293530.0, 3231608.0, 1, 0.224488710342
2613712.0, 14539322.0, 1, 0.209663390949
3748920.0, 3223908.0, 1, 0.181419328539
2571668.0, 14970754.0, 1, 0.120127677657
2398982.0, 17552796.0, 1, 0.101864663354
2997880.0, 9031936.0, 1, 0.0941919980384
2482346.0, 15789686.0, 1, 0.0879410640714
2466980.0, 16741298.0, 1, 0.0863427547768
2807700.0, 9788770.0, 1, 0.0835324105511
3029654.0, 8025666.0, 1, 0.083425747025
2710608.0, 10796588.0, 1, 0.0673973861306
2710608.0, 10796588.0, 1, 0.0627807361746
2367888.0, 18355602.0, 1, 0.0622852734894
2930040.0, 9610948.0, 1, 0.0579616299485
2931800.0, 9033356.0, 1, 0.0579193589692
2482346.0, 15789686.0, 1, 0.0555708316912
2428796.0, 17027890.0, 1, 0.0497381396453
2708848.0, 11374202.0, 1, 0.0483603046267
2708848.0, 11374202.0, 1, 0.0450454494238
2807700.0, 9788770.0, 1, 0.0318645961137
2449122.0, 17012570.0, 1, 0.0301739887776
2893498.0, 9769524.0, 1, 0.0295300338928
2872928.0, 9786840.0, 1, 0.0292406692102
2367888.0, 18355602.0, 1, 0.0278594025127
3094848.0, 8023446.0, 1, 0.0278356333822
3111134.0, 8006310.0, 1, 0.0223233406413
3029654.0, 8025666.0, 1, 0.0105259401678
3176174.0, 8000694.0, 1, 0.00737568093685
3111134.0, 8006310.0, 1, 0.00567155087367
2708848.0, 11374202.0, 1, 0.0
2710608.0, 10796588.0, 1, 0.0
2710608.0, 10796588.0, 1, 0.0
2710608.0, 10796588.0, 1, 0.0
3029654.0, 8025666.0, 1, 0.0
3029654.0, 8025666.0, 1, 0.0
3029654.0, 8025666.0, 1, 0.0
2482346.0, 15789686.0, 1, 0.0
8638554.0, 2821690.0, 2, inf
2769382.0, 18633016.0, 2, inf
6659794.0, 2731552.0, 2, inf
2484342.0, 16051274.0, 2, inf
5219180.0, 2832104.0, 2, 0.392957644123
3250830.0, 7997796.0, 2, 0.339860374893
7099392.0, 2814856.0, 2, 0.327197919749
4011328.0, 3458878.0, 2, 0.29998246809
4394470.0, 9597094.0, 2, 0.244936612744
2498570.0, 16747974.0, 2, 0.17837023455
2582880.0, 14992754.0, 2, 0.175884518056
3440644.0, 8021498.0, 2, 0.142808232266
2856546.0, 13954186.0, 2, 0.128095503644
3706416.0, 10508614.0, 2, 0.115431628347
2968596.0, 13364378.0, 2, 0.113981184201
3051778.0, 12501202.0, 2, 0.0925504828128
3109246.0, 9799682.0, 2, 0.0894025470424
3040370.0, 12070654.0, 2, 0.0805780800475
4258040.0, 3217070.0, 2, 0.0685042783209
3885738.0, 11022902.0, 2, 0.0679399656239
4056982.0, 3235528.0, 2, 0.0549976357909
2774516.0, 11364856.0, 2, 0.0512579171766
3751232.0, 11361784.0, 2, 0.0504814105632
3514254.0, 8006878.0, 2, 0.0446759372094
3969316.0, 3454150.0, 2, 0.0344530383248
2810486.0, 11025466.0, 2, 0.0286344331217
4322438.0, 9599316.0, 2, 0.0224330610268
2995674.0, 9601300.0, 2, 0.0197383748737
2810486.0, 11025466.0, 2, 0.00600602054308
2995674.0, 9601300.0, 2, 0.00452468181125
2638314.0, 16752716.0, 3, inf
12566326.0, 13206762.0, 3, inf
7294540.0, 18157310.0, 3, inf
11606340.0, 2992908.0, 3, inf
8748220.0, 7102362.0, 3, 0.18164413469
4023430.0, 10711810.0, 3, 0.177269354712
10925008.0, 13320304.0, 3, 0.170294631191
10356260.0, 5662114.0, 3, 0.163708852818
10284396.0, 15467598.0, 3, 0.163295365803
3002376.0, 9607790.0, 3, 0.153533323049
7563338.0, 17915924.0, 3, 0.149392485888
4489626.0, 11557982.0, 3, 0.135602971983
9610020.0, 3259016.0, 3, 0.134065482206
6904226.0, 15647614.0, 3, 0.131304653264
8894222.0, 10286106.0, 3, 0.121556937322
12329722.0, 4296290.0, 3, 0.116620585807
6130812.0, 12086212.0, 3, 0.108672179043
11807596.0, 4724660.0, 3, 0.103277111769
8466874.0, 4553364.0, 3, 0.0975678814975
11024306.0, 5253088.0, 3, 0.0959161436391
7858134.0, 12823424.0, 3, 0.0910854732933
6492218.0, 8193414.0, 3, 0.086657071715
5718642.0, 7763892.0, 3, 0.0865531911874
5334878.0, 8659632.0, 3, 0.086335425426
5124728.0, 9013102.0, 3, 0.0832405504177
Generacion: 88
2367888.0, 18355602.0, 1, inf
5477662.0, 2421724.0, 1, inf
3198266.0, 3569640.0, 1, 0.43726385184
4816894.0, 2582016.0, 1, 0.413904892795
3748920.0, 3223908.0, 1, 0.360410526274
3176174.0, 8000694.0, 1, 0.306461330088
2669980.0, 12094682.0, 1, 0.228243367774
2621114.0, 14561472.0, 1, 0.212114313539
3656514.0, 3494554.0, 1, 0.198769950965
5387394.0, 2440766.0, 1, 0.192345654255
4907154.0, 2563364.0, 1, 0.19231860557
2449122.0, 17012570.0, 1, 0.178185029267
2482346.0, 15789686.0, 1, 0.127041342574
2412022.0, 18268538.0, 1, 0.110409985494
2708848.0, 11374202.0, 1, 0.094532164818
3029654.0, 8025666.0, 1, 0.0894432413168
2807700.0, 9788770.0, 1, 0.0842251712677
2571668.0, 14970754.0, 1, 0.0820949143969
2521342.0, 15358350.0, 1, 0.0801186365306
3748920.0, 3223908.0, 1, 0.0699994312141
2931800.0, 9033356.0, 1, 0.0677159001049
2710608.0, 10796588.0, 1, 0.0674722469273
2710608.0, 10796588.0, 1, 0.0638159711136
2931800.0, 9033356.0, 1, 0.0638079379154
2930040.0, 9610948.0, 1, 0.0479999979204
3029654.0, 8025666.0, 1, 0.0326813655114
2807700.0, 9788770.0, 1, 0.0313426870048
2893498.0, 9769524.0, 1, 0.0294041912324
2872928.0, 9786840.0, 1, 0.0287976529274
3111134.0, 8006310.0, 1, 0.0265537174985
3111134.0, 8006310.0, 1, 0.022129473316
2930040.0, 9610948.0, 1, 0.0105180859409
2710608.0, 10796588.0, 1, 0.0
2710608.0, 10796588.0, 1, 0.0
2710608.0, 10796588.0, 1, 0.0
2930040.0, 9610948.0, 1, 0.0
2930040.0, 9610948.0, 1, 0.0
2931800.0, 9033356.0, 1, 0.0
7442828.0, 2437870.0, 2, inf
7544590.0, 2476490.0, 2, inf
2460334.0, 17034570.0, 2, inf
4484618.0, 3754532.0, 2, 0.319955085985
5552964.0, 3834674.0, 2, 0.274999432456
4052068.0, 5018760.0, 2, 0.256776695722
2831728.0, 12486888.0, 2, 0.22730019854
7077368.0, 3466486.0, 2, 0.220372841826
3178926.0, 8000998.0, 2, 0.218891025779
3440644.0, 8021498.0, 2, 0.215069123185
2688856.0, 14544364.0, 2, 0.208272591218
4027402.0, 4330634.0, 2, 0.196917822212
6430052.0, 3445456.0, 2, 0.190068869818
6122590.0, 3433238.0, 2, 0.181112796004
4054476.0, 9034040.0, 2, 0.170344949327
5832192.0, 3899784.0, 2, 0.0917578749375
3293760.0, 10300932.0, 2, 0.0896341704053
2881264.0, 11083902.0, 2, 0.0756959282963
2484342.0, 16051274.0, 2, 0.075034219369
2879070.0, 11562514.0, 2, 0.069387348407
5846734.0, 2444780.0, 2, 0.0597629116901
2523338.0, 15619968.0, 2, 0.0589023341121
3224656.0, 11560736.0, 2, 0.0547962081227
2717988.0, 14991384.0, 2, 0.0535435215807
2734046.0, 16004552.0, 2, 0.0519192069922
2523338.0, 15619968.0, 2, 0.0507333842487
2851074.0, 10490116.0, 2, 0.0503752923083
3114872.0, 9266138.0, 2, 0.045857726186
3181870.0, 9796236.0, 2, 0.0458226202034
3045846.0, 9321344.0, 2, 0.0398662262267
2891014.0, 14968148.0, 2, 0.0374792238054
2995674.0, 9601300.0, 2, 0.0303780070986
2947700.0, 9763362.0, 2, 0.0275933359158
2916114.0, 10484506.0, 2, 0.0241100582702
3028924.0, 9621878.0, 2, 0.0192079489727
3002376.0, 9607790.0, 2, 0.00794956728147
2484342.0, 16051274.0, 2, 0.00792288862755
10287794.0, 18717800.0, 3, inf
7816642.0, 2482458.0, 3, inf
2501356.0, 17986782.0, 3, inf
13112050.0, 3932004.0, 3, inf
4384418.0, 11370320.0, 3, 0.233161888296
6048490.0, 13261446.0, 3, 0.196715791357
7023452.0, 5534580.0, 3, 0.192027481089
11158484.0, 14707020.0, 3, 0.17490806262
6576342.0, 7998356.0, 3, 0.173397541934
2667712.0, 16498228.0, 3, 0.15805170545
3520544.0, 8004946.0, 3, 0.147690962723
12299712.0, 4572806.0, 3, 0.147401354268
9373100.0, 4628724.0, 3, 0.142761307148
7234422.0, 9753554.0, 3, 0.139459140952
5526848.0, 15986068.0, 3, 0.137480700609
11284964.0, 4068594.0, 3, 0.136154462455
8675084.0, 3531644.0, 3, 0.133763580487
4213062.0, 13950394.0, 3, 0.110555563063
8573570.0, 4396334.0, 3, 0.104428538922
5697704.0, 17302384.0, 3, 0.0993626136347
12765618.0, 3823744.0, 3, 0.099095675412
10078750.0, 4742846.0, 3, 0.0966835386859
4686156.0, 9034812.0, 3, 0.0840362681028
4068176.0, 5038848.0, 3, 0.0829163712987
4749030.0, 5207432.0, 3, 0.0697777403975
Generacion: 89
2367888.0, 18355602.0, 1, inf
2367888.0, 18355602.0, 1, inf
5477662.0, 2421724.0, 1, inf
3748920.0, 3223908.0, 1, 0.487016694201
3426138.0, 4482846.0, 1, 0.459775355482
2708848.0, 11374202.0, 1, 0.43871415974
4683580.0, 3165670.0, 1, 0.334432836244
3250830.0, 7997796.0, 1, 0.301158009892
5003136.0, 2545070.0, 1, 0.241595457298
2708848.0, 11374202.0, 1, 0.145892093514
4773848.0, 3146628.0, 1, 0.141707052124
5387394.0, 2440766.0, 1, 0.124759670053
2997880.0, 9031936.0, 1, 0.0947085757109
2776722.0, 10795458.0, 1, 0.0944715750256
3029654.0, 8025666.0, 1, 0.0893541230244
2807700.0, 9788770.0, 1, 0.0841542531898
2710608.0, 10796588.0, 1, 0.0575107513331
2931800.0, 9033356.0, 1, 0.0574984373568
2930040.0, 9610948.0, 1, 0.0479999979204
5387394.0, 2440766.0, 1, 0.0355732421369
2893498.0, 9769524.0, 1, 0.0294041912324
2872928.0, 9786840.0, 1, 0.0287976529274
3111134.0, 8006310.0, 1, 0.0265537174985
3176174.0, 8000694.0, 1, 0.0243593458175
3111134.0, 8006310.0, 1, 0.022129473316
3176174.0, 8000694.0, 1, 0.0210965797542
3029654.0, 8025666.0, 1, 0.0114322329378
2930040.0, 9610948.0, 1, 0.0105180859409
2807700.0, 9788770.0, 1, 0.0100826211608
2931800.0, 9033356.0, 1, 0.000655075818657
2710608.0, 10796588.0, 1, 0.000636875603995
3029654.0, 8025666.0, 1, 0.0
2367888.0, 18355602.0, 1, 0.0
2710608.0, 10796588.0, 1, 0.0
2710608.0, 10796588.0, 1, 0.0
2710608.0, 10796588.0, 1, 0.0
2807700.0, 9788770.0, 1, 0.0
2930040.0, 9610948.0, 1, 0.0
2931800.0, 9033356.0, 1, 0.0
2931800.0, 9033356.0, 1, 0.0
2931800.0, 9033356.0, 1, 0.0
2931800.0, 9033356.0, 1, 0.0
2931800.0, 9033356.0, 1, 0.0
2870472.0, 18371698.0, 2, inf
7544590.0, 2476490.0, 2, inf
2742406.0, 13305900.0, 2, inf
3178926.0, 8000998.0, 2, 0.395812263281
4197002.0, 3429430.0, 2, 0.34394777044
6200566.0, 2727734.0, 2, 0.334777595807
5810970.0, 13116864.0, 2, 0.241573919222
5275040.0, 9163864.0, 2, 0.21073668802
3509060.0, 16919686.0, 2, 0.177308815825
4886436.0, 11834340.0, 2, 0.146013162773
3835538.0, 15608408.0, 2, 0.135623626597
4317960.0, 8900354.0, 2, 0.1198105381
4605922.0, 9605592.0, 2, 0.112513747326
3523684.0, 13562794.0, 2, 0.110147154993
4273818.0, 15615338.0, 2, 0.1076832999
3293760.0, 10300932.0, 2, 0.104308820379
4537736.0, 14937092.0, 2, 0.0996636821827
3515824.0, 18092054.0, 2, 0.0943943216048
3972296.0, 13998460.0, 2, 0.0884542946873
3412608.0, 14944476.0, 2, 0.087067627973
3045846.0, 9321344.0, 2, 0.0861528448422
2813836.0, 11964086.0, 2, 0.0817586330066
6029740.0, 2575142.0, 2, 0.0773403585107
4839790.0, 3264962.0, 2, 0.0768537354763
6106468.0, 3136324.0, 2, 0.0693706752094
2858886.0, 14313454.0, 2, 0.06309066827
2815636.0, 11083852.0, 2, 0.0586423038219
2851074.0, 10490116.0, 2, 0.0545882325357
2810486.0, 11025466.0, 2, 0.05222762653
4052946.0, 9031844.0, 2, 0.0506199631836
4033526.0, 9512300.0, 2, 0.0346770640966
5067880.0, 3614120.0, 3, inf
8909004.0, 2638560.0, 3, inf
12396344.0, 18674248.0, 3, inf
10434646.0, 11864680.0, 3, 0.415644406049
8124106.0, 14848138.0, 3, 0.352660784672
6233372.0, 8225836.0, 3, 0.351587506416
12117212.0, 17636312.0, 3, 0.342166376213
6934162.0, 9326274.0, 3, 0.292260722855
9893994.0, 17050364.0, 3, 0.286698056434
5299042.0, 5442928.0, 3, 0.230977352255
10434646.0, 11864680.0, 3, 0.163660490415
7087918.0, 15763092.0, 3, 0.153338886765
9060674.0, 2712798.0, 3, 0.146025320837
7092182.0, 8786250.0, 3, 0.117996455222
7449740.0, 4810958.0, 3, 0.104484404134
8106154.0, 4581394.0, 3, 0.0874002112469
10377160.0, 3642692.0, 3, 0.0847992574369
7683894.0, 4962126.0, 3, 0.0752241572824
5832192.0, 3899784.0, 3, 0.0723731453125
5885496.0, 3891146.0, 3, 0.0707752023298
7900012.0, 3530170.0, 3, 0.0680045037278
6974882.0, 3443458.0, 3, 0.0587835402179
8920130.0, 17479840.0, 3, 0.0572362618603
10395342.0, 2849228.0, 3, 0.0534088266738
5451720.0, 5031972.0, 3, 0.0518722233388
5670562.0, 3609994.0, 3, 0.051040703656
Generacion: 90
2367888.0, 18355602.0, 1, inf
2367888.0, 18355602.0, 1, inf
5941638.0, 2427848.0, 1, inf
3428120.0, 4461498.0, 1, 0.597565279025
4305122.0, 3178770.0, 1, 0.432657060287
4740798.0, 2603050.0, 1, 0.370731554315
5846734.0, 2444780.0, 1, 0.347016582278
2590462.0, 15611076.0, 1, 0.314560160433
2671740.0, 11517034.0, 1, 0.299132288415
3250830.0, 7997796.0, 1, 0.292702135847
2589002.0, 16158518.0, 1, 0.175487533433
2398982.0, 17552796.0, 1, 0.165032071373
4683580.0, 3165670.0, 1, 0.141222653096
2807700.0, 9788770.0, 1, 0.0872112219009
3029654.0, 8025666.0, 1, 0.0858676060598
2776722.0, 10795458.0, 1, 0.0817032820618
3004136.0, 9030198.0, 1, 0.0648185679345
2369348.0, 17808138.0, 1, 0.0591036278484
2930040.0, 9610948.0, 1, 0.0569367905709
2710608.0, 10796588.0, 1, 0.0553279436749
2931800.0, 9033356.0, 1, 0.0547536233892
2708848.0, 11374202.0, 1, 0.0466481141048
2893498.0, 9769524.0, 1, 0.033963789777
3111134.0, 8006310.0, 1, 0.0231521723583
3176174.0, 8000694.0, 1, 0.0212426935196
2997880.0, 9031936.0, 1, 0.0204391936644
3111134.0, 8006310.0, 1, 0.0194146076611
3176174.0, 8000694.0, 1, 0.0183813169662
4683580.0, 3165670.0, 1, 0.0168330968207
2893498.0, 9769524.0, 1, 0.011433444744
2807700.0, 9788770.0, 1, 0.00987653673421
2708848.0, 11374202.0, 1, 0.0094599714754
2776722.0, 10795458.0, 1, 0.00873915101115
3029654.0, 8025666.0, 1, 0.00835563599272
3004136.0, 9030198.0, 1, 0.00724951644819
2931800.0, 9033356.0, 1, 0.000581632445301
2931800.0, 9033356.0, 1, 0.0
2931800.0, 9033356.0, 1, 0.0
4683580.0, 3165670.0, 1, 0.0
2708848.0, 11374202.0, 1, 0.0
2776722.0, 10795458.0, 1, 0.0
2807700.0, 9788770.0, 1, 0.0
2931800.0, 9033356.0, 1, 0.0
2931800.0, 9033356.0, 1, 0.0
2931800.0, 9033356.0, 1, 0.0
2400978.0, 17814414.0, 2, inf
7660182.0, 2795942.0, 2, inf
4249946.0, 5994902.0, 2, 0.342523965651
6737746.0, 3489914.0, 2, 0.274570061272
5077126.0, 3758130.0, 2, 0.226296719971
5464338.0, 3120034.0, 2, 0.226030546483
3077030.0, 12984078.0, 2, 0.22258298458
2900160.0, 14818250.0, 2, 0.212259155856
6068050.0, 10690466.0, 2, 0.19745710733
3484838.0, 8220594.0, 2, 0.147979818189
3989422.0, 7613154.0, 2, 0.147813150713
3783590.0, 9312870.0, 2, 0.139529121262
6439612.0, 9597578.0, 2, 0.128591956997
4694592.0, 9762698.0, 2, 0.118448906919
2704508.0, 15896424.0, 2, 0.118344469948
3437056.0, 16472342.0, 2, 0.114240116377
2879070.0, 11562514.0, 2, 0.104993695553
4783476.0, 8023358.0, 2, 0.100161262432
2661416.0, 16155204.0, 2, 0.0960613670077
5122326.0, 9582466.0, 2, 0.0756363228113
3436524.0, 9858896.0, 2, 0.0695667353457
4033526.0, 9512300.0, 2, 0.0657490071066
5096414.0, 10532336.0, 2, 0.0639642704193
4243150.0, 11039782.0, 2, 0.0528842645861
3340704.0, 9603552.0, 2, 0.0510318163884
3224656.0, 11560736.0, 2, 0.0491680376846
3886192.0, 10907632.0, 2, 0.0412698271728
3119642.0, 11366858.0, 2, 0.0412373562398
3966476.0, 8025038.0, 2, 0.0327613396191
3833806.0, 10795604.0, 2, 0.025237847794
2815636.0, 11083852.0, 2, 0.0245143009411
2815636.0, 11083852.0, 2, 0.0240645802478
3456310.0, 9319576.0, 2, 0.0223643860311
3076874.0, 11368280.0, 2, 0.0213622707495
3107382.0, 11455362.0, 2, 0.0209169860456
2845458.0, 10712794.0, 2, 0.0190621001174
2995674.0, 9601300.0, 2, 0.0184091316389
2995674.0, 9601300.0, 2, 0.0155895475208
2899212.0, 10798832.0, 2, 0.00742466749641
2899212.0, 10798832.0, 2, 0.0040447924562
2815636.0, 11083852.0, 2, 0.0
3494064.0, 17803414.0, 3, inf
6320902.0, 20080958.0, 3, inf
12958534.0, 15669874.0, 3, inf
8543018.0, 2826302.0, 3, inf
11577632.0, 9209412.0, 3, 0.263323858587
4524592.0, 7608982.0, 3, 0.213146300443
10539928.0, 12433476.0, 3, 0.199757864221
5712178.0, 13991556.0, 3, 0.188319345963
9069804.0, 11184642.0, 3, 0.181493961273
4247236.0, 16824844.0, 3, 0.174308427335
12119002.0, 18557236.0, 3, 0.1585032267
7892278.0, 5411244.0, 3, 0.154385852313
5437970.0, 16025870.0, 3, 0.14561222508
4537736.0, 14937092.0, 3, 0.144070375388
Generacion: 91
2367888.0, 18355602.0, 1, inf
5941638.0, 2427848.0, 1, inf
3654862.0, 5199354.0, 1, 0.428321570477
2620044.0, 15355660.0, 1, 0.279781306097
3315760.0, 7977806.0, 1, 0.276103509482
2671740.0, 11517034.0, 1, 0.274818800703
4018934.0, 3254982.0, 1, 0.256541945265
3838982.0, 3487540.0, 1, 0.223948403911
4683580.0, 3165670.0, 1, 0.20603479797
5333146.0, 2472814.0, 1, 0.204498185146
2466980.0, 16741298.0, 1, 0.173283203493
4749732.0, 2846242.0, 1, 0.162057134876
5186708.0, 2826842.0, 1, 0.155286944809
3029654.0, 8025666.0, 1, 0.112775204547
2583112.0, 15613428.0, 1, 0.105511783646
2845458.0, 10712794.0, 1, 0.0970877586351
2893498.0, 9769524.0, 1, 0.0928453145062
3004136.0, 9030198.0, 1, 0.0648185679345
5297866.0, 2815834.0, 1, 0.0632031193501
2398982.0, 17552796.0, 1, 0.0592408074996
2369348.0, 17808138.0, 1, 0.0591036278484
2710608.0, 10796588.0, 1, 0.054764518442
2931800.0, 9033356.0, 1, 0.0547536233892
2708848.0, 11374202.0, 1, 0.0466481141048
2930040.0, 9610948.0, 1, 0.0464883558131
2776722.0, 10795458.0, 1, 0.0429943530877
3176174.0, 8000694.0, 1, 0.041180897239
2398982.0, 17552796.0, 1, 0.0350583345633
4683580.0, 3165670.0, 1, 0.0241178473054
3176174.0, 8000694.0, 1, 0.0224579307715
3250830.0, 7997796.0, 1, 0.0219043059478
2997880.0, 9031936.0, 1, 0.0204391936644
2590462.0, 15611076.0, 1, 0.0180925713077
3292406.0, 7981642.0, 1, 0.0118745555547
3250830.0, 7997796.0, 1, 0.0118156646402
2930040.0, 9610948.0, 1, 0.0104484347578
2708848.0, 11374202.0, 1, 0.0094599714754
2590462.0, 15611076.0, 1, 0.00842524634412
3292406.0, 7981642.0, 1, 0.00754907684669
3004136.0, 9030198.0, 1, 0.00724951644819
2931800.0, 9033356.0, 1, 0.000581632445301
2710608.0, 10796588.0, 1, 0.000563425232909
4683580.0, 3165670.0, 1, 0.0
2930040.0, 9610948.0, 1, 0.0
2931800.0, 9033356.0, 1, 0.0
2589002.0, 16158518.0, 2, inf
6896178.0, 3250494.0, 2, inf
2606680.0, 16746040.0, 2, inf
5407706.0, 2823796.0, 2, inf
3139642.0, 13483166.0, 2, 0.297919545792
3867428.0, 5995908.0, 2, 0.257266174298
2704508.0, 15896424.0, 2, 0.222610713008
5077126.0, 3758130.0, 2, 0.220334983668
4639864.0, 8002422.0, 2, 0.198630490861
4269888.0, 5543594.0, 2, 0.190173333481
4539300.0, 4792858.0, 2, 0.167131685848
2813836.0, 11964086.0, 2, 0.134536970845
3520544.0, 8004946.0, 2, 0.129715840897
3867938.0, 9037728.0, 2, 0.113718472129
4819468.0, 3626684.0, 2, 0.106874486327
4472374.0, 8475128.0, 2, 0.0967979463205
3293760.0, 10300932.0, 2, 0.0880751497747
4314856.0, 8627112.0, 2, 0.0872476429312
3454736.0, 9798154.0, 2, 0.0788373965758
4773848.0, 3146628.0, 2, 0.0723474347914
2995674.0, 9601300.0, 2, 0.0679671016963
2815636.0, 11083852.0, 2, 0.0665949886108
3297592.0, 10788604.0, 2, 0.0629404874897
3019928.0, 16239256.0, 2, 0.0610524968386
3118436.0, 9317638.0, 2, 0.0505845011317
3340704.0, 9603552.0, 2, 0.0496532277948
2774516.0, 11364856.0, 2, 0.0373006675168
3120396.0, 9035308.0, 2, 0.0344169328376
3076874.0, 11368280.0, 2, 0.0336989529263
2810486.0, 11025466.0, 2, 0.0303358774377
2737820.0, 11515610.0, 2, 0.0300774388814
3210984.0, 11626756.0, 2, 0.026048860521
3224656.0, 11560736.0, 2, 0.0253822105607
3218820.0, 9784642.0, 2, 0.0171520130197
3187026.0, 8003152.0, 2, 0.016744813584
3210984.0, 11626756.0, 2, 0.0103043968988
3214466.0, 14295888.0, 3, inf
8573312.0, 3289840.0, 3, inf
10757076.0, 18980688.0, 3, inf
12958534.0, 15669874.0, 3, inf
5600224.0, 11871732.0, 3, 0.192402525489
8738754.0, 6816654.0, 3, 0.155209569646
6341010.0, 15136768.0, 3, 0.138418279392
12146846.0, 17570898.0, 3, 0.134209978784
10592136.0, 8482732.0, 3, 0.133335876434
3981762.0, 16501606.0, 3, 0.130367201264
11489410.0, 16214584.0, 3, 0.129991269226
5771640.0, 10146238.0, 3, 0.129363678621
8958460.0, 10446072.0, 3, 0.121535512362
9922524.0, 15754008.0, 3, 0.115229562651
12451254.0, 9097242.0, 3, 0.112773071847
3332122.0, 17824712.0, 3, 0.112691558337
3972114.0, 14544776.0, 3, 0.108663982448
6507062.0, 5661618.0, 3, 0.108020885243
7191202.0, 3694594.0, 3, 0.107479047066
Generacion: 92
5333146.0, 2472814.0, 1, inf
2328942.0, 18642252.0, 1, inf
3293530.0, 3231608.0, 1, 0.61609285433
4258040.0, 3217070.0, 1, 0.465664337109
3292406.0, 7981642.0, 1, 0.328843689278
2613712.0, 14539322.0, 1, 0.287628963379
4816894.0, 2582016.0, 1, 0.260183935689
4619316.0, 2837816.0, 1, 0.225298943159
2671740.0, 11517034.0, 1, 0.199265632283
2521342.0, 15358350.0, 1, 0.176015204307
2876244.0, 11021778.0, 1, 0.138268583376
3004136.0, 9030198.0, 1, 0.118912932806
2893498.0, 9769524.0, 1, 0.105159784384
2491168.0, 16725824.0, 1, 0.103623822837
3101228.0, 8022508.0, 1, 0.0989385134369
2367888.0, 18355602.0, 1, 0.0906914768864
2774516.0, 11364856.0, 1, 0.077516269961
2398982.0, 17552796.0, 1, 0.072283873853
3187026.0, 8003152.0, 1, 0.061865038474
2931800.0, 9033356.0, 1, 0.0605806275412
2398982.0, 17552796.0, 1, 0.0605373120004
2466980.0, 16741298.0, 1, 0.0582385333556
2930040.0, 9610948.0, 1, 0.047884838158
2708848.0, 11374202.0, 1, 0.0306921568233
2671740.0, 11517034.0, 1, 0.0281490538915
3111134.0, 8006310.0, 1, 0.0262636993635
2466980.0, 16741298.0, 1, 0.0235912724157
2708848.0, 11374202.0, 1, 0.0129300280401
2930040.0, 9610948.0, 1, 0.010392989277
3111134.0, 8006310.0, 1, 0.0034926859987
3292406.0, 7981642.0, 1, 0.00170442979098
2930040.0, 9610948.0, 1, 0.0
2398982.0, 17552796.0, 1, 0.0
2398982.0, 17552796.0, 1, 0.0
2930040.0, 9610948.0, 1, 0.0
2472876.0, 18942846.0, 2, inf
5829108.0, 2585738.0, 2, inf
5444418.0, 2486294.0, 2, inf
3656514.0, 3494554.0, 2, 0.54760731224
4460490.0, 9393028.0, 2, 0.426615874954
4765446.0, 3239190.0, 2, 0.335632668699
3315760.0, 7977806.0, 2, 0.286478005143
2620044.0, 15355660.0, 2, 0.255375903631
2987686.0, 12698768.0, 2, 0.227986143323
2606628.0, 17614730.0, 2, 0.211272621904
3176002.0, 13276904.0, 2, 0.189521439533
2590462.0, 15611076.0, 2, 0.177126640861
5533384.0, 2795674.0, 2, 0.154327319472
3512348.0, 8018080.0, 2, 0.147868053815
3213860.0, 11025136.0, 2, 0.0998585051954
3119642.0, 11366858.0, 2, 0.0977275783106
3293760.0, 10300932.0, 2, 0.0762381886118
3340704.0, 9603552.0, 2, 0.0687195230534
3589010.0, 9808648.0, 2, 0.0560154506276
3116636.0, 10197850.0, 2, 0.0463995439094
3044046.0, 10201556.0, 2, 0.0423049007449
2995674.0, 9601300.0, 2, 0.02958535751
3548356.0, 9806358.0, 2, 0.0252959068065
3119642.0, 11366858.0, 2, 0.0216607504253
3301768.0, 9768260.0, 2, 0.0188786936842
11001936.0, 3897840.0, 3, inf
6274108.0, 16825180.0, 3, inf
6986446.0, 3230756.0, 3, inf
3368298.0, 7977936.0, 3, inf
9556742.0, 3394506.0, 3, 0.545578452301
6986446.0, 3230756.0, 3, 0.348751940926
4553496.0, 14782292.0, 3, 0.224154221991
5036088.0, 12965788.0, 3, 0.212709603735
4869560.0, 6932838.0, 3, 0.174007148473
5362644.0, 5954608.0, 3, 0.156076480988
5525322.0, 12187874.0, 3, 0.136890263864
3629930.0, 15351340.0, 3, 0.118446200554
5949764.0, 9655542.0, 3, 0.116216237498
3970102.0, 4978094.0, 3, 0.110579446762
4100942.0, 11364348.0, 3, 0.102831608936
6486804.0, 8785068.0, 3, 0.100602572477
4089048.0, 10395190.0, 3, 0.0998425117838
5264782.0, 5213022.0, 3, 0.0983904543981
4447484.0, 16146054.0, 3, 0.0982068075833
5653714.0, 4527382.0, 3, 0.0907554284367
6455956.0, 15655702.0, 3, 0.086321813775
3556370.0, 11623198.0, 3, 0.0814908990006
3447664.0, 16723332.0, 3, 0.0745934872793
6674864.0, 4011186.0, 3, 0.0715331001707
4472374.0, 8475128.0, 3, 0.0653656455193
5859298.0, 3529948.0, 3, 0.0650661406507
4322202.0, 9958904.0, 3, 0.0545091917468
5096876.0, 9743388.0, 3, 0.0522235918975
5299614.0, 4339090.0, 3, 0.0507909940805
6790610.0, 10240054.0, 3, 0.0496822653736
4310272.0, 11404642.0, 3, 0.0454651556667
4843934.0, 11399158.0, 3, 0.0443681210052
6809134.0, 3496564.0, 3, 0.0356174026867
5036472.0, 8677752.0, 3, 0.0307622291125
5925078.0, 3907674.0, 3, 0.0201886512003
12117212.0, 17636312.0, 4, inf
6853496.0, 5060518.0, 4, inf
12788606.0, 3932240.0, 4, inf
13249926.0, 7052634.0, 4, inf
8830654.0, 12839866.0, 4, 0.374175015318
Generacion: 93
2328942.0, 18642252.0, 1, inf
6063090.0, 2470490.0, 1, inf
2328942.0, 18642252.0, 1, inf
3472440.0, 4782792.0, 1, 0.38935565089
5333146.0, 2472814.0, 1, 0.285841683745
3292406.0, 7981642.0, 1, 0.278322421331
4359356.0, 3200706.0, 1, 0.236221782166
4996926.0, 2596898.0, 1, 0.215569844372
2613712.0, 14539322.0, 1, 0.204173134705
2669980.0, 12094682.0, 1, 0.20242657068
3755718.0, 3691576.0, 1, 0.18262220864
3796504.0, 3232918.0, 1, 0.16386282011
4258040.0, 3217070.0, 1, 0.152722903964
2710608.0, 10796588.0, 1, 0.143279157273
3101228.0, 8022508.0, 1, 0.109732149221
2807700.0, 9788770.0, 1, 0.105908045813
2482346.0, 15789686.0, 1, 0.100074295881
5019312.0, 2572684.0, 1, 0.097712161381
2671740.0, 11517034.0, 1, 0.0911493011699
3004136.0, 9030198.0, 1, 0.090095632983
2359984.0, 17839446.0, 1, 0.0861244195876
2571668.0, 14970754.0, 1, 0.0753821299582
2521342.0, 15358350.0, 1, 0.0745599432309
2398982.0, 17552796.0, 1, 0.068611288114
2466980.0, 16741298.0, 1, 0.0636264010292
2995674.0, 9601300.0, 1, 0.0539713549284
3176174.0, 8000694.0, 1, 0.0537242182595
2428796.0, 17027890.0, 1, 0.0468329397325
2997880.0, 9031936.0, 1, 0.0375808792113
2449122.0, 17012570.0, 1, 0.0279473805128
2930040.0, 9610948.0, 1, 0.0273824344447
2872928.0, 9786840.0, 1, 0.024166692459
2466980.0, 16741298.0, 1, 0.0208894193631
2893498.0, 9769524.0, 1, 0.0153143535866
2893498.0, 9769524.0, 1, 0.010856655599
2930040.0, 9610948.0, 1, 0.0103824957641
2466980.0, 16741298.0, 1, 0.0
2930040.0, 9610948.0, 1, 0.0
8840630.0, 3382314.0, 2, inf
2367888.0, 18355602.0, 2, inf
5444418.0, 2486294.0, 2, inf
2367888.0, 18355602.0, 2, inf
7511114.0, 3319264.0, 2, 0.581156929732
3655428.0, 5223650.0, 2, 0.316961717267
4860290.0, 3696410.0, 2, 0.282006948171
3187026.0, 8003152.0, 2, 0.203061124582
2831728.0, 12486888.0, 2, 0.202906716949
4322164.0, 9177742.0, 2, 0.15867221647
3895828.0, 8215094.0, 2, 0.152791421163
2709182.0, 14528704.0, 2, 0.135635805032
3013976.0, 16970994.0, 2, 0.128624411617
2734046.0, 16004552.0, 2, 0.0906935681782
4259612.0, 3499840.0, 2, 0.0856590384783
3044046.0, 10201556.0, 2, 0.0850661651685
2876244.0, 11021778.0, 2, 0.080053891158
3454736.0, 9798154.0, 2, 0.0774484327673
2737820.0, 11515610.0, 2, 0.0768307502411
3340704.0, 9603552.0, 2, 0.0676937460611
2552778.0, 16724692.0, 2, 0.0653613257895
3749722.0, 9260422.0, 2, 0.0639726628509
2688856.0, 14544364.0, 2, 0.0625363034059
2620044.0, 15355660.0, 2, 0.0621283706775
2692510.0, 15352242.0, 2, 0.0542638359302
3213860.0, 11025136.0, 2, 0.0453612977235
2491168.0, 16725824.0, 2, 0.0440850528622
2774516.0, 11364856.0, 2, 0.0298817555756
3065498.0, 9744116.0, 2, 0.0239419212689
3119642.0, 11366858.0, 2, 0.019783991379
2791856.0, 14537500.0, 2, 0.00982572298825
3119642.0, 11366858.0, 2, 0.00849108025708
2367888.0, 18355602.0, 2, 0.0
3119642.0, 11366858.0, 2, 0.0
3119642.0, 11366858.0, 2, 0.0
12647780.0, 4718868.0, 3, inf
8780700.0, 3917294.0, 3, inf
2429040.0, 19229956.0, 3, inf
11174902.0, 16436028.0, 3, 0.26271107077
6790182.0, 8001328.0, 3, 0.216337791041
8301928.0, 10628420.0, 3, 0.214461275012
9814968.0, 5006336.0, 3, 0.207849835789
5377966.0, 5705748.0, 3, 0.194335711983
7258840.0, 11532842.0, 3, 0.177957397889
12115752.0, 18428752.0, 3, 0.149396537754
4553496.0, 14782292.0, 3, 0.136087090742
4109170.0, 15406422.0, 3, 0.130283937004
4595916.0, 13112098.0, 3, 0.120797874282
3879166.0, 16140744.0, 3, 0.112678125742
5620206.0, 12264136.0, 3, 0.111570402429
12137292.0, 19013908.0, 3, 0.102179210646
3163834.0, 11746010.0, 3, 0.0899613433492
4733958.0, 17550946.0, 3, 0.0884414827871
9274620.0, 4510840.0, 3, 0.0729885199698
3644838.0, 14809988.0, 3, 0.0723477092905
5747832.0, 8710648.0, 3, 0.0716914967464
9192858.0, 5251138.0, 3, 0.07045472075
6482066.0, 16896314.0, 3, 0.0697264536371
4322438.0, 9599316.0, 3, 0.0671852678525
5319936.0, 10256112.0, 3, 0.0632443683835
3444714.0, 12936534.0, 3, 0.0619368146158
5196024.0, 17432778.0, 3, 0.0607798624774
Generacion: 94
2328942.0, 18642252.0, 1, inf
5894434.0, 2423296.0, 1, inf
4641292.0, 2478828.0, 1, 0.362415690244
5676694.0, 2468814.0, 1, 0.354887872337
2709182.0, 14528704.0, 1, 0.249260263979
2737820.0, 11515610.0, 1, 0.229438493263
3621896.0, 7107434.0, 1, 0.223692037226
3292406.0, 7981642.0, 1, 0.180085018102
2893498.0, 9769524.0, 1, 0.171345529123
3733910.0, 4386846.0, 1, 0.155942439282
2482346.0, 15789686.0, 1, 0.150096700789
3953688.0, 3216706.0, 1, 0.135652594923
3839394.0, 3492268.0, 1, 0.133786744925
2449122.0, 17012570.0, 1, 0.132087534774
3659946.0, 6025482.0, 1, 0.127955976129
4402816.0, 2552114.0, 1, 0.123581809343
3673490.0, 5266816.0, 1, 0.121776552457
2737820.0, 11515610.0, 1, 0.115689105402
4260816.0, 3209118.0, 1, 0.114762663284
2398982.0, 17552796.0, 1, 0.105589707728
3101228.0, 8022508.0, 1, 0.093111936373
3070250.0, 9029038.0, 1, 0.0893614106956
2367888.0, 18355602.0, 1, 0.0868156239032
2620044.0, 15355660.0, 1, 0.0859150553731
4359356.0, 3200706.0, 1, 0.0803346033409
2692510.0, 15352242.0, 1, 0.0759872019018
2931800.0, 9033356.0, 1, 0.0565882906909
3176174.0, 8000694.0, 1, 0.0561386118904
2930040.0, 9610948.0, 1, 0.0561317744577
3004136.0, 9030198.0, 1, 0.0203593244476
3004136.0, 9030198.0, 1, 0.0187374529246
2542708.0, 16604288.0, 2, inf
6063090.0, 2470490.0, 2, inf
2637200.0, 18211566.0, 2, inf
4883818.0, 2485496.0, 2, 0.525866977866
3837942.0, 5192814.0, 2, 0.450282747741
2723950.0, 14969518.0, 2, 0.439687301097
3327670.0, 7998744.0, 2, 0.415830015264
2916114.0, 10484506.0, 2, 0.354881195773
4380432.0, 4340936.0, 2, 0.27222107046
4365730.0, 3224346.0, 2, 0.271972255166
3598606.0, 9258760.0, 2, 0.246755177846
3044046.0, 10201556.0, 2, 0.150369814593
2589002.0, 16158518.0, 2, 0.130695169787
2995674.0, 9601300.0, 2, 0.0809087644973
2970066.0, 10483792.0, 2, 0.04057508434
5309916.0, 2556336.0, 3, inf
3413148.0, 17110842.0, 3, inf
9437114.0, 2835856.0, 3, inf
2703008.0, 16746486.0, 3, inf
6201132.0, 8205742.0, 3, 0.296763432356
7831442.0, 3439370.0, 3, 0.247116616647
8840630.0, 3382314.0, 3, 0.230257455169
4735712.0, 5652776.0, 3, 0.189939340769
5498146.0, 3971802.0, 3, 0.185607267324
4077882.0, 14090134.0, 3, 0.172401522784
6666978.0, 3396282.0, 3, 0.140913047886
7267766.0, 3593492.0, 3, 0.140555944838
6203084.0, 5585800.0, 3, 0.140243624957
7131270.0, 4368718.0, 3, 0.133644280523
3123428.0, 12497262.0, 3, 0.126495088746
3514464.0, 14546316.0, 3, 0.121026039426
5270734.0, 4618438.0, 3, 0.120850454577
3476178.0, 15507750.0, 3, 0.106367575449
4289148.0, 8954166.0, 3, 0.103096836424
4062104.0, 11662924.0, 3, 0.102012727467
3706416.0, 10508614.0, 3, 0.100350905292
5059218.0, 8448430.0, 3, 0.092082039271
3877396.0, 15353992.0, 3, 0.090691287164
9313558.0, 3394550.0, 3, 0.0895362710818
4761464.0, 9233758.0, 3, 0.0809485403226
3716382.0, 12450270.0, 3, 0.0766844274524
3302348.0, 10786848.0, 3, 0.0743926418311
4983232.0, 3246582.0, 3, 0.0725112149001
4694592.0, 9762698.0, 3, 0.0704712592258
3002376.0, 9607790.0, 3, 0.0569723876185
3119642.0, 11366858.0, 3, 0.0555420584865
4275014.0, 11398838.0, 3, 0.051695179512
4605922.0, 9605592.0, 3, 0.0473912068791
4606096.0, 9597364.0, 3, 0.036068991674
3212738.0, 16885430.0, 3, 0.0329961413259
4996926.0, 2596898.0, 3, 0.0304888036043
3836784.0, 11367138.0, 3, 0.0261074842134
3013976.0, 16970994.0, 3, 0.025299740403
3366706.0, 15417334.0, 3, 0.0252792778226
3262832.0, 16759502.0, 3, 0.0176505788948
4677946.0, 9603058.0, 3, 0.0137067854881
3247774.0, 15379296.0, 3, 0.0117909036149
3013976.0, 16970994.0, 3, 0.00760144126229
3119642.0, 11366858.0, 3, 0.000581450740838
7795378.0, 21056072.0, 4, inf
3460986.0, 17178884.0, 4, inf
12855426.0, 4671924.0, 4, inf
8958972.0, 3737692.0, 4, inf
9518992.0, 14054020.0, 4, 0.29756691307
8062382.0, 10754414.0, 4, 0.269883014249
4923874.0, 16028116.0, 4, 0.239007164004
6238418.0, 18549668.0, 4, 0.232519510597
12121192.0, 17808410.0, 4, 0.221724873148
6830832.0, 8191596.0, 4, 0.215623383588
Generacion: 95
5894434.0, 2423296.0, 1, inf
2359984.0, 17839446.0, 1, inf
2521342.0, 15358350.0, 1, 0.419464335512
2671740.0, 11517034.0, 1, 0.349456918168
3372242.0, 4211528.0, 1, 0.320105220291
4359356.0, 3200706.0, 1, 0.315877027552
3368298.0, 7977936.0, 1, 0.279955023785
3843816.0, 3207366.0, 1, 0.270179039801
4816894.0, 2582016.0, 1, 0.239046594248
2449122.0, 17012570.0, 1, 0.206594280909
3407714.0, 3215066.0, 1, 0.198559188584
5676694.0, 2468814.0, 1, 0.162016992023
5058256.0, 2563908.0, 1, 0.13536457085
2916114.0, 10484506.0, 1, 0.133368864592
2931800.0, 9033356.0, 1, 0.117357924066
5333146.0, 2472814.0, 1, 0.11524125011
2710608.0, 10796588.0, 1, 0.101318605737
3029654.0, 8025666.0, 1, 0.0928360526246
5271006.0, 2475908.0, 1, 0.0836834749655
2845458.0, 10712794.0, 1, 0.0783875350672
3004136.0, 9030198.0, 1, 0.0742635555137
3250830.0, 7997796.0, 1, 0.0529228747898
3101228.0, 8022508.0, 1, 0.0390373043343
3166456.0, 8020548.0, 1, 0.0255303474861
3187026.0, 8003152.0, 1, 0.0253477444108
2997880.0, 9031936.0, 1, 0.0206708349152
8064494.0, 2460350.0, 2, inf
2497100.0, 17559214.0, 2, inf
6063090.0, 2470490.0, 2, 0.446935288014
3327670.0, 7998744.0, 2, 0.380882323293
5430632.0, 3493946.0, 2, 0.323381701536
3655428.0, 5223650.0, 2, 0.312184251378
4053208.0, 3495242.0, 2, 0.306460176011
3019144.0, 12485806.0, 2, 0.26771210106
2692510.0, 15352242.0, 2, 0.256748249624
3045846.0, 9321344.0, 2, 0.220001688939
2970066.0, 10483792.0, 2, 0.195857205558
3733910.0, 4386846.0, 2, 0.185920867656
2737820.0, 11515610.0, 2, 0.182447529313
2589002.0, 16158518.0, 2, 0.105775107171
5586426.0, 2488004.0, 2, 0.105497252951
5513686.0, 2573386.0, 2, 0.0946069775638
2661416.0, 16155204.0, 2, 0.0719916012643
4053208.0, 3495242.0, 2, 0.0574372629656
2589002.0, 16158518.0, 2, 0.0167266712214
2589002.0, 16158518.0, 2, 0.0
12262592.0, 2966892.0, 3, inf
2637200.0, 18211566.0, 3, inf
6413838.0, 2557834.0, 3, inf
9821358.0, 2637400.0, 3, 0.48294193833
4310272.0, 11404642.0, 3, 0.343446785288
7865614.0, 3379822.0, 3, 0.312291795825
3627096.0, 14924076.0, 3, 0.276234060873
4318428.0, 7142846.0, 3, 0.200650019986
3512348.0, 8018080.0, 3, 0.186576350109
4044760.0, 9595470.0, 3, 0.172738348792
4212412.0, 5147852.0, 3, 0.170794475352
2775676.0, 16742624.0, 3, 0.156712143413
6916892.0, 3231270.0, 3, 0.150907551687
2878332.0, 15787968.0, 3, 0.110877609371
3785952.0, 16150588.0, 3, 0.103909183068
4985792.0, 3661336.0, 3, 0.097358143134
4289148.0, 8954166.0, 3, 0.0858461934152
5498146.0, 3971802.0, 3, 0.0835757682169
4476720.0, 4576848.0, 3, 0.0796800478404
3631606.0, 15612986.0, 3, 0.0716914537042
6313324.0, 3425800.0, 3, 0.0699044643643
5805014.0, 3588254.0, 3, 0.0629843796124
6666978.0, 3396282.0, 3, 0.0552004130631
4755956.0, 3500420.0, 3, 0.0431593550052
4620902.0, 4392474.0, 3, 0.0428428351192
4148790.0, 9290724.0, 3, 0.0356339772536
5773894.0, 3507986.0, 3, 0.0339432411817
5510424.0, 3552668.0, 3, 0.0337756990002
4168246.0, 4360318.0, 3, 0.0334834002725
3560432.0, 9238490.0, 3, 0.0334215610479
4234392.0, 3905252.0, 3, 0.0278056002183
5973332.0, 19168994.0, 4, inf
11490094.0, 3541330.0, 4, inf
12712218.0, 5716390.0, 4, inf
4602348.0, 12274138.0, 4, inf
9411814.0, 7220784.0, 4, 0.315935369702
6958844.0, 13871932.0, 4, 0.304954622245
11282094.0, 5668346.0, 4, 0.258524002588
6036940.0, 17278446.0, 4, 0.186011424371
5892386.0, 16500814.0, 4, 0.182293655347
11835690.0, 5599756.0, 4, 0.167135317594
5651500.0, 10564544.0, 4, 0.159371071649
9029386.0, 12567670.0, 4, 0.145141208788
8386282.0, 6813510.0, 4, 0.137874913329
6543720.0, 5070288.0, 4, 0.107851359597
5902724.0, 11618926.0, 4, 0.107124871349
6940440.0, 16640516.0, 4, 0.100947467747
9208724.0, 3937018.0, 4, 0.089889707081
7450172.0, 10242724.0, 4, 0.087804268578
8860812.0, 6884652.0, 4, 0.0869346184882
8164218.0, 9335616.0, 4, 0.0850345183528
5147204.0, 5256710.0, 4, 0.0779528504384
7874314.0, 7874800.0, 4, 0.0758051274358
7372504.0, 4924666.0, 4, 0.0741831901177
Generacion: 96
5477662.0, 2421724.0, 1, inf
2328942.0, 18642252.0, 1, inf
3372242.0, 4211528.0, 1, 0.456233543578
4402816.0, 2552114.0, 1, 0.409018438069
2571668.0, 14970754.0, 1, 0.284582990973
5003136.0, 2545070.0, 1, 0.280426035636
3315760.0, 7977806.0, 1, 0.271983621207
2671740.0, 11517034.0, 1, 0.233909090797
3843816.0, 3207366.0, 1, 0.223499286138
3832142.0, 3237582.0, 1, 0.211673752114
2851074.0, 10490116.0, 1, 0.157885195858
3029654.0, 8025666.0, 1, 0.113796305898
2931800.0, 9033356.0, 1, 0.110795959092
5271006.0, 2475908.0, 1, 0.109262270095
2449122.0, 17012570.0, 1, 0.106141853236
2482346.0, 15789686.0, 1, 0.102523916814
2776722.0, 10795458.0, 1, 0.0991902528322
2466980.0, 16741298.0, 1, 0.0859427232173
2521342.0, 15358350.0, 1, 0.078855100084
2737820.0, 11515610.0, 1, 0.0778265255109
5333146.0, 2472814.0, 1, 0.0689722072351
3004136.0, 9030198.0, 1, 0.0639165124093
2449122.0, 17012570.0, 1, 0.0548918836461
3166456.0, 8020548.0, 1, 0.0513676685553
3250830.0, 7997796.0, 1, 0.042447137764
2671740.0, 11517034.0, 1, 0.03186959339
3187026.0, 8003152.0, 1, 0.0281989525149
2931800.0, 9033356.0, 1, 0.0257252628437
2997880.0, 9031936.0, 1, 0.023167836209
3004136.0, 9030198.0, 1, 0.00821139371137
3004136.0, 9030198.0, 1, 0.0
2671740.0, 11517034.0, 1, 0.0
3004136.0, 9030198.0, 1, 0.0
3004136.0, 9030198.0, 1, 0.0
5894434.0, 2423296.0, 2, inf
2545212.0, 18539842.0, 2, inf
4089662.0, 9033796.0, 2, 0.322958989066
3655428.0, 5223650.0, 2, 0.287081711941
5560144.0, 2434776.0, 2, 0.265060981491
3476922.0, 7975308.0, 2, 0.253676992047
5032234.0, 2546234.0, 2, 0.231053162009
3359584.0, 17872468.0, 2, 0.226549442455
3656964.0, 11890422.0, 2, 0.223731395115
4816894.0, 2582016.0, 2, 0.219354808952
3839394.0, 3492268.0, 2, 0.206327015398
3181870.0, 9796236.0, 2, 0.175535937563
2784696.0, 14525286.0, 2, 0.174112549416
2805612.0, 15793578.0, 2, 0.173931897207
2771878.0, 11804758.0, 2, 0.166312751128
3975356.0, 3430482.0, 2, 0.131203566909
2662876.0, 15607762.0, 2, 0.121628099785
3627096.0, 14924076.0, 2, 0.119911031478
4816894.0, 2582016.0, 2, 0.116941176455
3288866.0, 8024772.0, 2, 0.116233318523
2896598.0, 14534186.0, 2, 0.0964724355089
3045846.0, 9321344.0, 2, 0.0959317461524
3190260.0, 9180252.0, 2, 0.0495583618694
3118436.0, 9317638.0, 2, 0.0493680924252
4140870.0, 18017620.0, 3, inf
11853792.0, 2966670.0, 3, inf
8297942.0, 2466562.0, 3, inf
2926538.0, 16043138.0, 3, inf
11665204.0, 2994726.0, 3, 0.404671908444
8349676.0, 2466760.0, 3, 0.377333812289
4592586.0, 12198252.0, 3, 0.336466414178
3957160.0, 15347598.0, 3, 0.262418819001
3711128.0, 8960682.0, 3, 0.245237182501
4318428.0, 7142846.0, 3, 0.211899357877
3825002.0, 10907168.0, 3, 0.170285034043
7537044.0, 3235978.0, 3, 0.122970971385
6940440.0, 16640516.0, 3, 0.118933882261
3973638.0, 5818856.0, 3, 0.117677673393
5028456.0, 4390928.0, 3, 0.115589722998
7172720.0, 16020222.0, 3, 0.111555726169
6501222.0, 9588194.0, 3, 0.108529542721
3712054.0, 17030042.0, 3, 0.0936946042437
3781814.0, 9855588.0, 3, 0.0917153994533
8173196.0, 3406578.0, 3, 0.0823220685397
4539300.0, 4792858.0, 3, 0.0759668307894
5929982.0, 3630382.0, 3, 0.0757822625241
5313632.0, 4561592.0, 3, 0.0654573386681
6677510.0, 3363594.0, 3, 0.0509592269844
5428684.0, 5357980.0, 3, 0.0496257047714
4234358.0, 4020094.0, 3, 0.0466665156027
5676694.0, 2468814.0, 3, 0.0450299789435
5884840.0, 3155662.0, 3, 0.0438859849619
5382078.0, 3974516.0, 3, 0.0305779736106
4352812.0, 3499928.0, 3, 0.0305708008386
5410310.0, 5632852.0, 3, 0.0284329358914
6532238.0, 2563276.0, 3, 0.0272428655256
5425094.0, 2799206.0, 3, 0.0265767807149
3757022.0, 5420602.0, 3, 0.0254897263473
8193690.0, 2585380.0, 3, 0.0253773649551
5399888.0, 3694830.0, 3, 0.025150279364
4322438.0, 9599316.0, 3, 0.0210461620395
5538252.0, 3504218.0, 3, 0.0207172289915
5507752.0, 3527810.0, 3, 0.0203863154937
8264308.0, 3325186.0, 3, 0.0198842054825
4573812.0, 3632582.0, 3, 0.0101131966702
8499750.0, 18234284.0, 4, inf
Generacion: 97
2328942.0, 18642252.0, 1, inf
7245648.0, 2419760.0, 1, inf
5477662.0, 2421724.0, 1, 0.533336405391
2671740.0, 11517034.0, 1, 0.271283570207
2482346.0, 15789686.0, 1, 0.270135647187
3166456.0, 8020548.0, 1, 0.269518231618
3213146.0, 4019520.0, 1, 0.266001817522
4641292.0, 2478828.0, 1, 0.213944266982
4471058.0, 2571180.0, 1, 0.206957522753
3225810.0, 3901172.0, 1, 0.174097340301
3852392.0, 3233248.0, 1, 0.17102686956
3832142.0, 3237582.0, 1, 0.168612099817
2449122.0, 17012570.0, 1, 0.125638309788
2482346.0, 15789686.0, 1, 0.113902512056
2710608.0, 10796588.0, 1, 0.0954253468069
3101228.0, 8022508.0, 1, 0.0952516367856
2872928.0, 9786840.0, 1, 0.0841990504588
2671740.0, 11517034.0, 1, 0.0829308216402
2995674.0, 9601300.0, 1, 0.0733276988054
2398982.0, 17552796.0, 1, 0.06910057824
3004136.0, 9030198.0, 1, 0.0638379146779
2359984.0, 17839446.0, 1, 0.057418951273
3004136.0, 9030198.0, 1, 0.0549516998001
2834788.0, 10506968.0, 1, 0.0474609227951
2851074.0, 10490116.0, 1, 0.0466642894694
2359984.0, 17839446.0, 1, 0.0239834882364
2851074.0, 10490116.0, 1, 0.00548365043951
2671740.0, 11517034.0, 1, 0.0
2851074.0, 10490116.0, 1, 0.0
3004136.0, 9030198.0, 1, 0.0
3228266.0, 18623368.0, 2, inf
2545212.0, 18539842.0, 2, inf
7186374.0, 2425948.0, 2, inf
3740040.0, 8677474.0, 2, 0.409166700232
5560144.0, 2434776.0, 2, 0.399459324497
4816894.0, 2582016.0, 2, 0.341639223244
4053208.0, 3495242.0, 2, 0.332625680296
3372242.0, 4211528.0, 2, 0.328910261573
2723950.0, 14969518.0, 2, 0.259153380708
3074150.0, 17839598.0, 2, 0.217607195657
2745052.0, 14314174.0, 2, 0.216873083866
2837472.0, 11804514.0, 2, 0.207232252436
5367842.0, 2549574.0, 2, 0.169233421466
2904958.0, 10484236.0, 2, 0.1387959523
3478114.0, 9308548.0, 2, 0.0909852076609
3371546.0, 18096660.0, 2, 0.0742533649278
3419076.0, 11496874.0, 2, 0.0722795133248
3109246.0, 9799682.0, 2, 0.0523403044437
3456938.0, 8831924.0, 2, 0.0443501268473
3118436.0, 9317638.0, 2, 0.0436464426934
2995338.0, 9791014.0, 2, 0.0403597300867
3413170.0, 9600134.0, 2, 0.0359464831299
2737820.0, 11515610.0, 2, 0.0235398544828
3453104.0, 9736430.0, 2, 0.019942463664
3602964.0, 15632380.0, 3, inf
13212012.0, 3028508.0, 3, inf
3629782.0, 16163194.0, 3, inf
11378972.0, 2640762.0, 3, inf
8203582.0, 3280602.0, 3, 0.413611004282
10488686.0, 2661812.0, 3, 0.359132614579
4016394.0, 12778828.0, 3, 0.256432194817
3986156.0, 5790502.0, 3, 0.25551923364
4472374.0, 8475128.0, 3, 0.253749702173
6632566.0, 3238008.0, 3, 0.224574054534
5436832.0, 10934422.0, 3, 0.194358651462
4736080.0, 12258784.0, 3, 0.180151396828
3869202.0, 5227024.0, 3, 0.157620165947
4517850.0, 9206336.0, 3, 0.145990716006
4234392.0, 3905252.0, 3, 0.117168331002
4202784.0, 11360696.0, 3, 0.0860282940757
6012172.0, 3595862.0, 3, 0.0838419403382
5285760.0, 3752018.0, 3, 0.0756755797569
6196484.0, 3448380.0, 3, 0.0703388324719
3811236.0, 8887830.0, 3, 0.0660859131499
5290364.0, 15952654.0, 3, 0.0500841223189
4562402.0, 10958732.0, 3, 0.0489362105407
4280520.0, 9044148.0, 3, 0.0376703411325
4561738.0, 11350814.0, 3, 0.0328921086541
6090706.0, 3407248.0, 3, 0.0315884720147
4052946.0, 9031844.0, 3, 0.0309572458383
5389824.0, 3240786.0, 3, 0.0183925942543
4531976.0, 3661956.0, 3, 0.0161152846686
10602658.0, 18279482.0, 4, inf
14529874.0, 17165762.0, 4, inf
4538352.0, 7607076.0, 4, inf
6055410.0, 3980698.0, 4, inf
12557734.0, 11173716.0, 4, 0.306796884417
6984944.0, 14789518.0, 4, 0.294016484627
7994176.0, 11399716.0, 4, 0.247955166886
8617374.0, 7206464.0, 4, 0.151064120396
5193748.0, 9317724.0, 4, 0.142676558378
11604050.0, 15403654.0, 4, 0.139332453466
8258230.0, 6375910.0, 4, 0.137522176828
10368004.0, 5295902.0, 4, 0.128825372245
4956522.0, 5844998.0, 4, 0.127138009815
9814968.0, 5006336.0, 4, 0.116201473893
11279020.0, 4890128.0, 4, 0.111449640763
6546204.0, 16449136.0, 4, 0.107420704053
7351984.0, 15773748.0, 4, 0.100684263796
5922584.0, 7609982.0, 4, 0.0952445910692
Generacion: 98
2330402.0, 18094754.0, 1, inf
5477662.0, 2421724.0, 1, inf
3109740.0, 3943170.0, 1, 0.523589280479
5024716.0, 2483588.0, 1, 0.431609537684
2521342.0, 15358350.0, 1, 0.332789165488
4146592.0, 2557762.0, 1, 0.319240371912
3839394.0, 3492268.0, 1, 0.31071776553
3101228.0, 8022508.0, 1, 0.262304719737
2671740.0, 11517034.0, 1, 0.25688140777
2482346.0, 15789686.0, 1, 0.209572889716
2359984.0, 17839446.0, 1, 0.195350448461
3978912.0, 3401668.0, 1, 0.12173761599
4103466.0, 2899322.0, 1, 0.107122559918
2851074.0, 10490116.0, 1, 0.0988692496557
3094848.0, 8023446.0, 1, 0.0951442152551
3004136.0, 9030198.0, 1, 0.0872184775287
2810486.0, 11025466.0, 1, 0.0801370851167
2931800.0, 9033356.0, 1, 0.0699541706269
2893498.0, 9769524.0, 1, 0.0667809915733
2872928.0, 9786840.0, 1, 0.0594562214075
2671740.0, 11517034.0, 1, 0.0569001985445
2774516.0, 11364856.0, 1, 0.054544829613
2708848.0, 11374202.0, 1, 0.0423652525023
3004136.0, 9030198.0, 1, 0.0290240239725
2931800.0, 9033356.0, 1, 0.0123714436328
3101228.0, 8022508.0, 1, 0.00276442280491
3101228.0, 8022508.0, 1, 0.0
7295740.0, 2431702.0, 2, inf
3074150.0, 17839598.0, 2, inf
2771878.0, 11804758.0, 2, inf
3213146.0, 4019520.0, 2, 0.604598675748
5555440.0, 2441012.0, 2, 0.53493179437
4653110.0, 3694806.0, 2, 0.470578111737
2935174.0, 17240502.0, 2, 0.391827798667
3059978.0, 12482320.0, 2, 0.382160427265
3166456.0, 8020548.0, 2, 0.33719129034
4922652.0, 2591336.0, 2, 0.280833579722
3078634.0, 10790666.0, 2, 0.121598718986
2860336.0, 11518982.0, 2, 0.101850280694
3188056.0, 9021772.0, 2, 0.0861712435029
3181870.0, 9796236.0, 2, 0.0801020759198
3118436.0, 9317638.0, 2, 0.0413248112791
3175148.0, 11803792.0, 2, 0.0219546391116
3187462.0, 9260788.0, 2, 0.0205696481307
3068044.0, 9598402.0, 2, 0.0200050754548
3068044.0, 9598402.0, 2, 0.0141895120423
8383030.0, 2597478.0, 3, inf
6262094.0, 2597348.0, 3, inf
4136092.0, 18879986.0, 3, inf
3092466.0, 16146500.0, 3, inf
6262094.0, 2597348.0, 3, 0.400898323822
5179044.0, 2845616.0, 3, 0.288053400257
3644398.0, 5038160.0, 3, 0.210102717181
3616142.0, 7598460.0, 3, 0.196463691955
3977822.0, 9794680.0, 3, 0.144678986414
3625076.0, 17835318.0, 3, 0.141379429451
3794594.0, 12087730.0, 3, 0.137390945833
5090740.0, 3682700.0, 3, 0.13660235267
3444490.0, 14966874.0, 3, 0.123359474734
4271960.0, 4027160.0, 3, 0.122781127792
4735236.0, 12780760.0, 3, 0.119524950968
3647562.0, 8141650.0, 3, 0.116420847483
3147160.0, 14316566.0, 3, 0.115528080437
3372242.0, 4211528.0, 3, 0.11237075953
3584768.0, 11351516.0, 3, 0.107536312041
3594060.0, 13837008.0, 3, 0.100251874665
4677946.0, 9603058.0, 3, 0.0992813995809
4052946.0, 9031844.0, 3, 0.0868325415468
4792426.0, 9790884.0, 3, 0.0777002091324
3471228.0, 18385924.0, 3, 0.0698455035163
4054820.0, 9318538.0, 3, 0.0506174974965
3636484.0, 11560106.0, 3, 0.0433018802981
3128150.0, 18615786.0, 3, 0.0406809001926
3560422.0, 11442128.0, 3, 0.0342714276662
4741924.0, 3879978.0, 3, 0.0319648602905
3413170.0, 9600134.0, 3, 0.0311298379957
6262094.0, 2597348.0, 3, 0.0
13212012.0, 3028508.0, 4, inf
11310326.0, 18510864.0, 4, inf
8744804.0, 2856084.0, 4, inf
4010082.0, 5393304.0, 4, inf
6457756.0, 15195634.0, 4, 0.275243015575
8062280.0, 12250700.0, 4, 0.249223911231
8258230.0, 6375910.0, 4, 0.209954971997
5713996.0, 8526372.0, 4, 0.182319760124
12557734.0, 11173716.0, 4, 0.16365023818
10818416.0, 17899824.0, 4, 0.14679704546
12472212.0, 12000250.0, 4, 0.140649043921
4760802.0, 16320836.0, 4, 0.139220592167
7747780.0, 16889020.0, 4, 0.126061974086
5625230.0, 10696926.0, 4, 0.119345906175
11896546.0, 5748242.0, 4, 0.109941956851
5457996.0, 9740902.0, 4, 0.103527007285
8745502.0, 8941622.0, 4, 0.0979874646232
5956586.0, 6092760.0, 4, 0.0942361894813
7511340.0, 4100110.0, 4, 0.0923499832221
9285832.0, 9666854.0, 4, 0.0917269593195
10390332.0, 9727152.0, 4, 0.0905494447793
6678954.0, 4881894.0, 4, 0.0864163937384
7095234.0, 3252134.0, 4, 0.0858807664473
Generacion: 99
8295478.0, 2420890.0, 1, inf
2359984.0, 17839446.0, 1, inf
2359984.0, 17839446.0, 1, inf
5477662.0, 2421724.0, 1, 0.49215038658
3109740.0, 3943170.0, 1, 0.318907678739
2671740.0, 11517034.0, 1, 0.28999018528
3101228.0, 8022508.0, 1, 0.265648173765
2521342.0, 15358350.0, 1, 0.254219565669
2491168.0, 16725824.0, 1, 0.18810150508
5024716.0, 2483588.0, 1, 0.124750351361
3402756.0, 3220954.0, 1, 0.11849730547
2521342.0, 15358350.0, 1, 0.114028897356
3843816.0, 3207366.0, 1, 0.112367877298
3266428.0, 3534550.0, 1, 0.0962074446933
4214954.0, 2576800.0, 1, 0.0880725058528
3029654.0, 8025666.0, 1, 0.080577804382
5396084.0, 2477420.0, 1, 0.0803237324069
2769594.0, 10509192.0, 1, 0.0774642391425
3004136.0, 9030198.0, 1, 0.0773378707888
2893498.0, 9769524.0, 1, 0.0741609582963
4471058.0, 2571180.0, 1, 0.0739449880499
2834788.0, 10506968.0, 1, 0.0688476805706
4681268.0, 2544022.0, 1, 0.0685275155192
4073668.0, 2896836.0, 1, 0.0662474379388
2708848.0, 11374202.0, 1, 0.0623537620308
3956508.0, 2926878.0, 1, 0.0588650174324
2930040.0, 9610948.0, 1, 0.0541986298873
2931800.0, 9033356.0, 1, 0.0496478588318
4651050.0, 2569516.0, 1, 0.0371771389196
2708848.0, 11374202.0, 1, 0.019498006076
3094848.0, 8023446.0, 1, 0.0122634606076
3004136.0, 9030198.0, 1, 0.00450403906666
3101228.0, 8022508.0, 1, 0.00149492029696
2931800.0, 9033356.0, 1, 0.000501339375614
3004136.0, 9030198.0, 1, 0.0
2521342.0, 15358350.0, 1, 0.0
3004136.0, 9030198.0, 1, 0.0
5941638.0, 2427848.0, 2, inf
2460078.0, 18488074.0, 2, inf
5003136.0, 2545070.0, 2, 0.557330289978
3785326.0, 5231132.0, 2, 0.444772004377
2626464.0, 16005912.0, 2, 0.401007277389
4103466.0, 2899322.0, 2, 0.347521974517
2860336.0, 11518982.0, 2, 0.324792750545
3288866.0, 8024772.0, 2, 0.248947338729
3166456.0, 8020548.0, 2, 0.193773908845
3959436.0, 3970708.0, 2, 0.169515953621
2818008.0, 16508766.0, 2, 0.138825473354
3018438.0, 10465160.0, 2, 0.133896525417
3074150.0, 17839598.0, 2, 0.126284588423
3978912.0, 3401668.0, 2, 0.108079904408
2774516.0, 11364856.0, 2, 0.10036576715
3068044.0, 9598402.0, 2, 0.0874531959323
3187462.0, 9260788.0, 2, 0.0829948102396
3078634.0, 10790666.0, 2, 0.0677166141039
3118436.0, 9317638.0, 2, 0.035504972123
3187462.0, 9260788.0, 2, 0.0294591450568
2860336.0, 11518982.0, 2, 0.021754519984
3114872.0, 9266138.0, 2, 0.0149720322759
4136092.0, 18879986.0, 3, inf
7442828.0, 2437870.0, 3, inf
2935174.0, 17240502.0, 3, inf
4004666.0, 13640948.0, 3, 0.270762601987
6956930.0, 3600836.0, 3, 0.249855925041
4230072.0, 5782644.0, 3, 0.230673062541
5829690.0, 3725630.0, 3, 0.23019681338
5153392.0, 8252508.0, 3, 0.219213674759
4445954.0, 12680520.0, 3, 0.215784645874
3369848.0, 16679194.0, 3, 0.212854850491
6262094.0, 2597348.0, 3, 0.191497698515
5296008.0, 3211492.0, 3, 0.179650691585
3870360.0, 9548642.0, 3, 0.136164600761
3350662.0, 18253806.0, 3, 0.120116875583
4166588.0, 10900074.0, 3, 0.116134163697
3413170.0, 9600134.0, 3, 0.114345578636
3277872.0, 17172606.0, 3, 0.112108914517
3903146.0, 9797658.0, 3, 0.108468306892
4744226.0, 4662918.0, 3, 0.104589844098
6262094.0, 2597348.0, 3, 0.103652265224
7263840.0, 2445860.0, 3, 0.0997265562836
5092964.0, 9143518.0, 3, 0.0964294700697
4887324.0, 5478770.0, 3, 0.0935418168402
4100942.0, 11364348.0, 3, 0.0835127070592
4578618.0, 16912728.0, 3, 0.0814752723236
5205082.0, 3953812.0, 3, 0.0643591533247
4949314.0, 3665684.0, 3, 0.0512124071767
7397566.0, 2470322.0, 3, 0.048920985619
4027402.0, 4330634.0, 3, 0.0454186236907
4100942.0, 11364348.0, 3, 0.0445513496836
5138336.0, 9148536.0, 3, 0.0380450506612
4677946.0, 9603058.0, 3, 0.0371276811626
4834636.0, 3692784.0, 3, 0.0353914409874
5294996.0, 9606520.0, 3, 0.0320069279723
4116556.0, 4267316.0, 3, 0.0307159442683
6262094.0, 2597348.0, 3, 0.0
5923022.0, 18304458.0, 4, inf
5118888.0, 6797530.0, 4, inf
13182752.0, 3017526.0, 4, inf
10571332.0, 14146624.0, 4, 0.471090585525
12910236.0, 3805336.0, 4, 0.308233611062
Generacion: 100
7980906.0, 2419738.0, 1, inf
2428796.0, 17027890.0, 1, inf
6706416.0, 2437750.0, 1, 0.440411478062
4146592.0, 2557762.0, 1, 0.337648087864
2708848.0, 11374202.0, 1, 0.315116630272
2692510.0, 15352242.0, 1, 0.312842437904
3109740.0, 3943170.0, 1, 0.304564437481
3101228.0, 8022508.0, 1, 0.281997225166
5444418.0, 2486294.0, 1, 0.259641778101
5553966.0, 2467816.0, 1, 0.230623687886
2583112.0, 15613428.0, 1, 0.1622043422
3843816.0, 3207366.0, 1, 0.123908664074
3402756.0, 3220954.0, 1, 0.100772434227
2769594.0, 10509192.0, 1, 0.0864775147733
3004136.0, 9030198.0, 1, 0.0817937265025
3029654.0, 8025666.0, 1, 0.0805073687034
2931800.0, 9033356.0, 1, 0.0754279706014
2872928.0, 9786840.0, 1, 0.0740636739481
2710608.0, 10796588.0, 1, 0.0701552633106
2807700.0, 9788770.0, 1, 0.0680602174317
3225810.0, 3901172.0, 1, 0.0561933957416
3843816.0, 3207366.0, 1, 0.0554636672456
3293530.0, 3231608.0, 1, 0.0460214603007
3266428.0, 3534550.0, 1, 0.029978470216
3266428.0, 3534550.0, 1, 0.0280536501807
3094848.0, 8023446.0, 1, 0.0131074958577
3004136.0, 9030198.0, 1, 0.00481227115938
3029654.0, 8025666.0, 1, 0.00474806043649
3029654.0, 8025666.0, 1, 0.0
3266428.0, 3534550.0, 1, 0.0
3004136.0, 9030198.0, 1, 0.0
3004136.0, 9030198.0, 1, 0.0
3004136.0, 9030198.0, 1, 0.0
8248606.0, 2522908.0, 2, inf
2760508.0, 14541050.0, 2, inf
2752820.0, 11747728.0, 2, inf
6262094.0, 2597348.0, 2, 0.431110615119
7703372.0, 2571208.0, 2, 0.367654913888
3807628.0, 4204436.0, 2, 0.363218877402
3187026.0, 8003152.0, 2, 0.321351483209
5446658.0, 2817392.0, 2, 0.265477773427
2814870.0, 13302404.0, 2, 0.251950817061
4913646.0, 3210324.0, 2, 0.248937477759
4254510.0, 2839122.0, 2, 0.222528714938
3748920.0, 3223908.0, 2, 0.129452096727
2899212.0, 10798832.0, 2, 0.12879583366
2957224.0, 10511140.0, 2, 0.117875145036
3307478.0, 3903500.0, 2, 0.114195576817
2784696.0, 14525286.0, 2, 0.112956262124
3222434.0, 8948132.0, 2, 0.111658344331
3870360.0, 9548642.0, 2, 0.104056357078
3166456.0, 8020548.0, 2, 0.100279137196
3002376.0, 9607790.0, 2, 0.0959671064344
3413170.0, 9600134.0, 2, 0.0617292992325
3233962.0, 9325076.0, 2, 0.0394260241318
3187462.0, 9260788.0, 2, 0.0378073364827
3413170.0, 9600134.0, 2, 0.0193755775241
3068044.0, 9598402.0, 2, 0.0180509262367
3068044.0, 9598402.0, 2, 0.0160891983715
7131130.0, 18602840.0, 3, inf
2856790.0, 18538706.0, 3, inf
10702188.0, 2550028.0, 3, inf
6015852.0, 5249030.0, 3, 0.226727058502
8358880.0, 10491316.0, 3, 0.195498601433
3335282.0, 14698928.0, 3, 0.169981996777
9514896.0, 9736792.0, 3, 0.169840954307
3696552.0, 13838596.0, 3, 0.161831018351
6356374.0, 12445296.0, 3, 0.15882810154
4385702.0, 15837064.0, 3, 0.157467578242
4609700.0, 7609082.0, 3, 0.155440531636
10276744.0, 4471510.0, 3, 0.139179977967
3940072.0, 16886996.0, 3, 0.128934635281
7826934.0, 10554518.0, 3, 0.124442566854
4269458.0, 11664172.0, 3, 0.108581663732
9568858.0, 3391478.0, 3, 0.107353684544
5785158.0, 8250588.0, 3, 0.104455753766
3783770.0, 11515594.0, 3, 0.097044488118
10541038.0, 4174278.0, 3, 0.0968555276809
7271326.0, 18110220.0, 3, 0.092856112868
3199474.0, 16913040.0, 3, 0.0876518961353
5135110.0, 7626086.0, 3, 0.0864518942871
6359808.0, 8753284.0, 3, 0.0860391813102
5476518.0, 14125468.0, 3, 0.0828176064976
5087282.0, 17314992.0, 3, 0.0820423875586
8037116.0, 11614078.0, 3, 0.0770591456216
5681284.0, 3205756.0, 3, 0.0715926566694
6994844.0, 10439966.0, 3, 0.0659505690912
6676982.0, 9601794.0, 3, 0.0643559788186
6487412.0, 4770078.0, 3, 0.0600799512242
4678120.0, 9594830.0, 3, 0.0558637543525
5452012.0, 3586488.0, 3, 0.0535598275085
6559326.0, 9974242.0, 3, 0.0526927910611
5703666.0, 17502872.0, 3, 0.0524494975089
6176432.0, 4345294.0, 3, 0.0480287789076
4779720.0, 4354708.0, 3, 0.0472166425813
7353386.0, 3270490.0, 3, 0.0460782916795
5747244.0, 3596184.0, 3, 0.0446693983419
7561404.0, 4401312.0, 3, 0.041616240014
7557522.0, 4646322.0, 3, 0.0384382953193
4435492.0, 9852430.0, 3, 0.0368294337255
Generacion: 101
2328942.0, 18642252.0, 1, inf
8882256.0, 2410430.0, 1, inf
8383304.0, 2415896.0, 1, 0.520218282659
5477662.0, 2421724.0, 1, 0.47861689437
2571668.0, 14970754.0, 1, 0.353098469117
3109740.0, 3943170.0, 1, 0.281813321939
2671740.0, 11517034.0, 1, 0.278360911006
3101228.0, 8022508.0, 1, 0.252290872997
4641292.0, 2478828.0, 1, 0.176622258551
2466980.0, 16741298.0, 1, 0.148536244492
4005506.0, 2929364.0, 1, 0.138849690113
5271006.0, 2475908.0, 1, 0.131143531412
3402756.0, 3220954.0, 1, 0.127264117715
2367888.0, 18355602.0, 1, 0.114693786784
2428796.0, 17027890.0, 1, 0.114573936509
4146592.0, 2557762.0, 1, 0.0765076330751
3004136.0, 9030198.0, 1, 0.0729246623938
3029654.0, 8025666.0, 1, 0.0718348321186
2807700.0, 9788770.0, 1, 0.0602704182151
2930040.0, 9610948.0, 1, 0.0554037202429
2710608.0, 10796588.0, 1, 0.0533857314542
2769594.0, 10509192.0, 1, 0.0533842528771
2931800.0, 9033356.0, 1, 0.0466220082617
4051608.0, 2574304.0, 1, 0.0444223796897
3149268.0, 3567154.0, 1, 0.0410433374577
3293530.0, 3231608.0, 1, 0.0401227372302
3266428.0, 3534550.0, 1, 0.0365414398889
2872928.0, 9786840.0, 1, 0.0296235644724
2710608.0, 10796588.0, 1, 0.0236367590857
2769594.0, 10509192.0, 1, 0.0235204820387
4146592.0, 2557762.0, 1, 0.0193569575313
3094848.0, 8023446.0, 1, 0.0111163584135
3149268.0, 3567154.0, 1, 0.00804040433254
3266428.0, 3534550.0, 1, 0.00614426445583
3004136.0, 9030198.0, 1, 0.00408846382461
3029654.0, 8025666.0, 1, 0.00403067610367
3101228.0, 8022508.0, 1, 0.00135667252945
2931800.0, 9033356.0, 1, 0.000463122508747
3004136.0, 9030198.0, 1, 0.0
3029654.0, 8025666.0, 1, 0.0
3029654.0, 8025666.0, 1, 0.0
2769594.0, 10509192.0, 1, 0.0
3004136.0, 9030198.0, 1, 0.0
3004136.0, 9030198.0, 1, 0.0
3004136.0, 9030198.0, 1, 0.0
2688856.0, 14544364.0, 2, inf
6743302.0, 2423170.0, 2, inf
2688904.0, 16852264.0, 2, inf
5553966.0, 2467816.0, 2, 0.476049443098
3869202.0, 5227024.0, 2, 0.34330346658
6706416.0, 2437750.0, 2, 0.296435351605
3111134.0, 8006310.0, 2, 0.220935189562
4809246.0, 2555002.0, 2, 0.216558231574
3598200.0, 13553006.0, 2, 0.148696892402
2806766.0, 16000586.0, 2, 0.140460748797
4780276.0, 3752308.0, 2, 0.140296346883
4367480.0, 9994030.0, 2, 0.136652773826
4020386.0, 3381806.0, 2, 0.114184318743
4170924.0, 13297496.0, 2, 0.113291042695
4309848.0, 8673488.0, 2, 0.0990761709717
2760508.0, 14541050.0, 2, 0.0977753080316
3751232.0, 11361784.0, 2, 0.0963920330406
3666626.0, 4010626.0, 2, 0.0947406694212
3078634.0, 10790666.0, 2, 0.0893782078501
2904958.0, 10484236.0, 2, 0.0801757998911
3413170.0, 9600134.0, 2, 0.0729144396741
4136518.0, 12335350.0, 2, 0.0725274394616
4137328.0, 11618544.0, 2, 0.0719114581516
2995338.0, 9791014.0, 2, 0.070134672693
3253220.0, 9257070.0, 2, 0.0689514751284
3251816.0, 16057012.0, 2, 0.0678884067841
3366350.0, 10304898.0, 2, 0.0666477916569
3217284.0, 8027618.0, 2, 0.0621108368704
3711012.0, 12276956.0, 2, 0.0601063763074
4130032.0, 3558448.0, 2, 0.0543205505713
4254510.0, 2839122.0, 2, 0.0512591206512
3187462.0, 9260788.0, 2, 0.0474555134777
4254510.0, 2839122.0, 2, 0.0403066588477
4310744.0, 10091804.0, 2, 0.0357590457085
3666626.0, 4010626.0, 2, 0.0347793610164
3708950.0, 9564040.0, 2, 0.0344656661893
12944766.0, 15151844.0, 3, inf
11812728.0, 18280540.0, 3, inf
4413194.0, 4363836.0, 3, inf
6871294.0, 2844144.0, 3, inf
8592668.0, 14136198.0, 3, 0.219769972857
8062766.0, 11667884.0, 3, 0.188674706326
6617442.0, 5925712.0, 3, 0.180789495236
7035414.0, 7685750.0, 3, 0.175372336465
10646510.0, 4740936.0, 3, 0.161000650881
8414438.0, 15991090.0, 3, 0.157640602579
9742684.0, 3432776.0, 3, 0.149695952053
5652650.0, 9392440.0, 3, 0.140306911619
4744138.0, 17176386.0, 3, 0.131495733765
10843486.0, 4560828.0, 3, 0.128267116433
5035880.0, 9905960.0, 3, 0.120714838801
8289132.0, 10698764.0, 3, 0.109964836727
5373114.0, 8689428.0, 3, 0.105985741737
11532410.0, 3298514.0, 3, 0.101450342567
7886220.0, 3223796.0, 3, 0.0976594473034
Generacion: 102
2328942.0, 18642252.0, 1, inf
8882256.0, 2410430.0, 1, inf
5477662.0, 2421724.0, 1, 0.522670009889
2571668.0, 14970754.0, 1, 0.353098469117
3292406.0, 7981642.0, 1, 0.321989508358
3293530.0, 3231608.0, 1, 0.311251623639
2466980.0, 16741298.0, 1, 0.229277326777
2671740.0, 11517034.0, 1, 0.218705679876
3407714.0, 3215066.0, 1, 0.156173347427
4051608.0, 2574304.0, 1, 0.153243532069
2330402.0, 18094754.0, 1, 0.138176638865
4641292.0, 2478828.0, 1, 0.0972293055161
5271006.0, 2475908.0, 1, 0.0962815376069
4544500.0, 2497306.0, 1, 0.0803514406279
4146592.0, 2557762.0, 1, 0.0799562777972
2710608.0, 10796588.0, 1, 0.0770224905399
3029654.0, 8025666.0, 1, 0.0718348321186
2807700.0, 9788770.0, 1, 0.0644760814703
3004136.0, 9030198.0, 1, 0.0628412145382
2671740.0, 11517034.0, 1, 0.0596552311302
2769594.0, 10509192.0, 1, 0.0533842528771
2930040.0, 9610948.0, 1, 0.0511980569877
2931800.0, 9033356.0, 1, 0.0460234256428
5333146.0, 2472814.0, 1, 0.0348727134893
3111134.0, 8006310.0, 1, 0.0316903679809
2893498.0, 9769524.0, 1, 0.0296235644724
2769594.0, 10509192.0, 1, 0.0235204820387
5477662.0, 2421724.0, 1, 0.0227481477009
4641292.0, 2478828.0, 1, 0.0149498252161
2997880.0, 9031936.0, 1, 0.0112326354605
3094848.0, 8023446.0, 1, 0.0100060368053
5271006.0, 2475908.0, 1, 0.00966211887396
3029654.0, 8025666.0, 1, 0.00403067610367
3004136.0, 9030198.0, 1, 0.00400098134729
3101228.0, 8022508.0, 1, 0.00197146954343
3101228.0, 8022508.0, 1, 0.00156938933197
3094848.0, 8023446.0, 1, 0.00111032160822
3004136.0, 9030198.0, 1, 0.0
3101228.0, 8022508.0, 1, 0.0
3101228.0, 8022508.0, 1, 0.0
5271006.0, 2475908.0, 1, 0.0
3004136.0, 9030198.0, 1, 0.0
3004136.0, 9030198.0, 1, 0.0
11876104.0, 2683590.0, 2, inf
3486306.0, 18217890.0, 2, inf
2590462.0, 15611076.0, 2, inf
7295740.0, 2431702.0, 2, inf
7429774.0, 2849792.0, 2, 0.286548927947
3999058.0, 7616014.0, 2, 0.282882848973
9705832.0, 3122554.0, 2, 0.278619008401
4438036.0, 3464314.0, 2, 0.277389997706
9796274.0, 2696350.0, 2, 0.244251736986
6916464.0, 3367578.0, 2, 0.186155934276
5652530.0, 2481908.0, 2, 0.168041667859
3461132.0, 16922054.0, 2, 0.159635795836
2854170.0, 11431666.0, 2, 0.155771196261
4346036.0, 12082550.0, 2, 0.134574523937
4364126.0, 9850788.0, 2, 0.120804753068
3598200.0, 13553006.0, 2, 0.119690702996
5325920.0, 3224922.0, 2, 0.102970618089
4394958.0, 13362002.0, 2, 0.101107863957
4539858.0, 2579814.0, 2, 0.0968614817632
2979224.0, 14533348.0, 2, 0.0946092699641
3217284.0, 8027618.0, 2, 0.0828682506411
2661416.0, 16155204.0, 2, 0.0822068626506
4108590.0, 14794566.0, 2, 0.0750549814644
3908710.0, 7632652.0, 2, 0.0692433382282
2845540.0, 16057970.0, 2, 0.0552268973607
4083588.0, 8412048.0, 2, 0.0527783805312
3045846.0, 9321344.0, 2, 0.0489746848798
5435358.0, 2566464.0, 2, 0.0413756623578
3002376.0, 9607790.0, 2, 0.0407131652332
4249964.0, 8674576.0, 2, 0.0389516718337
3120396.0, 9035308.0, 2, 0.0345300016801
3150098.0, 8953482.0, 2, 0.0324430334307
4495394.0, 8687872.0, 2, 0.0248026095137
4146588.0, 3225660.0, 2, 0.0242617713182
4473606.0, 3370790.0, 2, 0.0123049519768
7203086.0, 19156220.0, 3, inf
4683308.0, 4697398.0, 3, inf
13011530.0, 4354742.0, 3, inf
7526754.0, 3507012.0, 3, inf
10804106.0, 6045544.0, 3, 0.25456558164
11517608.0, 14957108.0, 3, 0.251004235779
10065104.0, 11788326.0, 3, 0.232973992876
7906328.0, 7993370.0, 3, 0.216099359057
12581572.0, 5496330.0, 3, 0.200940605849
8634484.0, 15514202.0, 3, 0.188606815287
9844100.0, 10554802.0, 3, 0.185468044205
7643646.0, 13615464.0, 3, 0.180795540806
7349458.0, 17007472.0, 3, 0.173034825926
11210470.0, 18459502.0, 3, 0.13806261669
6086948.0, 9689274.0, 3, 0.137350645455
6636942.0, 4025190.0, 3, 0.114610977681
9637562.0, 17649436.0, 3, 0.111413003368
10958124.0, 12414128.0, 3, 0.110909045231
8879594.0, 3944256.0, 3, 0.108787150873
8228304.0, 8939484.0, 3, 0.105273285207
6203084.0, 5585800.0, 3, 0.101135108559
9469420.0, 3875904.0, 3, 0.0922427163202
Generacion: 103
2328942.0, 18642252.0, 1, inf
7025754.0, 2417478.0, 1, inf
3213358.0, 4289786.0, 1, 0.484696875151
5477662.0, 2421724.0, 1, 0.332753735099
2662876.0, 15607762.0, 1, 0.290565214061
2671740.0, 11517034.0, 1, 0.270719747496
4146950.0, 3455038.0, 1, 0.264762290663
3187026.0, 8003152.0, 1, 0.253936752375
4402816.0, 2552114.0, 1, 0.150876511246
4641292.0, 2478828.0, 1, 0.138589562936
5271006.0, 2475908.0, 1, 0.134263339347
2482346.0, 15789686.0, 1, 0.11157280771
4149738.0, 3228730.0, 1, 0.11012747044
2466980.0, 16741298.0, 1, 0.0877169898141
2708848.0, 11374202.0, 1, 0.0829516071586
3004136.0, 9030198.0, 1, 0.0773145512273
3029654.0, 8025666.0, 1, 0.0771523135222
2931800.0, 9033356.0, 1, 0.0745705236873
2872928.0, 9786840.0, 1, 0.0729814700237
2807700.0, 9788770.0, 1, 0.0665224252426
2398982.0, 17552796.0, 1, 0.0646703451754
2428796.0, 17027890.0, 1, 0.0644934613507
2769594.0, 10509192.0, 1, 0.0614273105736
2769594.0, 10509192.0, 1, 0.0573360443392
2330402.0, 18094754.0, 1, 0.0560894216164
4641292.0, 2478828.0, 1, 0.0509539860642
2359984.0, 17839446.0, 1, 0.048004508963
5477662.0, 2421724.0, 1, 0.031030654184
5333146.0, 2472814.0, 1, 0.0309596516542
3101228.0, 8022508.0, 1, 0.0184619248927
3101228.0, 8022508.0, 1, 0.016431837539
5333146.0, 2472814.0, 1, 0.0163791388838
5271006.0, 2475908.0, 1, 0.0134102223368
2662876.0, 15607762.0, 1, 0.013099966929
3029654.0, 8025666.0, 1, 0.00562768754194
3004136.0, 9030198.0, 1, 0.00562768754194
3101228.0, 8022508.0, 1, 0.0
3101228.0, 8022508.0, 1, 0.0
3101228.0, 8022508.0, 1, 0.0
4641292.0, 2478828.0, 1, 0.0
2769594.0, 10509192.0, 1, 0.0
3004136.0, 9030198.0, 1, 0.0
3029654.0, 8025666.0, 1, 0.0
3029654.0, 8025666.0, 1, 0.0
3029654.0, 8025666.0, 1, 0.0
3029654.0, 8025666.0, 1, 0.0
3101228.0, 8022508.0, 1, 0.0
3101228.0, 8022508.0, 1, 0.0
11876104.0, 2683590.0, 2, inf
2361980.0, 18101034.0, 2, inf
6743302.0, 2423170.0, 2, inf
3999058.0, 7616014.0, 2, 0.171957643148
5204426.0, 6237912.0, 2, 0.167588709596
2589002.0, 16158518.0, 2, 0.152109599371
2542708.0, 16604288.0, 2, 0.147763404189
3596440.0, 14112508.0, 2, 0.141612480438
2760508.0, 14541050.0, 2, 0.140695114417
3622656.0, 12502640.0, 2, 0.11315444468
3512348.0, 8018080.0, 2, 0.109951181588
5326512.0, 5342322.0, 2, 0.102987961921
2737820.0, 11515610.0, 2, 0.101319696885
6265850.0, 4664280.0, 2, 0.100030614607
3192740.0, 9032462.0, 2, 0.0904896371558
5347236.0, 3659608.0, 2, 0.0879793350699
5978092.0, 4794888.0, 2, 0.0859171836381
4929030.0, 12096526.0, 2, 0.0779649455401
4249964.0, 8674576.0, 2, 0.0760265821536
3078634.0, 10790666.0, 2, 0.0727279973043
4364126.0, 9850788.0, 2, 0.0654961774918
3694234.0, 12499638.0, 2, 0.0654661004779
6526464.0, 2980850.0, 2, 0.0651574324772
4438036.0, 3464314.0, 2, 0.0609005508718
4683308.0, 4697398.0, 2, 0.0550738646914
5028428.0, 9866988.0, 2, 0.0498798641214
2851074.0, 10490116.0, 2, 0.0454628527301
5616066.0, 3230782.0, 2, 0.0443850117562
6204544.0, 4793138.0, 2, 0.0364636704924
5720390.0, 2560938.0, 2, 0.033884630009
5243096.0, 10182214.0, 2, 0.0326772578577
5704090.0, 10178986.0, 2, 0.0310716093288
3070250.0, 9029038.0, 2, 0.0289558003048
5575196.0, 8920550.0, 2, 0.0288675135597
2834788.0, 10506968.0, 2, 0.028689451807
4321330.0, 8678958.0, 2, 0.0276884675672
4883818.0, 2485496.0, 2, 0.0267745261139
5435358.0, 2566464.0, 2, 0.024721925202
6632364.0, 2471886.0, 2, 0.0237187064687
5508012.0, 2486740.0, 2, 0.0195099450626
3150098.0, 8953482.0, 2, 0.0189131471737
6553702.0, 2426070.0, 2, 0.0142381308681
7196658.0, 18637112.0, 3, inf
2533468.0, 18258156.0, 3, inf
7130358.0, 3340210.0, 3, inf
12388306.0, 4741360.0, 3, inf
6369476.0, 13570738.0, 3, 0.375722644943
9931616.0, 16843960.0, 3, 0.31744857632
4160850.0, 7627408.0, 3, 0.301952127172
11053818.0, 13983882.0, 3, 0.273138572054
2563860.0, 17033084.0, 3, 0.252980120484
10016414.0, 10700086.0, 3, 0.201263422643
Generacion: 104
2330402.0, 18094754.0, 1, inf
7681876.0, 2418350.0, 1, inf
2330402.0, 18094754.0, 1, inf
7245648.0, 2419760.0, 1, 0.412104363523
5477662.0, 2421724.0, 1, 0.348581502026
3250830.0, 7997796.0, 1, 0.274522720245
3259056.0, 4136098.0, 1, 0.271761208275
3402756.0, 3220954.0, 1, 0.248345357987
2669980.0, 12094682.0, 1, 0.239013175676
2571668.0, 14970754.0, 1, 0.235964988709
4402816.0, 2552114.0, 1, 0.233871434213
4641292.0, 2478828.0, 1, 0.174573697854
5333146.0, 2472814.0, 1, 0.141847885913
2466980.0, 16741298.0, 1, 0.0842163240683
3029654.0, 8025666.0, 1, 0.0762616744993
2521342.0, 15358350.0, 1, 0.0689308889264
2807700.0, 9788770.0, 1, 0.068816811166
2482346.0, 15789686.0, 1, 0.067990426652
3307478.0, 3903500.0, 1, 0.0664252333581
3004136.0, 9030198.0, 1, 0.0644081178904
3307772.0, 3237496.0, 1, 0.0613437713341
2398982.0, 17552796.0, 1, 0.0608808439574
2769594.0, 10509192.0, 1, 0.0569782037094
3002376.0, 9607790.0, 1, 0.0508920284733
4412762.0, 2513364.0, 1, 0.0492375998018
2930040.0, 9610948.0, 1, 0.0479227541997
2710608.0, 10796588.0, 1, 0.0478684614497
2428796.0, 17027890.0, 1, 0.0438304731908
2671740.0, 11517034.0, 1, 0.0437824108818
2708848.0, 11374202.0, 1, 0.043780242017
3004136.0, 9030198.0, 1, 0.0416130801906
2482346.0, 15789686.0, 1, 0.0303863420991
5387394.0, 2440766.0, 1, 0.0302639344546
3111134.0, 8006310.0, 1, 0.0295316705108
2359984.0, 17839446.0, 1, 0.0255608957408
2769594.0, 10509192.0, 1, 0.0254536859502
2449122.0, 17012570.0, 1, 0.0254169741015
2710608.0, 10796588.0, 1, 0.0186619123193
2807700.0, 9788770.0, 1, 0.0184639451908
2369348.0, 17808138.0, 1, 0.0180381001124
3094848.0, 8023446.0, 1, 0.0135760821191
2708848.0, 11374202.0, 1, 0.00944015457431
2671740.0, 11517034.0, 1, 0.00944015457431
2369348.0, 17808138.0, 1, 0.00753468144215
3029654.0, 8025666.0, 1, 0.00491001997348
3101228.0, 8022508.0, 1, 0.00222546757975
3101228.0, 8022508.0, 1, 0.00191091393786
2708848.0, 11374202.0, 1, 0.0
3004136.0, 9030198.0, 1, 0.0
3004136.0, 9030198.0, 1, 0.0
3029654.0, 8025666.0, 1, 0.0
3029654.0, 8025666.0, 1, 0.0
3101228.0, 8022508.0, 1, 0.0
3101228.0, 8022508.0, 1, 0.0
3101228.0, 8022508.0, 1, 0.0
2361980.0, 18101034.0, 2, inf
5769518.0, 2469228.0, 2, inf
3868482.0, 4781152.0, 2, 0.361538453998
5435358.0, 2566464.0, 2, 0.322954532726
4879114.0, 2491332.0, 2, 0.278366442463
2563860.0, 17033084.0, 2, 0.272845744204
3166456.0, 8020548.0, 2, 0.272218402359
4508010.0, 9464140.0, 2, 0.254302089529
2692510.0, 15352242.0, 2, 0.23221774613
4146950.0, 3455038.0, 2, 0.198731828205
4249964.0, 8674576.0, 2, 0.183540913315
3732172.0, 13386750.0, 2, 0.178043357902
3528818.0, 11168802.0, 2, 0.143679300238
2957224.0, 10511140.0, 2, 0.123861256366
3968904.0, 8176320.0, 2, 0.123290521352
2902806.0, 12502284.0, 2, 0.117972126021
2846306.0, 14524334.0, 2, 0.0934746336512
2813836.0, 11964086.0, 2, 0.0873781708565
3366350.0, 10304898.0, 2, 0.0824292237462
3244792.0, 13299376.0, 2, 0.0751987254759
4163316.0, 11599388.0, 2, 0.0708047697282
2837828.0, 14549846.0, 2, 0.0624919160722
3293760.0, 10300932.0, 2, 0.0561356510207
3177750.0, 11031600.0, 2, 0.0462087531129
3182342.0, 11803040.0, 2, 0.0421828305459
3180552.0, 9782848.0, 2, 0.0336682454199
3259238.0, 9763602.0, 2, 0.0329136875385
3288866.0, 8024772.0, 2, 0.0200961356136
3245782.0, 9780996.0, 2, 0.00547063218159
3180552.0, 9782848.0, 2, 0.000940770965202
10787240.0, 17438276.0, 3, inf
5151264.0, 19401526.0, 3, inf
5940712.0, 3243968.0, 3, inf
3602038.0, 15919776.0, 3, inf
9799824.0, 3266640.0, 3, 0.358150591694
8291456.0, 17183100.0, 3, 0.345281723635
3999058.0, 7616014.0, 3, 0.312700677477
6504358.0, 9790968.0, 3, 0.279762121366
4411774.0, 13298856.0, 3, 0.215749925011
3703976.0, 15610088.0, 3, 0.214259075199
7196658.0, 18637112.0, 3, 0.20802261227
4992116.0, 5591134.0, 3, 0.189191405139
7994176.0, 11399716.0, 3, 0.171567985204
4476720.0, 4576848.0, 3, 0.122803120634
7709092.0, 3535462.0, 3, 0.120177955647
Generacion: 105
7025754.0, 2417478.0, 1, inf
2328942.0, 18642252.0, 1, inf
5477662.0, 2421724.0, 1, 0.350259176375
4146592.0, 2557762.0, 1, 0.309437461236
3225810.0, 3901172.0, 1, 0.293915767041
3178926.0, 8000998.0, 1, 0.277432362249
2571668.0, 14970754.0, 1, 0.268777504423
2671740.0, 11517034.0, 1, 0.250877436337
3402756.0, 3220954.0, 1, 0.223157668578
5271006.0, 2475908.0, 1, 0.161198774592
4641292.0, 2478828.0, 1, 0.138937672561
4641292.0, 2478828.0, 1, 0.105506733758
2398982.0, 17552796.0, 1, 0.0867043490001
2466980.0, 16741298.0, 1, 0.082445138518
3029654.0, 8025666.0, 1, 0.0757939453355
2521342.0, 15358350.0, 1, 0.0694917503684
2482346.0, 15789686.0, 1, 0.0669544406405
2710608.0, 10796588.0, 1, 0.0662476014432
3004136.0, 9030198.0, 1, 0.063715113992
2807700.0, 9788770.0, 1, 0.0626698750312
2769594.0, 10509192.0, 1, 0.0569613220808
3266428.0, 3534550.0, 1, 0.0556862921716
2995674.0, 9601300.0, 1, 0.0515698341641
3293530.0, 3231608.0, 1, 0.0483538653989
2330402.0, 18094754.0, 1, 0.0483459621013
5387394.0, 2440766.0, 1, 0.047338790538
2428796.0, 17027890.0, 1, 0.0439716913333
2708848.0, 11374202.0, 1, 0.0435014205823
3004136.0, 9030198.0, 1, 0.0406324278237
2893498.0, 9769524.0, 1, 0.0370073612962
2330402.0, 18094754.0, 1, 0.0337139646534
2482346.0, 15789686.0, 1, 0.0298566044272
2769594.0, 10509192.0, 1, 0.0258265681534
2449122.0, 17012570.0, 1, 0.0257936213136
2930040.0, 9610948.0, 1, 0.0237478549547
3111134.0, 8006310.0, 1, 0.0192846416192
3094848.0, 8023446.0, 1, 0.0185409277049
2807700.0, 9788770.0, 1, 0.00929937338319
2708848.0, 11374202.0, 1, 0.0091780498117
2930040.0, 9610948.0, 1, 0.00837481707775
3029654.0, 8025666.0, 1, 0.00556987471817
2769594.0, 10509192.0, 1, 0.0
2930040.0, 9610948.0, 1, 0.0
3004136.0, 9030198.0, 1, 0.0
2708848.0, 11374202.0, 1, 0.0
2769594.0, 10509192.0, 1, 0.0
2607538.0, 19123364.0, 2, inf
2412022.0, 18268538.0, 2, inf
7882472.0, 2425776.0, 2, inf
3250830.0, 7997796.0, 2, 0.341780116035
6564682.0, 2438438.0, 2, 0.323767905398
3307478.0, 3903500.0, 2, 0.309066843329
5425094.0, 2799206.0, 2, 0.290160426312
4082322.0, 9334744.0, 2, 0.270091998578
7724406.0, 2432072.0, 2, 0.24165074427
3786530.0, 11364028.0, 2, 0.205603117905
3358520.0, 14015358.0, 2, 0.201872068218
6073530.0, 3107868.0, 2, 0.191610205066
5635856.0, 3163556.0, 2, 0.117395728433
3715310.0, 10677608.0, 2, 0.116400613277
3114872.0, 9266138.0, 2, 0.105561663186
3055230.0, 16496992.0, 2, 0.0923048792404
5450312.0, 3165830.0, 2, 0.0828417849724
2740988.0, 15848836.0, 2, 0.0801910913355
2563860.0, 17033084.0, 2, 0.0782144567818
3369870.0, 17835072.0, 2, 0.074457030666
3194690.0, 17833584.0, 2, 0.0728451271182
3972672.0, 10412024.0, 2, 0.0702981350324
4056346.0, 9790064.0, 2, 0.0663056383671
2642746.0, 14985810.0, 2, 0.0601607391166
2837828.0, 14549846.0, 2, 0.0588390670226
2815636.0, 11083852.0, 2, 0.0588113142239
2446948.0, 17988648.0, 2, 0.0537158320028
3879634.0, 9637284.0, 2, 0.0455197342268
2688856.0, 14544364.0, 2, 0.0411067677149
2992886.0, 17834434.0, 2, 0.0398302694169
2728988.0, 15422472.0, 2, 0.0383975567093
2622630.0, 17017764.0, 2, 0.0362558872857
3973420.0, 9598160.0, 2, 0.0334144183957
2692510.0, 15352242.0, 2, 0.0294860480878
2620044.0, 15355660.0, 2, 0.0069648190988
9264166.0, 2537770.0, 3, inf
4035910.0, 5382726.0, 3, inf
5151264.0, 19401526.0, 3, inf
10051262.0, 2601734.0, 3, inf
9738476.0, 12476166.0, 3, 0.34936459269
7191468.0, 16501436.0, 3, 0.348893819668
5814782.0, 15674008.0, 3, 0.331261046689
6255742.0, 8607494.0, 3, 0.29304993584
5258002.0, 19292882.0, 3, 0.282275873792
8140644.0, 3359420.0, 3, 0.232862051355
8830632.0, 3641070.0, 3, 0.22315936067
7718750.0, 3534014.0, 3, 0.168770836604
6083822.0, 9899170.0, 3, 0.125334242342
6798210.0, 9446310.0, 3, 0.113833303501
6543742.0, 5070840.0, 3, 0.110376092192
5028456.0, 4390928.0, 3, 0.100085736013
4792426.0, 9790884.0, 3, 0.0972653449112
4384592.0, 11362104.0, 3, 0.0948585879167
6230436.0, 10939222.0, 3, 0.0905180092924
Generacion: 106
7320732.0, 2413204.0, 1, inf
2330402.0, 18094754.0, 1, inf
5477662.0, 2421724.0, 1, 0.370542574125
3149268.0, 3567154.0, 1, 0.319297543592
3101228.0, 8022508.0, 1, 0.298456927672
2662876.0, 15607762.0, 1, 0.277102584929
2669980.0, 12094682.0, 1, 0.224379006016
4907154.0, 2563364.0, 1, 0.175868079419
3538164.0, 3415232.0, 1, 0.145059293207
4548850.0, 2563620.0, 1, 0.140881630496
2544168.0, 16044730.0, 1, 0.132417131688
3917234.0, 3304880.0, 1, 0.131705785237
4210250.0, 2582664.0, 1, 0.125129727114
5387394.0, 2440766.0, 1, 0.123354970509
4148196.0, 3266838.0, 1, 0.104771899443
2807700.0, 9788770.0, 1, 0.0894316878829
3266428.0, 3534550.0, 1, 0.0876178618465
2449122.0, 17012570.0, 1, 0.0858144454139
3029654.0, 8025666.0, 1, 0.0837156196438
3004136.0, 9030198.0, 1, 0.0785534423138
2710608.0, 10796588.0, 1, 0.0673337433873
2398982.0, 17552796.0, 1, 0.0616684348677
2930040.0, 9610948.0, 1, 0.0613479963221
2769594.0, 10509192.0, 1, 0.0577607992724
2931800.0, 9033356.0, 1, 0.0518818825371
2428796.0, 17027890.0, 1, 0.0444972150771
2671740.0, 11517034.0, 1, 0.0442721357769
2708848.0, 11374202.0, 1, 0.0442699676239
2669980.0, 12094682.0, 1, 0.0382597077411
2369348.0, 17808138.0, 1, 0.026094156696
2359984.0, 17839446.0, 1, 0.0260815683904
2769594.0, 10509192.0, 1, 0.0259629828298
5477662.0, 2421724.0, 1, 0.0186318969594
2930040.0, 9610948.0, 1, 0.0116922499232
3101228.0, 8022508.0, 1, 0.00982800103307
2708848.0, 11374202.0, 1, 0.00946096538823
2671740.0, 11517034.0, 1, 0.00946096538823
3004136.0, 9030198.0, 1, 0.00531487264276
2930040.0, 9610948.0, 1, 0.0
2930040.0, 9610948.0, 1, 0.0
2708848.0, 11374202.0, 1, 0.0
2769594.0, 10509192.0, 1, 0.0
2769594.0, 10509192.0, 1, 0.0
7822160.0, 2417258.0, 2, inf
2619536.0, 19405034.0, 2, inf
2367888.0, 18355602.0, 2, inf
6815902.0, 2608832.0, 2, 0.360661056977
4686800.0, 2569572.0, 2, 0.340739284805
5919682.0, 2770978.0, 2, 0.267891063286
3291696.0, 4267252.0, 2, 0.239663040123
3178926.0, 8000998.0, 2, 0.231533981791
5548208.0, 3900346.0, 2, 0.205089285707
3751232.0, 11361784.0, 2, 0.198333870358
2918700.0, 15414560.0, 2, 0.155867013536
2814870.0, 13302404.0, 2, 0.146552291485
5570648.0, 3281260.0, 2, 0.134588196766
3055230.0, 16496992.0, 2, 0.132950856347
3525886.0, 9264370.0, 2, 0.127392070512
2469766.0, 17980106.0, 2, 0.113460148097
3178926.0, 8000998.0, 2, 0.0830423108261
3583426.0, 12272416.0, 2, 0.079284091477
3002376.0, 9607790.0, 2, 0.0713045353382
3582356.0, 13251570.0, 2, 0.0711806556415
3650678.0, 10679642.0, 2, 0.0691410912677
3293724.0, 4012454.0, 2, 0.0645352221923
3226230.0, 11082124.0, 2, 0.0563282512082
2813836.0, 11964086.0, 2, 0.0542103651891
3267140.0, 15942160.0, 2, 0.0541963355578
3695810.0, 10100006.0, 2, 0.0533883689497
2694506.0, 15613888.0, 2, 0.0499390784728
3044046.0, 10201556.0, 2, 0.0438111559463
3114872.0, 9266138.0, 2, 0.0428944497179
2788046.0, 11435048.0, 2, 0.0424832158246
2474376.0, 18092762.0, 2, 0.036897643803
2922862.0, 15780216.0, 2, 0.0346653818629
3601420.0, 18140444.0, 2, 0.0278024534508
2774516.0, 11364856.0, 2, 0.0214626079581
9365054.0, 15686308.0, 3, inf
7737014.0, 2677500.0, 3, inf
3773040.0, 5797588.0, 3, inf
13185008.0, 3930636.0, 3, inf
11435838.0, 3877068.0, 3, 0.422163854056
4131710.0, 11451160.0, 3, 0.344242778478
7366916.0, 14518338.0, 3, 0.323947321578
9489118.0, 4200516.0, 3, 0.252399952466
3782064.0, 6802196.0, 3, 0.227574739787
7969588.0, 3157278.0, 3, 0.203685937005
5202106.0, 10212622.0, 3, 0.191855908087
4940498.0, 8476532.0, 3, 0.185789338873
6283746.0, 8405360.0, 3, 0.160095994406
5310214.0, 10535708.0, 3, 0.124894549963
7098840.0, 14967102.0, 3, 0.0894540103299
4386764.0, 4698822.0, 3, 0.0834036859136
4028224.0, 5353428.0, 3, 0.08149965125
7033540.0, 4983688.0, 3, 0.0806150698106
4761030.0, 15584094.0, 3, 0.0799924963573
6133984.0, 3061384.0, 3, 0.0705923460313
5877900.0, 3534056.0, 3, 0.0669112756273
5769578.0, 3510298.0, 3, 0.0659396778261
6706796.0, 4673520.0, 3, 0.0613265962471
Generacion: 107
2328942.0, 18642252.0, 1, inf
7758658.0, 2421636.0, 1, inf
5477662.0, 2421724.0, 1, 0.469160089307
3109740.0, 3943170.0, 1, 0.296896509566
3029654.0, 8025666.0, 1, 0.256385325971
2669980.0, 12094682.0, 1, 0.246172001787
2620044.0, 15355660.0, 1, 0.226399171487
5236774.0, 2497880.0, 1, 0.205994745516
3843816.0, 3207366.0, 1, 0.165970545542
4402816.0, 2552114.0, 1, 0.153939657419
2482346.0, 15789686.0, 1, 0.113614555641
2449122.0, 17012570.0, 1, 0.108594282711
4100770.0, 2593342.0, 1, 0.0958108166732
2769594.0, 10509192.0, 1, 0.0828774262336
3407714.0, 3215066.0, 1, 0.0820684672528
2466980.0, 16741298.0, 1, 0.0815096453888
2708848.0, 11374202.0, 1, 0.0801553356919
3029654.0, 8025666.0, 1, 0.0766789117114
3004136.0, 9030198.0, 1, 0.0678883563698
2330402.0, 18094754.0, 1, 0.0669854691329
2769594.0, 10509192.0, 1, 0.0665643823249
2930040.0, 9610948.0, 1, 0.0651581238347
4146592.0, 2557762.0, 1, 0.0581700275569
2930040.0, 9610948.0, 1, 0.0557008307137
2330402.0, 18094754.0, 1, 0.0556180823937
3149268.0, 3567154.0, 1, 0.0540488929756
4402816.0, 2552114.0, 1, 0.0505327312581
2931800.0, 9033356.0, 1, 0.0481902627466
3293530.0, 3231608.0, 1, 0.0444409333819
2671740.0, 11517034.0, 1, 0.0424462076928
3266428.0, 3534550.0, 1, 0.0402539118703
2620044.0, 15355660.0, 1, 0.0359544745437
3402756.0, 3220954.0, 1, 0.0220492741453
2997880.0, 9031936.0, 1, 0.0135169342516
2671740.0, 11517034.0, 1, 0.00912972638572
3266428.0, 3534550.0, 1, 0.00700145591984
3029654.0, 8025666.0, 1, 0.0
2971778.0, 20227598.0, 2, inf
7186374.0, 2425948.0, 2, inf
2469766.0, 17980106.0, 2, inf
4210250.0, 2582664.0, 2, 0.795215208865
3213146.0, 4019520.0, 2, 0.275724778184
3292406.0, 7981642.0, 2, 0.241750894237
2972112.0, 14530220.0, 2, 0.221465429212
3082230.0, 11517916.0, 2, 0.189335673561
2491168.0, 16725824.0, 2, 0.139345080714
3013280.0, 19389172.0, 2, 0.137457826815
3650678.0, 10679642.0, 2, 0.125334095562
3307772.0, 3237496.0, 2, 0.12488845952
2846234.0, 15411950.0, 2, 0.117837925379
3500756.0, 11517788.0, 2, 0.113096056124
2734046.0, 16004552.0, 2, 0.110302880212
3650678.0, 10679642.0, 2, 0.0919968015521
2899212.0, 10798832.0, 2, 0.07369992309
3222434.0, 8948132.0, 2, 0.0703098266097
3178926.0, 8000998.0, 2, 0.0676593917128
3002376.0, 9607790.0, 2, 0.0643081633777
3150098.0, 8953482.0, 2, 0.0571926040136
3055230.0, 16496992.0, 2, 0.0534019275906
2995674.0, 9601300.0, 2, 0.0405230073237
2984606.0, 16035416.0, 2, 0.0326581434763
3340704.0, 9603552.0, 3, inf
5138288.0, 11408306.0, 3, inf
7257898.0, 2593292.0, 3, inf
3999058.0, 7616014.0, 3, 0.412146480755
4782492.0, 4575632.0, 3, 0.394699111231
6235808.0, 3555918.0, 3, 0.329296300334
5491746.0, 4159554.0, 3, 0.259643966724
4453170.0, 10462478.0, 3, 0.232665867893
4892674.0, 8918696.0, 3, 0.195927567873
3734682.0, 7976312.0, 3, 0.177214717707
6452226.0, 4104966.0, 3, 0.159269215365
6809336.0, 4046226.0, 3, 0.153796463708
4238544.0, 3248186.0, 3, 0.152713183757
4725340.0, 11349216.0, 3, 0.152259594373
3787148.0, 8253716.0, 3, 0.149214018602
5308660.0, 9847408.0, 3, 0.143872747516
6810692.0, 3296860.0, 3, 0.11882664207
4054834.0, 9318424.0, 3, 0.110289305602
3917234.0, 3304880.0, 3, 0.0834856659666
4589344.0, 3253166.0, 3, 0.0715967933618
4821690.0, 4307334.0, 3, 0.0581231633997
4020506.0, 10087682.0, 3, 0.0580374463341
4148196.0, 3266838.0, 3, 0.0518551368814
4801150.0, 10076392.0, 3, 0.0372640115865
4843934.0, 11399158.0, 3, 0.0224666751302
3751508.0, 11370000.0, 3, 0.0190593322065
13174290.0, 18217044.0, 4, inf
5164722.0, 4783304.0, 4, inf
8832638.0, 3352904.0, 4, inf
8982474.0, 12506336.0, 4, 0.339715339318
10959294.0, 17858992.0, 4, 0.31237118645
12454844.0, 16444134.0, 4, 0.305006561849
12581572.0, 5496330.0, 4, 0.25115710853
7618032.0, 7868906.0, 4, 0.227599241332
5834316.0, 8713140.0, 4, 0.217737474951
12361868.0, 5194598.0, 4, 0.194780770869
6744054.0, 10209210.0, 4, 0.168784215341
10524980.0, 16632270.0, 4, 0.140160708226
9902876.0, 9129604.0, 4, 0.138978616741
Generacion: 108
2330402.0, 18094754.0, 1, inf
2330402.0, 18094754.0, 1, inf
6349256.0, 2471570.0, 1, inf
5617578.0, 2482864.0, 1, 0.489482539284
4402816.0, 2552114.0, 1, 0.487733666654
3843816.0, 3207366.0, 1, 0.29004225765
3101228.0, 8022508.0, 1, 0.281237685899
3109740.0, 3943170.0, 1, 0.270943618726
2669980.0, 12094682.0, 1, 0.258563988821
2620044.0, 15355660.0, 1, 0.216087655916
2590462.0, 15611076.0, 1, 0.148584600767
3407714.0, 3215066.0, 1, 0.138477767174
2449122.0, 17012570.0, 1, 0.130913526515
3004136.0, 9030198.0, 1, 0.126256509271
2930040.0, 9610948.0, 1, 0.117747428282
2708848.0, 11374202.0, 1, 0.110353560143
2851074.0, 10490116.0, 1, 0.105761937652
2359984.0, 17839446.0, 1, 0.0927703315286
3029654.0, 8025666.0, 1, 0.0821070755792
2904958.0, 10484236.0, 1, 0.0759221772878
2428796.0, 17027890.0, 1, 0.0751061700796
3149268.0, 3567154.0, 1, 0.0651429487888
3266428.0, 3534550.0, 1, 0.0573737429709
2671740.0, 11517034.0, 1, 0.0557874935864
3293530.0, 3231608.0, 1, 0.0556051458745
2620044.0, 15355660.0, 1, 0.0287739568137
3109740.0, 3943170.0, 1, 0.0261858379866
3029654.0, 8025666.0, 1, 0.00655170678869
4453934.0, 2579984.0, 2, inf
2846234.0, 15411950.0, 2, inf
6305918.0, 2586320.0, 2, inf
2735614.0, 12085032.0, 2, inf
5084308.0, 4366890.0, 2, 0.42280520314
4033136.0, 5352140.0, 2, 0.287121328906
2784696.0, 14525286.0, 2, 0.273335697102
3502956.0, 7523030.0, 2, 0.268528464313
4673002.0, 4557580.0, 2, 0.205540811848
3866874.0, 3350110.0, 2, 0.186821869749
4913646.0, 3210324.0, 2, 0.174724400534
2916114.0, 10484506.0, 2, 0.166732702588
3259056.0, 4136098.0, 2, 0.149947997991
3589630.0, 7996830.0, 2, 0.131642275272
3118436.0, 9317638.0, 2, 0.130226640114
4199076.0, 7609778.0, 2, 0.125106830482
2788046.0, 11435048.0, 2, 0.0959875228376
3217284.0, 8027618.0, 2, 0.0846258432219
3180584.0, 10505074.0, 2, 0.0831072639968
3222434.0, 8948132.0, 2, 0.0731784609818
3111134.0, 8006310.0, 2, 0.0590313203567
3182342.0, 11803040.0, 2, 0.0546545101643
3150098.0, 8953482.0, 2, 0.0462026644716
2737820.0, 11515610.0, 2, 0.0424250455296
3999058.0, 7616014.0, 2, 0.0392219814709
3999058.0, 7616014.0, 2, 0.0375091517145
3250500.0, 7997292.0, 2, 0.0109961698593
3222434.0, 8948132.0, 2, 0.00827788279621
6596142.0, 2592048.0, 3, inf
3228408.0, 11435832.0, 3, inf
7575606.0, 3581206.0, 3, inf
5449738.0, 18497430.0, 3, inf
3241584.0, 14486224.0, 3, 0.32542209507
6164216.0, 4577646.0, 3, 0.292506069983
3460986.0, 17178884.0, 3, 0.257866722816
6367326.0, 6758562.0, 3, 0.186679100634
7142490.0, 7190126.0, 3, 0.183194937931
5119484.0, 12298052.0, 3, 0.183016890223
5671360.0, 10126508.0, 3, 0.164506598008
7163002.0, 2609834.0, 3, 0.14253252581
6704722.0, 3278490.0, 3, 0.136886728533
4345862.0, 12090776.0, 3, 0.126614583275
4997392.0, 7995608.0, 3, 0.104218431462
4940498.0, 8476532.0, 3, 0.103884247105
3695810.0, 10100006.0, 3, 0.091480401821
4624526.0, 9856608.0, 3, 0.0880546150664
3881562.0, 17892280.0, 3, 0.0864591064896
3315662.0, 10480118.0, 3, 0.0831619242263
4670732.0, 3493280.0, 3, 0.0807642179638
4085646.0, 10923254.0, 3, 0.0782786272866
5552964.0, 3834674.0, 3, 0.0770001706527
3851344.0, 10896654.0, 3, 0.070589890726
6427472.0, 8192892.0, 3, 0.067110132521
5185124.0, 3632118.0, 3, 0.0647674436576
3980916.0, 9319610.0, 3, 0.0642952970094
5368614.0, 10099706.0, 3, 0.0598768695971
4400406.0, 8947088.0, 3, 0.0571078349754
6315034.0, 4152460.0, 3, 0.0556489716685
4501154.0, 8824472.0, 3, 0.0546546163504
3309072.0, 18311920.0, 3, 0.0537751620302
5156334.0, 3274412.0, 3, 0.0528134428562
3922424.0, 11076902.0, 3, 0.0502049606505
4054834.0, 9318424.0, 3, 0.0475125090134
3309958.0, 17196820.0, 3, 0.0463684098006
4459116.0, 8682982.0, 3, 0.0450510020954
6233372.0, 8225836.0, 3, 0.0372436214874
6230652.0, 4045972.0, 3, 0.0358879560096
6329974.0, 11358270.0, 3, 0.0328648637845
5378896.0, 3452688.0, 3, 0.0321654497749
5138288.0, 11408306.0, 3, 0.0133531871186
11743516.0, 17495806.0, 4, inf
12855426.0, 4671924.0, 4, inf
Generacion: 109
2330402.0, 18094754.0, 1, inf
9253750.0, 2411818.0, 1, inf
2330402.0, 18094754.0, 1, inf
6949694.0, 2411920.0, 1, 0.520299904818
5676694.0, 2468814.0, 1, 0.336071999296
3109740.0, 3943170.0, 1, 0.286659562388
2669980.0, 12094682.0, 1, 0.274258226251
3101228.0, 8022508.0, 1, 0.270451219257
2620044.0, 15355660.0, 1, 0.235703321395
4681268.0, 2544022.0, 1, 0.189308900927
3843816.0, 3207366.0, 1, 0.186003514465
2449122.0, 17012570.0, 1, 0.175378791445
2590462.0, 15611076.0, 1, 0.130338264766
2788046.0, 11435048.0, 1, 0.125042981965
2931800.0, 9033356.0, 1, 0.11547136656
3293530.0, 3231608.0, 1, 0.0894655146271
2359984.0, 17839446.0, 1, 0.0861516891173
4402816.0, 2552114.0, 1, 0.0820004769309
4402816.0, 2552114.0, 1, 0.0812572577896
3029654.0, 8025666.0, 1, 0.0745919745343
2834788.0, 10506968.0, 1, 0.0693559264684
2893498.0, 9769524.0, 1, 0.0674646444152
3407714.0, 3215066.0, 1, 0.0640448216891
2851074.0, 10490116.0, 1, 0.0555020639998
3109740.0, 3943170.0, 1, 0.0466011969369
2930040.0, 9610948.0, 1, 0.0421074106086
3407714.0, 3215066.0, 1, 0.0169835781627
3029654.0, 8025666.0, 1, 0.014335278602
2930040.0, 9610948.0, 1, 0.0103655842717
3101228.0, 8022508.0, 1, 0.00143082832739
3101228.0, 8022508.0, 1, 0.0
3407714.0, 3215066.0, 1, 0.0
3407714.0, 3215066.0, 1, 0.0
3101228.0, 8022508.0, 1, 0.0
3101228.0, 8022508.0, 1, 0.0
8907096.0, 3577588.0, 2, inf
2856790.0, 18538706.0, 2, inf
2412022.0, 18268538.0, 2, inf
6063090.0, 2470490.0, 2, inf
6193918.0, 3349284.0, 2, 0.469400231709
2818544.0, 11743746.0, 2, 0.459450205647
3460986.0, 17178884.0, 2, 0.437779940035
8837346.0, 3490438.0, 2, 0.431936996384
4890172.0, 4985440.0, 2, 0.207513841839
4347716.0, 7071930.0, 2, 0.206610806131
5725268.0, 2811268.0, 2, 0.129588105231
3851344.0, 10896654.0, 2, 0.108837796646
3111134.0, 8006310.0, 2, 0.0982457457861
2976438.0, 18268518.0, 2, 0.0895057647045
3222434.0, 8948132.0, 2, 0.0754085005928
4008710.0, 9600112.0, 2, 0.0652429112679
3660714.0, 9804682.0, 2, 0.0634784724925
4160850.0, 7627408.0, 2, 0.0634280356587
3045846.0, 9321344.0, 2, 0.0609809777098
5275378.0, 2610406.0, 2, 0.0608670451067
4673002.0, 4557580.0, 2, 0.0596572259801
5520074.0, 3939660.0, 2, 0.0586805629762
4089528.0, 7625868.0, 2, 0.0579938914282
5490092.0, 3664154.0, 2, 0.0534779058128
3858506.0, 10080942.0, 2, 0.0521408859412
3293760.0, 10300932.0, 2, 0.0485018326023
4477620.0, 4755086.0, 2, 0.0440806416394
5194860.0, 4029334.0, 2, 0.0416429313254
3150098.0, 8953482.0, 2, 0.0403437424832
2904958.0, 10484236.0, 2, 0.0366719584191
5084308.0, 4366890.0, 2, 0.0302930093521
4571402.0, 4360410.0, 2, 0.02995640948
5084308.0, 4366890.0, 2, 0.0288884270183
3411060.0, 8948438.0, 2, 0.0251172766085
4548850.0, 2563620.0, 2, 0.0231465675377
4659610.0, 3615640.0, 2, 0.0210300297285
4435492.0, 9852430.0, 2, 0.0207075134712
3454736.0, 9798154.0, 2, 0.0204180933606
3259056.0, 4136098.0, 2, 0.0190857508499
2904958.0, 10484236.0, 2, 0.0188239443654
5491746.0, 4159554.0, 2, 0.018576095307
4435492.0, 9852430.0, 2, 0.0164858223819
7820504.0, 17864830.0, 3, inf
2957224.0, 10511140.0, 3, inf
12369796.0, 4898270.0, 3, inf
4656522.0, 2823130.0, 3, inf
10000368.0, 13718824.0, 3, 0.316730188323
11768016.0, 2928812.0, 3, 0.281580727484
2972112.0, 14530220.0, 3, 0.246130999499
3941850.0, 10892626.0, 3, 0.170216089134
4345862.0, 12090776.0, 3, 0.155817958208
5637596.0, 6026120.0, 3, 0.154050295268
3732172.0, 13386750.0, 3, 0.145404014095
5002750.0, 16182652.0, 3, 0.134221471273
5005080.0, 16481756.0, 3, 0.132637753728
8897448.0, 13081384.0, 3, 0.127773172451
9502314.0, 8734304.0, 3, 0.118838851779
7255936.0, 9750642.0, 3, 0.115383243654
6904694.0, 3957346.0, 3, 0.109297987778
6141974.0, 4047748.0, 3, 0.107465639877
8558096.0, 9306368.0, 3, 0.106324490714
5456408.0, 7003384.0, 3, 0.101568614057
4962914.0, 12094316.0, 3, 0.0889854533189
8218122.0, 10464392.0, 3, 0.0881908898943
9285172.0, 5389932.0, 3, 0.0754729801906
Generacion: 110
2330402.0, 18094754.0, 1, inf
10369788.0, 2424058.0, 1, inf
5391750.0, 2474970.0, 1, 0.653123681838
2620044.0, 15355660.0, 1, 0.341299029523
5192928.0, 2568016.0, 1, 0.294017517193
3109740.0, 3943170.0, 1, 0.29028675618
3407714.0, 3215066.0, 1, 0.278607620328
3101228.0, 8022508.0, 1, 0.261109918396
2669980.0, 12094682.0, 1, 0.216258068216
2449122.0, 17012570.0, 1, 0.190847008901
2737820.0, 11515610.0, 1, 0.104786359768
2359984.0, 17839446.0, 1, 0.0838251102917
2769594.0, 10509192.0, 1, 0.0795276273951
3029654.0, 8025666.0, 1, 0.0755276916458
3004136.0, 9030198.0, 1, 0.0731002792558
3149268.0, 3567154.0, 1, 0.0682683713294
2893498.0, 9769524.0, 1, 0.0659250691609
2851074.0, 10490116.0, 1, 0.0626128337116
3293530.0, 3231608.0, 1, 0.0546154034884
2931800.0, 9033356.0, 1, 0.0462762417726
2735614.0, 12085032.0, 1, 0.0453909940493
2930040.0, 9610948.0, 1, 0.0414034668771
2930040.0, 9610948.0, 1, 0.0103381919417
3094848.0, 8023446.0, 1, 0.00910444134366
2669980.0, 12094682.0, 1, 0.00682721869684
3004136.0, 9030198.0, 1, 0.00337564563712
3101228.0, 8022508.0, 1, 0.00111864427103
3101228.0, 8022508.0, 1, 0.0
3625612.0, 18644404.0, 2, inf
2618626.0, 17896408.0, 2, inf
6350300.0, 2532308.0, 2, inf
9453026.0, 3257316.0, 2, inf
7764536.0, 2793152.0, 2, 0.498984343007
5631374.0, 4051142.0, 2, 0.292081778346
4474960.0, 5347422.0, 2, 0.282305118422
3861300.0, 11621898.0, 2, 0.260925073993
2817270.0, 13846204.0, 2, 0.215338992849
4160850.0, 7627408.0, 2, 0.20578197731
4672024.0, 3444042.0, 2, 0.179524604781
2734046.0, 16004552.0, 2, 0.166590937136
2972112.0, 14530220.0, 2, 0.16104269369
6081406.0, 3963990.0, 2, 0.139408915799
3291742.0, 16746046.0, 2, 0.131059359547
3315662.0, 10480118.0, 2, 0.119510485312
3111134.0, 8006310.0, 2, 0.103585441135
3454736.0, 9798154.0, 2, 0.0966730843049
4259612.0, 3499840.0, 2, 0.0782308045508
3222434.0, 8948132.0, 2, 0.0732722288912
3002376.0, 9607790.0, 2, 0.0677983996816
3334932.0, 9033524.0, 2, 0.056056947172
3981058.0, 3333568.0, 2, 0.0554189248463
3192740.0, 9032462.0, 2, 0.0155519243947
3150098.0, 8953482.0, 2, 0.0111412259784
3150098.0, 8953482.0, 2, 0.00603320751054
8091186.0, 18601820.0, 3, inf
3953490.0, 16065498.0, 3, inf
10441288.0, 3122984.0, 3, inf
13434026.0, 3920988.0, 3, inf
11768318.0, 4055480.0, 3, 0.294241314399
4162042.0, 12282616.0, 3, 0.292080647988
12954192.0, 3934040.0, 3, 0.184386428013
9216792.0, 3770202.0, 3, 0.169528931605
6945636.0, 17286722.0, 3, 0.145082820595
4654296.0, 9236826.0, 3, 0.136330924441
6968200.0, 10313038.0, 3, 0.135072475564
10311988.0, 3474220.0, 3, 0.131285886596
4500142.0, 7626610.0, 3, 0.128237727918
4426198.0, 12028982.0, 3, 0.123899888483
5814512.0, 18202514.0, 3, 0.113002070298
5014236.0, 6748520.0, 3, 0.110377404266
5229708.0, 7624270.0, 3, 0.101799084285
7522416.0, 10066286.0, 3, 0.0972086010247
5637596.0, 6026120.0, 3, 0.0878041220237
4401646.0, 16144956.0, 3, 0.0854436809338
6314830.0, 12070050.0, 3, 0.0799141220845
8442206.0, 9466886.0, 3, 0.0749030698362
5502660.0, 5496300.0, 3, 0.0711895407573
7035466.0, 9697762.0, 3, 0.0643659775014
8837346.0, 3490438.0, 3, 0.0603815031959
8785398.0, 4715832.0, 3, 0.0602424894179
6699966.0, 3704520.0, 3, 0.0593663599326
4966604.0, 5898574.0, 3, 0.0569429995194
7683894.0, 4962126.0, 3, 0.0549163874192
6834544.0, 5074184.0, 3, 0.0517200934475
8104540.0, 3434896.0, 3, 0.0506975494413
7823568.0, 4674786.0, 3, 0.0456170436078
6097684.0, 4499286.0, 3, 0.0433061602766
8015318.0, 9446270.0, 3, 0.0430910255154
5903440.0, 5462600.0, 3, 0.0369001503432
4792426.0, 9790884.0, 3, 0.0363481309519
6761834.0, 4385744.0, 3, 0.0361853418982
4042192.0, 9867048.0, 3, 0.0359200186419
5075366.0, 4550848.0, 3, 0.034065890745
10427434.0, 3262590.0, 3, 0.0337893386117
4364126.0, 9850788.0, 3, 0.0301937796241
5976524.0, 9759168.0, 3, 0.0262552364826
4678120.0, 9594830.0, 3, 0.0229897350939
5007770.0, 9494048.0, 3, 0.0132899263171
5905806.0, 9667724.0, 3, 0.0124497718052
6706304.0, 4406210.0, 3, 0.00957033554508
Generacion: 111
5333146.0, 2472814.0, 1, inf
2328942.0, 18642252.0, 1, inf
4359356.0, 3200706.0, 1, 0.511104724362
3407714.0, 3215066.0, 1, 0.317793140623
3213358.0, 4289786.0, 1, 0.269160150235
2669980.0, 12094682.0, 1, 0.254607973762
3178926.0, 8000998.0, 1, 0.252085871444
2620044.0, 15355660.0, 1, 0.211522275565
4890890.0, 2933644.0, 1, 0.207719423211
2398982.0, 17552796.0, 1, 0.133078417427
2769594.0, 10509192.0, 1, 0.130057275299
5143148.0, 2836164.0, 1, 0.128051812091
2589002.0, 16158518.0, 1, 0.111001724528
2931800.0, 9033356.0, 1, 0.110111072995
3293530.0, 3231608.0, 1, 0.102982088729
2466980.0, 16741298.0, 1, 0.0993803230035
2737820.0, 11515610.0, 1, 0.0949024127553
3225810.0, 3901172.0, 1, 0.0921296940217
4917700.0, 2847158.0, 1, 0.08999698965
2807700.0, 9788770.0, 1, 0.0858633272043
5236474.0, 2492360.0, 1, 0.0857154463077
3029654.0, 8025666.0, 1, 0.0838262734123
3004136.0, 9030198.0, 1, 0.0642077654815
2807700.0, 9788770.0, 1, 0.0594028557148
2671740.0, 11517034.0, 1, 0.0577205232617
2428796.0, 17027890.0, 1, 0.0501002591084
2590462.0, 15611076.0, 1, 0.0437034558879
3407714.0, 3215066.0, 1, 0.038896166539
2620044.0, 15355660.0, 1, 0.0324182603189
3111134.0, 8006310.0, 1, 0.027193377945
2997880.0, 9031936.0, 1, 0.0242735650602
2449122.0, 17012570.0, 1, 0.0235426875293
3094848.0, 8023446.0, 1, 0.0217589337806
2590462.0, 15611076.0, 1, 0.0162822056435
3178926.0, 8000998.0, 1, 0.0117897932741
3029654.0, 8025666.0, 1, 0.00863139299079
3004136.0, 9030198.0, 1, 0.0086015836678
2449122.0, 17012570.0, 1, 0.00689180311829
3101228.0, 8022508.0, 1, 0.00648084703371
3094848.0, 8023446.0, 1, 0.00226098672012
2671740.0, 11517034.0, 1, 0.000673913079038
3029654.0, 8025666.0, 1, 0.0
3004136.0, 9030198.0, 1, 0.0
6350300.0, 2532308.0, 2, inf
2503966.0, 18200964.0, 2, inf
6350300.0, 2532308.0, 2, inf
5227978.0, 2858534.0, 2, 0.34800941441
2817270.0, 13846204.0, 2, 0.305720844833
5179324.0, 4594952.0, 2, 0.230023527773
3748920.0, 3223908.0, 2, 0.221770724959
2734046.0, 16004552.0, 2, 0.210890820398
3532592.0, 6603746.0, 2, 0.198574774654
3074872.0, 11517202.0, 2, 0.183834293022
4720706.0, 5170288.0, 2, 0.161344441072
4283086.0, 5435552.0, 2, 0.155261728201
2772820.0, 16055360.0, 2, 0.150700418088
4573812.0, 3632582.0, 2, 0.146665684662
4385004.0, 5469430.0, 2, 0.115842693565
4316158.0, 7617116.0, 2, 0.114437080907
3166456.0, 8020548.0, 2, 0.0786756192776
2995674.0, 9601300.0, 2, 0.0767601831759
3292406.0, 7981642.0, 2, 0.075901213535
3449116.0, 9320378.0, 2, 0.0752860278945
3222434.0, 8948132.0, 2, 0.0735838731271
3093642.0, 9611430.0, 2, 0.0680518426941
2776722.0, 10795458.0, 2, 0.0669428985448
2851074.0, 10490116.0, 2, 0.0648678478985
4474960.0, 5347422.0, 2, 0.062924194011
2851074.0, 10490116.0, 2, 0.0570816794892
4702522.0, 5218754.0, 2, 0.0471983887919
2774516.0, 11364856.0, 2, 0.0470773894292
4711870.0, 3214990.0, 2, 0.0280464022498
3118436.0, 9317638.0, 2, 0.0269946229607
3215876.0, 9194028.0, 2, 0.0259204907307
3512348.0, 8018080.0, 2, 0.0231869805089
3250500.0, 7997292.0, 2, 0.0205174023867
3192740.0, 9032462.0, 2, 0.0163264923278
3192740.0, 9032462.0, 2, 0.0122156024654
11672814.0, 2912046.0, 3, inf
2860336.0, 11518982.0, 3, inf
8091186.0, 18601820.0, 3, inf
14025310.0, 3929924.0, 3, inf
12276888.0, 3898806.0, 3, 0.224417122948
10765752.0, 8728538.0, 3, 0.164068798909
3885672.0, 16159220.0, 3, 0.158993806254
4159750.0, 14550258.0, 3, 0.141493153689
9574642.0, 6713064.0, 3, 0.128835712249
9823184.0, 7858710.0, 3, 0.128648579648
3155460.0, 13495014.0, 3, 0.125825763595
6838540.0, 8186664.0, 3, 0.121502649509
7814002.0, 4282376.0, 3, 0.118010405333
3324286.0, 15347698.0, 3, 0.116956249321
10038238.0, 17035800.0, 3, 0.116713907753
4966604.0, 5898574.0, 3, 0.116176757534
4253718.0, 18406774.0, 3, 0.113622556533
9650506.0, 12912282.0, 3, 0.100667858058
8266730.0, 12189158.0, 3, 0.0933892968872
8469240.0, 5266154.0, 3, 0.0930794239374
4605922.0, 9605592.0, 3, 0.0888284248954
5629930.0, 3942734.0, 3, 0.0872548655118
Generacion: 112
5553966.0, 2467816.0, 1, inf
2328942.0, 18642252.0, 1, inf
4359356.0, 3200706.0, 1, 0.428020579304
3407714.0, 3215066.0, 1, 0.405969029608
3197672.0, 3940842.0, 1, 0.367670850042
4641292.0, 2478828.0, 1, 0.346950760725
5333146.0, 2472814.0, 1, 0.283678411343
3176174.0, 8000694.0, 1, 0.278184742297
2669980.0, 12094682.0, 1, 0.253356377813
2620044.0, 15355660.0, 1, 0.21078573362
2359984.0, 17839446.0, 1, 0.138021489763
2449122.0, 17012570.0, 1, 0.101070859437
2776722.0, 10795458.0, 1, 0.0924151357575
3029654.0, 8025666.0, 1, 0.0903709494348
3004136.0, 9030198.0, 1, 0.0845357537153
2807700.0, 9788770.0, 1, 0.0824650358748
2589002.0, 16158518.0, 1, 0.0805352502715
2552778.0, 16724692.0, 1, 0.0738669292736
2931800.0, 9033356.0, 1, 0.0581397792281
2930040.0, 9610948.0, 1, 0.0573907925761
2710608.0, 10796588.0, 1, 0.0568274471364
2671740.0, 11517034.0, 1, 0.0565963695177
2708848.0, 11374202.0, 1, 0.0565942674351
2466980.0, 16741298.0, 1, 0.0499394892816
2590462.0, 15611076.0, 1, 0.0430187709888
2620044.0, 15355660.0, 1, 0.0312752546544
2893498.0, 9769524.0, 1, 0.0285837068945
2872928.0, 9786840.0, 1, 0.0277937354124
3094848.0, 8023446.0, 1, 0.0223885695877
3111134.0, 8006310.0, 1, 0.0211687486452
2590462.0, 15611076.0, 1, 0.016244048685
2807700.0, 9788770.0, 1, 0.00972483401133
3004136.0, 9030198.0, 1, 0.00810774563103
3111134.0, 8006310.0, 1, 0.00341881962837
3101228.0, 8022508.0, 1, 0.00312959779708
3101228.0, 8022508.0, 1, 0.00297973671843
2931800.0, 9033356.0, 1, 0.00074097874805
2807700.0, 9788770.0, 1, 0.0
2807700.0, 9788770.0, 1, 0.0
2931800.0, 9033356.0, 1, 0.0
3101228.0, 8022508.0, 1, 0.0
3111134.0, 8006310.0, 1, 0.0
5769518.0, 2469228.0, 2, inf
2429040.0, 19229956.0, 2, inf
4042192.0, 9867048.0, 2, 0.381778374165
3543630.0, 3409324.0, 2, 0.378916692356
4917700.0, 2847158.0, 2, 0.359257131317
3696552.0, 13838596.0, 2, 0.311455399102
3178926.0, 8000998.0, 2, 0.292062516342
5309916.0, 2556336.0, 2, 0.209401698152
2806970.0, 11384972.0, 2, 0.168757522432
2737820.0, 11515610.0, 2, 0.153316610796
2760508.0, 14541050.0, 2, 0.149928668574
2460078.0, 18488074.0, 2, 0.13836166897
3981058.0, 3333568.0, 2, 0.137010889134
2606680.0, 16746040.0, 2, 0.116989340897
2737374.0, 17802216.0, 2, 0.105038630125
2995674.0, 9601300.0, 2, 0.103346252654
2703008.0, 16746486.0, 2, 0.101143000215
2734046.0, 16004552.0, 2, 0.0966088135689
3222434.0, 8948132.0, 2, 0.0930969101469
3288866.0, 8024772.0, 2, 0.0901863368609
5143148.0, 2836164.0, 2, 0.0841851986738
3361026.0, 9685656.0, 2, 0.0777264982248
3118436.0, 9317638.0, 2, 0.059405856179
5143148.0, 2836164.0, 2, 0.0505793322922
2734046.0, 16004552.0, 2, 0.0452358704279
3334932.0, 9033524.0, 2, 0.0436476386892
3093642.0, 9611430.0, 2, 0.0417827860226
3178926.0, 8000998.0, 2, 0.0144429181303
6350300.0, 2532308.0, 3, inf
7871958.0, 3498328.0, 3, inf
4158250.0, 7598128.0, 3, inf
5412852.0, 19370958.0, 3, inf
6997718.0, 15996920.0, 3, 0.402011003139
7105906.0, 18720320.0, 3, 0.303149253574
4515514.0, 18129072.0, 3, 0.268571673161
5424732.0, 12268310.0, 3, 0.246630665012
4177052.0, 5379052.0, 3, 0.230167389765
5902526.0, 4561474.0, 3, 0.212847341439
4606096.0, 9597364.0, 3, 0.158482913453
4997028.0, 11411996.0, 3, 0.156417073761
6701124.0, 10220720.0, 3, 0.136349331333
5730260.0, 3213350.0, 3, 0.129696525554
4962914.0, 12094316.0, 3, 0.121030299576
4713812.0, 3597104.0, 3, 0.102021591389
6819332.0, 2828070.0, 3, 0.100088839413
5548208.0, 3900346.0, 3, 0.0965970740812
5142098.0, 9631980.0, 3, 0.0711675335705
6579842.0, 2910700.0, 3, 0.069728351123
6452782.0, 3598354.0, 3, 0.0639163214687
5265370.0, 5236898.0, 3, 0.0561500532283
5155484.0, 4995602.0, 3, 0.0539121526453
6350300.0, 2532308.0, 3, 0.0451600720807
4974426.0, 10080588.0, 3, 0.0430348802988
5326512.0, 5342322.0, 3, 0.0420936675062
5468060.0, 4673030.0, 3, 0.0401664652032
4573812.0, 3632582.0, 3, 0.0392452964662
5390342.0, 4766068.0, 3, 0.0380358867459
5528776.0, 3848476.0, 3, 0.0374834143146
Generacion: 113
2328942.0, 18642252.0, 1, inf
7025754.0, 2417478.0, 1, inf
4816894.0, 2582016.0, 1, 0.605351964851
6706416.0, 2437750.0, 1, 0.480430367142
4005506.0, 2929364.0, 1, 0.428499234346
3109740.0, 3943170.0, 1, 0.272103903763
3101228.0, 8022508.0, 1, 0.26666533848
3197672.0, 3940842.0, 1, 0.253202935592
2669980.0, 12094682.0, 1, 0.24759702884
2620044.0, 15355660.0, 1, 0.215309205384
2398982.0, 17552796.0, 1, 0.126031618088
2552778.0, 16724692.0, 1, 0.111887917832
2620044.0, 15355660.0, 1, 0.095011003053
2807700.0, 9788770.0, 1, 0.0826485589551
3029654.0, 8025666.0, 1, 0.0771523135222
2776722.0, 10795458.0, 1, 0.0761227060865
2710608.0, 10796588.0, 1, 0.0668254734461
3004136.0, 9030198.0, 1, 0.0632454337067
2931800.0, 9033356.0, 1, 0.0496685039897
2671740.0, 11517034.0, 1, 0.0447787922319
2671740.0, 11517034.0, 1, 0.0438782384015
2930040.0, 9610948.0, 1, 0.0433795573595
2449122.0, 17012570.0, 1, 0.0370985186366
2449122.0, 17012570.0, 1, 0.0273949427142
2466980.0, 16741298.0, 1, 0.026625372836
2893498.0, 9769524.0, 1, 0.0230006895232
2872928.0, 9786840.0, 1, 0.0194534949448
2491168.0, 16725824.0, 1, 0.0192907808139
2997880.0, 9031936.0, 1, 0.0155957254366
2930040.0, 9610948.0, 1, 0.0101484177194
2776722.0, 10795458.0, 1, 0.00666518414763
3029654.0, 8025666.0, 1, 0.00562768754194
3004136.0, 9030198.0, 1, 0.00554016706246
3101228.0, 8022508.0, 1, 0.00200693371999
2931800.0, 9033356.0, 1, 0.000462242737901
2776722.0, 10795458.0, 1, 0.0
2776722.0, 10795458.0, 1, 0.0
2930040.0, 9610948.0, 1, 0.0
2931800.0, 9033356.0, 1, 0.0
3004136.0, 9030198.0, 1, 0.0
3004136.0, 9030198.0, 1, 0.0
3004136.0, 9030198.0, 1, 0.0
3029654.0, 8025666.0, 1, 0.0
2620044.0, 15355660.0, 1, 0.0
2671740.0, 11517034.0, 1, 0.0
2699650.0, 19025294.0, 2, inf
2622630.0, 17017764.0, 2, inf
7553878.0, 2463006.0, 2, inf
4359356.0, 3200706.0, 2, 0.713568690428
3213358.0, 4289786.0, 2, 0.3125985002
3178926.0, 8000998.0, 2, 0.236710492721
4089662.0, 9033796.0, 2, 0.167727279213
3905850.0, 11310990.0, 2, 0.16379133474
2770078.0, 12685026.0, 2, 0.158862861247
3413170.0, 9600134.0, 2, 0.125041718207
2688856.0, 14544364.0, 2, 0.120114579048
2734046.0, 16004552.0, 2, 0.111049651794
2959814.0, 18559084.0, 2, 0.101327486806
4359356.0, 3200706.0, 2, 0.099231768143
2941114.0, 14552510.0, 2, 0.0982727626874
3116340.0, 17552836.0, 2, 0.0937847593183
3128782.0, 12169966.0, 2, 0.0858612136519
3111134.0, 8006310.0, 2, 0.085171299594
3366350.0, 10304898.0, 2, 0.0788688655145
2810486.0, 11025466.0, 2, 0.0748912584891
2839832.0, 16735376.0, 2, 0.0721545979998
3301768.0, 9768260.0, 2, 0.0673340354891
3189504.0, 11466132.0, 2, 0.0588457766813
2661416.0, 16155204.0, 2, 0.0575556534814
3002376.0, 9607790.0, 2, 0.0358496025521
3375628.0, 9261094.0, 2, 0.0235229297038
3361026.0, 9685656.0, 2, 0.0227853605989
3118436.0, 9317638.0, 2, 0.0226891478974
2909480.0, 14545984.0, 2, 0.0210306572064
3114872.0, 9266138.0, 2, 0.00446973758246
3187026.0, 8003152.0, 3, inf
4255372.0, 19839342.0, 3, inf
8868232.0, 2865336.0, 3, inf
12141030.0, 3074462.0, 3, inf
10961702.0, 13326730.0, 3, 0.455933329651
8876172.0, 13642214.0, 3, 0.385968276613
6642954.0, 17240392.0, 3, 0.230792580117
8472022.0, 9768910.0, 3, 0.181281014126
4962774.0, 5634288.0, 3, 0.178913635625
6051808.0, 4470856.0, 3, 0.171992625494
5198438.0, 4741584.0, 3, 0.160043166376
6711554.0, 15909590.0, 3, 0.155385695024
4035556.0, 16051832.0, 3, 0.154205981701
4270398.0, 7610770.0, 3, 0.151358951488
7290078.0, 3580736.0, 3, 0.148880640336
4908796.0, 9234642.0, 3, 0.117357724181
4776166.0, 12092354.0, 3, 0.0977088704158
6153448.0, 12077358.0, 3, 0.0927740036511
3438118.0, 8001336.0, 3, 0.0880217637287
6701124.0, 10220720.0, 3, 0.0747519624178
4130960.0, 11351604.0, 3, 0.0741476936806
6632566.0, 3238008.0, 3, 0.0729827178715
4573812.0, 3632582.0, 3, 0.0668149822612
6821344.0, 10212808.0, 3, 0.0638912884535
4116864.0, 5122960.0, 3, 0.063247314976
Generacion: 114
7025754.0, 2417478.0, 1, inf
2328942.0, 18642252.0, 1, inf
2328942.0, 18642252.0, 1, inf
7025754.0, 2417478.0, 1, inf
4890978.0, 2557750.0, 1, 0.626561545813
4226520.0, 2913560.0, 1, 0.406087776668
3266428.0, 3534550.0, 1, 0.282368055675
3109740.0, 3943170.0, 1, 0.272103903763
3101228.0, 8022508.0, 1, 0.254654965479
2669980.0, 12094682.0, 1, 0.24759702884
2620044.0, 15355660.0, 1, 0.207285890846
2466980.0, 16741298.0, 1, 0.126416829851
2482346.0, 15789686.0, 1, 0.0959508603382
2398982.0, 17552796.0, 1, 0.0865406320757
3029654.0, 8025666.0, 1, 0.0813638200537
3004136.0, 9030198.0, 1, 0.0632454337067
2359984.0, 17839446.0, 1, 0.0600127560297
3197672.0, 3940842.0, 1, 0.0585454431807
2807700.0, 9788770.0, 1, 0.0582903086359
2769594.0, 10509192.0, 1, 0.0569613220808
2590462.0, 15611076.0, 1, 0.0560681521496
2671740.0, 11517034.0, 1, 0.0526815659548
2931800.0, 9033356.0, 1, 0.0496685039897
2710608.0, 10796588.0, 1, 0.0481594737469
2930040.0, 9610948.0, 1, 0.0477591237547
2708848.0, 11374202.0, 1, 0.0435014205823
2620044.0, 15355660.0, 1, 0.0263742380664
2369348.0, 17808138.0, 1, 0.0259705051383
2769594.0, 10509192.0, 1, 0.0258265681534
2872928.0, 9786840.0, 1, 0.0247286701194
2710608.0, 10796588.0, 1, 0.0180881276963
3094848.0, 8023446.0, 1, 0.0154334877315
2997880.0, 9031936.0, 1, 0.0141762376567
2872928.0, 9786840.0, 1, 0.0122786911768
2930040.0, 9610948.0, 1, 0.011215674496
2708848.0, 11374202.0, 1, 0.0091780498117
2807700.0, 9788770.0, 1, 0.00823211660661
3004136.0, 9030198.0, 1, 0.00554016706246
2997880.0, 9031936.0, 1, 0.00141948777986
2931800.0, 9033356.0, 1, 0.000462242737901
3004136.0, 9030198.0, 1, 0.0
3004136.0, 9030198.0, 1, 0.0
2930040.0, 9610948.0, 1, 0.0
2931800.0, 9033356.0, 1, 0.0
2931800.0, 9033356.0, 1, 0.0
2472876.0, 18942846.0, 2, inf
2367888.0, 18355602.0, 2, inf
8732046.0, 2421052.0, 2, inf
7285624.0, 2443704.0, 2, 0.607222343552
4275518.0, 2916060.0, 2, 0.427073923511
4920306.0, 2557914.0, 2, 0.402886558948
3250500.0, 7997292.0, 2, 0.340355097236
3713360.0, 12082206.0, 2, 0.226001190579
2784696.0, 14525286.0, 2, 0.211910661782
4899480.0, 2905518.0, 2, 0.122992709497
3432864.0, 15505354.0, 2, 0.106294383602
2552778.0, 16724692.0, 2, 0.0813291264192
3905850.0, 11310990.0, 2, 0.0766315909596
2771878.0, 11804758.0, 2, 0.0715203289752
3111134.0, 8006310.0, 2, 0.0703029795512
3407292.0, 9030236.0, 2, 0.0693181599442
3016694.0, 10086280.0, 2, 0.067605263862
2923070.0, 16066142.0, 2, 0.0670471399081
4142854.0, 9684144.0, 2, 0.0666007371511
2618626.0, 17896408.0, 2, 0.0606594382047
3040024.0, 17031468.0, 2, 0.0552807667805
3515484.0, 9700552.0, 2, 0.0477042021769
2837030.0, 17986240.0, 2, 0.0446743306961
2776722.0, 10795458.0, 2, 0.0436849266352
3999158.0, 16001024.0, 2, 0.0404894749041
3030758.0, 17547842.0, 2, 0.0352222217729
2806766.0, 16000586.0, 2, 0.0348625808001
3065498.0, 9744116.0, 2, 0.0345201298641
3180596.0, 9262160.0, 2, 0.0287671806542
3388080.0, 16054266.0, 2, 0.0285780628919
3005482.0, 11280618.0, 2, 0.0284589176229
3118436.0, 9317638.0, 2, 0.0261783712055
3120396.0, 9035308.0, 2, 0.0231098292546
3116340.0, 17552836.0, 2, 0.0222447088159
2815636.0, 11083852.0, 2, 0.0188491112414
2776722.0, 10795458.0, 2, 0.018708322782
2815636.0, 11083852.0, 2, 0.015271120228
3176174.0, 8000694.0, 2, 0.0100050491169
3520544.0, 8004946.0, 3, inf
6224646.0, 2947438.0, 3, inf
13123824.0, 11349216.0, 3, inf
12816764.0, 21967350.0, 3, inf
9105040.0, 3503710.0, 3, 0.251856101658
10543216.0, 11669138.0, 3, 0.244547972622
11838030.0, 19536644.0, 3, 0.212373799554
4071980.0, 16746506.0, 3, 0.200394625421
6134254.0, 5993840.0, 3, 0.192847754381
6293104.0, 13105946.0, 3, 0.17597621131
12042910.0, 18730170.0, 3, 0.170320107873
3663632.0, 17548702.0, 3, 0.16171569918
4835788.0, 8781936.0, 3, 0.13792374697
8136922.0, 5033052.0, 3, 0.123543016936
5377408.0, 14498938.0, 3, 0.116707529023
10962172.0, 9475546.0, 3, 0.107098577955
7404662.0, 10344470.0, 3, 0.105254337056
Generacion: 115
7025754.0, 2417478.0, 1, inf
2328942.0, 18642252.0, 1, inf
5477662.0, 2421724.0, 1, 0.56674888496
4402816.0, 2552114.0, 1, 0.489610355327
2589002.0, 16158518.0, 1, 0.394104450602
3266428.0, 3534550.0, 1, 0.329798856235
3407714.0, 3215066.0, 1, 0.302500392642
3244034.0, 8000558.0, 1, 0.294482959612
2669980.0, 12094682.0, 1, 0.250845761177
2398982.0, 17552796.0, 1, 0.0925553612948
2398982.0, 17552796.0, 1, 0.0899374870701
2769594.0, 10509192.0, 1, 0.0827878902342
2367888.0, 18355602.0, 1, 0.0820599267546
3070250.0, 9029038.0, 1, 0.0813638200537
3094848.0, 8023446.0, 1, 0.063337166782
2807700.0, 9788770.0, 1, 0.0582903086359
2710608.0, 10796588.0, 1, 0.0569628013002
2669980.0, 12094682.0, 1, 0.0528438942549
2931800.0, 9033356.0, 1, 0.0496685039897
2930040.0, 9610948.0, 1, 0.0477591237547
2671740.0, 11517034.0, 1, 0.0447787922319
2671740.0, 11517034.0, 1, 0.0438782384015
2872928.0, 9786840.0, 1, 0.0370073612962
3176174.0, 8000694.0, 1, 0.028650308294
2710608.0, 10796588.0, 1, 0.0259888058584
3111134.0, 8006310.0, 1, 0.0173012680378
2997880.0, 9031936.0, 1, 0.0155957254366
3004136.0, 9030198.0, 1, 0.0141834766094
2930040.0, 9610948.0, 1, 0.011215674496
2807700.0, 9788770.0, 1, 0.00823211660661
3094848.0, 8023446.0, 1, 0.0052949822059
3101228.0, 8022508.0, 1, 0.0045236209839
3004136.0, 9030198.0, 1, 0.00140346290333
2931800.0, 9033356.0, 1, 0.000462242737901
2930040.0, 9610948.0, 1, 0.0
2930040.0, 9610948.0, 1, 0.0
2931800.0, 9033356.0, 1, 0.0
2931800.0, 9033356.0, 1, 0.0
2931800.0, 9033356.0, 1, 0.0
2671740.0, 11517034.0, 1, 0.0
2710608.0, 10796588.0, 1, 0.0
2710608.0, 10796588.0, 1, 0.0
2710608.0, 10796588.0, 1, 0.0
2807700.0, 9788770.0, 1, 0.0
7173814.0, 9105578.0, 2, inf
2606628.0, 17614730.0, 2, inf
2900088.0, 18479778.0, 2, inf
6916286.0, 2436520.0, 2, inf
4782492.0, 4575632.0, 2, 0.463450521496
5069748.0, 11095138.0, 2, 0.393660047621
6489592.0, 10207442.0, 2, 0.379797783186
3650820.0, 8583168.0, 2, 0.312825479138
4295808.0, 12429632.0, 2, 0.188786097674
2688856.0, 14544364.0, 2, 0.179875944745
4890978.0, 2557750.0, 2, 0.164919833586
4489626.0, 11557982.0, 2, 0.131584615868
2658274.0, 17078284.0, 2, 0.117241327648
3999158.0, 16001024.0, 2, 0.10999365628
6716474.0, 2438174.0, 2, 0.100982462889
3413170.0, 9600134.0, 2, 0.0959157007308
3554206.0, 12340070.0, 2, 0.0733699198078
3180596.0, 9262160.0, 2, 0.0725680956609
3787592.0, 15603146.0, 2, 0.0581486241422
2995338.0, 9791014.0, 2, 0.056054709751
3885136.0, 15350132.0, 2, 0.0559372177252
2851074.0, 10490116.0, 2, 0.055537058589
3036690.0, 17979998.0, 2, 0.0549643340304
3159004.0, 14985162.0, 2, 0.0546160828035
4054654.0, 9603404.0, 2, 0.052083753547
3828930.0, 10181414.0, 2, 0.0473141443208
2776722.0, 10795458.0, 2, 0.046473358763
3972234.0, 9376992.0, 2, 0.0460319013298
3120396.0, 9035308.0, 2, 0.0424680308432
4211856.0, 11959498.0, 2, 0.0397033171553
3015800.0, 11496782.0, 2, 0.0379039039114
2682702.0, 18268758.0, 2, 0.0378480534335
4254922.0, 15209118.0, 2, 0.0356152479817
4237046.0, 11898242.0, 2, 0.0332772428052
3080644.0, 12087338.0, 2, 0.0328272219045
4890978.0, 2557750.0, 2, 0.0312067060394
3713360.0, 12082206.0, 2, 0.0289042078039
3113764.0, 10796680.0, 2, 0.0273833253393
2813836.0, 11964086.0, 2, 0.023928179626
4217242.0, 9688578.0, 2, 0.0172094399503
3748650.0, 12084154.0, 2, 0.0165732192604
12925338.0, 3999176.0, 3, inf
4624628.0, 17286370.0, 3, inf
5937086.0, 23250340.0, 3, inf
5978282.0, 3330090.0, 3, inf
12858740.0, 18818494.0, 3, 0.407278387199
11635660.0, 10793096.0, 3, 0.282174567725
4962914.0, 12094316.0, 3, 0.27333171262
10675658.0, 14550716.0, 3, 0.211896571609
10194464.0, 9703072.0, 3, 0.209026007801
8973706.0, 8984626.0, 3, 0.194791240229
6427472.0, 8192892.0, 3, 0.171945753777
5658512.0, 17670522.0, 3, 0.149698028812
8012142.0, 6688306.0, 3, 0.143860359844
11263866.0, 16722210.0, 3, 0.118865974867
9357660.0, 4141798.0, 3, 0.114249033485
Generacion: 116
7025754.0, 2417478.0, 1, inf
2359984.0, 17839446.0, 1, inf
5477662.0, 2421724.0, 1, 0.518821470717
3654862.0, 5199354.0, 1, 0.289091645004
4651050.0, 2569516.0, 1, 0.256785166613
2620044.0, 15355660.0, 1, 0.217790404092
2669980.0, 12094682.0, 1, 0.211827401201
3937432.0, 3689332.0, 1, 0.197596738591
4559478.0, 3346944.0, 1, 0.186438590805
3541234.0, 6838124.0, 1, 0.174542922403
2398982.0, 17552796.0, 1, 0.158080404183
4074098.0, 3537742.0, 1, 0.155522505121
3536086.0, 7498554.0, 1, 0.106000813201
3390416.0, 7974360.0, 1, 0.0935482132229
2589002.0, 16158518.0, 1, 0.090721482504
3029654.0, 8025666.0, 1, 0.0804766671798
2807700.0, 9788770.0, 1, 0.0793296213765
2589002.0, 16158518.0, 1, 0.0762239415158
3004136.0, 9030198.0, 1, 0.0664772630086
2710608.0, 10796588.0, 1, 0.0657267219622
2590462.0, 15611076.0, 1, 0.0587125095
2710608.0, 10796588.0, 1, 0.0582634016998
2931800.0, 9033356.0, 1, 0.0516152694749
2930040.0, 9610948.0, 1, 0.0496931858745
2669980.0, 12094682.0, 1, 0.048158807255
2671740.0, 11517034.0, 1, 0.0454094218374
2708848.0, 11374202.0, 1, 0.0454072171901
3250500.0, 7997292.0, 1, 0.0330723452233
3176174.0, 8000694.0, 1, 0.0288570188821
2620044.0, 15355660.0, 1, 0.0272644570657
2872928.0, 9786840.0, 1, 0.0253854036217
2807700.0, 9788770.0, 1, 0.0209345731093
3101228.0, 8022508.0, 1, 0.0187184481943
3111134.0, 8006310.0, 1, 0.0174774192887
3244034.0, 8000558.0, 1, 0.0161506552618
2997880.0, 9031936.0, 1, 0.0142754176479
2872928.0, 9786840.0, 1, 0.0123657838205
2930040.0, 9610948.0, 1, 0.0117825042074
2671740.0, 11517034.0, 1, 0.00963880892806
2708848.0, 11374202.0, 1, 0.00963880892806
3029654.0, 8025666.0, 1, 0.00567396655161
3004136.0, 9030198.0, 1, 0.00558189010585
2997880.0, 9031936.0, 1, 0.00143290550505
2931800.0, 9033356.0, 1, 0.000469291782131
2708848.0, 11374202.0, 1, 0.0
2710608.0, 10796588.0, 1, 0.0
2710608.0, 10796588.0, 1, 0.0
2710608.0, 10796588.0, 1, 0.0
2930040.0, 9610948.0, 1, 0.0
2931800.0, 9033356.0, 1, 0.0
2931800.0, 9033356.0, 1, 0.0
2931800.0, 9033356.0, 1, 0.0
2931800.0, 9033356.0, 1, 0.0
2997880.0, 9031936.0, 1, 0.0
2997880.0, 9031936.0, 1, 0.0
2997880.0, 9031936.0, 1, 0.0
2997880.0, 9031936.0, 1, 0.0
3029654.0, 8025666.0, 1, 0.0
2589002.0, 16158518.0, 1, 0.0
2669980.0, 12094682.0, 1, 0.0
2671740.0, 11517034.0, 1, 0.0
8129768.0, 2418976.0, 2, inf
2367888.0, 18355602.0, 2, inf
6454154.0, 9561142.0, 2, 0.397733799236
5229666.0, 3757052.0, 2, 0.344588626311
5941638.0, 2427848.0, 2, 0.296477673802
4571438.0, 5231802.0, 2, 0.262280370068
4270398.0, 7610770.0, 2, 0.187395706752
4969928.0, 12663584.0, 2, 0.17850877398
3520544.0, 8004946.0, 2, 0.137217852672
3999158.0, 16001024.0, 2, 0.136732511883
4590744.0, 14129022.0, 2, 0.131818030329
3854534.0, 9856554.0, 2, 0.119599861343
4747536.0, 14787766.0, 2, 0.110770836287
3114872.0, 9266138.0, 2, 0.104673550347
2503966.0, 18200964.0, 2, 0.0992120430481
2703008.0, 16746486.0, 2, 0.086324553217
3174352.0, 17701396.0, 2, 0.0847428560686
4205496.0, 11562006.0, 2, 0.0724188770869
3554206.0, 12340070.0, 2, 0.067464112771
3552042.0, 17027614.0, 2, 0.0657613978872
4666750.0, 16384566.0, 2, 0.0644011073761
3218820.0, 9784642.0, 2, 0.0589100109073
4837250.0, 14545516.0, 2, 0.0580655269578
2768864.0, 12105422.0, 2, 0.05409505744
4692294.0, 10480854.0, 2, 0.0486535898466
2815636.0, 11083852.0, 2, 0.0425211237125
4469724.0, 11356996.0, 2, 0.0410487351534
2845458.0, 10712794.0, 2, 0.0410387538819
2904958.0, 10484236.0, 2, 0.040566239357
3045846.0, 9321344.0, 2, 0.0348024483782
4843934.0, 11399158.0, 2, 0.034509967445
4295792.0, 10891202.0, 2, 0.0312349187909
4435522.0, 12112584.0, 2, 0.02949885791
3994982.0, 11371500.0, 2, 0.0274252252948
3178926.0, 8000998.0, 2, 0.0258100058383
4725240.0, 12351080.0, 2, 0.0250533405685
4384592.0, 11362104.0, 2, 0.0216165409052
4316214.0, 9750304.0, 2, 0.0213269412626
4217242.0, 9688578.0, 2, 0.0202065771826
Generacion: 117
2369348.0, 17808138.0, 1, inf
5477662.0, 2421724.0, 1, inf
2571668.0, 14970754.0, 1, 0.367303450997
4681268.0, 2544022.0, 1, 0.354271469851
4402816.0, 2552114.0, 1, 0.28456100755
3933568.0, 3221218.0, 1, 0.242365763327
3839394.0, 3492268.0, 1, 0.229992781151
3573930.0, 4979744.0, 1, 0.229279586925
2466980.0, 16741298.0, 1, 0.223369274214
3432338.0, 7497678.0, 1, 0.206466559783
2669980.0, 12094682.0, 1, 0.199427355031
3472594.0, 5204368.0, 1, 0.181649321709
2398982.0, 17552796.0, 1, 0.100746447949
2769594.0, 10509192.0, 1, 0.096736738791
3029654.0, 8025666.0, 1, 0.0883135784606
2669980.0, 12094682.0, 1, 0.0784544477992
3004136.0, 9030198.0, 1, 0.0756221660695
2807700.0, 9788770.0, 1, 0.0744247014563
3390416.0, 7974360.0, 1, 0.0687098917334
3244034.0, 8000558.0, 1, 0.0599216650024
2931800.0, 9033356.0, 1, 0.0587982047663
2710608.0, 10796588.0, 1, 0.0565173683931
2893498.0, 9769524.0, 1, 0.050916036805
2708848.0, 11374202.0, 1, 0.050045049316
2930040.0, 9610948.0, 1, 0.0492953038368
2708848.0, 11374202.0, 1, 0.0473919489654
3111134.0, 8006310.0, 1, 0.0473698180393
3315760.0, 7977806.0, 1, 0.0320048380829
3472594.0, 5204368.0, 1, 0.0275499257588
3101228.0, 8022508.0, 1, 0.027471560798
3292406.0, 7981642.0, 1, 0.0245542393904
2997880.0, 9031936.0, 1, 0.0213720702557
2710608.0, 10796588.0, 1, 0.0192447796509
2807700.0, 9788770.0, 1, 0.0135102229643
2930040.0, 9610948.0, 1, 0.010872458459
3029654.0, 8025666.0, 1, 0.00841484130298
2997880.0, 9031936.0, 1, 0.00210495588443
2931800.0, 9033356.0, 1, 0.000658512571429
2997880.0, 9031936.0, 1, 0.0
3029654.0, 8025666.0, 1, 0.0
3029654.0, 8025666.0, 1, 0.0
2669980.0, 12094682.0, 1, 0.0
2708848.0, 11374202.0, 1, 0.0
2807700.0, 9788770.0, 1, 0.0
2931800.0, 9033356.0, 1, 0.0
2589002.0, 16158518.0, 2, inf
2589002.0, 16158518.0, 2, inf
6497526.0, 2433774.0, 2, inf
5660916.0, 3264406.0, 2, 0.336547085194
4392398.0, 3754090.0, 2, 0.295899987414
3869202.0, 5227024.0, 2, 0.286632769259
5117262.0, 3738636.0, 2, 0.273126066513
3763694.0, 6026358.0, 2, 0.2425759737
3525860.0, 13556008.0, 2, 0.211003017352
3166456.0, 8020548.0, 2, 0.17174451771
5455240.0, 3737664.0, 2, 0.135978421105
4236910.0, 11156152.0, 2, 0.123807984313
3361026.0, 9685656.0, 2, 0.120894309356
3622656.0, 12502640.0, 2, 0.114327792977
5513686.0, 2573386.0, 2, 0.113143186713
3716626.0, 14531784.0, 2, 0.104793552242
3222434.0, 8948132.0, 2, 0.103989891144
3044046.0, 10201556.0, 2, 0.100532251676
2620044.0, 15355660.0, 2, 0.0880658269925
2810486.0, 11025466.0, 2, 0.0751057470512
3217284.0, 8027618.0, 2, 0.0691741410669
2792098.0, 14547576.0, 2, 0.0686670700386
2735614.0, 12085032.0, 2, 0.0684213328976
2620044.0, 15355660.0, 2, 0.0668200209048
3636484.0, 11560106.0, 2, 0.065105093455
2776722.0, 10795458.0, 2, 0.0645293654982
3114872.0, 9266138.0, 2, 0.0616591293118
3002376.0, 9607790.0, 2, 0.0557401850729
4322438.0, 9599316.0, 2, 0.0529287891211
3080644.0, 12087338.0, 2, 0.0473477508219
4275014.0, 11398838.0, 2, 0.032866532148
4384592.0, 11362104.0, 2, 0.0309080567407
3607878.0, 11521456.0, 2, 0.0280073866786
3216222.0, 8950104.0, 2, 0.0232982999659
3003760.0, 11087876.0, 2, 0.020183239818
3216222.0, 8950104.0, 2, 0.0128763658416
2774516.0, 11364856.0, 2, 0.0126295976466
2737820.0, 11515610.0, 2, 0.00981465643256
2737820.0, 11515610.0, 2, 0.00907254427025
3110342.0, 12085602.0, 2, 0.00892528771364
4384592.0, 11362104.0, 2, 0.00219768711573
2620044.0, 15355660.0, 2, 0.0
2620044.0, 15355660.0, 2, 0.0
2620044.0, 15355660.0, 2, 0.0
2589002.0, 16158518.0, 2, 0.0
2589002.0, 16158518.0, 2, 0.0
2620044.0, 15355660.0, 2, 0.0
11811576.0, 3736738.0, 3, inf
6888688.0, 3486344.0, 3, inf
7241746.0, 18365284.0, 3, inf
3663632.0, 17548702.0, 3, inf
6167556.0, 14685320.0, 3, 0.286291710831
7716284.0, 14038386.0, 3, 0.222867924681
10346072.0, 4031388.0, 3, 0.22212181875
9167252.0, 7279526.0, 3, 0.219745001726
Generacion: 118
4310860.0, 2565974.0, 1, inf
2369348.0, 17808138.0, 1, inf
3109740.0, 3943170.0, 1, 0.690393329233
3832142.0, 3237582.0, 1, 0.458583147936
2589002.0, 16158518.0, 1, 0.329467001984
3907530.0, 3216554.0, 1, 0.290632193593
3101228.0, 8022508.0, 1, 0.270921193004
2669980.0, 12094682.0, 1, 0.267524557126
2466980.0, 16741298.0, 1, 0.189347242615
2398982.0, 17552796.0, 1, 0.120279266846
2769594.0, 10509192.0, 1, 0.116128848301
2930040.0, 9610948.0, 1, 0.113480065078
2807700.0, 9788770.0, 1, 0.110277818091
2997880.0, 9031936.0, 1, 0.10005417006
3029654.0, 8025666.0, 1, 0.0995978246966
2589002.0, 16158518.0, 1, 0.0799434584527
2669980.0, 12094682.0, 1, 0.0796067608552
2931800.0, 9033356.0, 1, 0.0719296858992
2710608.0, 10796588.0, 1, 0.0682772759783
2671740.0, 11517034.0, 1, 0.0672883273781
2708848.0, 11374202.0, 1, 0.0570087388794
3094848.0, 8023446.0, 1, 0.0336405236204
2807700.0, 9788770.0, 1, 0.0312934248052
2710608.0, 10796588.0, 1, 0.0197618378696
3029654.0, 8025666.0, 1, 0.016511244084
2997880.0, 9031936.0, 1, 0.0164587580985
2708848.0, 11374202.0, 1, 0.0102773578443
3101228.0, 8022508.0, 1, 0.00444575171069
3094848.0, 8023446.0, 1, 0.00343174727949
2931800.0, 9033356.0, 1, 0.000999672602205
3094848.0, 8023446.0, 1, 0.0
2669980.0, 12094682.0, 1, 0.0
2710608.0, 10796588.0, 1, 0.0
2710608.0, 10796588.0, 1, 0.0
3029654.0, 8025666.0, 1, 0.0
2446948.0, 17988648.0, 2, inf
5219180.0, 2832104.0, 2, inf
3933568.0, 3221218.0, 2, 0.595353389849
3472440.0, 4782792.0, 2, 0.388535793686
3315760.0, 7977806.0, 2, 0.252109899985
2692510.0, 15352242.0, 2, 0.234224238507
2831728.0, 12486888.0, 2, 0.231948118146
2745052.0, 14314174.0, 2, 0.203083353421
3816060.0, 8682884.0, 2, 0.174165893664
2498570.0, 16747974.0, 2, 0.170534657179
3585664.0, 9957712.0, 2, 0.155465765036
2703008.0, 16746486.0, 2, 0.108431978638
3224656.0, 11560736.0, 2, 0.100782748727
3925516.0, 8171792.0, 2, 0.0860871777117
3378564.0, 10085450.0, 2, 0.0828296687934
2916114.0, 10484506.0, 2, 0.06411493841
3002376.0, 9607790.0, 2, 0.0539204546143
3041792.0, 10461330.0, 2, 0.0538367560838
3180596.0, 9262160.0, 2, 0.0505480941631
3119642.0, 11366858.0, 2, 0.0500745890204
3121228.0, 10797460.0, 2, 0.0486053555324
3078634.0, 10790666.0, 2, 0.0454481205153
3334932.0, 9033524.0, 2, 0.0430206580417
3150098.0, 8953482.0, 2, 0.0394492134227
3002376.0, 9607790.0, 2, 0.0373053355141
3214020.0, 10500112.0, 2, 0.036093186304
2776722.0, 10795458.0, 2, 0.0316625738105
2737820.0, 11515610.0, 2, 0.0279578212358
3166456.0, 8020548.0, 2, 0.0216675049636
3113764.0, 10796680.0, 2, 0.0149245009156
3178926.0, 8000998.0, 2, 0.00792061923114
3379832.0, 15843640.0, 3, inf
7235526.0, 18349504.0, 3, inf
11573154.0, 2953076.0, 3, inf
9619878.0, 11459330.0, 3, 0.356757639386
3661334.0, 7992864.0, 3, 0.215881169311
8755492.0, 13493852.0, 3, 0.211923492243
4385004.0, 5469430.0, 3, 0.201264719016
5795058.0, 4985038.0, 3, 0.175655105103
5197164.0, 14953704.0, 3, 0.162969545811
6192582.0, 3252178.0, 3, 0.14781447407
3867478.0, 16306904.0, 3, 0.147729995844
8728116.0, 17379384.0, 3, 0.122059009076
8080734.0, 8914096.0, 3, 0.113831104983
7660326.0, 13366588.0, 3, 0.110493723401
7589810.0, 15631062.0, 3, 0.109648560707
5077126.0, 3758130.0, 3, 0.101530059889
4432982.0, 12715160.0, 3, 0.0960282347997
6604672.0, 9605966.0, 3, 0.0960084458826
4054476.0, 9034040.0, 3, 0.0924697225722
8234574.0, 3707510.0, 3, 0.0882564698074
6676982.0, 9601794.0, 3, 0.0865709377857
3494064.0, 17803414.0, 3, 0.0802588337149
5025714.0, 12117938.0, 3, 0.0798919046775
8551802.0, 9458548.0, 3, 0.0755475396337
5275056.0, 11001956.0, 3, 0.0712744506562
5345274.0, 8360542.0, 3, 0.0617618011129
5485776.0, 10279692.0, 3, 0.0576185700304
3636484.0, 11560106.0, 3, 0.0572872686087
3521162.0, 12077946.0, 3, 0.0536137096929
4719922.0, 10195600.0, 3, 0.050582935365
4384592.0, 11362104.0, 3, 0.0505129859767
4649114.0, 10483668.0, 3, 0.0497248955971
4507316.0, 11302720.0, 3, 0.0494807109632
4669792.0, 10169724.0, 3, 0.0469389649893
Generacion: 119
4868016.0, 2489370.0, 1, inf
2398982.0, 17552796.0, 1, inf
3843816.0, 3207366.0, 1, 0.538967498862
4857172.0, 2571960.0, 1, 0.462482956882
3472440.0, 4782792.0, 1, 0.413736686035
3390416.0, 7974360.0, 1, 0.275562088847
2669980.0, 12094682.0, 1, 0.275156974511
2662876.0, 15607762.0, 1, 0.273030215185
3709618.0, 3689500.0, 1, 0.254999649396
2769594.0, 10509192.0, 1, 0.106228847033
2466980.0, 16741298.0, 1, 0.103293021615
3029654.0, 8025666.0, 1, 0.0930914801083
3004136.0, 9030198.0, 1, 0.0796712008321
2807700.0, 9788770.0, 1, 0.0742443355031
2930040.0, 9610948.0, 1, 0.0738649019838
2589002.0, 16158518.0, 1, 0.0680172891572
2661416.0, 16155204.0, 1, 0.0664826695457
2466980.0, 16741298.0, 1, 0.0662287354151
2931800.0, 9033356.0, 1, 0.0659146004784
2671740.0, 11517034.0, 1, 0.0635719457074
2710608.0, 10796588.0, 1, 0.0622357750544
2872928.0, 9786840.0, 1, 0.0613546271634
3176174.0, 8000694.0, 1, 0.0571444228267
3250830.0, 7997796.0, 1, 0.0567246634633
2708848.0, 11374202.0, 1, 0.0533748197172
2589002.0, 16158518.0, 1, 0.049640950698
3111134.0, 8006310.0, 1, 0.0344488014179
3315760.0, 7977806.0, 1, 0.0317951320071
2997880.0, 9031936.0, 1, 0.0295069347897
3315642.0, 7997112.0, 1, 0.0276247896014
3094848.0, 8023446.0, 1, 0.0275422484793
2710608.0, 10796588.0, 1, 0.0197918888284
2807700.0, 9788770.0, 1, 0.0155616912293
3029654.0, 8025666.0, 1, 0.0104825929528
2708848.0, 11374202.0, 1, 0.0101948688676
3094848.0, 8023446.0, 1, 0.00674347878909
2708848.0, 11374202.0, 1, 0.0
2710608.0, 10796588.0, 1, 0.0
3029654.0, 8025666.0, 1, 0.0
3029654.0, 8025666.0, 1, 0.0
3094848.0, 8023446.0, 1, 0.0
3174352.0, 17701396.0, 2, inf
3907530.0, 3216554.0, 2, inf
2606680.0, 16746040.0, 2, inf
3869202.0, 5227024.0, 2, 0.577734402507
2876640.0, 13557660.0, 2, 0.328916394588
2688856.0, 14544364.0, 2, 0.294168427267
3585664.0, 9957712.0, 2, 0.226782375325
3178926.0, 8000998.0, 2, 0.225354788067
2735614.0, 12085032.0, 2, 0.198172988994
3217284.0, 8027618.0, 2, 0.156989958114
3041792.0, 10461330.0, 2, 0.147620389186
3337364.0, 10918698.0, 2, 0.146196995191
3585664.0, 9957712.0, 2, 0.131021138452
3433050.0, 8025034.0, 2, 0.119686881916
2703008.0, 16746486.0, 2, 0.101899759614
3216222.0, 8950104.0, 2, 0.0986225952956
3432360.0, 9621246.0, 2, 0.092295964887
2834788.0, 10506968.0, 2, 0.0898448067399
3119642.0, 11366858.0, 2, 0.0776138022653
3378564.0, 10085450.0, 2, 0.0735865495583
3112102.0, 11507954.0, 2, 0.0718788120081
3070250.0, 9029038.0, 2, 0.0715698992302
2788046.0, 11435048.0, 2, 0.0542797381437
3044046.0, 10201556.0, 2, 0.0478263514827
3078634.0, 10790666.0, 2, 0.0469974374479
3358534.0, 9759234.0, 2, 0.0403760845424
2776722.0, 10795458.0, 2, 0.0319317049501
3356258.0, 10475764.0, 2, 0.0194247167052
3113764.0, 10796680.0, 2, 0.0143044148162
3076874.0, 11368280.0, 2, 0.0111526966517
2776722.0, 10795458.0, 2, 0.00878944150387
5448372.0, 3219550.0, 3, inf
10964108.0, 12459364.0, 3, inf
3311176.0, 17809728.0, 3, inf
3512348.0, 8018080.0, 3, 0.362281895697
4188360.0, 4809798.0, 3, 0.274772208105
9619878.0, 11459330.0, 3, 0.231593301703
8282012.0, 12012724.0, 3, 0.229992652258
8826384.0, 17590232.0, 3, 0.224898597153
7208604.0, 13954462.0, 3, 0.187005531591
4322342.0, 9334522.0, 3, 0.148721082833
5069170.0, 13140950.0, 3, 0.146609467591
5951242.0, 14813802.0, 3, 0.139266342893
9528698.0, 14724642.0, 3, 0.121648832583
3933568.0, 3221218.0, 3, 0.117136038191
4683308.0, 4697398.0, 3, 0.114398766466
3840050.0, 11355072.0, 3, 0.112224429153
7590810.0, 10077658.0, 3, 0.104315448502
6574036.0, 10533816.0, 3, 0.103528727419
4550970.0, 16905202.0, 3, 0.0933410622035
3961314.0, 14551706.0, 3, 0.0860809505912
4395344.0, 15320894.0, 3, 0.0799458070439
6837892.0, 9998482.0, 3, 0.0779000199733
7529054.0, 16149270.0, 3, 0.0708134543649
5195588.0, 16128652.0, 3, 0.0704975519627
4460794.0, 12773636.0, 3, 0.067050873946
6718678.0, 10196574.0, 3, 0.059088843566
4692970.0, 10124588.0, 3, 0.0574002968819
6291786.0, 16587398.0, 3, 0.0561395740775
Generacion: 120
7121886.0, 2678700.0, 1, inf
2330402.0, 18094754.0, 1, inf
5630326.0, 2827868.0, 1, 0.388904655658
7024126.0, 2786582.0, 1, 0.320970100721
5031244.0, 2952154.0, 1, 0.302132698936
3843816.0, 3207366.0, 1, 0.300203384697
3472440.0, 4782792.0, 1, 0.26445294321
2620044.0, 15355660.0, 1, 0.260459060798
2671740.0, 11517034.0, 1, 0.256746425722
3390416.0, 7974360.0, 1, 0.222609831048
5179044.0, 2845616.0, 1, 0.133092690066
3644024.0, 4713494.0, 1, 0.120418960613
3709618.0, 3689500.0, 1, 0.103568056416
2769594.0, 10509192.0, 1, 0.0856380271382
3070250.0, 9029038.0, 1, 0.0790284118322
2428796.0, 17027890.0, 1, 0.0668312280007
3094848.0, 8023446.0, 1, 0.0665617104929
2491168.0, 16725824.0, 1, 0.0607996117801
2807700.0, 9788770.0, 1, 0.0603452517913
3750382.0, 3459078.0, 1, 0.0592824064633
2619644.0, 15364672.0, 1, 0.0585579227464
2581652.0, 16172952.0, 1, 0.0572179982828
2589002.0, 16158518.0, 1, 0.0530287314642
2931800.0, 9033356.0, 1, 0.0517174805395
2710608.0, 10796588.0, 1, 0.0497789341065
2369348.0, 17808138.0, 1, 0.0494683229867
2708848.0, 11374202.0, 1, 0.0452129165637
2930040.0, 9610948.0, 1, 0.0450933632377
2398982.0, 17552796.0, 1, 0.0402340326236
3250500.0, 7997292.0, 1, 0.0293398300248
2466980.0, 16741298.0, 1, 0.0236386130255
2893498.0, 9769524.0, 1, 0.0233291447153
2398982.0, 17552796.0, 1, 0.0227856719405
2671740.0, 11517034.0, 1, 0.0200542883159
3176174.0, 8000694.0, 1, 0.0190488433057
2710608.0, 10796588.0, 1, 0.0190099619221
3390416.0, 7974360.0, 1, 0.0173422379764
3166456.0, 8020548.0, 1, 0.0170565190248
3315760.0, 7977806.0, 1, 0.016833307432
3315642.0, 7997112.0, 1, 0.0148840044679
2872928.0, 9786840.0, 1, 0.0147365636017
3004136.0, 9030198.0, 1, 0.0139109699758
2997880.0, 9031936.0, 1, 0.0139038740531
3101228.0, 8022508.0, 1, 0.0136741646247
2930040.0, 9610948.0, 1, 0.0106537379493
2708848.0, 11374202.0, 1, 0.00963246493095
2466980.0, 16741298.0, 1, 0.00897289738887
2807700.0, 9788770.0, 1, 0.00807805386305
2589002.0, 16158518.0, 1, 0.00733139263449
3070250.0, 9029038.0, 1, 0.00520893759099
3094848.0, 8023446.0, 1, 0.0051945370187
2872928.0, 9786840.0, 1, 0.00441822738758
3101228.0, 8022508.0, 1, 0.00145866920883
2997880.0, 9031936.0, 1, 0.00139776154232
3004136.0, 9030198.0, 1, 0.00138089600721
3315760.0, 7977806.0, 1, 0.000248160233436
3094848.0, 8023446.0, 1, 0.0
3094848.0, 8023446.0, 1, 0.0
3094848.0, 8023446.0, 1, 0.0
2466980.0, 16741298.0, 1, 0.0
2710608.0, 10796588.0, 1, 0.0
2710608.0, 10796588.0, 1, 0.0
2930040.0, 9610948.0, 1, 0.0
2997880.0, 9031936.0, 1, 0.0
2997880.0, 9031936.0, 1, 0.0
3004136.0, 9030198.0, 1, 0.0
5051866.0, 3779856.0, 2, inf
2802498.0, 18091642.0, 2, inf
6302176.0, 3875376.0, 2, inf
2498570.0, 16747974.0, 2, inf
3869202.0, 5227024.0, 2, 0.359292966473
5567906.0, 9409412.0, 2, 0.352332094228
2869410.0, 14556476.0, 2, 0.269153637453
4278354.0, 8498084.0, 2, 0.239161743243
2818544.0, 11743746.0, 2, 0.220726555297
3438118.0, 8001336.0, 2, 0.209547014188
3655088.0, 4773524.0, 2, 0.197131546776
4639864.0, 8002422.0, 2, 0.160251986943
3115918.0, 15385940.0, 2, 0.153375342898
2563860.0, 17033084.0, 2, 0.153278529982
2724478.0, 16729434.0, 2, 0.151131904877
3472594.0, 5204368.0, 2, 0.0887304076715
4505128.0, 10636856.0, 2, 0.0821743383161
3192740.0, 9032462.0, 2, 0.0662486731833
3044046.0, 10201556.0, 2, 0.058272224929
3402792.0, 11117302.0, 2, 0.0509753997423
4574350.0, 10445036.0, 2, 0.0451717285549
3012842.0, 9763212.0, 2, 0.0443308533098
3289384.0, 10909976.0, 2, 0.0416624574933
3340704.0, 9603552.0, 2, 0.0322710960393
2957224.0, 10511140.0, 2, 0.029992589834
3180596.0, 9262160.0, 2, 0.0277982031925
4537088.0, 9636438.0, 2, 0.0277770258478
3236744.0, 11405470.0, 2, 0.0272762978809
2916114.0, 10484506.0, 2, 0.0262758792862
2860336.0, 11518982.0, 2, 0.0248817173763
3121228.0, 10797460.0, 2, 0.0239415917755
3413170.0, 9600134.0, 2, 0.0226951931348
3119642.0, 11366858.0, 2, 0.0215310568473
3082230.0, 11517916.0, 2, 0.0193862844582
Generacion: 121
2359984.0, 17839446.0, 1, inf
4697672.0, 2501894.0, 1, inf
2359984.0, 17839446.0, 1, inf
4521444.0, 2850944.0, 1, 0.412212517582
2571668.0, 14970754.0, 1, 0.390425194108
3750382.0, 3459078.0, 1, 0.332016577717
3472594.0, 5204368.0, 1, 0.305910178835
3315760.0, 7977806.0, 1, 0.249225221762
2671740.0, 11517034.0, 1, 0.241054458163
3610668.0, 3492468.0, 1, 0.174628007147
3573930.0, 4979744.0, 1, 0.170679284
2552778.0, 16724692.0, 1, 0.16022120861
3750382.0, 3459078.0, 1, 0.0994158924684
4619316.0, 2837816.0, 1, 0.0981434637083
3029654.0, 8025666.0, 1, 0.0933831751648
2466980.0, 16741298.0, 1, 0.089611300541
3004136.0, 9030198.0, 1, 0.079200315421
2398982.0, 17552796.0, 1, 0.0695915203137
2931800.0, 9033356.0, 1, 0.0659259276726
2930040.0, 9610948.0, 1, 0.064382315458
2708848.0, 11374202.0, 1, 0.063599369223
2851074.0, 10490116.0, 1, 0.0632672169934
2710608.0, 10796588.0, 1, 0.0628927398184
2872928.0, 9786840.0, 1, 0.0546525027654
2671740.0, 11517034.0, 1, 0.0521206761037
2398982.0, 17552796.0, 1, 0.0477771372031
2769594.0, 10509192.0, 1, 0.0466263002737
2834788.0, 10506968.0, 1, 0.0360986954679
2893498.0, 9769524.0, 1, 0.035899038425
3111134.0, 8006310.0, 1, 0.0334821422537
3250500.0, 7997292.0, 1, 0.030856652155
3094848.0, 8023446.0, 1, 0.0308233304277
2466980.0, 16741298.0, 1, 0.0301704161306
3176174.0, 8000694.0, 1, 0.0293948414574
3244034.0, 8000558.0, 1, 0.0292416227429
3315642.0, 7997112.0, 1, 0.0291869478572
2997880.0, 9031936.0, 1, 0.0283805618932
3176174.0, 8000694.0, 1, 0.0278312283646
2769594.0, 10509192.0, 1, 0.0253776265852
2710608.0, 10796588.0, 1, 0.0194909426041
3029654.0, 8025666.0, 1, 0.0110606562864
2872928.0, 9786840.0, 1, 0.0104775466565
3101228.0, 8022508.0, 1, 0.00429867723498
3101228.0, 8022508.0, 1, 0.00378529300065
3244034.0, 8000558.0, 1, 0.00277484787239
2997880.0, 9031936.0, 1, 0.00276873162281
2931800.0, 9033356.0, 1, 0.000845463847122
3029654.0, 8025666.0, 1, 0.0
2710608.0, 10796588.0, 1, 0.0
2710608.0, 10796588.0, 1, 0.0
2872928.0, 9786840.0, 1, 0.0
2503966.0, 18200964.0, 2, inf
8898320.0, 2694402.0, 2, inf
7024126.0, 2786582.0, 2, 0.656777530858
4821558.0, 2992454.0, 2, 0.454717645567
3757022.0, 5420602.0, 2, 0.236899774156
4394674.0, 4814032.0, 2, 0.193196131794
2688904.0, 16852264.0, 2, 0.191493231914
3166456.0, 8020548.0, 2, 0.176271308979
3594060.0, 13837008.0, 2, 0.162447916556
3038580.0, 12981578.0, 2, 0.147671308092
3786628.0, 3461164.0, 2, 0.126085278222
2692510.0, 15352242.0, 2, 0.125267128758
4269746.0, 11509328.0, 2, 0.0901756822197
4013016.0, 9844314.0, 2, 0.0831230150396
3308066.0, 11956558.0, 2, 0.0816523749019
3812102.0, 14544088.0, 2, 0.0814484781846
3070250.0, 9029038.0, 2, 0.0812694019955
2899212.0, 10798832.0, 2, 0.0780236156304
3166456.0, 8020548.0, 2, 0.067245786668
4384418.0, 11370320.0, 2, 0.0652815359531
3180584.0, 10505074.0, 2, 0.0635494870289
3362596.0, 14986166.0, 2, 0.0632525988749
2642746.0, 14985810.0, 2, 0.0569858091815
4045036.0, 9603698.0, 2, 0.0515926373558
2776722.0, 10795458.0, 2, 0.0469090918104
2720394.0, 14550994.0, 2, 0.0416558769886
3220494.0, 11945620.0, 2, 0.0390356440561
3111440.0, 9321104.0, 2, 0.0367293127114
3245782.0, 9780996.0, 2, 0.0292122504279
3068044.0, 9598402.0, 2, 0.0231675471187
4394196.0, 9175520.0, 2, 0.0166376793691
3180596.0, 9262160.0, 2, 0.0100407964088
3340704.0, 9603552.0, 2, 0.00886936847979
3180596.0, 9262160.0, 2, 0.00558918865934
3166456.0, 8020548.0, 2, 0.0
12960104.0, 15394424.0, 3, inf
3454426.0, 15406678.0, 3, inf
9149436.0, 18443526.0, 3, inf
7267352.0, 3498242.0, 3, inf
11709620.0, 16046050.0, 3, 0.320959098724
11108444.0, 17611894.0, 3, 0.228413516816
8883220.0, 13986484.0, 3, 0.221990966807
4879012.0, 5790518.0, 3, 0.209133538876
8261912.0, 11398264.0, 3, 0.208519279558
4857786.0, 8020824.0, 3, 0.197509056857
6398004.0, 12675918.0, 3, 0.196696184306
7737220.0, 8938958.0, 3, 0.178775528926
4385004.0, 5469430.0, 3, 0.167177267719
10275554.0, 10644244.0, 3, 0.138632977396
Generacion: 122
2367888.0, 18355602.0, 1, inf
5444418.0, 2486294.0, 1, inf
3750382.0, 3459078.0, 1, 0.540873858645
4707102.0, 3167556.0, 1, 0.440082818326
2669980.0, 12094682.0, 1, 0.395761035561
3621896.0, 7107434.0, 1, 0.358740311644
2466980.0, 16741298.0, 1, 0.298609797661
4977938.0, 2807228.0, 1, 0.214615168548
5236474.0, 2492360.0, 1, 0.171848936285
3495802.0, 7838868.0, 1, 0.137284320195
2398982.0, 17552796.0, 1, 0.111035208578
2671740.0, 11517034.0, 1, 0.0950048169655
3029654.0, 8025666.0, 1, 0.0844910598167
2466980.0, 16741298.0, 1, 0.0830775585033
3368298.0, 7977936.0, 1, 0.075109009458
3004136.0, 9030198.0, 1, 0.0737376916662
2807700.0, 9788770.0, 1, 0.0665989991332
2710608.0, 10796588.0, 1, 0.0645716022933
2769594.0, 10509192.0, 1, 0.06457008994
3750382.0, 3459078.0, 1, 0.0601334624596
2931800.0, 9033356.0, 1, 0.0585370960407
2930040.0, 9610948.0, 1, 0.0482744655185
3176174.0, 8000694.0, 1, 0.0435604792162
3292406.0, 7981642.0, 1, 0.0418164789407
2449122.0, 17012570.0, 1, 0.039846781656
2449122.0, 17012570.0, 1, 0.0333917111363
2710608.0, 10796588.0, 1, 0.0307438924222
2769594.0, 10509192.0, 1, 0.0304962107809
2893498.0, 9769524.0, 1, 0.0296475566497
2872928.0, 9786840.0, 1, 0.0291006939817
2997880.0, 9031936.0, 1, 0.0237112041697
3244034.0, 8000558.0, 1, 0.0232493042656
3111134.0, 8006310.0, 1, 0.0221614131589
3094848.0, 8023446.0, 1, 0.0212498649266
3244034.0, 8000558.0, 1, 0.0157314786035
2807700.0, 9788770.0, 1, 0.0125076507252
2930040.0, 9610948.0, 1, 0.0105646953189
3029654.0, 8025666.0, 1, 0.0084343022892
3111134.0, 8006310.0, 1, 0.00357375200473
3101228.0, 8022508.0, 1, 0.00327896914463
3101228.0, 8022508.0, 1, 0.00309447735781
3094848.0, 8023446.0, 1, 0.00221365760184
3101228.0, 8022508.0, 1, 0.0
3244034.0, 8000558.0, 1, 0.0
2710608.0, 10796588.0, 1, 0.0
3101228.0, 8022508.0, 1, 0.0
2510276.0, 17011454.0, 2, inf
2618626.0, 17896408.0, 2, inf
8260170.0, 3613688.0, 2, inf
5622600.0, 2831396.0, 2, inf
3038580.0, 12981578.0, 2, 0.274695122728
3970102.0, 4978094.0, 2, 0.247932405642
3178926.0, 8000998.0, 2, 0.213401489237
3832576.0, 4722762.0, 2, 0.207797625861
4785056.0, 8020554.0, 2, 0.184168283789
3288832.0, 9875102.0, 2, 0.141396468169
4361114.0, 9596020.0, 2, 0.125252351919
4006950.0, 3488428.0, 2, 0.119931078842
4573812.0, 3632582.0, 2, 0.111523890041
3179578.0, 12093078.0, 2, 0.103082329295
3288592.0, 8945014.0, 2, 0.0980364946072
3030758.0, 17547842.0, 2, 0.0913526765108
2851074.0, 10490116.0, 2, 0.0789007323297
3207660.0, 12912700.0, 2, 0.0649677395165
3217284.0, 8027618.0, 2, 0.0621995018562
2815636.0, 11083852.0, 2, 0.0533358045644
2788046.0, 11435048.0, 2, 0.0484777038464
2776722.0, 10795458.0, 2, 0.0471002270682
4567108.0, 9785242.0, 2, 0.0429962802033
2618626.0, 17896408.0, 2, 0.0419812781718
3113764.0, 10796680.0, 2, 0.0308802090843
3111440.0, 9321104.0, 2, 0.0295279603839
3045846.0, 9321344.0, 2, 0.0267767985036
2788046.0, 11435048.0, 2, 0.0252814568341
3087616.0, 9740630.0, 2, 0.0239283968102
3214020.0, 10500112.0, 2, 0.0219420578573
3218820.0, 9784642.0, 2, 0.012174311949
3218820.0, 9784642.0, 2, 0.00318860664661
2776722.0, 10795458.0, 2, 0.00205054271331
10944208.0, 3739510.0, 3, inf
7479684.0, 18009794.0, 3, inf
2860336.0, 11518982.0, 3, inf
12360124.0, 4138690.0, 3, inf
6500156.0, 6007324.0, 3, 0.287549550521
4269746.0, 11509328.0, 3, 0.178607241803
4966262.0, 7995886.0, 3, 0.174156592839
4403338.0, 12992996.0, 3, 0.161327590866
3594060.0, 13837008.0, 3, 0.154912954539
9263130.0, 15879148.0, 3, 0.152605439962
4616288.0, 10185878.0, 3, 0.151034216166
5513934.0, 11639512.0, 3, 0.148614401846
9157834.0, 16844144.0, 3, 0.146896201831
6451524.0, 9176996.0, 3, 0.141698707396
10205784.0, 14662844.0, 3, 0.133656067502
5251872.0, 17673752.0, 3, 0.122169473805
4923082.0, 7998690.0, 3, 0.119607288937
9884774.0, 4721732.0, 3, 0.10066902696
8045108.0, 9236122.0, 3, 0.0986086498273
11159376.0, 3871208.0, 3, 0.0935555055226
3325920.0, 14278902.0, 3, 0.0906105346423
Generacion: 123
2359984.0, 17839446.0, 1, inf
7742540.0, 2438542.0, 1, inf
5769518.0, 2469228.0, 1, 0.469084795683
2482346.0, 15789686.0, 1, 0.339425025035
3536086.0, 7498554.0, 1, 0.336275852276
2669980.0, 12094682.0, 1, 0.312615278449
3610668.0, 3492468.0, 1, 0.302101295062
4899992.0, 2978712.0, 1, 0.274197547933
3843816.0, 3207366.0, 1, 0.244771451923
2466980.0, 16741298.0, 1, 0.155826551793
5236474.0, 2492360.0, 1, 0.120750096614
5186708.0, 2826842.0, 1, 0.0940928679377
3368298.0, 7977936.0, 1, 0.085412791934
3029654.0, 8025666.0, 1, 0.0785229217978
2807700.0, 9788770.0, 1, 0.0775572921247
3004136.0, 9030198.0, 1, 0.0712415157585
2710608.0, 10796588.0, 1, 0.0657658681247
3750382.0, 3459078.0, 1, 0.0618275108036
2931800.0, 9033356.0, 1, 0.0600770062526
2710608.0, 10796588.0, 1, 0.0555434712873
2671740.0, 11517034.0, 1, 0.0540027740598
2708848.0, 11374202.0, 1, 0.0540005663972
2893498.0, 9769524.0, 1, 0.0516219153999
3176174.0, 8000694.0, 1, 0.0250643563412
3250830.0, 7997796.0, 1, 0.024555304384
2807700.0, 9788770.0, 1, 0.0181635876129
2872928.0, 9786840.0, 1, 0.0171896775593
3111134.0, 8006310.0, 1, 0.0153402785013
3101228.0, 8022508.0, 1, 0.0143491564137
3244034.0, 8000558.0, 1, 0.0140581611635
2997880.0, 9031936.0, 1, 0.0136440212991
5236474.0, 2492360.0, 1, 0.0107477830159
2893498.0, 9769524.0, 1, 0.00824029970101
2931800.0, 9033356.0, 1, 0.00720815249719
3029654.0, 8025666.0, 1, 0.00494592322077
3101228.0, 8022508.0, 1, 0.00204544248262
2807700.0, 9788770.0, 1, 0.0
2807700.0, 9788770.0, 1, 0.0
2931800.0, 9033356.0, 1, 0.0
2931800.0, 9033356.0, 1, 0.0
3029654.0, 8025666.0, 1, 0.0
3029654.0, 8025666.0, 1, 0.0
3101228.0, 8022508.0, 1, 0.0
3101228.0, 8022508.0, 1, 0.0
5236474.0, 2492360.0, 1, 0.0
2710608.0, 10796588.0, 1, 0.0
2710608.0, 10796588.0, 1, 0.0
2710608.0, 10796588.0, 1, 0.0
2710608.0, 10796588.0, 1, 0.0
13042782.0, 3081262.0, 2, inf
3108830.0, 18724834.0, 2, inf
2545212.0, 18539842.0, 2, inf
5359180.0, 2804312.0, 2, inf
9463900.0, 3237964.0, 2, 0.739979177976
5486066.0, 2830252.0, 2, 0.407695810455
3832576.0, 4722762.0, 2, 0.320395313329
3357650.0, 15614258.0, 2, 0.219896973934
3178926.0, 8000998.0, 2, 0.208986584371
3061516.0, 12785266.0, 2, 0.207224296126
3398626.0, 14562046.0, 2, 0.18476602689
2618626.0, 17896408.0, 2, 0.150339858478
4322438.0, 9599316.0, 2, 0.119898125063
3978912.0, 3401668.0, 2, 0.106783991425
5314408.0, 2815714.0, 2, 0.100389532823
2788046.0, 11435048.0, 2, 0.0889394348398
3166456.0, 8020548.0, 2, 0.083819274271
3187462.0, 9260788.0, 2, 0.0813722848174
3288832.0, 9875102.0, 2, 0.056652538791
2618626.0, 17896408.0, 2, 0.0552654867698
2970066.0, 10483792.0, 2, 0.0520779496244
3512348.0, 8018080.0, 2, 0.0393981418119
2815636.0, 11083852.0, 2, 0.0380737850445
2774516.0, 11364856.0, 2, 0.0379858698434
3843044.0, 10845772.0, 2, 0.0372468871242
4080058.0, 9597734.0, 2, 0.0335512888407
4151456.0, 9262814.0, 2, 0.0266600158282
3118436.0, 9317638.0, 2, 0.0264868313368
2845458.0, 10712794.0, 2, 0.0250874285397
3431882.0, 9742852.0, 2, 0.0228741106213
3214020.0, 10500112.0, 2, 0.0204855857638
2854170.0, 11431666.0, 2, 0.0157440953794
2995338.0, 9791014.0, 2, 0.0118836720788
3984980.0, 9793354.0, 2, 0.0101796367471
3109246.0, 9799682.0, 2, 0.00604982517583
3214020.0, 10500112.0, 2, 0.00315778768891
2851074.0, 10490116.0, 2, 0.00185499836621
3970102.0, 4978094.0, 3, inf
4146950.0, 3455038.0, 3, inf
5786136.0, 15859822.0, 3, inf
12118006.0, 11183102.0, 3, inf
9152436.0, 12195700.0, 3, 0.572882545477
10366254.0, 3792842.0, 3, 0.357031577757
4785056.0, 8020554.0, 3, 0.355603187827
5362742.0, 15510314.0, 3, 0.312630567161
7679132.0, 3769434.0, 3, 0.284085138856
6938684.0, 9561172.0, 3, 0.273204381465
5346288.0, 8119438.0, 3, 0.195095423376
6530122.0, 10485018.0, 3, 0.184727068538
9526104.0, 3627392.0, 3, 0.174317774467
4512214.0, 11215754.0, 3, 0.159944991496
Generacion: 124
7025754.0, 2417478.0, 1, inf
2367888.0, 18355602.0, 1, inf
2620044.0, 15355660.0, 1, 0.318618562085
3723410.0, 6366680.0, 1, 0.29877894259
5784834.0, 2442338.0, 1, 0.289938135616
6569386.0, 2432202.0, 1, 0.267973629095
2671740.0, 11517034.0, 1, 0.248812273311
2566060.0, 16233604.0, 1, 0.242359805797
3750382.0, 3459078.0, 1, 0.235533529832
5153920.0, 2822644.0, 1, 0.232752480102
4359356.0, 3200706.0, 1, 0.219663041792
3671438.0, 7950926.0, 1, 0.172360768204
5236474.0, 2492360.0, 1, 0.159312701953
3969316.0, 3454150.0, 1, 0.121594909899
4244654.0, 3212366.0, 1, 0.0996396637776
2776722.0, 10795458.0, 1, 0.0840779022223
3390416.0, 7974360.0, 1, 0.0780472418974
2807700.0, 9788770.0, 1, 0.0771661020755
3029654.0, 8025666.0, 1, 0.0770235294604
3004136.0, 9030198.0, 1, 0.0699576166512
2930040.0, 9610948.0, 1, 0.054412203874
2708848.0, 11374202.0, 1, 0.0535472789387
2710608.0, 10796588.0, 1, 0.0504350817878
2931800.0, 9033356.0, 1, 0.0504264019696
3315760.0, 7977806.0, 1, 0.0330705696769
3244034.0, 8000558.0, 1, 0.0308320995426
2893498.0, 9769524.0, 1, 0.0232973376752
2671740.0, 11517034.0, 1, 0.0200603017121
2872928.0, 9786840.0, 1, 0.0196275681246
3166456.0, 8020548.0, 1, 0.0180306236854
3178926.0, 8000998.0, 1, 0.0179094919995
2997880.0, 9031936.0, 1, 0.015727999785
3094848.0, 8023446.0, 1, 0.0155644055554
3101228.0, 8022508.0, 1, 0.0140626904067
2807700.0, 9788770.0, 1, 0.0067717783972
3029654.0, 8025666.0, 1, 0.00561776314145
3101228.0, 8022508.0, 1, 0.00149270154194
2931800.0, 9033356.0, 1, 0.000466949989423
2710608.0, 10796588.0, 1, 0.000448754623393
3029654.0, 8025666.0, 1, 0.0
3029654.0, 8025666.0, 1, 0.0
3029654.0, 8025666.0, 1, 0.0
3101228.0, 8022508.0, 1, 0.0
2710608.0, 10796588.0, 1, 0.0
2710608.0, 10796588.0, 1, 0.0
2807700.0, 9788770.0, 1, 0.0
2667712.0, 16498228.0, 2, inf
2655966.0, 16071856.0, 2, inf
8374728.0, 2442336.0, 2, inf
7760538.0, 2462390.0, 2, 0.480914861066
5770040.0, 2800076.0, 2, 0.430914954893
3061516.0, 12785266.0, 2, 0.327685284557
3754292.0, 4970566.0, 2, 0.293904396857
3335572.0, 15996882.0, 2, 0.247689578156
5453108.0, 2847954.0, 2, 0.232921604976
3368298.0, 7977936.0, 2, 0.22666326003
4607982.0, 8129604.0, 2, 0.208413128144
3867100.0, 4130956.0, 2, 0.148658705794
4382982.0, 8775030.0, 2, 0.132869312156
2813836.0, 11964086.0, 2, 0.112985063651
4146950.0, 3455038.0, 2, 0.108272190416
3118436.0, 9317638.0, 2, 0.0878090055921
4288848.0, 10571246.0, 2, 0.085386711549
4565334.0, 3217826.0, 2, 0.0825348929267
3288832.0, 9875102.0, 2, 0.0751853761479
3582262.0, 7999832.0, 2, 0.0576847487402
3224656.0, 11560736.0, 2, 0.0547770758621
2845458.0, 10712794.0, 2, 0.0531476457726
3751508.0, 11370000.0, 2, 0.0499527352909
3987830.0, 10713946.0, 2, 0.0493718170627
2815636.0, 11083852.0, 2, 0.0467459705986
3431882.0, 9742852.0, 2, 0.0413701456507
3368132.0, 16205236.0, 2, 0.0360566079268
3078634.0, 10790666.0, 2, 0.0359155540358
4235498.0, 9787064.0, 2, 0.0342215786526
3431882.0, 9742852.0, 2, 0.0294413436007
2667712.0, 16498228.0, 2, 0.0228987227212
3187026.0, 8003152.0, 2, 0.0185972026715
3751508.0, 11370000.0, 2, 0.0140566440306
3213484.0, 10718928.0, 2, 0.0107492145601
3217284.0, 8027618.0, 2, 0.00854483746074
3217284.0, 8027618.0, 2, 0.00240510184676
4611570.0, 4547432.0, 3, inf
12748644.0, 3064240.0, 3, inf
6677074.0, 16908424.0, 3, inf
5431752.0, 12546482.0, 3, 0.360837353222
10762870.0, 11607386.0, 3, 0.300656810669
4657266.0, 5887924.0, 3, 0.255022777697
12119026.0, 11760716.0, 3, 0.251082971051
8251466.0, 8091806.0, 3, 0.203142791708
9836480.0, 8488172.0, 3, 0.19347229306
6152602.0, 10229106.0, 3, 0.126245928761
5200324.0, 4674450.0, 3, 0.115321203551
7470334.0, 10482574.0, 3, 0.112727067228
8478518.0, 8900512.0, 3, 0.10212876041
5572772.0, 3157842.0, 3, 0.100127330149
7070166.0, 3578654.0, 3, 0.0961878369077
6233372.0, 8225836.0, 3, 0.0841873319634
8058266.0, 4341408.0, 3, 0.0841242403238
9585120.0, 11652676.0, 3, 0.0813920147782
Generacion: 125
2446948.0, 17988648.0, 1, inf
5894434.0, 2423296.0, 1, inf
3472440.0, 4782792.0, 1, 0.383560346171
4544500.0, 2497306.0, 1, 0.364539319772
3315642.0, 7997112.0, 1, 0.270893716737
5450676.0, 2453818.0, 1, 0.263588784228
2642746.0, 14985810.0, 1, 0.248977130696
2669980.0, 12094682.0, 1, 0.231262583222
3809080.0, 4254726.0, 1, 0.189351084152
3969316.0, 3454150.0, 1, 0.13553470175
5784834.0, 2442338.0, 1, 0.130680198101
4244654.0, 3212366.0, 1, 0.129420089551
2523338.0, 15619968.0, 1, 0.100419126272
5450676.0, 2453818.0, 1, 0.0997219199588
3839394.0, 3492268.0, 1, 0.0979122953341
2466980.0, 16741298.0, 1, 0.0939571873109
2776722.0, 10795458.0, 1, 0.0929106549062
2491168.0, 16725824.0, 1, 0.0883876957568
2807700.0, 9788770.0, 1, 0.083595380641
3029654.0, 8025666.0, 1, 0.0834470056134
4359356.0, 3200706.0, 1, 0.0784613130885
2590462.0, 15611076.0, 1, 0.0753778958582
3004136.0, 9030198.0, 1, 0.0663510696183
2930040.0, 9610948.0, 1, 0.0654845629215
2671740.0, 11517034.0, 1, 0.0575617234251
2710608.0, 10796588.0, 1, 0.056286411197
2931800.0, 9033356.0, 1, 0.0562751355424
4359356.0, 3200706.0, 1, 0.0544531611193
2708848.0, 11374202.0, 1, 0.0478727439624
2872928.0, 9786840.0, 1, 0.0469109482286
3176174.0, 8000694.0, 1, 0.0389193689278
3111134.0, 8006310.0, 1, 0.0231407655893
2997880.0, 9031936.0, 1, 0.0211851327069
3094848.0, 8023446.0, 1, 0.0209641020776
3244034.0, 8000558.0, 1, 0.0198937337972
3250500.0, 7997292.0, 1, 0.0191053332062
2708848.0, 11374202.0, 1, 0.00968679512405
2807700.0, 9788770.0, 1, 0.00910967160057
3029654.0, 8025666.0, 1, 0.00754453994766
3004136.0, 9030198.0, 1, 0.00751357373501
3101228.0, 8022508.0, 1, 0.00293366022927
3101228.0, 8022508.0, 1, 0.00289126853566
3250500.0, 7997292.0, 1, 0.00188713376378
3244034.0, 8000558.0, 1, 0.00188430697258
2931800.0, 9033356.0, 1, 0.000601745200343
2710608.0, 10796588.0, 1, 0.00058311407655
2710608.0, 10796588.0, 1, 0.0
2807700.0, 9788770.0, 1, 0.0
2807700.0, 9788770.0, 1, 0.0
2931800.0, 9033356.0, 1, 0.0
2931800.0, 9033356.0, 1, 0.0
3029654.0, 8025666.0, 1, 0.0
3029654.0, 8025666.0, 1, 0.0
3029654.0, 8025666.0, 1, 0.0
3101228.0, 8022508.0, 1, 0.0
3244034.0, 8000558.0, 1, 0.0
2710608.0, 10796588.0, 1, 0.0
3792886.0, 18058948.0, 2, inf
2622040.0, 15617306.0, 2, inf
7494002.0, 2448310.0, 2, inf
5153920.0, 2822644.0, 2, 0.339184298781
6535894.0, 3258102.0, 2, 0.312170263296
3472594.0, 5204368.0, 2, 0.215785650765
3178926.0, 8000998.0, 2, 0.211080831689
7216728.0, 3229790.0, 2, 0.210907873841
3663632.0, 17548702.0, 2, 0.166859289572
6602370.0, 2455106.0, 2, 0.163724759954
4148638.0, 5038576.0, 2, 0.159846420614
3302912.0, 16168136.0, 2, 0.129223109182
4438036.0, 3464314.0, 2, 0.115915675018
5125174.0, 8276004.0, 2, 0.108474541649
2720394.0, 14550994.0, 2, 0.104729236651
3315662.0, 10480118.0, 2, 0.101241261273
2742406.0, 13305900.0, 2, 0.0981485262253
4605922.0, 9605592.0, 2, 0.0952345508363
2842940.0, 12509178.0, 2, 0.0920195051058
3400706.0, 14555116.0, 2, 0.0900758065888
3750280.0, 11232878.0, 2, 0.0877019211984
4859586.0, 3461874.0, 2, 0.0827500717107
4247036.0, 9856300.0, 2, 0.0807956078265
4011328.0, 9074186.0, 2, 0.072418491941
3963684.0, 11864892.0, 2, 0.0700860657568
4786376.0, 9635642.0, 2, 0.0638638116338
4382982.0, 8775030.0, 2, 0.0634089948723
3975756.0, 13235602.0, 2, 0.0608163421032
2879070.0, 11562514.0, 2, 0.0600076080574
3040370.0, 12070654.0, 2, 0.0537107406053
3527456.0, 9794188.0, 2, 0.052993729974
4345862.0, 12090776.0, 2, 0.0521247953606
3070250.0, 9029038.0, 2, 0.0476030650484
2788046.0, 11435048.0, 2, 0.0414610168267
4489626.0, 11557982.0, 2, 0.0388973218113
3288866.0, 8024772.0, 2, 0.0334400315052
3224656.0, 11560736.0, 2, 0.0228561722994
3366536.0, 8004730.0, 2, 0.018978737008
4455642.0, 9610018.0, 2, 0.012514132422
4364126.0, 9850788.0, 2, 0.0115979322544
10283562.0, 10741996.0, 3, inf
2625926.0, 16226660.0, 3, inf
6426780.0, 17971226.0, 3, inf
Generacion: 126
2330402.0, 18094754.0, 1, inf
5450676.0, 2453818.0, 1, inf
4544500.0, 2497306.0, 1, 0.50380335901
2582578.0, 16437708.0, 1, 0.353397609274
2669980.0, 12094682.0, 1, 0.343177326511
3109740.0, 3943170.0, 1, 0.300248217974
5350206.0, 2496154.0, 1, 0.293195917464
3101228.0, 8022508.0, 1, 0.265644257797
3656514.0, 3494554.0, 1, 0.22613287198
3149268.0, 3567154.0, 1, 0.203914858838
3969316.0, 3454150.0, 1, 0.186472440253
3969316.0, 3454150.0, 1, 0.102945672419
3838982.0, 3487540.0, 1, 0.102831468792
2398982.0, 17552796.0, 1, 0.099497754017
2807700.0, 9788770.0, 1, 0.0953183313723
3029654.0, 8025666.0, 1, 0.0851182230565
2466980.0, 16741298.0, 1, 0.0824164836317
3004136.0, 9030198.0, 1, 0.0662294972587
2776722.0, 10795458.0, 1, 0.0650693777364
2930040.0, 9610948.0, 1, 0.0593419524716
2774516.0, 11364856.0, 1, 0.058754454494
2671740.0, 11517034.0, 1, 0.0585203377708
2931800.0, 9033356.0, 1, 0.0581058521053
2491168.0, 16725824.0, 1, 0.0564573512055
2776722.0, 10795458.0, 1, 0.0463323173389
2369348.0, 17808138.0, 1, 0.0308251696835
2359984.0, 17839446.0, 1, 0.0308063306975
2708848.0, 11374202.0, 1, 0.0301775219668
2893498.0, 9769524.0, 1, 0.0295491393292
2997880.0, 9031936.0, 1, 0.0233844855538
2872928.0, 9786840.0, 1, 0.0220116692755
3094848.0, 8023446.0, 1, 0.0209536487625
2708848.0, 11374202.0, 1, 0.0124900799063
3029654.0, 8025666.0, 1, 0.00832006318614
3004136.0, 9030198.0, 1, 0.00828924661608
2872928.0, 9786840.0, 1, 0.00671576392247
3094848.0, 8023446.0, 1, 0.00218662746863
2931800.0, 9033356.0, 1, 0.000654840434238
2931800.0, 9033356.0, 1, 0.0
3029654.0, 8025666.0, 1, 0.0
3029654.0, 8025666.0, 1, 0.0
3094848.0, 8023446.0, 1, 0.0
2642944.0, 17191386.0, 2, inf
5910016.0, 2457174.0, 2, inf
5143148.0, 2836164.0, 2, 0.336605259143
4051566.0, 4774212.0, 2, 0.275036601983
3315642.0, 7997112.0, 2, 0.22209357044
4859586.0, 3461874.0, 2, 0.189255145845
2816866.0, 13564050.0, 2, 0.161105485118
2965492.0, 15612206.0, 2, 0.144506887459
3409760.0, 12046162.0, 2, 0.141382043284
3636216.0, 11229316.0, 2, 0.140962022379
2902806.0, 12502284.0, 2, 0.128798811313
3216222.0, 8950104.0, 2, 0.124236391744
3830836.0, 11436636.0, 2, 0.114204976972
5023318.0, 3718340.0, 2, 0.113150542535
4600616.0, 2501192.0, 2, 0.109059999857
4452946.0, 3850218.0, 2, 0.107133141489
3023966.0, 14984218.0, 2, 0.106860728563
3963684.0, 11864892.0, 2, 0.10341368774
4137276.0, 9542492.0, 2, 0.101526221671
2760508.0, 14541050.0, 2, 0.0907279343924
4375136.0, 4339958.0, 2, 0.0783998496594
3178926.0, 8000998.0, 2, 0.0762990753274
4587314.0, 4362562.0, 2, 0.0746719893266
3304672.0, 15608612.0, 2, 0.0625600325867
2851074.0, 10490116.0, 2, 0.0613670237773
3243014.0, 9812376.0, 2, 0.0580039715536
3078634.0, 10790666.0, 2, 0.0569897866309
3082230.0, 11517916.0, 2, 0.0541866251401
2881264.0, 11083902.0, 2, 0.0456052107374
4310412.0, 11261850.0, 2, 0.0450512997337
2688856.0, 14544364.0, 2, 0.0448396835095
4056346.0, 9790064.0, 2, 0.0445513260555
4201792.0, 11467718.0, 2, 0.0440455597725
4273920.0, 11469360.0, 2, 0.0359039764351
3178218.0, 11506868.0, 2, 0.0327360969352
3315642.0, 7997112.0, 2, 0.0288202745682
2834788.0, 10506968.0, 2, 0.0242392637402
2737820.0, 11515610.0, 2, 0.0226813839456
3250500.0, 7997292.0, 2, 0.0191362961488
2688856.0, 14544364.0, 2, 0.0142778688775
2834788.0, 10506968.0, 2, 0.00662937855775
3315642.0, 7997112.0, 2, 0.0
3997346.0, 18759980.0, 3, inf
3646598.0, 16754626.0, 3, inf
11054292.0, 2848808.0, 3, inf
7323322.0, 6818924.0, 3, 0.281005340798
5189140.0, 8444358.0, 3, 0.246840190915
6183200.0, 14733578.0, 3, 0.238230759664
6863742.0, 12634686.0, 3, 0.223753846495
8162478.0, 9736152.0, 3, 0.217081222436
10315834.0, 12178432.0, 3, 0.203262952006
4384592.0, 11362104.0, 3, 0.167523035448
4940764.0, 6004084.0, 3, 0.161281295441
6690754.0, 15881624.0, 3, 0.152246137398
8892344.0, 11594760.0, 3, 0.149898486223
10032736.0, 3778984.0, 3, 0.146849176396
7809236.0, 8937252.0, 3, 0.146597691001
3739156.0, 17861982.0, 3, 0.141854519463
Generacion: 127
5553966.0, 2467816.0, 1, inf
2359984.0, 17839446.0, 1, inf
4226520.0, 2913560.0, 1, 0.482540276383
2669980.0, 12094682.0, 1, 0.395392433825
2491168.0, 16725824.0, 1, 0.365842210743
5236474.0, 2492360.0, 1, 0.362528380707
3094848.0, 8023446.0, 1, 0.285853497707
3109740.0, 3943170.0, 1, 0.277817760499
3656514.0, 3494554.0, 1, 0.224386037023
3149268.0, 3567154.0, 1, 0.183274729665
3843816.0, 3207366.0, 1, 0.15540900037
5296846.0, 2492050.0, 1, 0.100999897826
2845458.0, 10712794.0, 1, 0.0957365741531
3029654.0, 8025666.0, 1, 0.0938950718102
3004136.0, 9030198.0, 1, 0.0879973300737
2466980.0, 16741298.0, 1, 0.082660993058
3796504.0, 3232918.0, 1, 0.0773251482873
2872928.0, 9786840.0, 1, 0.0666780904306
2398982.0, 17552796.0, 1, 0.0650017661526
2931800.0, 9033356.0, 1, 0.0602227869706
2930040.0, 9610948.0, 1, 0.0598832700061
2671740.0, 11517034.0, 1, 0.0590398968466
2708848.0, 11374202.0, 1, 0.0590376849797
2710608.0, 10796588.0, 1, 0.0582761796487
2398982.0, 17552796.0, 1, 0.039937402237
2893498.0, 9769524.0, 1, 0.0293237658545
3109740.0, 3943170.0, 1, 0.0291242053356
2776722.0, 10795458.0, 1, 0.0260772521439
2776722.0, 10795458.0, 1, 0.0215939839854
3149268.0, 3567154.0, 1, 0.017098760627
2872928.0, 9786840.0, 1, 0.0097270402228
3004136.0, 9030198.0, 1, 0.00819484347
3094848.0, 8023446.0, 1, 0.00480694034806
2931800.0, 9033356.0, 1, 0.000756479697133
2710608.0, 10796588.0, 1, 0.000624548340472
3094848.0, 8023446.0, 1, 0.0
2398982.0, 17552796.0, 1, 0.0
2710608.0, 10796588.0, 1, 0.0
3094848.0, 8023446.0, 1, 0.0
5769518.0, 2469228.0, 2, inf
2498570.0, 16747974.0, 2, inf
5350206.0, 2496154.0, 2, 0.420416362513
3062158.0, 14553310.0, 2, 0.290126079951
4619982.0, 3719506.0, 2, 0.259581271197
4062104.0, 11662924.0, 2, 0.257851406842
3315642.0, 7997112.0, 2, 0.245005397493
3674840.0, 11082226.0, 2, 0.218349835238
3934156.0, 5127974.0, 2, 0.214214129498
2692510.0, 15352242.0, 2, 0.200142059731
3394602.0, 9863142.0, 2, 0.197333957177
2911616.0, 10709706.0, 2, 0.184534711684
4273250.0, 5010538.0, 2, 0.166742056711
4193086.0, 4014724.0, 2, 0.135773930894
3924198.0, 9460040.0, 2, 0.11723972225
4484618.0, 3754532.0, 2, 0.108926949254
2737820.0, 11515610.0, 2, 0.107654170702
3114872.0, 9266138.0, 2, 0.10740779581
3217284.0, 8027618.0, 2, 0.106719773459
3969316.0, 3454150.0, 2, 0.0679606961697
3231222.0, 14934600.0, 2, 0.0641305897746
4116864.0, 5122960.0, 2, 0.0482685801542
3969316.0, 3454150.0, 2, 0.0469512961466
4566098.0, 3737760.0, 2, 0.0438367377044
3166456.0, 8020548.0, 2, 0.0326211773013
3250500.0, 7997292.0, 2, 0.0221334619601
3111134.0, 8006310.0, 2, 0.0164665629699
3111440.0, 9321104.0, 2, 0.0147225518996
3966476.0, 8025038.0, 2, 0.0112443188229
3244034.0, 8000558.0, 2, 0.00652527227679
4562912.0, 17701682.0, 3, inf
6015524.0, 2944112.0, 3, inf
4218120.0, 12455004.0, 3, inf
12647780.0, 4718868.0, 3, inf
10374352.0, 14244790.0, 3, 0.322038790926
8843522.0, 9438594.0, 3, 0.272250939412
10547310.0, 15879586.0, 3, 0.155644194748
7148112.0, 15138546.0, 3, 0.135726060436
7265412.0, 6006152.0, 3, 0.124960475286
7775076.0, 7802174.0, 3, 0.124156794985
11497414.0, 11277366.0, 3, 0.123481700511
11297278.0, 16968822.0, 3, 0.120542378239
8469240.0, 5266154.0, 3, 0.114825948048
5308772.0, 8857094.0, 3, 0.11151925288
7469568.0, 6726124.0, 3, 0.110008372953
6805192.0, 13368810.0, 3, 0.107440940843
4786840.0, 12072586.0, 3, 0.105483694423
4329484.0, 7365810.0, 3, 0.101335009671
11010630.0, 9986528.0, 3, 0.0989536837925
6443952.0, 3176970.0, 3, 0.094760182419
11945394.0, 10629376.0, 3, 0.0934495743692
5770594.0, 10174732.0, 3, 0.0933090958174
12280824.0, 3911008.0, 3, 0.0891855180604
8249056.0, 10838384.0, 3, 0.0889544935963
7395886.0, 16321562.0, 3, 0.0859123194001
7546570.0, 4576516.0, 3, 0.0844708384311
8311012.0, 8538354.0, 3, 0.0827215479213
5984512.0, 3877476.0, 3, 0.0787954995816
7367538.0, 12915052.0, 3, 0.0773991370316
11872160.0, 11134932.0, 3, 0.070276614431
4639864.0, 8002422.0, 3, 0.0651962678644
Generacion: 128
5236474.0, 2492360.0, 1, inf
2359984.0, 17839446.0, 1, inf
4398266.0, 2507500.0, 1, 0.530740905411
2692510.0, 15352242.0, 1, 0.284397415968
3109740.0, 3943170.0, 1, 0.279547126053
3101228.0, 8022508.0, 1, 0.271043640369
2708848.0, 11374202.0, 1, 0.259816763854
2466980.0, 16741298.0, 1, 0.220014374845
3843816.0, 3207366.0, 1, 0.194417219425
3266428.0, 3534550.0, 1, 0.145097183935
2620044.0, 15355660.0, 1, 0.115479225244
2398982.0, 17552796.0, 1, 0.108750892352
3538164.0, 3415232.0, 1, 0.104527737716
3543630.0, 3409324.0, 1, 0.101690234557
3070250.0, 9029038.0, 1, 0.0971345589224
3796504.0, 3232918.0, 1, 0.089575554757
2872928.0, 9786840.0, 1, 0.0863283702334
2845458.0, 10712794.0, 1, 0.0842299794863
3094848.0, 8023446.0, 1, 0.0763538125083
2947700.0, 9763362.0, 1, 0.0736531301259
3149268.0, 3567154.0, 1, 0.0652310029962
3843816.0, 3207366.0, 1, 0.0620503568384
2710608.0, 10796588.0, 1, 0.0613064698883
2620044.0, 15355660.0, 1, 0.053434787727
2997880.0, 9031936.0, 1, 0.049833822567
2708848.0, 11374202.0, 1, 0.0433165603649
2776722.0, 10795458.0, 1, 0.028370561462
3796504.0, 3232918.0, 1, 0.0279422531893
3109740.0, 3943170.0, 1, 0.0274599695491
3004136.0, 9030198.0, 1, 0.0253479655532
2776722.0, 10795458.0, 1, 0.0239694192731
2947700.0, 9763362.0, 1, 0.0189746738628
2997880.0, 9031936.0, 1, 0.017558118303
3149268.0, 3567154.0, 1, 0.0158661901411
2845458.0, 10712794.0, 1, 0.0149361326964
2872928.0, 9786840.0, 1, 0.0110796351176
2692510.0, 15352242.0, 1, 0.00590255225944
2776722.0, 10795458.0, 1, 0.0
3109740.0, 3943170.0, 1, 0.0
3149268.0, 3567154.0, 1, 0.0
2708848.0, 11374202.0, 1, 0.0
5350206.0, 2496154.0, 2, inf
3351992.0, 19848698.0, 2, inf
2367888.0, 18355602.0, 2, inf
5491746.0, 4159554.0, 2, inf
2813836.0, 11964086.0, 2, 0.315654359146
3004424.0, 14553320.0, 2, 0.308733786805
4749030.0, 5207432.0, 2, 0.235416503036
2606680.0, 16746040.0, 2, 0.219958183156
3734682.0, 7976312.0, 2, 0.218701569432
3948022.0, 5381438.0, 2, 0.202860129768
4574180.0, 4725368.0, 2, 0.184743156484
4322164.0, 9177742.0, 2, 0.142966099833
4107602.0, 15698874.0, 2, 0.136797339341
2694506.0, 15613888.0, 2, 0.13233064111
3121228.0, 10797460.0, 2, 0.127268168278
3533660.0, 8615772.0, 2, 0.124588308866
3834072.0, 10655722.0, 2, 0.11529675882
3174352.0, 17701396.0, 2, 0.107702805325
3450260.0, 8166926.0, 2, 0.0904708355744
4732906.0, 3464164.0, 2, 0.0885538443689
5350206.0, 2496154.0, 2, 0.086583536439
4244654.0, 3212366.0, 2, 0.0823575743653
3985128.0, 4283276.0, 2, 0.0768746740086
3224058.0, 9875252.0, 2, 0.0763286122133
4208650.0, 9544994.0, 2, 0.0603631959946
3303030.0, 9266132.0, 2, 0.0576506486712
3213146.0, 4019520.0, 2, 0.0559859740429
3527456.0, 9794188.0, 2, 0.0421379132143
3753870.0, 9830518.0, 2, 0.0331452956971
3166456.0, 8020548.0, 2, 0.0279906816487
3741752.0, 9467474.0, 2, 0.0222127860608
3969316.0, 3454150.0, 2, 0.0207502052169
4237352.0, 9812920.0, 2, 0.0136191330156
3969316.0, 3454150.0, 2, 0.00563878091854
4563748.0, 19566400.0, 3, inf
15618042.0, 16897662.0, 3, inf
4011398.0, 10709610.0, 3, inf
5572772.0, 3157842.0, 3, inf
12655768.0, 4355478.0, 3, 0.308487737194
9441392.0, 11904126.0, 3, 0.199639836418
10099628.0, 15964328.0, 3, 0.165921294885
4503520.0, 15352770.0, 3, 0.147436711333
7365762.0, 13432144.0, 3, 0.146935994692
4272910.0, 17980284.0, 3, 0.139208532243
8566754.0, 7104908.0, 3, 0.137223452355
10646510.0, 4740936.0, 3, 0.136511412923
11151948.0, 11278536.0, 3, 0.134068087969
11840200.0, 8731088.0, 3, 0.125912749346
7106140.0, 12879214.0, 3, 0.105699387843
8541950.0, 5366014.0, 3, 0.0942448093952
12044720.0, 10028364.0, 3, 0.0856974863413
5100876.0, 5899320.0, 3, 0.0834980309785
4739042.0, 9759834.0, 3, 0.0817071743483
6657848.0, 17047390.0, 3, 0.081142676734
5402016.0, 8024094.0, 3, 0.0806340010962
7370868.0, 6517644.0, 3, 0.0799275296199
4949788.0, 7517628.0, 3, 0.0734853346265
9751658.0, 4469370.0, 3, 0.0694142744921
6538394.0, 17977912.0, 3, 0.0687566054373
Generacion: 129
5333146.0, 2472814.0, 1, inf
2328942.0, 18642252.0, 1, inf
3843816.0, 3207366.0, 1, 0.469523284569
4749732.0, 2846242.0, 1, 0.421586558501
3109740.0, 3943170.0, 1, 0.293714299184
3094848.0, 8023446.0, 1, 0.279140221212
2669980.0, 12094682.0, 1, 0.27579345261
2620044.0, 15355660.0, 1, 0.243940535884
3407714.0, 3215066.0, 1, 0.147654615068
2931800.0, 9033356.0, 1, 0.131200074786
5019312.0, 2572684.0, 1, 0.119590484484
3029654.0, 8025666.0, 1, 0.116731231463
4996926.0, 2596898.0, 1, 0.106652465638
3266428.0, 3534550.0, 1, 0.105788521334
2589002.0, 16158518.0, 1, 0.101993349945
2807700.0, 9788770.0, 1, 0.094401839917
2359984.0, 17839446.0, 1, 0.0906914768864
2776722.0, 10795458.0, 1, 0.0842658489058
2491168.0, 16725824.0, 1, 0.0766591509238
2398982.0, 17552796.0, 1, 0.073095971839
2428796.0, 17027890.0, 1, 0.0728214311881
3402756.0, 3220954.0, 1, 0.0667879392767
3149268.0, 3567154.0, 1, 0.0622534184391
2590462.0, 15611076.0, 1, 0.0599856615314
2710608.0, 10796588.0, 1, 0.0583854686321
2930040.0, 9610948.0, 1, 0.058277827435
2708848.0, 11374202.0, 1, 0.0486604471028
2708848.0, 11374202.0, 1, 0.0451439806225
2893498.0, 9769524.0, 1, 0.0298887457963
2466980.0, 16741298.0, 1, 0.0257756858527
2872928.0, 9786840.0, 1, 0.0227831497856
3149268.0, 3567154.0, 1, 0.0151739584819
2466980.0, 16741298.0, 1, 0.0136671793781
2776722.0, 10795458.0, 1, 0.0103814350085
2872928.0, 9786840.0, 1, 0.00696643261907
2708848.0, 11374202.0, 1, 0.0
2776722.0, 10795458.0, 1, 0.0
2872928.0, 9786840.0, 1, 0.0
2708848.0, 11374202.0, 1, 0.0
2367888.0, 18355602.0, 2, inf
2367888.0, 18355602.0, 2, inf
6808242.0, 2476474.0, 2, inf
7025410.0, 3221862.0, 2, inf
4146588.0, 3225660.0, 2, 0.647335824883
3307478.0, 3903500.0, 2, 0.364271221748
2871722.0, 11374826.0, 2, 0.299503680017
3166456.0, 8020548.0, 2, 0.262786354903
2692510.0, 15352242.0, 2, 0.256843367725
3796504.0, 3232918.0, 2, 0.222849809249
2839832.0, 16735376.0, 2, 0.177443537126
2662876.0, 15607762.0, 2, 0.149697701302
2400978.0, 17814414.0, 2, 0.146924672304
3002376.0, 9607790.0, 2, 0.139877803304
2899212.0, 10798832.0, 2, 0.139332674031
3166456.0, 8020548.0, 2, 0.0890305511911
3150098.0, 8953482.0, 2, 0.0841664628567
3307478.0, 3903500.0, 2, 0.0725087371469
3070250.0, 9029038.0, 2, 0.0535912218134
3031596.0, 18062694.0, 2, 0.0486547057336
2692510.0, 15352242.0, 2, 0.047722546889
3070250.0, 9029038.0, 2, 0.0130574587887
2692510.0, 15352242.0, 2, 0.0
3184064.0, 9317658.0, 3, inf
9061718.0, 4044176.0, 3, inf
7535930.0, 3272144.0, 3, inf
5397820.0, 18704416.0, 3, inf
3883706.0, 14541034.0, 3, 0.339583726543
3315642.0, 7997112.0, 3, 0.218881429688
5462384.0, 5535896.0, 3, 0.21430321191
3753546.0, 11556082.0, 3, 0.206813881531
6873634.0, 3459646.0, 3, 0.195248608539
3215390.0, 16700198.0, 3, 0.165661351748
5866150.0, 3406646.0, 3, 0.114844985544
6452782.0, 3598354.0, 3, 0.112079446761
4312996.0, 18251360.0, 3, 0.109578664717
6337302.0, 3429120.0, 3, 0.103241529409
4818384.0, 8471680.0, 3, 0.0963036636029
5138336.0, 9148536.0, 3, 0.0901988026825
4483392.0, 9692760.0, 3, 0.0901867925047
5000626.0, 16752096.0, 3, 0.0899127049818
3663632.0, 17548702.0, 3, 0.0852527485221
5023692.0, 10421488.0, 3, 0.0847593354209
3383754.0, 10650858.0, 3, 0.0806228977302
4574180.0, 4725368.0, 3, 0.0699970718737
5324762.0, 5034768.0, 3, 0.0684987237861
3869122.0, 17610636.0, 3, 0.0666901690655
4094958.0, 10639220.0, 3, 0.0658421923449
5667190.0, 5021386.0, 3, 0.0642308083352
4670214.0, 3781102.0, 3, 0.0642172467916
3905850.0, 11310990.0, 3, 0.0638554025461
3533660.0, 8615772.0, 3, 0.0634600718051
3759344.0, 5397180.0, 3, 0.0521363575732
5722070.0, 3948194.0, 3, 0.0508972440861
4539386.0, 8716170.0, 3, 0.0499690184742
4322438.0, 9599316.0, 3, 0.0490371699376
3707756.0, 4284672.0, 3, 0.043598103066
4013358.0, 9383394.0, 3, 0.0369372602909
3985128.0, 4283276.0, 3, 0.0338749370542
3751508.0, 11370000.0, 3, 0.0236723065432
6347644.0, 16163200.0, 4, inf
Generacion: 130
2359984.0, 17839446.0, 1, inf
5333146.0, 2472814.0, 1, inf
3843816.0, 3207366.0, 1, 0.339224696178
3109740.0, 3943170.0, 1, 0.306094804812
2669980.0, 12094682.0, 1, 0.288966171675
3101228.0, 8022508.0, 1, 0.267613143575
4996926.0, 2596898.0, 1, 0.244627498205
4352952.0, 2887738.0, 1, 0.23739579851
2620044.0, 15355660.0, 1, 0.222161304889
4352952.0, 2887738.0, 1, 0.190170672188
3407714.0, 3215066.0, 1, 0.149231366897
5019312.0, 2572684.0, 1, 0.12115989058
2482346.0, 15789686.0, 1, 0.115082618391
2997880.0, 9031936.0, 1, 0.098488938327
3029654.0, 8025666.0, 1, 0.0874115923881
3149268.0, 3567154.0, 1, 0.0792921778419
2590462.0, 15611076.0, 1, 0.0745583610951
2398982.0, 17552796.0, 1, 0.0707703466094
3266428.0, 3534550.0, 1, 0.070357420384
2708848.0, 11374202.0, 1, 0.0689729289361
2930040.0, 9610948.0, 1, 0.0688349175696
2466980.0, 16741298.0, 1, 0.0679335678255
3293530.0, 3231608.0, 1, 0.0662604612553
2872928.0, 9786840.0, 1, 0.0649756159494
2931800.0, 9033356.0, 1, 0.0604972830161
2774516.0, 11364856.0, 1, 0.0604912782662
2851074.0, 10490116.0, 1, 0.0596911926713
2776722.0, 10795458.0, 1, 0.0565842325291
2428796.0, 17027890.0, 1, 0.0520199847701
2834788.0, 10506968.0, 1, 0.0448781760292
3402756.0, 3220954.0, 1, 0.0371204866125
2620044.0, 15355660.0, 1, 0.0334170558193
2449122.0, 17012570.0, 1, 0.0314931732026
3094848.0, 8023446.0, 1, 0.0242788705061
2466980.0, 16741298.0, 1, 0.0228215503439
2369348.0, 17808138.0, 1, 0.0197661623781
2776722.0, 10795458.0, 1, 0.0195157660705
2872928.0, 9786840.0, 1, 0.0187967834348
2708848.0, 11374202.0, 1, 0.0136811515545
2369348.0, 17808138.0, 1, 0.0120045678289
3029654.0, 8025666.0, 1, 0.0108314075594
3101228.0, 8022508.0, 1, 0.00292398659392
3402756.0, 3220954.0, 1, 0.00236090531714
2708848.0, 11374202.0, 1, 0.0
2776722.0, 10795458.0, 1, 0.0
2776722.0, 10795458.0, 1, 0.0
2872928.0, 9786840.0, 1, 0.0
3029654.0, 8025666.0, 1, 0.0
4352952.0, 2887738.0, 1, 0.0
7563324.0, 3152488.0, 2, inf
2367888.0, 18355602.0, 2, inf
2699650.0, 19025294.0, 2, inf
4498676.0, 9234398.0, 2, 0.661427992904
3307478.0, 3903500.0, 2, 0.396477846228
3166456.0, 8020548.0, 2, 0.303281318711
3824266.0, 12280480.0, 2, 0.1666469618
2941114.0, 14552510.0, 2, 0.140580359379
2865262.0, 13310180.0, 2, 0.130582566699
2622630.0, 17017764.0, 2, 0.0970474735424
4090270.0, 8506034.0, 2, 0.0893329246209
3031596.0, 18062694.0, 2, 0.0793206677451
4056346.0, 9790064.0, 2, 0.0767070677338
3912552.0, 12924780.0, 2, 0.0761784197933
3044046.0, 10201556.0, 2, 0.0713243887568
2662876.0, 15607762.0, 2, 0.0659131853488
3298518.0, 10667762.0, 2, 0.0607629898804
2498570.0, 16747974.0, 2, 0.0599476329358
3981058.0, 3333568.0, 2, 0.0599062024403
2706154.0, 15323698.0, 2, 0.0570134357396
4375712.0, 3255648.0, 2, 0.0554484672042
2881264.0, 11083902.0, 2, 0.055227336332
2979532.0, 16741762.0, 2, 0.0523445672654
2589002.0, 16158518.0, 2, 0.0521041331619
3224656.0, 11560736.0, 2, 0.0518446121436
2952582.0, 19025186.0, 2, 0.0495857209292
2735614.0, 12085032.0, 2, 0.0463343329728
3184064.0, 9317658.0, 2, 0.044209914153
4180166.0, 12031122.0, 2, 0.0435037380427
2589002.0, 16158518.0, 2, 0.0432174618722
4211366.0, 11557876.0, 2, 0.0412773397652
4123156.0, 10913002.0, 2, 0.0390526630291
3898418.0, 18079706.0, 2, 0.0354464395325
4238544.0, 3248186.0, 2, 0.0343722920555
3957160.0, 15347598.0, 2, 0.0310820724723
3114872.0, 9266138.0, 2, 0.0288065133353
4156956.0, 3212164.0, 2, 0.0170021462535
4312996.0, 18251360.0, 3, inf
13214270.0, 17564100.0, 3, inf
4259612.0, 3499840.0, 3, inf
11246684.0, 16744596.0, 3, 0.493702846243
9641560.0, 11180942.0, 3, 0.354912011509
7209538.0, 14744520.0, 3, 0.206160411216
5193720.0, 7235872.0, 3, 0.186621581952
6374978.0, 10538024.0, 3, 0.179558633948
7267798.0, 12731966.0, 3, 0.168851288302
4652980.0, 5394704.0, 3, 0.160128876922
5499898.0, 7820906.0, 3, 0.143708340171
6081536.0, 8469520.0, 3, 0.126636936827
4912568.0, 9436206.0, 3, 0.123995336873
8558904.0, 4383386.0, 3, 0.123329555882
Generacion: 131
5003136.0, 2545070.0, 1, inf
2330402.0, 18094754.0, 1, inf
3843816.0, 3207366.0, 1, 0.531507116314
4759030.0, 2812112.0, 1, 0.398600944291
3149268.0, 3567154.0, 1, 0.350429895829
2671740.0, 11517034.0, 1, 0.289273421158
3101228.0, 8022508.0, 1, 0.288910833549
2620044.0, 15355660.0, 1, 0.283791220885
3407714.0, 3215066.0, 1, 0.165895877742
2521342.0, 15358350.0, 1, 0.13633402135
4800718.0, 2576402.0, 1, 0.10850541495
3029654.0, 8025666.0, 1, 0.0986839881119
2491168.0, 16725824.0, 1, 0.0969921464769
2807700.0, 9788770.0, 1, 0.0851167324884
2710608.0, 10796588.0, 1, 0.0783568212273
2449122.0, 17012570.0, 1, 0.0776287916239
3004136.0, 9030198.0, 1, 0.0766014135483
3402756.0, 3220954.0, 1, 0.0734079881716
2769594.0, 10509192.0, 1, 0.0683998668589
3266428.0, 3534550.0, 1, 0.0640026189854
2931800.0, 9033356.0, 1, 0.0618686822007
2930040.0, 9610948.0, 1, 0.0616735998528
2708848.0, 11374202.0, 1, 0.0608742863873
2369348.0, 17808138.0, 1, 0.060512431864
3266428.0, 3534550.0, 1, 0.0531037093118
2398982.0, 17552796.0, 1, 0.0458294509876
2398982.0, 17552796.0, 1, 0.0351808578234
2466980.0, 16741298.0, 1, 0.0341720889793
2769594.0, 10509192.0, 1, 0.0327397445224
2893498.0, 9769524.0, 1, 0.0326799940959
2997880.0, 9031936.0, 1, 0.0272675126184
3094848.0, 8023446.0, 1, 0.0269824112952
2872928.0, 9786840.0, 1, 0.0255185643479
2620044.0, 15355660.0, 1, 0.0195149860016
3101228.0, 8022508.0, 1, 0.0180344271882
2491168.0, 16725824.0, 1, 0.0122846961837
2872928.0, 9786840.0, 1, 0.00782035740982
2931800.0, 9033356.0, 1, 0.000749821927649
3101228.0, 8022508.0, 1, 0.0
2620044.0, 15355660.0, 1, 0.0
3031258.0, 18356924.0, 2, inf
5019312.0, 2572684.0, 2, inf
2367888.0, 18355602.0, 2, inf
6632566.0, 3238008.0, 2, inf
2590462.0, 15611076.0, 2, 0.469462796484
5236138.0, 3283120.0, 2, 0.388651291631
2776722.0, 10795458.0, 2, 0.35635228516
3867100.0, 4130956.0, 2, 0.292170849282
3978912.0, 3401668.0, 2, 0.283126507455
3250500.0, 7997292.0, 2, 0.264470258665
3450260.0, 8166926.0, 2, 0.226290109446
2460334.0, 17034570.0, 2, 0.174892625194
3838982.0, 3487540.0, 2, 0.129388174979
3002376.0, 9607790.0, 2, 0.11079475207
3030758.0, 17547842.0, 2, 0.0904654767852
2776722.0, 10795458.0, 2, 0.0813013093512
2995338.0, 9791014.0, 2, 0.0793256268155
3044046.0, 10201556.0, 2, 0.071152829208
3307478.0, 3903500.0, 2, 0.0613983941987
3187026.0, 8003152.0, 2, 0.0517288065462
3225810.0, 3901172.0, 2, 0.0337813307907
3044046.0, 10201556.0, 2, 0.0290081997754
2367888.0, 18355602.0, 2, 0.0217608892555
3218820.0, 9784642.0, 2, 0.020702273111
2776722.0, 10795458.0, 2, 0.0
2776722.0, 10795458.0, 2, 0.0
2776722.0, 10795458.0, 2, 0.0
4423314.0, 19556948.0, 3, inf
2899212.0, 10798832.0, 3, inf
6799860.0, 2596460.0, 3, inf
12647780.0, 4718868.0, 3, inf
9819078.0, 3774810.0, 3, 0.253480517247
10778564.0, 4714032.0, 3, 0.247178792353
8199242.0, 3348034.0, 3, 0.244161387377
12618926.0, 4812098.0, 3, 0.206782874322
7567326.0, 5502670.0, 3, 0.199701910074
6492218.0, 8193414.0, 3, 0.185251125458
10311784.0, 4540544.0, 3, 0.142185578238
3804746.0, 17035606.0, 3, 0.13643844922
3997254.0, 16686346.0, 3, 0.127323784084
5188222.0, 14943378.0, 3, 0.125088947606
5814512.0, 18202514.0, 3, 0.121883622923
6993120.0, 10554192.0, 3, 0.0980913402704
7693458.0, 5074596.0, 3, 0.0903781117615
6308112.0, 3331852.0, 3, 0.086691638477
3824266.0, 12280480.0, 3, 0.0858436643285
3898418.0, 18079706.0, 3, 0.0812622599889
5176090.0, 2880612.0, 3, 0.0771803022654
3255642.0, 13130722.0, 3, 0.0769541804718
3274576.0, 16721990.0, 3, 0.0769191996232
7539288.0, 10292492.0, 3, 0.0759777336579
4858514.0, 4734670.0, 3, 0.0686698643567
5846556.0, 8505220.0, 3, 0.0668743555599
3875780.0, 14079670.0, 3, 0.0665760980778
5498146.0, 3971802.0, 3, 0.0659903519288
5304274.0, 10042908.0, 3, 0.0612239182327
4498676.0, 9234398.0, 3, 0.060982467178
4384592.0, 11362104.0, 3, 0.060180743465
3019608.0, 11798356.0, 3, 0.0589903307024
2972112.0, 14530220.0, 3, 0.0541012787369
Generacion: 132
2330402.0, 18094754.0, 1, inf
8201682.0, 2434874.0, 1, inf
2330402.0, 18094754.0, 1, inf
5032234.0, 2546234.0, 1, 0.339328312298
6651776.0, 2496716.0, 1, 0.338240806122
3109740.0, 3943170.0, 1, 0.292689746296
6991808.0, 2476000.0, 1, 0.267930010124
3101228.0, 8022508.0, 1, 0.2615827668
2620044.0, 15355660.0, 1, 0.233725630326
2669980.0, 12094682.0, 1, 0.208537503007
4051608.0, 2574304.0, 1, 0.196462051676
3402756.0, 3220954.0, 1, 0.195051198434
4686800.0, 2569572.0, 1, 0.124157536228
2521342.0, 15358350.0, 1, 0.109445417893
4312468.0, 2570766.0, 1, 0.108488463324
2807700.0, 9788770.0, 1, 0.101753003306
2491168.0, 16725824.0, 1, 0.0914431171742
3094848.0, 8023446.0, 1, 0.0808852823399
2776722.0, 10795458.0, 1, 0.0755451052716
2930040.0, 9610948.0, 1, 0.0693755994258
3004136.0, 9030198.0, 1, 0.0653541409841
2398982.0, 17552796.0, 1, 0.0635439983993
2428796.0, 17027890.0, 1, 0.0634016536894
3149268.0, 3567154.0, 1, 0.0527806270896
2671740.0, 11517034.0, 1, 0.0526280369156
2708848.0, 11374202.0, 1, 0.0526258657623
2931800.0, 9033356.0, 1, 0.048528779973
2710608.0, 10796588.0, 1, 0.0481455338828
2669980.0, 12094682.0, 1, 0.045392258183
3266428.0, 3534550.0, 1, 0.0399802036536
2466980.0, 16741298.0, 1, 0.0299124015942
3266428.0, 3534550.0, 1, 0.0253014766184
2359984.0, 17839446.0, 1, 0.0233431622973
2359984.0, 17839446.0, 1, 0.0229454809857
3004136.0, 9030198.0, 1, 0.0155611075598
2997880.0, 9031936.0, 1, 0.0125219735811
2491168.0, 16725824.0, 1, 0.00612738430922
2776722.0, 10795458.0, 1, 0.00534835082184
3101228.0, 8022508.0, 1, 0.0015096673331
2710608.0, 10796588.0, 1, 0.000371923194477
3004136.0, 9030198.0, 1, 0.0
7170862.0, 2548212.0, 2, inf
2981470.0, 18096022.0, 2, inf
2501356.0, 17986782.0, 2, inf
4800718.0, 2576402.0, 2, 0.776286652176
3112102.0, 11507954.0, 2, 0.325490161197
3748920.0, 3223908.0, 2, 0.322783864178
3296120.0, 4023080.0, 2, 0.291071917751
3178926.0, 8000998.0, 2, 0.284876355049
3045766.0, 15457636.0, 2, 0.278264945683
3431882.0, 9742852.0, 2, 0.189680161619
2536068.0, 17706500.0, 2, 0.171882573148
2590462.0, 15611076.0, 2, 0.150280786162
3166456.0, 8020548.0, 2, 0.126342834081
2899212.0, 10798832.0, 2, 0.0890280768307
2662876.0, 15607762.0, 2, 0.0759893987079
3307478.0, 3903500.0, 2, 0.0681695771672
2899212.0, 10798832.0, 2, 0.0632251205822
3543630.0, 3409324.0, 2, 0.0574400661306
3538164.0, 3415232.0, 2, 0.0557157228742
3044046.0, 10201556.0, 2, 0.0429037938874
3044046.0, 10201556.0, 2, 0.0387837897476
2590462.0, 15611076.0, 2, 0.0118619186887
11084200.0, 3015634.0, 3, inf
5574470.0, 2578990.0, 3, inf
2626464.0, 16005912.0, 3, inf
4909070.0, 19699814.0, 3, inf
6632566.0, 3238008.0, 3, 0.61438276029
4277898.0, 12742004.0, 3, 0.262561643294
3993124.0, 5795700.0, 3, 0.208625508777
3625612.0, 18644404.0, 3, 0.172844880507
4479358.0, 7871482.0, 3, 0.142051643267
3222434.0, 8948132.0, 3, 0.136396857977
3515584.0, 10317792.0, 3, 0.12838657792
4384592.0, 11362104.0, 3, 0.123487713279
3804746.0, 17035606.0, 3, 0.119628636921
2669312.0, 16730566.0, 3, 0.111840179108
4628770.0, 12024192.0, 3, 0.108790170889
4510178.0, 4702218.0, 3, 0.0781563604347
6150832.0, 3047940.0, 3, 0.0737515798211
3792106.0, 8247828.0, 3, 0.067015167974
5655420.0, 3751642.0, 3, 0.0592923218661
4561796.0, 9375596.0, 3, 0.059071042999
4500622.0, 9791486.0, 3, 0.058676165524
5943724.0, 3603432.0, 3, 0.0572624936514
4130896.0, 3898312.0, 3, 0.0558253651285
3265800.0, 16039686.0, 3, 0.0533463266763
4831610.0, 3580162.0, 3, 0.0489041280624
3315642.0, 7997112.0, 3, 0.0444252391983
3707756.0, 4284672.0, 3, 0.0417734050571
3867100.0, 4130956.0, 3, 0.0376151424569
3932022.0, 16748072.0, 3, 0.032717340909
4593166.0, 4581432.0, 3, 0.0323068629307
6118648.0, 3587974.0, 3, 0.0258465677485
4869504.0, 3630652.0, 3, 0.017815188804
3661334.0, 7992864.0, 3, 0.0170501395579
7010148.0, 17884334.0, 4, inf
5326512.0, 5342322.0, 4, inf
6705914.0, 3242480.0, 4, inf
12581572.0, 5496330.0, 4, inf
Generacion: 133
2330402.0, 18094754.0, 1, inf
7712600.0, 2435934.0, 1, inf
6349256.0, 2471570.0, 1, 0.599354024022
4507746.0, 2496996.0, 1, 0.36678775441
3101228.0, 8022508.0, 1, 0.332129696137
3109740.0, 3943170.0, 1, 0.293452524849
2620044.0, 15355660.0, 1, 0.239337414916
2669980.0, 12094682.0, 1, 0.215473420004
3843816.0, 3207366.0, 1, 0.17925843019
4146592.0, 2557762.0, 1, 0.145706467464
3407714.0, 3215066.0, 1, 0.128171911569
2491168.0, 16725824.0, 1, 0.0936048356113
2708848.0, 11374202.0, 1, 0.0904471725587
2398982.0, 17552796.0, 1, 0.0900092882386
2583112.0, 15613428.0, 1, 0.0896383797896
3070250.0, 9029038.0, 1, 0.0823923396209
2807700.0, 9788770.0, 1, 0.082286986585
2776722.0, 10795458.0, 1, 0.076572709028
4402816.0, 2552114.0, 1, 0.0709822063847
3266428.0, 3534550.0, 1, 0.0705036356712
2466980.0, 16741298.0, 1, 0.0699398443158
2669980.0, 12094682.0, 1, 0.0552891236902
3149268.0, 3567154.0, 1, 0.0552074672125
2930040.0, 9610948.0, 1, 0.0541294167551
2931800.0, 9033356.0, 1, 0.0508545906129
2710608.0, 10796588.0, 1, 0.0495704506188
3004136.0, 9030198.0, 1, 0.0259994464582
2359984.0, 17839446.0, 1, 0.0238022445888
2359984.0, 17839446.0, 1, 0.0235501600428
2590462.0, 15611076.0, 1, 0.0233234019585
2893498.0, 9769524.0, 1, 0.0218440530267
2872928.0, 9786840.0, 1, 0.0171701545886
2776722.0, 10795458.0, 1, 0.00582780489971
2669980.0, 12094682.0, 1, 0.0
2871448.0, 16742000.0, 2, inf
5503470.0, 2500300.0, 2, inf
2737820.0, 11515610.0, 2, inf
5003136.0, 2545070.0, 2, 0.435588762531
4312468.0, 2570766.0, 2, 0.406255639775
2929264.0, 13950142.0, 2, 0.303315891841
3948480.0, 5799140.0, 2, 0.293717574301
3366350.0, 10304898.0, 2, 0.26557742444
3288866.0, 8024772.0, 2, 0.252612640189
4147902.0, 3926818.0, 2, 0.239372025452
3111134.0, 8006310.0, 2, 0.220356305127
2846234.0, 15411950.0, 2, 0.209112340737
3953428.0, 4267818.0, 2, 0.189240507161
3867100.0, 4130956.0, 2, 0.181639791585
3512348.0, 8018080.0, 2, 0.155263831506
2835278.0, 12283150.0, 2, 0.143846881785
3110342.0, 12085602.0, 2, 0.102203262263
2810486.0, 11025466.0, 2, 0.0963966097156
2879070.0, 11562514.0, 2, 0.06092778146
2774516.0, 11364856.0, 2, 0.0606905904086
3440644.0, 8021498.0, 2, 0.0532596478166
3110342.0, 12085602.0, 2, 0.0141574671421
3110342.0, 12085602.0, 2, 0.0
5058256.0, 2563908.0, 3, inf
4014992.0, 19310628.0, 3, inf
2881414.0, 15501576.0, 3, inf
10954744.0, 4456144.0, 3, inf
9721732.0, 3273822.0, 3, 0.310624467409
8797672.0, 4693594.0, 3, 0.279271256816
7546570.0, 4576516.0, 3, 0.271451669368
3692154.0, 12506580.0, 3, 0.221881706633
2972112.0, 14530220.0, 3, 0.182976257554
4677770.0, 7604590.0, 3, 0.178625344606
5486620.0, 4741398.0, 3, 0.163581396103
3885782.0, 17035236.0, 3, 0.160169086959
6720624.0, 3291378.0, 3, 0.149295369301
6290034.0, 4081476.0, 3, 0.144167469646
4833548.0, 5813078.0, 3, 0.137048700382
3306542.0, 14688978.0, 3, 0.128956356291
4284754.0, 16727768.0, 3, 0.0946667723137
5113170.0, 5118290.0, 3, 0.0930679044
3919030.0, 9209140.0, 3, 0.0878752880463
4500622.0, 9791486.0, 3, 0.0795916339936
3826226.0, 10455560.0, 3, 0.0777411621445
4933778.0, 15196214.0, 3, 0.0763561875647
3861300.0, 11621898.0, 3, 0.0753822595436
4154910.0, 8415780.0, 3, 0.0668775658566
4384592.0, 11362104.0, 3, 0.0664990266688
6403558.0, 5079690.0, 3, 0.0579129877356
4161076.0, 8392186.0, 3, 0.0566536887658
6314030.0, 5788848.0, 3, 0.0545119168631
5077126.0, 3758130.0, 3, 0.0473128797372
4699376.0, 3403050.0, 3, 0.0471666325069
4221232.0, 4991846.0, 3, 0.0355198221908
3770492.0, 9933892.0, 3, 0.0345766410774
4384592.0, 11362104.0, 3, 0.0298851398868
3932022.0, 16748072.0, 3, 0.0275375193477
3828930.0, 10181414.0, 3, 0.0255756898902
3695810.0, 10100006.0, 3, 0.0244836341944
3993124.0, 5795700.0, 3, 0.00797753111801
3993124.0, 5795700.0, 3, 0.00374636737842
12073952.0, 17868384.0, 4, inf
7882252.0, 3769810.0, 4, inf
14070248.0, 8905076.0, 4, inf
5231494.0, 10173482.0, 4, inf
10267470.0, 12739064.0, 4, 0.370749604045
Generacion: 134
2359984.0, 17839446.0, 1, inf
2359984.0, 17839446.0, 1, inf
9860236.0, 2413656.0, 1, inf
3563198.0, 3476504.0, 1, 0.381959242652
3250500.0, 7997292.0, 1, 0.343601335253
4681268.0, 2544022.0, 1, 0.295467954825
8035186.0, 2437302.0, 1, 0.26124654398
6350300.0, 2532308.0, 1, 0.242508653127
2669980.0, 12094682.0, 1, 0.216580021387
2620044.0, 15355660.0, 1, 0.215341929654
7500188.0, 2470060.0, 1, 0.195201840269
6467624.0, 2477138.0, 1, 0.157348568746
2466980.0, 16741298.0, 1, 0.151404723537
4146592.0, 2557762.0, 1, 0.122699950989
2590462.0, 15611076.0, 1, 0.110233911643
3969880.0, 3350836.0, 1, 0.0901413765311
2398982.0, 17552796.0, 1, 0.0821766675822
2776722.0, 10795458.0, 1, 0.0782784802244
2807700.0, 9788770.0, 1, 0.0782122120615
3029654.0, 8025666.0, 1, 0.0746631746569
7921070.0, 2455302.0, 1, 0.0734542564953
3004136.0, 9030198.0, 1, 0.0659544006051
3888652.0, 3417758.0, 1, 0.0623690615946
2930040.0, 9610948.0, 1, 0.0566950679882
2669980.0, 12094682.0, 1, 0.0533641074949
2708848.0, 11374202.0, 1, 0.0469408566495
2710608.0, 10796588.0, 1, 0.0462595987101
2931800.0, 9033356.0, 1, 0.046253639346
2708848.0, 11374202.0, 1, 0.042626920768
2872928.0, 9786840.0, 1, 0.0278390301014
4146592.0, 2557762.0, 1, 0.0244515244887
2369348.0, 17808138.0, 1, 0.0237820753096
2620044.0, 15355660.0, 1, 0.0232156353583
3187026.0, 8003152.0, 1, 0.019166114386
3111134.0, 8006310.0, 1, 0.012694130736
3101228.0, 8022508.0, 1, 0.010592939032
2997880.0, 9031936.0, 1, 0.00984919803764
3029654.0, 8025666.0, 1, 0.00360700777523
3004136.0, 9030198.0, 1, 0.00351495414297
3101228.0, 8022508.0, 1, 0.00152547771464
2931800.0, 9033356.0, 1, 0.000326712414393
2710608.0, 10796588.0, 1, 0.000307912728931
2931800.0, 9033356.0, 1, 0.0
3004136.0, 9030198.0, 1, 0.0
3004136.0, 9030198.0, 1, 0.0
2620044.0, 15355660.0, 1, 0.0
2620044.0, 15355660.0, 1, 0.0
2669980.0, 12094682.0, 1, 0.0
8022840.0, 2493906.0, 2, inf
2510276.0, 17011454.0, 2, inf
6699064.0, 3262480.0, 2, 0.527135324542
5487930.0, 3543868.0, 2, 0.369271171106
4474960.0, 5347422.0, 2, 0.275103356188
3908710.0, 7632652.0, 2, 0.218009652767
5047028.0, 4272692.0, 2, 0.154140460167
2760508.0, 14541050.0, 2, 0.147968782083
2787436.0, 13497202.0, 2, 0.143365762273
3176012.0, 12076290.0, 2, 0.139232167621
4919462.0, 4698530.0, 2, 0.122891178692
4645616.0, 2566938.0, 2, 0.109326074366
2965492.0, 15612206.0, 2, 0.105714000556
2839832.0, 16735376.0, 2, 0.102811805929
3691870.0, 8952342.0, 2, 0.0959888489141
2881414.0, 15501576.0, 2, 0.0899734596582
3178218.0, 11506868.0, 2, 0.0888334119924
3288866.0, 8024772.0, 2, 0.0873516061297
4561494.0, 8685404.0, 2, 0.0799628571582
4098234.0, 9796598.0, 2, 0.0784491490524
2766494.0, 14028192.0, 2, 0.0767873415859
3407292.0, 9030236.0, 2, 0.0747910725025
3858276.0, 10158300.0, 2, 0.0668675197937
3460070.0, 10457176.0, 2, 0.0631489183257
2995674.0, 9601300.0, 2, 0.0461921960797
3144750.0, 10789614.0, 2, 0.0456595613986
4589208.0, 4504886.0, 2, 0.0445926889571
2815636.0, 11083852.0, 2, 0.0429188778109
3116636.0, 10197850.0, 2, 0.0349638362648
4045036.0, 9603698.0, 2, 0.0348274170094
3454736.0, 9798154.0, 2, 0.0344889426456
3065498.0, 9744116.0, 2, 0.0333805734512
3166456.0, 8020548.0, 2, 0.0326811161171
2851074.0, 10490116.0, 2, 0.0295043208241
5003136.0, 2545070.0, 2, 0.0281715574103
2876244.0, 11021778.0, 2, 0.0257715386704
3002376.0, 9607790.0, 2, 0.0223386327273
4500622.0, 9791486.0, 2, 0.0193126688183
8218286.0, 18767748.0, 3, inf
4162042.0, 12282616.0, 3, inf
13182752.0, 3017526.0, 3, inf
12073952.0, 17868384.0, 3, 0.406933906407
10954744.0, 4456144.0, 3, 0.218916247065
6902664.0, 15943996.0, 3, 0.21322617846
6427472.0, 8192892.0, 3, 0.208951966478
4833548.0, 5813078.0, 3, 0.190674184781
8490086.0, 13256698.0, 3, 0.180972996042
5683318.0, 14401390.0, 3, 0.152482719679
6086660.0, 14740176.0, 3, 0.151819434845
10261318.0, 4804476.0, 3, 0.14602952727
8637294.0, 18538400.0, 3, 0.144384783559
7710918.0, 3647366.0, 3, 0.137261640743
Generacion: 135
6949694.0, 2411920.0, 1, inf
2330402.0, 18094754.0, 1, inf
3402756.0, 3220954.0, 1, 0.540835147674
5333146.0, 2472814.0, 1, 0.503997015403
3250500.0, 7997292.0, 1, 0.353250133967
4146592.0, 2557762.0, 1, 0.28537443056
2669980.0, 12094682.0, 1, 0.216347230428
2620044.0, 15355660.0, 1, 0.214336965652
4641292.0, 2478828.0, 1, 0.180227332312
4507746.0, 2496996.0, 1, 0.112127480369
2930040.0, 9610948.0, 1, 0.110364661827
2851074.0, 10490116.0, 1, 0.10871987915
3029654.0, 8025666.0, 1, 0.0795475461833
2589002.0, 16158518.0, 1, 0.0791665546302
3004136.0, 9030198.0, 1, 0.0710423289954
2428796.0, 17027890.0, 1, 0.0679983325273
2369348.0, 17808138.0, 1, 0.0666447001865
2590462.0, 15611076.0, 1, 0.0579135033312
2552778.0, 16724692.0, 1, 0.0573531277222
2669980.0, 12094682.0, 1, 0.0567509909377
2710608.0, 10796588.0, 1, 0.0511435536961
2931800.0, 9033356.0, 1, 0.0511347904531
2776722.0, 10795458.0, 1, 0.0499504322849
2708848.0, 11374202.0, 1, 0.046321687053
2708848.0, 11374202.0, 1, 0.0452452472024
3178926.0, 8000998.0, 1, 0.0307454480068
2466980.0, 16741298.0, 1, 0.0273863284831
2620044.0, 15355660.0, 1, 0.0270966567784
2359984.0, 17839446.0, 1, 0.0267069406503
2449122.0, 17012570.0, 1, 0.0265404499701
2491168.0, 16725824.0, 1, 0.0196327067954
3101228.0, 8022508.0, 1, 0.0188732824697
3111134.0, 8006310.0, 1, 0.0181918899066
2997880.0, 9031936.0, 1, 0.0158609092975
3029654.0, 8025666.0, 1, 0.0057255898589
2931800.0, 9033356.0, 1, 0.000471555629046
2710608.0, 10796588.0, 1, 0.000453064073247
2931800.0, 9033356.0, 1, 0.0
2620044.0, 15355660.0, 1, 0.0
2708848.0, 11374202.0, 1, 0.0
7921070.0, 2455302.0, 2, inf
2503966.0, 18200964.0, 2, inf
4681268.0, 2544022.0, 2, 0.366303757657
6350300.0, 2532308.0, 2, 0.312994725621
2688856.0, 14544364.0, 2, 0.306423965915
4596598.0, 7610130.0, 2, 0.303795015658
6350300.0, 2532308.0, 2, 0.29070884731
4604594.0, 3549864.0, 2, 0.279176742678
2815636.0, 11083852.0, 2, 0.225591972025
3712054.0, 17030042.0, 2, 0.155233424827
3324286.0, 15347698.0, 2, 0.146123189181
3653546.0, 3460414.0, 2, 0.12769770309
4087396.0, 8279760.0, 2, 0.125674697208
4489488.0, 8681516.0, 2, 0.123143155191
3292596.0, 16743542.0, 2, 0.112867822537
4159464.0, 9855674.0, 2, 0.111936191239
3366350.0, 10304898.0, 2, 0.0779065167698
3114872.0, 9266138.0, 2, 0.0682887632523
2815636.0, 11083852.0, 2, 0.0616882252992
3222434.0, 8948132.0, 2, 0.056617356254
3292706.0, 10481036.0, 2, 0.0553210117778
2847144.0, 16920620.0, 2, 0.0518880111042
3002376.0, 9607790.0, 2, 0.0503540685225
3044046.0, 10201556.0, 2, 0.0492968323389
2622630.0, 17017764.0, 2, 0.0410801254136
3327670.0, 7998744.0, 2, 0.0327256872562
3187026.0, 8003152.0, 2, 0.0241035850262
3002376.0, 9607790.0, 2, 0.0234353047517
4681268.0, 2544022.0, 2, 0.0148980081603
3187026.0, 8003152.0, 2, 0.0135996131746
12910236.0, 3805336.0, 3, inf
7959440.0, 19447906.0, 3, inf
4686800.0, 2569572.0, 3, inf
3976482.0, 10393610.0, 3, inf
9188096.0, 15241070.0, 3, 0.31514905904
5123184.0, 12843716.0, 3, 0.301359547883
5001538.0, 4967232.0, 3, 0.273255577921
6631084.0, 8773684.0, 3, 0.270656408642
12548000.0, 17135916.0, 3, 0.246535658861
9619408.0, 10043960.0, 3, 0.235460196715
11173574.0, 2941968.0, 3, 0.221045914245
6336906.0, 18177554.0, 3, 0.216418231676
11023828.0, 17780028.0, 3, 0.216150346221
8950922.0, 12534696.0, 3, 0.12727742631
8380252.0, 10985680.0, 3, 0.12519633859
6666614.0, 16899952.0, 3, 0.123651916616
4345862.0, 12090776.0, 3, 0.0906570837156
4137328.0, 11618544.0, 3, 0.0698145360432
8264560.0, 9487274.0, 3, 0.0589853419863
7216524.0, 10498924.0, 3, 0.0539820094141
7809236.0, 8937252.0, 3, 0.053783390875
4627970.0, 4045986.0, 3, 0.0529231289762
7049162.0, 3420876.0, 3, 0.0518620282523
6934162.0, 9326274.0, 3, 0.0506698900686
7735014.0, 9685026.0, 3, 0.0500328438523
6349980.0, 4054464.0, 3, 0.0496865191139
4883262.0, 3600578.0, 3, 0.0486578199796
6761834.0, 4385744.0, 3, 0.0475367014806
7438916.0, 9710770.0, 3, 0.0469284393809
6822214.0, 11610284.0, 3, 0.040383343664
Generacion: 136
6949694.0, 2411920.0, 1, inf
2330402.0, 18094754.0, 1, inf
5271006.0, 2475908.0, 1, 0.503997015403
3213358.0, 4289786.0, 1, 0.303741255324
2669980.0, 12094682.0, 1, 0.273098221366
3178926.0, 8000998.0, 1, 0.259110180746
2620044.0, 15355660.0, 1, 0.214336965652
4641292.0, 2478828.0, 1, 0.192807914231
3843816.0, 3207366.0, 1, 0.186390261782
3538164.0, 3415232.0, 1, 0.145857468477
3266428.0, 3534550.0, 1, 0.126080153153
2893498.0, 9769524.0, 1, 0.123104515421
4402816.0, 2552114.0, 1, 0.112127480369
2482346.0, 15789686.0, 1, 0.0987992614256
4146592.0, 2557762.0, 1, 0.0968895806336
3004136.0, 9030198.0, 1, 0.0854380963868
2466980.0, 16741298.0, 1, 0.0851684018718
3029654.0, 8025666.0, 1, 0.0795475461833
2710608.0, 10796588.0, 1, 0.0764236182602
2398982.0, 17552796.0, 1, 0.0666447001865
4146592.0, 2557762.0, 1, 0.065906114434
2710608.0, 10796588.0, 1, 0.0658707047879
2590462.0, 15611076.0, 1, 0.0574845576647
2931800.0, 9033356.0, 1, 0.0524891105524
2359984.0, 17839446.0, 1, 0.0494038330729
2708848.0, 11374202.0, 1, 0.046321687053
2428796.0, 17027890.0, 1, 0.0453014401047
2708848.0, 11374202.0, 1, 0.0452452472024
2930040.0, 9610948.0, 1, 0.0447403040254
2620044.0, 15355660.0, 1, 0.0270966567784
2449122.0, 17012570.0, 1, 0.0265404499701
3101228.0, 8022508.0, 1, 0.0188732824697
3111134.0, 8006310.0, 1, 0.0181918899066
2930040.0, 9610948.0, 1, 0.0104924485365
3029654.0, 8025666.0, 1, 0.0057255898589
2931800.0, 9033356.0, 1, 0.00058237743587
2708848.0, 11374202.0, 1, 0.0
2620044.0, 15355660.0, 1, 0.0
2708848.0, 11374202.0, 1, 0.0
7822160.0, 2417258.0, 2, inf
2460078.0, 18488074.0, 2, inf
3844532.0, 5348002.0, 2, 0.351700737296
2734046.0, 16004552.0, 2, 0.321371481062
6364030.0, 2579646.0, 2, 0.303341656268
7271426.0, 2471098.0, 2, 0.276137818099
2770078.0, 12685026.0, 2, 0.245666952768
5297866.0, 2815834.0, 2, 0.2299369471
4214980.0, 4526358.0, 2, 0.226447191984
3222434.0, 8948132.0, 2, 0.222469347655
5727766.0, 2567424.0, 2, 0.201050649326
4348020.0, 7203694.0, 2, 0.19214099282
4565334.0, 3217826.0, 2, 0.142523046848
4702044.0, 2484824.0, 2, 0.119529939813
3187026.0, 8003152.0, 2, 0.116317435366
2873300.0, 17018654.0, 2, 0.110886309124
3002376.0, 9607790.0, 2, 0.0989330391157
2815636.0, 11083852.0, 2, 0.0921830490932
2847144.0, 16920620.0, 2, 0.0679183972544
3119642.0, 11366858.0, 2, 0.0679062806261
4359356.0, 3200706.0, 2, 0.0655417033137
2813836.0, 11964086.0, 2, 0.0522897469351
3002376.0, 9607790.0, 2, 0.0472628203284
2969046.0, 12295624.0, 2, 0.0405337122542
4681268.0, 2544022.0, 2, 0.0306354451104
3110342.0, 12085602.0, 2, 0.0279145679856
3040370.0, 12070654.0, 2, 0.027696373076
3180768.0, 12281676.0, 2, 0.0256352941186
2919610.0, 16923230.0, 2, 0.0239562496397
2815636.0, 11083852.0, 2, 0.0234860091828
9868074.0, 3352158.0, 3, inf
10888278.0, 3724780.0, 3, inf
3252946.0, 15350388.0, 3, inf
8294886.0, 19383362.0, 3, inf
5167314.0, 12341664.0, 3, 0.275711022495
7004622.0, 5253408.0, 3, 0.187512584755
7597168.0, 4503274.0, 3, 0.173085120931
4058604.0, 11356486.0, 3, 0.159905980691
5729122.0, 9844606.0, 3, 0.144017757231
10020774.0, 3504572.0, 3, 0.138951663269
3664168.0, 18357784.0, 3, 0.128540102288
4959770.0, 6288908.0, 3, 0.12760616407
6482066.0, 16896314.0, 3, 0.12600874147
3712054.0, 17030042.0, 3, 0.116992952558
8032420.0, 7957604.0, 3, 0.115339576544
5414356.0, 18520840.0, 3, 0.109947021735
9163720.0, 3893156.0, 3, 0.103624217564
8528010.0, 6041512.0, 3, 0.0975526206916
6045060.0, 5473340.0, 3, 0.0969777986503
8877022.0, 4509946.0, 3, 0.093822135206
9752228.0, 3518194.0, 3, 0.0865288544179
4086114.0, 7596174.0, 3, 0.0860596911501
9312278.0, 3404284.0, 3, 0.082098518197
6545942.0, 4672614.0, 3, 0.0787006857247
6383808.0, 9660806.0, 3, 0.078333560291
4274646.0, 8627346.0, 3, 0.0743607084636
5908500.0, 19152746.0, 3, 0.0736747856781
3440644.0, 8021498.0, 3, 0.0641388502638
4422994.0, 7611510.0, 3, 0.0638409310054
3861380.0, 8160426.0, 3, 0.0577702336357
4054476.0, 9034040.0, 3, 0.0520068701675
Generacion: 137
8882256.0, 2410430.0, 1, inf
2398982.0, 17552796.0, 1, inf
6949694.0, 2411920.0, 1, 0.352658277832
3372242.0, 4211528.0, 1, 0.328714033564
5271006.0, 2475908.0, 1, 0.305997968977
2620044.0, 15355660.0, 1, 0.298062859671
2708848.0, 11374202.0, 1, 0.278182234375
3315760.0, 7977806.0, 1, 0.268771633993
6598854.0, 2417386.0, 1, 0.263151728277
4359356.0, 3200706.0, 1, 0.171117696466
3843816.0, 3207366.0, 1, 0.147732503729
4641292.0, 2478828.0, 1, 0.144801747181
3407714.0, 3215066.0, 1, 0.139051751035
2542708.0, 16604288.0, 1, 0.121387214375
2708848.0, 11374202.0, 1, 0.118399135933
2807700.0, 9788770.0, 1, 0.117935481304
3004136.0, 9030198.0, 1, 0.0928893710101
3101228.0, 8022508.0, 1, 0.0841211369787
2589002.0, 16158518.0, 1, 0.0729573220292
2590462.0, 15611076.0, 1, 0.0578086571679
2930040.0, 9610948.0, 1, 0.054524262311
2931800.0, 9033356.0, 1, 0.0493014308476
4641292.0, 2478828.0, 1, 0.0436795069124
2893498.0, 9769524.0, 1, 0.023706085449
3187026.0, 8003152.0, 1, 0.0221094015858
3250830.0, 7997796.0, 1, 0.0215301724197
2807700.0, 9788770.0, 1, 0.0165182381412
3111134.0, 8006310.0, 1, 0.012775528009
2893498.0, 9769524.0, 1, 0.00690735327036
3111134.0, 8006310.0, 1, 0.00173648565496
2931800.0, 9033356.0, 1, 0.000480021714055
2931800.0, 9033356.0, 1, 0.0
2931800.0, 9033356.0, 1, 0.0
2931800.0, 9033356.0, 1, 0.0
2503966.0, 18200964.0, 2, inf
9532122.0, 3342816.0, 2, inf
8514064.0, 2412766.0, 2, inf
2990238.0, 18483774.0, 2, inf
4394674.0, 4814032.0, 2, 0.298136745135
3589630.0, 7996830.0, 2, 0.273233310292
6707578.0, 4037188.0, 2, 0.233383126326
7364622.0, 3464136.0, 2, 0.232482290567
5257730.0, 2829108.0, 2, 0.195711053917
5655420.0, 3751642.0, 2, 0.180197510377
9524756.0, 3323634.0, 2, 0.176819101934
2660164.0, 18006986.0, 2, 0.149697811398
4653426.0, 4763598.0, 2, 0.127441553294
2661416.0, 16155204.0, 2, 0.124985030421
6975106.0, 4484670.0, 2, 0.122982247403
2742406.0, 13305900.0, 2, 0.113610232646
3633318.0, 8948704.0, 2, 0.113148789907
3366350.0, 10304898.0, 2, 0.100948697439
2662876.0, 15607762.0, 2, 0.098288211554
2896598.0, 14534186.0, 2, 0.0926540211791
3076874.0, 11368280.0, 2, 0.0897915511493
2709182.0, 14528704.0, 2, 0.0864893876487
3972028.0, 3559966.0, 2, 0.0803448039407
3215876.0, 9194028.0, 2, 0.0765413834542
5630574.0, 4739434.0, 2, 0.0714936354485
3861300.0, 11621898.0, 2, 0.0652496000353
3116636.0, 10197850.0, 2, 0.0631546203122
3521162.0, 12077946.0, 2, 0.0629113776082
3413508.0, 12287978.0, 2, 0.0598022546983
2770078.0, 12685026.0, 2, 0.0528823571024
3061516.0, 12785266.0, 2, 0.0492331064468
3002376.0, 9607790.0, 2, 0.0451305302567
3955730.0, 11679660.0, 2, 0.0441319775412
2734046.0, 16004552.0, 2, 0.0282275717382
3002376.0, 9607790.0, 2, 0.02747291815
5649820.0, 4511200.0, 2, 0.0193876060128
2951308.0, 14533130.0, 2, 0.0136646628741
2734046.0, 16004552.0, 2, 0.0105636487338
3002376.0, 9607790.0, 2, 0.0
3002376.0, 9607790.0, 2, 0.0
5397820.0, 18704416.0, 3, inf
11291266.0, 3912278.0, 3, inf
2775676.0, 16742624.0, 3, inf
12142764.0, 16992228.0, 3, inf
10466642.0, 14537838.0, 3, 0.216204214136
3860552.0, 12571036.0, 3, 0.192993196053
5242492.0, 15678938.0, 3, 0.178397358699
7268772.0, 9117976.0, 3, 0.162289372915
4298368.0, 13954216.0, 3, 0.160427448384
10962172.0, 9475546.0, 3, 0.154494088665
9262926.0, 6829578.0, 3, 0.135647973683
3078254.0, 16972282.0, 3, 0.132691949686
9685952.0, 4537796.0, 3, 0.119021306384
4738868.0, 17347806.0, 3, 0.109570433823
5831408.0, 7613836.0, 3, 0.104909575622
6490530.0, 5434050.0, 3, 0.102193238474
3983868.0, 10439296.0, 3, 0.100791667589
7868484.0, 12515398.0, 3, 0.0975671926196
8411396.0, 6171774.0, 3, 0.0950531884823
11964436.0, 4004678.0, 3, 0.0943555985544
5004242.0, 14496172.0, 3, 0.0932201463423
6153448.0, 12077358.0, 3, 0.0900245427794
5823902.0, 18679424.0, 3, 0.0847361930331
9025962.0, 4557454.0, 3, 0.080848542143
6233372.0, 8225836.0, 3, 0.0796551135831
8122558.0, 8408248.0, 3, 0.0768491553943
Generacion: 138
8882256.0, 2410430.0, 1, inf
8882256.0, 2410430.0, 1, inf
2398982.0, 17552796.0, 1, inf
6598854.0, 2417386.0, 1, 0.355595203277
3259056.0, 4136098.0, 1, 0.309114400297
5676694.0, 2468814.0, 1, 0.305997968977
2669980.0, 12094682.0, 1, 0.286674646799
3250500.0, 7997292.0, 1, 0.27840426893
4641292.0, 2478828.0, 1, 0.256797094616
2662876.0, 15607762.0, 1, 0.255427966933
3426032.0, 3726542.0, 1, 0.183454776294
4241394.0, 3652512.0, 1, 0.157914941069
2482346.0, 15789686.0, 1, 0.146824774472
6598854.0, 2417386.0, 1, 0.142696150672
4438036.0, 3464314.0, 1, 0.111929356238
2834788.0, 10506968.0, 1, 0.0857644431783
3070250.0, 9029038.0, 1, 0.0815571970806
2893498.0, 9769524.0, 1, 0.0738650109408
3094848.0, 8023446.0, 1, 0.0738469052615
2710608.0, 10796588.0, 1, 0.0486892762672
2931800.0, 9033356.0, 1, 0.0483364862841
2708848.0, 11374202.0, 1, 0.0478518789258
2708848.0, 11374202.0, 1, 0.044140677099
2930040.0, 9610948.0, 1, 0.0437804548715
4352812.0, 3499928.0, 1, 0.0427592360995
2523338.0, 15619968.0, 1, 0.0398597377748
2776722.0, 10795458.0, 1, 0.0382803722004
3111134.0, 8006310.0, 1, 0.0257354472446
2997880.0, 9031936.0, 1, 0.0216401114098
2930040.0, 9610948.0, 1, 0.0107438074395
2931800.0, 9033356.0, 1, 0.000365244406467
2931800.0, 9033356.0, 1, 0.0
2931800.0, 9033356.0, 1, 0.0
2708848.0, 11374202.0, 1, 0.0
2930040.0, 9610948.0, 1, 0.0
2930040.0, 9610948.0, 1, 0.0
2930040.0, 9610948.0, 1, 0.0
2930040.0, 9610948.0, 1, 0.0
2931800.0, 9033356.0, 1, 0.0
2931800.0, 9033356.0, 1, 0.0
8648444.0, 2602386.0, 2, inf
2503966.0, 18200964.0, 2, inf
7656200.0, 2429670.0, 2, inf
5444350.0, 2679622.0, 2, 0.518728184156
3586778.0, 6747008.0, 2, 0.342413403552
3956562.0, 4244524.0, 2, 0.23550230147
3998676.0, 9064450.0, 2, 0.216280472894
4824254.0, 3514524.0, 2, 0.187064147037
8648444.0, 2602386.0, 2, 0.172436772484
2589002.0, 16158518.0, 2, 0.142914704679
2814870.0, 13302404.0, 2, 0.139567574503
2542708.0, 16604288.0, 2, 0.137900639701
2899212.0, 10798832.0, 2, 0.133057199047
4531976.0, 3661956.0, 2, 0.118920514154
3181100.0, 11959808.0, 2, 0.114915775875
3306542.0, 14688978.0, 2, 0.114713723045
3486918.0, 14535654.0, 2, 0.106020338158
4173918.0, 9793308.0, 2, 0.0986121923422
2987686.0, 12698768.0, 2, 0.0840047394356
3753570.0, 12068090.0, 2, 0.0672098547817
4659610.0, 3615640.0, 2, 0.056915711571
3255642.0, 13130722.0, 2, 0.0566095103948
3044046.0, 10201556.0, 2, 0.0550342729635
3366350.0, 10304898.0, 2, 0.048923483369
3040370.0, 12070654.0, 2, 0.0467706814645
3413170.0, 9600134.0, 2, 0.0425680812874
3527456.0, 9794188.0, 2, 0.0421375015379
3416224.0, 16244358.0, 2, 0.040266964779
3002376.0, 9607790.0, 2, 0.0179464552384
3293760.0, 10300932.0, 2, 0.0148363985226
3002376.0, 9607790.0, 2, 0.00287620344527
8381574.0, 3262652.0, 3, inf
12215838.0, 3916196.0, 3, inf
6559272.0, 20611830.0, 3, inf
2703008.0, 16746486.0, 3, inf
10958124.0, 12414128.0, 3, 0.25675826069
3589630.0, 7996830.0, 3, 0.234313297176
9067304.0, 4450054.0, 3, 0.216734096929
4889242.0, 18484052.0, 3, 0.192292872797
7252848.0, 6217104.0, 3, 0.175448882194
3957160.0, 15347598.0, 3, 0.138806356203
11884264.0, 18116434.0, 3, 0.131970548163
3980974.0, 16330826.0, 3, 0.116489049071
9059024.0, 13071636.0, 3, 0.114732400107
11291266.0, 3912278.0, 3, 0.106841767717
5745784.0, 11008646.0, 3, 0.100116494416
4298268.0, 9594458.0, 3, 0.0995722958324
7145380.0, 12424682.0, 3, 0.0952179409406
7650338.0, 5009838.0, 3, 0.0947756719077
3649336.0, 8652836.0, 3, 0.0889083102298
3596440.0, 14112508.0, 3, 0.0885068271575
5589048.0, 14527480.0, 3, 0.0859424035014
5327556.0, 12026124.0, 3, 0.0837657032885
8281296.0, 11870732.0, 3, 0.0833013120651
6043770.0, 10431600.0, 3, 0.0825416548334
5428684.0, 5357980.0, 3, 0.082374764706
6707578.0, 4037188.0, 3, 0.0785725969852
8102384.0, 4549616.0, 3, 0.0776762960145
8506768.0, 17351838.0, 3, 0.0712905321538
4811442.0, 11944678.0, 3, 0.0710806251132
Generacion: 139
8990616.0, 2411938.0, 1, inf
2367888.0, 18355602.0, 1, inf
6632364.0, 2471886.0, 1, 0.301077681165
5333146.0, 2472814.0, 1, 0.301077681165
3472440.0, 4782792.0, 1, 0.285891664326
2669980.0, 12094682.0, 1, 0.263129366373
2620044.0, 15355660.0, 1, 0.227143620115
3450006.0, 7948446.0, 1, 0.216127055784
7324218.0, 2465872.0, 1, 0.204895869788
7976588.0, 2441202.0, 1, 0.163051416878
2482346.0, 15789686.0, 1, 0.156113266731
8383304.0, 2415896.0, 1, 0.154948802061
3809080.0, 4254726.0, 1, 0.152400799749
4641292.0, 2478828.0, 1, 0.126228241263
4571264.0, 3355440.0, 1, 0.116647789551
2398982.0, 17552796.0, 1, 0.115278784446
4123314.0, 3442218.0, 1, 0.103041043376
3929204.0, 3452586.0, 1, 0.0984090034161
2851074.0, 10490116.0, 1, 0.0819800553704
3070250.0, 9029038.0, 1, 0.0789172219201
2776722.0, 10795458.0, 1, 0.0769260569533
3101228.0, 8022508.0, 1, 0.0703196462305
2893498.0, 9769524.0, 1, 0.0670656408366
4639786.0, 2825788.0, 1, 0.0655557314592
2398982.0, 17552796.0, 1, 0.0629402288439
2708848.0, 11374202.0, 1, 0.0554377576405
2521342.0, 15358350.0, 1, 0.0480142094972
2931800.0, 9033356.0, 1, 0.0462048168923
2708848.0, 11374202.0, 1, 0.0421681904884
2930040.0, 9610948.0, 1, 0.0417447212942
3368298.0, 7977936.0, 1, 0.0331881063412
3250500.0, 7997292.0, 1, 0.0304371986537
3176174.0, 8000694.0, 1, 0.0216092106559
3111134.0, 8006310.0, 1, 0.0126846770927
2997880.0, 9031936.0, 1, 0.011016584699
2930040.0, 9610948.0, 1, 0.0102117714513
2997880.0, 9031936.0, 1, 0.0101595264246
4641292.0, 2478828.0, 1, 0.000604601871842
2931800.0, 9033356.0, 1, 0.000354815107996
2997880.0, 9031936.0, 1, 0.0
2708848.0, 11374202.0, 1, 0.0
2708848.0, 11374202.0, 1, 0.0
2708848.0, 11374202.0, 1, 0.0
2931800.0, 9033356.0, 1, 0.0
2931800.0, 9033356.0, 1, 0.0
2997880.0, 9031936.0, 1, 0.0
2997880.0, 9031936.0, 1, 0.0
9440650.0, 2428180.0, 2, inf
2606628.0, 17614730.0, 2, inf
2542708.0, 16604288.0, 2, inf
4393168.0, 4287316.0, 2, 0.379036356438
3440644.0, 8021498.0, 2, 0.318562177711
7743732.0, 3125794.0, 2, 0.280260668128
5220844.0, 3495756.0, 2, 0.267370669114
6600422.0, 3217760.0, 2, 0.262872201399
6986446.0, 3230756.0, 2, 0.18405194556
8648444.0, 2602386.0, 2, 0.180538829143
2688856.0, 14544364.0, 2, 0.158732452093
8901664.0, 2620632.0, 2, 0.149311952089
4011790.0, 12216604.0, 2, 0.148194230097
2692510.0, 15352242.0, 2, 0.142419884042
3255642.0, 13130722.0, 2, 0.125660604058
3521162.0, 12077946.0, 2, 0.113473755433
4885006.0, 3528384.0, 2, 0.108380566692
4250518.0, 13059144.0, 2, 0.102556834435
3150098.0, 8953482.0, 2, 0.0868351556913
2916114.0, 10484506.0, 2, 0.085487359404
4824254.0, 3514524.0, 2, 0.0734506162719
2737820.0, 11515610.0, 2, 0.0731560407104
3116636.0, 10197850.0, 2, 0.0728432607296
3409708.0, 10913660.0, 2, 0.0719659665604
3045846.0, 9321344.0, 2, 0.054334756305
3342290.0, 9034188.0, 2, 0.046557948905
3002376.0, 9607790.0, 2, 0.0451559972279
4100942.0, 11364348.0, 2, 0.0447969407167
3487694.0, 11360884.0, 2, 0.0413495432558
3002376.0, 9607790.0, 2, 0.0313672908319
2735614.0, 12085032.0, 2, 0.0156989418011
3002376.0, 9607790.0, 2, 0.0
14306360.0, 20753352.0, 3, inf
2669312.0, 16730566.0, 3, inf
12469086.0, 3006372.0, 3, inf
2767034.0, 17546822.0, 3, 0.253594842655
4998164.0, 7066792.0, 3, 0.218006861114
6043854.0, 9560202.0, 3, 0.21465399958
7485112.0, 18980826.0, 3, 0.18440897518
4474960.0, 5347422.0, 3, 0.179036538159
7252574.0, 14522674.0, 3, 0.162017680444
7782314.0, 10431904.0, 3, 0.13900545198
6787388.0, 3915346.0, 3, 0.13238061032
11344392.0, 4297356.0, 3, 0.132317856136
7454828.0, 12689614.0, 3, 0.131584272528
10860644.0, 11669124.0, 3, 0.126929113232
2704508.0, 15896424.0, 3, 0.118254829605
7301478.0, 20615300.0, 3, 0.117257793933
5334120.0, 6140772.0, 3, 0.11543362889
4767498.0, 14780930.0, 3, 0.103671757341
10168922.0, 17180296.0, 3, 0.100399972996
8853152.0, 4339102.0, 3, 0.0994935281051
10532140.0, 10396508.0, 3, 0.0982871840081
Generacion: 140
2367888.0, 18355602.0, 1, inf
2367888.0, 18355602.0, 1, inf
8383304.0, 2415896.0, 1, inf
3937432.0, 3689332.0, 1, 0.332345906115
3531628.0, 7122048.0, 1, 0.32288856775
7245648.0, 2419760.0, 1, 0.304790478565
2620044.0, 15355660.0, 1, 0.229460340926
6063090.0, 2470490.0, 1, 0.205837221219
2669980.0, 12094682.0, 1, 0.20487464854
6553702.0, 2426070.0, 1, 0.199770518454
5333146.0, 2472814.0, 1, 0.180885149145
2398982.0, 17552796.0, 1, 0.180003814809
2482346.0, 15789686.0, 1, 0.158012743836
4146950.0, 3455038.0, 1, 0.153955474662
2807700.0, 9788770.0, 1, 0.119864922525
2774516.0, 11364856.0, 1, 0.115897430046
4712430.0, 3288924.0, 1, 0.114585815568
5003136.0, 2545070.0, 1, 0.0788343858377
3070250.0, 9029038.0, 1, 0.0782399319271
4890978.0, 2557750.0, 1, 0.0758563240111
3094848.0, 8023446.0, 1, 0.068295851649
4773848.0, 3146628.0, 1, 0.0653936900365
3432338.0, 7497678.0, 1, 0.0642162313545
3295756.0, 7520620.0, 1, 0.0536243976004
2930040.0, 9610948.0, 1, 0.0525518476012
2671740.0, 11517034.0, 1, 0.0516617303138
2931800.0, 9033356.0, 1, 0.0472211599556
2669980.0, 12094682.0, 1, 0.0445409020308
2521342.0, 15358350.0, 1, 0.0434686492755
3292406.0, 7981642.0, 1, 0.037404788905
2893498.0, 9769524.0, 1, 0.0314936602224
3176174.0, 8000694.0, 1, 0.0237571368728
3250830.0, 7997796.0, 1, 0.0205176085966
2708848.0, 11374202.0, 1, 0.0198773857679
4750318.0, 3227384.0, 1, 0.0191372409969
3111134.0, 8006310.0, 1, 0.0138275208473
3004136.0, 9030198.0, 1, 0.0122125657739
2997880.0, 9031936.0, 1, 0.0110941448149
2708848.0, 11374202.0, 1, 0.00675515144811
2521342.0, 15358350.0, 1, 0.00665143812934
3101228.0, 8022508.0, 1, 0.00378242837495
2997880.0, 9031936.0, 1, 0.0011290802823
2931800.0, 9033356.0, 1, 0.000381667302048
2669980.0, 12094682.0, 1, 0.0
2997880.0, 9031936.0, 1, 0.0
2997880.0, 9031936.0, 1, 0.0
9440650.0, 2428180.0, 2, inf
2669312.0, 16730566.0, 2, inf
2542708.0, 16604288.0, 2, inf
4352876.0, 6836348.0, 2, 0.396350724602
5352544.0, 4328294.0, 2, 0.382691926373
2692510.0, 15352242.0, 2, 0.314780093244
7976588.0, 2441202.0, 2, 0.309456152474
3208916.0, 12343324.0, 2, 0.286462196302
5451514.0, 2478718.0, 2, 0.251208152642
6618682.0, 3439516.0, 2, 0.240100039198
3450006.0, 7948446.0, 2, 0.222553046829
4438036.0, 3464314.0, 2, 0.207064584158
7324218.0, 2465872.0, 2, 0.197018571815
2788046.0, 11435048.0, 2, 0.162381632809
2916114.0, 10484506.0, 2, 0.157858954878
3264040.0, 16599244.0, 2, 0.104224004719
6632364.0, 2471886.0, 2, 0.103180272767
3166456.0, 8020548.0, 2, 0.0767355102413
3150098.0, 8953482.0, 2, 0.0708335363866
3002376.0, 9607790.0, 2, 0.0690258275085
3045846.0, 9321344.0, 2, 0.0354019497198
3253220.0, 9257070.0, 2, 0.0336949124706
2995674.0, 9601300.0, 2, 0.0325333161244
3368298.0, 7977936.0, 2, 0.0320008919597
3150098.0, 8953482.0, 2, 0.0235978203233
3111440.0, 9321104.0, 2, 0.0196074287583
9314832.0, 2844918.0, 3, inf
5131024.0, 19121984.0, 3, inf
3216222.0, 8950104.0, 3, inf
10029086.0, 3735766.0, 3, inf
4250518.0, 13059144.0, 3, 0.280069474259
5388616.0, 15865858.0, 3, 0.26390995423
7025522.0, 17187028.0, 3, 0.210601312886
3769180.0, 18947428.0, 3, 0.185734147449
8388042.0, 4105694.0, 3, 0.18077033505
5566612.0, 5511612.0, 3, 0.178981747409
6026954.0, 16869240.0, 3, 0.166130669863
5363368.0, 7514232.0, 3, 0.162018477711
8888184.0, 3886114.0, 3, 0.153884340149
7551406.0, 3203816.0, 3, 0.135131835677
6604672.0, 9605966.0, 3, 0.121361597345
7796048.0, 3579830.0, 3, 0.116148773003
5755096.0, 11949436.0, 3, 0.112278512312
9375508.0, 3688818.0, 3, 0.108280920123
4612864.0, 10903422.0, 3, 0.102797865404
4524996.0, 10505810.0, 3, 0.0902552309359
4011790.0, 12216604.0, 3, 0.0891511949184
3456440.0, 8183868.0, 3, 0.0835219323462
4435492.0, 9852430.0, 3, 0.0711070385103
5323324.0, 4832834.0, 3, 0.0680125735244
4785516.0, 4399780.0, 3, 0.0657776716967
7784662.0, 4747358.0, 3, 0.0625139970047
4054834.0, 9318424.0, 3, 0.061009700696
4435854.0, 8285796.0, 3, 0.0601780238558
Generacion: 141
5894434.0, 2423296.0, 1, inf
2367888.0, 18355602.0, 1, inf
2367888.0, 18355602.0, 1, inf
3659946.0, 6025482.0, 1, 0.277698785969
4240098.0, 3345098.0, 1, 0.274930459073
2620044.0, 15355660.0, 1, 0.246994250547
3809080.0, 4254726.0, 1, 0.209883494965
2669980.0, 12094682.0, 1, 0.205176160072
5219180.0, 2832104.0, 1, 0.200888850243
2398982.0, 17552796.0, 1, 0.193507257184
5333146.0, 2472814.0, 1, 0.181711868904
3839394.0, 3492268.0, 1, 0.179314310685
4750318.0, 3227384.0, 1, 0.163809138839
4773848.0, 3146628.0, 1, 0.15776215395
3368298.0, 7977936.0, 1, 0.133575029196
3540080.0, 7463814.0, 1, 0.127580363708
2769594.0, 10509192.0, 1, 0.12754134332
2482346.0, 15789686.0, 1, 0.121720419788
3094848.0, 8023446.0, 1, 0.094605632411
2708848.0, 11374202.0, 1, 0.0910055909915
3004136.0, 9030198.0, 1, 0.0907950257403
3536086.0, 7498554.0, 1, 0.0809802702186
2807700.0, 9788770.0, 1, 0.0799088534467
3176174.0, 8000694.0, 1, 0.0747032536526
2930040.0, 9610948.0, 1, 0.0709440494817
2521342.0, 15358350.0, 1, 0.0662880194929
2671740.0, 11517034.0, 1, 0.0562428749072
2931800.0, 9033356.0, 1, 0.0549907626112
2482346.0, 15789686.0, 1, 0.0507120367346
2669980.0, 12094682.0, 1, 0.050416427087
5333146.0, 2472814.0, 1, 0.0354246313379
3111134.0, 8006310.0, 1, 0.0244891333709
2807700.0, 9788770.0, 1, 0.0219665698873
2997880.0, 9031936.0, 1, 0.0188469677331
2930040.0, 9610948.0, 1, 0.0116601680993
2997880.0, 9031936.0, 1, 0.00186310082644
2931800.0, 9033356.0, 1, 0.000588198981969
2482346.0, 15789686.0, 1, 0.0
2997880.0, 9031936.0, 1, 0.0
2367888.0, 18355602.0, 1, 0.0
2706154.0, 15323698.0, 2, inf
6553702.0, 2426070.0, 2, inf
3937432.0, 3689332.0, 2, 0.50945902912
3677614.0, 6476250.0, 2, 0.416150766454
4779244.0, 3598286.0, 2, 0.39305558561
5502692.0, 3493102.0, 2, 0.335776320439
6468580.0, 2537750.0, 2, 0.302493627917
2735614.0, 12085032.0, 2, 0.278250614883
3628336.0, 8200438.0, 2, 0.216582194351
3190260.0, 9180252.0, 2, 0.206934596174
5391194.0, 2804358.0, 2, 0.185519098749
3166456.0, 8020548.0, 2, 0.154168339824
2774516.0, 11364856.0, 2, 0.0922342880744
5407706.0, 2823796.0, 2, 0.0823798025816
2810486.0, 11025466.0, 2, 0.0767346719161
3044046.0, 10201556.0, 2, 0.0717157751832
3002376.0, 9607790.0, 2, 0.0695257385229
2851074.0, 10490116.0, 2, 0.067236794391
2813836.0, 11964086.0, 2, 0.0621540946334
3028924.0, 9621878.0, 2, 0.0568671114033
2834788.0, 10506968.0, 2, 0.0444338611005
3111440.0, 9321104.0, 2, 0.0422866130829
3045846.0, 9321344.0, 2, 0.0397438988574
2834788.0, 10506968.0, 2, 0.00675214293936
3663632.0, 17548702.0, 3, inf
3210792.0, 10457998.0, 3, inf
10151974.0, 3745678.0, 3, inf
6476266.0, 3152848.0, 3, inf
4389700.0, 14513562.0, 3, 0.306115598261
8787282.0, 3766896.0, 3, 0.246903608655
7654066.0, 3893758.0, 3, 0.231094950593
3932022.0, 16748072.0, 3, 0.207652731269
8481620.0, 3511750.0, 3, 0.20094106788
7169310.0, 4440898.0, 3, 0.178015160905
6412626.0, 6482538.0, 3, 0.175311121563
4780766.0, 5641678.0, 3, 0.160838569471
6444710.0, 12679928.0, 3, 0.153987802062
4872820.0, 4866346.0, 3, 0.110377208057
6138998.0, 17251132.0, 3, 0.108022242486
6776442.0, 4811120.0, 3, 0.103513502348
5184066.0, 9788708.0, 3, 0.103117924859
4158250.0, 7598128.0, 3, 0.102439759503
3224794.0, 12033488.0, 3, 0.0933234756872
6529394.0, 11546898.0, 3, 0.0896643029439
3843044.0, 10845772.0, 3, 0.081009321403
5218096.0, 9332748.0, 3, 0.0805782283217
3964438.0, 12428764.0, 3, 0.0766380955926
4152290.0, 11365252.0, 3, 0.076625373609
3433362.0, 9689622.0, 3, 0.0738080600497
5807410.0, 4636266.0, 3, 0.0730187200233
5758708.0, 7613650.0, 3, 0.0708510913156
4317960.0, 8900354.0, 3, 0.0647214155766
4481246.0, 8345868.0, 3, 0.0640519365633
6171176.0, 3695302.0, 3, 0.0542281315483
5460778.0, 4703352.0, 3, 0.0522297989481
4481246.0, 8345868.0, 3, 0.0518906127469
4818384.0, 8471680.0, 3, 0.0504381266758
5676154.0, 8881050.0, 3, 0.0429370314405
3751436.0, 9486452.0, 3, 0.0417662201725
5667366.0, 3835790.0, 3, 0.0347200895735
Generacion: 142
2367888.0, 18355602.0, 1, inf
7025754.0, 2417478.0, 1, inf
5894434.0, 2423296.0, 1, 0.366858937084
3543502.0, 4506680.0, 1, 0.299295051652
2521342.0, 15358350.0, 1, 0.272117565417
4559462.0, 2568108.0, 1, 0.267415585981
3432338.0, 7497678.0, 1, 0.266681678514
4240098.0, 3345098.0, 1, 0.212367868674
2669980.0, 12094682.0, 1, 0.205149006673
2466980.0, 16741298.0, 1, 0.185565403215
5236474.0, 2492360.0, 1, 0.172081671764
3838982.0, 3487540.0, 1, 0.13466725754
3656514.0, 3494554.0, 1, 0.127380311192
5333146.0, 2472814.0, 1, 0.121729619589
2482346.0, 15789686.0, 1, 0.0984408204072
2769594.0, 10509192.0, 1, 0.0840779022223
3094848.0, 8023446.0, 1, 0.0839298494146
3070250.0, 9029038.0, 1, 0.0772875520032
2893498.0, 9769524.0, 1, 0.0740397719987
2931800.0, 9033356.0, 1, 0.0686880526167
2669980.0, 12094682.0, 1, 0.0681543412924
2710608.0, 10796588.0, 1, 0.0673146068911
2807700.0, 9788770.0, 1, 0.0636212025072
3315760.0, 7977806.0, 1, 0.0604072633908
2671740.0, 11517034.0, 1, 0.0535494121885
2708848.0, 11374202.0, 1, 0.0442077665322
3166456.0, 8020548.0, 1, 0.035097216374
3250830.0, 7997796.0, 1, 0.0294813450286
5333146.0, 2472814.0, 1, 0.0238614588439
3004136.0, 9030198.0, 1, 0.0157189861783
3292406.0, 7981642.0, 1, 0.0151940854163
2997880.0, 9031936.0, 1, 0.0142958009026
2807700.0, 9788770.0, 1, 0.00938854450308
2708848.0, 11374202.0, 1, 0.00933951240643
3070250.0, 9029038.0, 1, 0.00535374059862
2997880.0, 9031936.0, 1, 0.00143219888237
2997880.0, 9031936.0, 1, 0.0
5333146.0, 2472814.0, 1, 0.0
2708848.0, 11374202.0, 1, 0.0
9969910.0, 2796080.0, 2, inf
6553702.0, 2426070.0, 2, inf
3426338.0, 18115236.0, 2, inf
2581652.0, 16172952.0, 2, inf
3659946.0, 6025482.0, 2, 0.256977718477
3128782.0, 12169966.0, 2, 0.253026139533
2706154.0, 15323698.0, 2, 0.239275223725
3755718.0, 3691576.0, 2, 0.18484698861
6542480.0, 2865822.0, 2, 0.168626387958
3536086.0, 7498554.0, 2, 0.167055997045
4779244.0, 3598286.0, 2, 0.158686945062
5563074.0, 2810478.0, 2, 0.14516359542
4960526.0, 3372234.0, 2, 0.142354263048
3937432.0, 3689332.0, 2, 0.121498143001
3925516.0, 8171792.0, 2, 0.117114230378
2737820.0, 11515610.0, 2, 0.0870697542623
5486066.0, 2830252.0, 2, 0.0850823428177
3293760.0, 10300932.0, 2, 0.0843195245517
3216222.0, 8950104.0, 2, 0.0782861914816
2916114.0, 10484506.0, 2, 0.0714003289287
2810486.0, 11025466.0, 2, 0.0561254905915
3002376.0, 9607790.0, 2, 0.0530678161509
3649862.0, 15831376.0, 2, 0.052577432426
2590462.0, 15611076.0, 2, 0.0492098413373
3114122.0, 11013660.0, 2, 0.0368270822534
3190260.0, 9180252.0, 2, 0.0354818865847
3068044.0, 9598402.0, 2, 0.0330346659843
3111440.0, 9321104.0, 2, 0.0328888024504
3002376.0, 9607790.0, 2, 0.0122739279902
3002376.0, 9607790.0, 2, 0.0
3983868.0, 10439296.0, 3, inf
7712512.0, 2433274.0, 3, inf
11345048.0, 3544534.0, 3, inf
11225486.0, 22847908.0, 3, inf
4298262.0, 16742286.0, 3, 0.385594657212
10044706.0, 13315804.0, 3, 0.209180367353
6493662.0, 15651778.0, 3, 0.205000127998
10151974.0, 3745678.0, 3, 0.160039477286
9679754.0, 3325630.0, 3, 0.139314261361
5758708.0, 7613650.0, 3, 0.138973193279
4701772.0, 12457460.0, 3, 0.119568957186
8199242.0, 3348034.0, 3, 0.113650178348
5028934.0, 6207042.0, 3, 0.106810587439
9067350.0, 10188740.0, 3, 0.10089229902
8634758.0, 3768598.0, 3, 0.100350266394
7390252.0, 3712180.0, 3, 0.09946339125
6217914.0, 11677146.0, 3, 0.0980726904031
4923082.0, 7998690.0, 3, 0.0940881307336
4314856.0, 8627112.0, 3, 0.0921971618429
6999530.0, 4656368.0, 3, 0.0811572303868
6738386.0, 5871790.0, 3, 0.0788419956616
4486902.0, 4986406.0, 3, 0.0767330677622
9344626.0, 10797626.0, 3, 0.0727256057622
7862910.0, 3641424.0, 3, 0.0713805569606
5742870.0, 4768366.0, 3, 0.0701950567848
9349036.0, 11899420.0, 3, 0.065161331013
5326616.0, 4736654.0, 3, 0.0648320826079
8816584.0, 3692470.0, 3, 0.0617193509308
6130246.0, 12077986.0, 3, 0.0608954096206
4062378.0, 12084498.0, 3, 0.0579233301934
5081248.0, 5261816.0, 3, 0.0553776797718
Generacion: 143
6569386.0, 2432202.0, 1, inf
2369348.0, 17808138.0, 1, inf
2369348.0, 17808138.0, 1, inf
4402816.0, 2552114.0, 1, 0.388541336939
5333146.0, 2472814.0, 1, 0.299497603669
2669980.0, 12094682.0, 1, 0.285635205744
5333146.0, 2472814.0, 1, 0.224146408862
2521342.0, 15358350.0, 1, 0.219442388282
3432338.0, 7497678.0, 1, 0.209727021941
3969316.0, 3454150.0, 1, 0.195081987687
3654862.0, 5199354.0, 1, 0.191613348357
3656514.0, 3494554.0, 1, 0.155168416949
2521342.0, 15358350.0, 1, 0.124325663932
3523364.0, 6046974.0, 1, 0.122111345846
3176174.0, 8000694.0, 1, 0.109556193195
2491168.0, 16725824.0, 1, 0.102885578111
2428796.0, 17027890.0, 1, 0.092629247502
2769594.0, 10509192.0, 1, 0.0886620816546
3548794.0, 6046436.0, 1, 0.0864351644592
3070250.0, 9029038.0, 1, 0.0826311727595
3838982.0, 3487540.0, 1, 0.0771037353034
3094848.0, 8023446.0, 1, 0.0728370282462
2710608.0, 10796588.0, 1, 0.0707205906439
2931800.0, 9033356.0, 1, 0.0636111217989
2807700.0, 9788770.0, 1, 0.0623841987533
2671740.0, 11517034.0, 1, 0.0561118371893
2893498.0, 9769524.0, 1, 0.0527755055497
2708848.0, 11374202.0, 1, 0.0464012614509
2466980.0, 16741298.0, 1, 0.0243979908895
3111134.0, 8006310.0, 1, 0.0192628346471
2997880.0, 9031936.0, 1, 0.0173231485846
2872928.0, 9786840.0, 1, 0.016656511021
2997880.0, 9031936.0, 1, 0.0159216673162
2893498.0, 9769524.0, 1, 0.0102456166434
2466980.0, 16741298.0, 1, 0.0100977240745
2708848.0, 11374202.0, 1, 0.00970836449084
2931800.0, 9033356.0, 1, 0.00921179340165
2807700.0, 9788770.0, 1, 0.00919829586967
3070250.0, 9029038.0, 1, 0.00604509000906
2872928.0, 9786840.0, 1, 0.00502309555005
3101228.0, 8022508.0, 1, 0.0049920527034
2931800.0, 9033356.0, 1, 0.0
2931800.0, 9033356.0, 1, 0.0
2997880.0, 9031936.0, 1, 0.0
5333146.0, 2472814.0, 1, 0.0
2708848.0, 11374202.0, 1, 0.0
2708848.0, 11374202.0, 1, 0.0
8901336.0, 3332284.0, 2, inf
5508012.0, 2486740.0, 2, inf
3192468.0, 16714572.0, 2, inf
2581652.0, 16172952.0, 2, inf
4593166.0, 4581432.0, 2, 0.303970615148
8315990.0, 2685506.0, 2, 0.293226237531
3536086.0, 7498554.0, 2, 0.25667958532
7192036.0, 3365594.0, 2, 0.248154952922
3734574.0, 6027520.0, 2, 0.233336064479
6809134.0, 3496564.0, 2, 0.217347935335
5922692.0, 3358320.0, 2, 0.199512436891
3829602.0, 11518070.0, 2, 0.186336375888
3212508.0, 14933252.0, 2, 0.174167574514
3629696.0, 13965542.0, 2, 0.169541181844
5385034.0, 3737584.0, 2, 0.150460363529
3177000.0, 12779112.0, 2, 0.141256130728
4947448.0, 3600244.0, 2, 0.117592603027
3192740.0, 9032462.0, 2, 0.111102737946
5563074.0, 2810478.0, 2, 0.111075852441
2845458.0, 10712794.0, 2, 0.109802589286
3068044.0, 9598402.0, 2, 0.109319285351
3312942.0, 10346994.0, 2, 0.0988609466543
3080644.0, 12087338.0, 2, 0.0954988548546
4733462.0, 3702734.0, 2, 0.0657129927649
3342290.0, 9034188.0, 2, 0.0555964990215
3134030.0, 11248412.0, 2, 0.0549061190074
2774516.0, 11364856.0, 2, 0.0500684935756
3111440.0, 9321104.0, 2, 0.0458265333617
3650712.0, 11369168.0, 2, 0.0272233517327
3119642.0, 11366858.0, 2, 0.00387761377453
11837150.0, 4807094.0, 3, inf
4945838.0, 20647762.0, 3, inf
6633052.0, 3647676.0, 3, inf
3671438.0, 7950926.0, 3, inf
7464154.0, 16082812.0, 3, 0.333001897944
10653492.0, 4559384.0, 3, 0.250215168577
6219252.0, 15654766.0, 3, 0.162485321196
5057714.0, 14351910.0, 3, 0.155270440716
4635284.0, 5895490.0, 3, 0.150848892342
9797946.0, 4517820.0, 3, 0.127926893888
4869094.0, 6706696.0, 3, 0.127049337788
6248700.0, 12201626.0, 3, 0.12630081241
5737974.0, 8936724.0, 3, 0.117993364156
9019726.0, 7532274.0, 3, 0.117859757388
8794060.0, 13347062.0, 3, 0.114211559247
9188606.0, 10346280.0, 3, 0.101163731989
9604488.0, 10596394.0, 3, 0.0935877774828
5513530.0, 13054252.0, 3, 0.0922681773708
8233332.0, 4597394.0, 3, 0.0894811571451
7925736.0, 11023432.0, 3, 0.0875279030631
7527148.0, 11197792.0, 3, 0.0834903472304
7206254.0, 9776810.0, 3, 0.0763431701063
4053400.0, 9609436.0, 3, 0.072567681113
Generacion: 144
2328942.0, 18642252.0, 1, inf
9253750.0, 2411818.0, 1, inf
2521342.0, 15358350.0, 1, 0.290599471623
7822160.0, 2417258.0, 1, 0.28991650785
6349256.0, 2471570.0, 1, 0.271204532697
3472440.0, 4782792.0, 1, 0.269228838914
2671740.0, 11517034.0, 1, 0.242032351088
3402038.0, 7978702.0, 1, 0.223088026071
7271426.0, 2471098.0, 1, 0.216045921724
5396084.0, 2477420.0, 1, 0.212479480728
3733910.0, 4386846.0, 1, 0.150339743474
3852392.0, 3233248.0, 1, 0.147761736824
4258040.0, 3217070.0, 1, 0.121452282575
2428796.0, 17027890.0, 1, 0.120668330494
2482346.0, 15789686.0, 1, 0.116229192459
2776722.0, 10795458.0, 1, 0.0761152287842
2807700.0, 9788770.0, 1, 0.0760365731161
4883818.0, 2485496.0, 1, 0.0755119325766
3029654.0, 8025666.0, 1, 0.0751282245192
4544500.0, 2497306.0, 1, 0.0725263415
3004136.0, 9030198.0, 1, 0.0665873887196
4402816.0, 2552114.0, 1, 0.0614300499396
2359984.0, 17839446.0, 1, 0.0572269346259
2398982.0, 17552796.0, 1, 0.056657931318
2930040.0, 9610948.0, 1, 0.0549257512333
4879114.0, 2491332.0, 1, 0.0497279930958
2710608.0, 10796588.0, 1, 0.0451357401819
2931800.0, 9033356.0, 1, 0.0451294748202
2708848.0, 11374202.0, 1, 0.0409470319895
2671740.0, 11517034.0, 1, 0.0305189824992
4402816.0, 2552114.0, 1, 0.0242837271988
3292406.0, 7981642.0, 1, 0.0230121275422
3176174.0, 8000694.0, 1, 0.020697836974
2872928.0, 9786840.0, 1, 0.0202566386354
3250830.0, 7997796.0, 1, 0.0179587138531
2369348.0, 17808138.0, 1, 0.017084536157
3111134.0, 8006310.0, 1, 0.0121668454263
2997880.0, 9031936.0, 1, 0.0106404941278
3094848.0, 8023446.0, 1, 0.0105304549758
2708848.0, 11374202.0, 1, 0.00905441626141
2872928.0, 9786840.0, 1, 0.00836636129096
2369348.0, 17808138.0, 1, 0.00620836537824
3101228.0, 8022508.0, 1, 0.00191932683872
3101228.0, 8022508.0, 1, 0.00148830163869
2931800.0, 9033356.0, 1, 0.000341648629937
2710608.0, 10796588.0, 1, 0.00032378096232
2708848.0, 11374202.0, 1, 0.0
2708848.0, 11374202.0, 1, 0.0
2710608.0, 10796588.0, 1, 0.0
2710608.0, 10796588.0, 1, 0.0
2369348.0, 17808138.0, 1, 0.0
2708848.0, 11374202.0, 1, 0.0
2735614.0, 12085032.0, 2, inf
5508012.0, 2486740.0, 2, inf
3000944.0, 19107528.0, 2, inf
3963418.0, 8225660.0, 2, 0.630472111243
4777418.0, 3460724.0, 2, 0.553469743526
3066146.0, 16690596.0, 2, 0.424088117186
3472594.0, 5204368.0, 2, 0.348766319639
5058256.0, 2563908.0, 2, 0.322124562969
3080644.0, 12087338.0, 2, 0.289897080307
3654862.0, 5199354.0, 2, 0.281946936727
3065498.0, 9744116.0, 2, 0.112142706564
3192740.0, 9032462.0, 2, 0.104449597451
2879070.0, 11562514.0, 2, 0.080826148801
3150098.0, 8953482.0, 2, 0.0710005902226
3078634.0, 10790666.0, 2, 0.0647349275054
3184064.0, 9317658.0, 2, 0.0580267806583
2813836.0, 11964086.0, 2, 0.0462695442488
2774516.0, 11364856.0, 2, 0.0453273504201
2815636.0, 11083852.0, 2, 0.0431519767607
3114122.0, 11013660.0, 2, 0.0278347209856
2876244.0, 11021778.0, 2, 0.0271036983611
3121228.0, 10797460.0, 2, 0.0241300410559
3120396.0, 9035308.0, 2, 0.0197221179593
3076874.0, 11368280.0, 2, 0.0149163127695
3070250.0, 9029038.0, 2, 0.006026180457
3070250.0, 9029038.0, 2, 0.00259527442166
7945770.0, 2531000.0, 3, inf
5990048.0, 17259584.0, 3, inf
10132700.0, 2694158.0, 3, inf
3218820.0, 9784642.0, 3, inf
8794060.0, 13347062.0, 3, 0.312544129104
4401588.0, 16752226.0, 3, 0.259075037394
3713128.0, 6810376.0, 3, 0.200674602588
9316000.0, 3309986.0, 3, 0.198019141477
5737974.0, 8936724.0, 3, 0.187494450904
4474960.0, 5347422.0, 3, 0.186521299422
8858244.0, 13079452.0, 3, 0.160787395643
4747646.0, 7727504.0, 3, 0.159615523909
5509474.0, 10183954.0, 3, 0.14724625122
8343182.0, 11553434.0, 3, 0.144627966783
7060116.0, 3889406.0, 3, 0.144355630037
6204544.0, 4793138.0, 3, 0.13990215626
6737512.0, 3650636.0, 3, 0.133877382881
4008710.0, 9600112.0, 3, 0.121756454522
4345862.0, 12090776.0, 3, 0.118073906572
4914700.0, 7283240.0, 3, 0.104267644441
7521136.0, 4209860.0, 3, 0.0927358657425
8421422.0, 16919000.0, 3, 0.0904521334225
Generacion: 145
8882256.0, 2410430.0, 1, inf
2328942.0, 18642252.0, 1, inf
6949694.0, 2411920.0, 1, 0.433889505931
3296226.0, 3537036.0, 1, 0.333648999948
3292406.0, 7981642.0, 1, 0.280164794666
2613712.0, 14539322.0, 1, 0.25960332346
4774270.0, 2503974.0, 1, 0.240470796091
5953490.0, 2489680.0, 1, 0.198729769224
2671740.0, 11517034.0, 1, 0.191857718992
2521342.0, 15358350.0, 1, 0.158048472141
6063090.0, 2470490.0, 1, 0.156805890705
4230740.0, 3337328.0, 1, 0.154378098908
4402816.0, 2552114.0, 1, 0.134280470907
2466980.0, 16741298.0, 1, 0.116977997739
2412022.0, 18268538.0, 1, 0.114693786784
2428796.0, 17027890.0, 1, 0.102475543852
3709718.0, 3341226.0, 1, 0.095659664396
2776722.0, 10795458.0, 1, 0.0769047349158
2807700.0, 9788770.0, 1, 0.0768188220474
3029654.0, 8025666.0, 1, 0.0758655082223
3653546.0, 3460414.0, 1, 0.0751599663793
3004136.0, 9030198.0, 1, 0.0668421958855
2930040.0, 9610948.0, 1, 0.0511980569877
2710608.0, 10796588.0, 1, 0.0456739203347
2931800.0, 9033356.0, 1, 0.0456673767577
2708848.0, 11374202.0, 1, 0.0412477628211
3176174.0, 8000694.0, 1, 0.0206341813185
2893498.0, 9769524.0, 1, 0.019551224933
2671740.0, 11517034.0, 1, 0.0176542616109
2872928.0, 9786840.0, 1, 0.0142780027945
3111134.0, 8006310.0, 1, 0.012780254487
3244034.0, 8000558.0, 1, 0.0115706368978
3094848.0, 8023446.0, 1, 0.0111163584135
2997880.0, 9031936.0, 1, 0.0101905214792
2708848.0, 11374202.0, 1, 0.00906807147874
3250830.0, 7997796.0, 1, 0.00854666873614
3101228.0, 8022508.0, 1, 0.0035408588754
3292406.0, 7981642.0, 1, 0.00157811677111
2997880.0, 9031936.0, 1, 0.00104211398132
2931800.0, 9033356.0, 1, 0.000356048885096
2710608.0, 10796588.0, 1, 0.000338182745362
3292406.0, 7981642.0, 1, 0.0
2710608.0, 10796588.0, 1, 0.0
2710608.0, 10796588.0, 1, 0.0
3292406.0, 7981642.0, 1, 0.0
2934622.0, 17263130.0, 2, inf
2563860.0, 17033084.0, 2, inf
9253750.0, 2411818.0, 2, inf
6349256.0, 2471570.0, 2, 0.51975259645
4319138.0, 3355332.0, 2, 0.382408886598
4272768.0, 3541116.0, 2, 0.333255222144
7397566.0, 2470322.0, 2, 0.320686872644
3923418.0, 7615022.0, 2, 0.307575598072
8476412.0, 2431158.0, 2, 0.281400379643
2688856.0, 14544364.0, 2, 0.272527025107
2879070.0, 11562514.0, 2, 0.209084114287
4008508.0, 9178538.0, 2, 0.135615241847
2774516.0, 11364856.0, 2, 0.086167345425
3217284.0, 8027618.0, 2, 0.0835971413602
2790628.0, 15358820.0, 2, 0.0808355277638
2957302.0, 9764258.0, 2, 0.0695574380956
3700894.0, 9382346.0, 2, 0.0687222243898
3589630.0, 7996830.0, 2, 0.0651867524589
2590462.0, 15611076.0, 2, 0.0644482077417
2834788.0, 10506968.0, 2, 0.064384374002
2589002.0, 16158518.0, 2, 0.0630877238686
2834788.0, 10506968.0, 2, 0.0566107284444
2661416.0, 16155204.0, 2, 0.0515693895746
3439638.0, 9609482.0, 2, 0.0480302782931
2995674.0, 9601300.0, 2, 0.0384481625373
3923418.0, 7615022.0, 2, 0.0384278977548
3224656.0, 11560736.0, 2, 0.0266540401623
3306560.0, 9321682.0, 2, 0.0251715357442
3114872.0, 9266138.0, 2, 0.0237161010462
3340704.0, 9603552.0, 2, 0.0204433325643
3166456.0, 8020548.0, 2, 0.0124329251509
3114872.0, 9266138.0, 2, 0.0114507459086
3187026.0, 8003152.0, 2, 0.00919476391531
2879070.0, 11562514.0, 2, 0.00673896193339
8833814.0, 2567550.0, 3, inf
10729448.0, 2997862.0, 3, inf
8764592.0, 18265180.0, 3, inf
3963418.0, 8225660.0, 3, inf
7393966.0, 14529748.0, 3, 0.379533958899
7046014.0, 16166762.0, 3, 0.296472098936
7932548.0, 16892658.0, 3, 0.271356305434
8813082.0, 11474314.0, 3, 0.238173504258
4474960.0, 5347422.0, 3, 0.204924752294
5453146.0, 8933862.0, 3, 0.169249582224
6196484.0, 3448380.0, 3, 0.152186521912
4926358.0, 5124372.0, 3, 0.130508728056
8511204.0, 3348292.0, 3, 0.127714393371
4453170.0, 10462478.0, 3, 0.117880389345
7257054.0, 17834348.0, 3, 0.117208719555
7185710.0, 10287956.0, 3, 0.108182452889
4620902.0, 4392474.0, 3, 0.106238555613
5576544.0, 10951588.0, 3, 0.0983956575735
5752000.0, 3522192.0, 3, 0.0947723315707
5320292.0, 4324174.0, 3, 0.0845640041561
5682770.0, 4287202.0, 3, 0.0770212662936
Generacion: 146
8882256.0, 2410430.0, 1, inf
2328942.0, 18642252.0, 1, inf
8882256.0, 2410430.0, 1, inf
7320732.0, 2413204.0, 1, 0.456717993718
2688856.0, 14544364.0, 1, 0.367560452745
3266428.0, 3534550.0, 1, 0.319798292375
3244034.0, 8000558.0, 1, 0.28891969188
5894434.0, 2423296.0, 1, 0.272963364648
3407714.0, 3215066.0, 1, 0.233931921741
4402816.0, 2552114.0, 1, 0.233594972697
2708848.0, 11374202.0, 1, 0.195573936316
5553966.0, 2467816.0, 1, 0.194643820353
4641292.0, 2478828.0, 1, 0.180852594869
2466980.0, 16741298.0, 1, 0.138072377719
2369348.0, 17808138.0, 1, 0.0807410822845
2807700.0, 9788770.0, 1, 0.0751813320696
3029654.0, 8025666.0, 1, 0.0718348321186
3004136.0, 9030198.0, 1, 0.0628412145382
2710608.0, 10796588.0, 1, 0.0623575912874
2428796.0, 17027890.0, 1, 0.0611859364367
2330402.0, 18094754.0, 1, 0.057553312205
2930040.0, 9610948.0, 1, 0.0511980569877
2466980.0, 16741298.0, 1, 0.0505694250995
2710608.0, 10796588.0, 1, 0.0504009943006
2931800.0, 9033356.0, 1, 0.0456673767577
2708848.0, 11374202.0, 1, 0.0386359545055
2449122.0, 17012570.0, 1, 0.0234828520814
2893498.0, 9769524.0, 1, 0.0228617588263
2807700.0, 9788770.0, 1, 0.0160014056408
3101228.0, 8022508.0, 1, 0.0138115954361
3176174.0, 8000694.0, 1, 0.0116989695066
3176174.0, 8000694.0, 1, 0.0114447297382
2997880.0, 9031936.0, 1, 0.0112326354605
3094848.0, 8023446.0, 1, 0.0100060368053
2893498.0, 9769524.0, 1, 0.00676180564602
3029654.0, 8025666.0, 1, 0.00403067610367
3004136.0, 9030198.0, 1, 0.00400098134729
3094848.0, 8023446.0, 1, 0.00111032160822
2931800.0, 9033356.0, 1, 0.000356048885096
3176174.0, 8000694.0, 1, 0.0
2710608.0, 10796588.0, 1, 0.0
2893498.0, 9769524.0, 1, 0.0
2931800.0, 9033356.0, 1, 0.0
3029654.0, 8025666.0, 1, 0.0
3176174.0, 8000694.0, 1, 0.0
2367888.0, 18355602.0, 2, inf
7822160.0, 2417258.0, 2, inf
6063090.0, 2470490.0, 2, 0.347150560875
5367842.0, 2549574.0, 2, 0.301697038305
3408120.0, 4266178.0, 2, 0.290251135125
3292406.0, 7981642.0, 2, 0.276692343285
2606680.0, 16746040.0, 2, 0.18377294996
4039734.0, 3360400.0, 2, 0.173299608482
2984010.0, 12485712.0, 2, 0.17108769723
2709182.0, 14528704.0, 2, 0.163615107709
4605922.0, 9605592.0, 2, 0.163500531619
3518448.0, 14515054.0, 2, 0.144281719125
5953490.0, 2489680.0, 2, 0.132430394324
3920270.0, 8418828.0, 2, 0.116033433773
4553794.0, 11487584.0, 2, 0.112784560072
3700894.0, 9382346.0, 2, 0.106653894382
3829142.0, 10451680.0, 2, 0.103832456584
3653546.0, 3460414.0, 2, 0.0886286807014
3886192.0, 10907632.0, 2, 0.0740019211311
2563860.0, 17033084.0, 2, 0.0677885344251
3527456.0, 9794188.0, 2, 0.0676481925951
3213694.0, 17609776.0, 2, 0.0580391152404
2412022.0, 18268538.0, 2, 0.0521764821045
2735614.0, 12085032.0, 2, 0.0514851030274
2774516.0, 11364856.0, 2, 0.0461093315277
3164982.0, 12484630.0, 2, 0.0437655083701
3374552.0, 17257652.0, 2, 0.0428882494631
2752820.0, 11747728.0, 2, 0.0424544845438
3371546.0, 18096660.0, 2, 0.0420923073848
3410448.0, 17810344.0, 2, 0.0363265562892
3012842.0, 9763212.0, 2, 0.0334467243196
2774516.0, 11364856.0, 2, 0.0326648449503
3439638.0, 9609482.0, 2, 0.0296903513333
3112102.0, 11507954.0, 2, 0.0296521327373
2737820.0, 11515610.0, 2, 0.0173136333032
3301768.0, 9768260.0, 2, 0.0164532166568
2737820.0, 11515610.0, 2, 0.000884804642646
12408786.0, 18239952.0, 3, inf
3920954.0, 3526474.0, 3, inf
8476412.0, 2431158.0, 3, inf
5573248.0, 19472450.0, 3, inf
6169114.0, 11356552.0, 3, 0.367410293858
10762834.0, 2881398.0, 3, 0.366300492638
7500216.0, 9841646.0, 3, 0.241891012825
4350152.0, 7597582.0, 3, 0.233214986351
9475570.0, 14777698.0, 3, 0.2326453385
3972114.0, 14544776.0, 3, 0.226578398839
4140128.0, 5607370.0, 3, 0.211131464524
6851490.0, 9145760.0, 3, 0.20886425882
4790672.0, 16743894.0, 3, 0.177821632262
4476720.0, 4576848.0, 3, 0.174009230342
8081924.0, 15813214.0, 3, 0.132388338402
9062552.0, 2741796.0, 3, 0.130390318494
4951934.0, 17889422.0, 3, 0.116538858593
8069722.0, 9618634.0, 3, 0.072896337434
Generacion: 147
2328942.0, 18642252.0, 1, inf
9253750.0, 2411818.0, 1, inf
2328942.0, 18642252.0, 1, inf
3709718.0, 3341226.0, 1, 0.548769751821
6949694.0, 2411920.0, 1, 0.534286177322
3390416.0, 7974360.0, 1, 0.354322429086
5050546.0, 2958618.0, 1, 0.271356796508
2669980.0, 12094682.0, 1, 0.263981985102
2590462.0, 15611076.0, 1, 0.262077590987
5586426.0, 2488004.0, 1, 0.253779748638
5354640.0, 2792372.0, 1, 0.1063813133
2671740.0, 11517034.0, 1, 0.0858460292116
2589002.0, 16158518.0, 1, 0.0740547131853
3029654.0, 8025666.0, 1, 0.0713064325264
3004136.0, 9030198.0, 1, 0.0665873887196
2428796.0, 17027890.0, 1, 0.0605370809057
2369348.0, 17808138.0, 1, 0.0599391397267
2931800.0, 9033356.0, 1, 0.0548997619241
2330402.0, 18094754.0, 1, 0.0539457262172
2710608.0, 10796588.0, 1, 0.0529066551534
2872928.0, 9786840.0, 1, 0.05052395974
2851074.0, 10490116.0, 1, 0.0498767261607
2552778.0, 16724692.0, 1, 0.0490812694331
2893498.0, 9769524.0, 1, 0.0483277385553
2769594.0, 10509192.0, 1, 0.035776881969
2466980.0, 16741298.0, 1, 0.0237389729573
2710608.0, 10796588.0, 1, 0.0233200914862
2359984.0, 17839446.0, 1, 0.0232832974718
3244034.0, 8000558.0, 1, 0.0211471603519
2449122.0, 17012570.0, 1, 0.0196490298017
2491168.0, 16725824.0, 1, 0.0134130860225
3111134.0, 8006310.0, 1, 0.0131459632724
2834788.0, 10506968.0, 1, 0.0129417140659
3244034.0, 8000558.0, 1, 0.011413677802
3094848.0, 8023446.0, 1, 0.0104703513717
3176174.0, 8000694.0, 1, 0.0101455663024
2997880.0, 9031936.0, 1, 0.00964958561948
3176174.0, 8000694.0, 1, 0.00940069748967
2893498.0, 9769524.0, 1, 0.00659801267797
2931800.0, 9033356.0, 1, 0.00561861804194
3029654.0, 8025666.0, 1, 0.00382179199282
2449122.0, 17012570.0, 1, 0.00352274981464
3094848.0, 8023446.0, 1, 0.0024886142354
2997880.0, 9031936.0, 1, 0.000990908508334
2931800.0, 9033356.0, 1, 0.0
2931800.0, 9033356.0, 1, 0.0
2931800.0, 9033356.0, 1, 0.0
2997880.0, 9031936.0, 1, 0.0
3176174.0, 8000694.0, 1, 0.0
7320732.0, 2413204.0, 2, inf
2367888.0, 18355602.0, 2, inf
2699650.0, 19025294.0, 2, inf
5953490.0, 2489680.0, 2, 0.564051351302
3923418.0, 7615022.0, 2, 0.298283544677
4857786.0, 8020824.0, 2, 0.263964752334
4215422.0, 4281722.0, 2, 0.262565473618
4148878.0, 12002466.0, 2, 0.213452446307
2770336.0, 14527648.0, 2, 0.166280487851
4274646.0, 8627346.0, 2, 0.157278589974
3468514.0, 17034396.0, 2, 0.144495645846
4769128.0, 3522430.0, 2, 0.140575770239
3618240.0, 15828010.0, 2, 0.131111069993
3786328.0, 10942452.0, 2, 0.125891112533
2772820.0, 16055360.0, 2, 0.108431500941
4695828.0, 9810766.0, 2, 0.103699396626
2412022.0, 18268538.0, 2, 0.0889973853997
3217284.0, 8027618.0, 2, 0.0879601064815
2770336.0, 14527648.0, 2, 0.0787795793303
4194394.0, 10507296.0, 2, 0.0785730122654
3011822.0, 11575028.0, 2, 0.0768933145846
3213694.0, 17609776.0, 2, 0.0646697888291
3509148.0, 9860382.0, 2, 0.0536298531678
3045846.0, 9321344.0, 2, 0.0535056110711
2947700.0, 9763362.0, 2, 0.0512696976083
3114126.0, 17989916.0, 2, 0.0497802641067
3469504.0, 18487480.0, 2, 0.0485177059049
3592438.0, 11890624.0, 2, 0.0440602080083
3070250.0, 9029038.0, 2, 0.0343763354621
3065498.0, 9744116.0, 2, 0.031535481318
3120396.0, 9035308.0, 2, 0.0312737778444
3181870.0, 9796236.0, 2, 0.0198352058273
3527456.0, 9794188.0, 2, 0.0187955208968
12408786.0, 18239952.0, 3, inf
10095272.0, 3121460.0, 3, inf
2429040.0, 19229956.0, 3, inf
4329484.0, 7365810.0, 3, 0.44623664436
9656924.0, 15136228.0, 3, 0.348488658506
8982474.0, 12506336.0, 3, 0.2239035202
5075366.0, 4550848.0, 3, 0.184457004491
10975320.0, 12480534.0, 3, 0.155912469401
10903634.0, 10397992.0, 3, 0.135668038384
12214844.0, 16719022.0, 3, 0.134785751475
4897186.0, 18430166.0, 3, 0.126744637459
11933704.0, 3669836.0, 3, 0.12650422071
4420054.0, 17834906.0, 3, 0.111739202195
8472022.0, 9768910.0, 3, 0.111669170244
10047664.0, 8525316.0, 3, 0.111134322788
7318946.0, 17058584.0, 3, 0.110454585267
6574036.0, 10533816.0, 3, 0.107211365991
7267058.0, 9718306.0, 3, 0.0950011262592
Generacion: 148
6949694.0, 2411920.0, 1, inf
2328942.0, 18642252.0, 1, inf
2328942.0, 18642252.0, 1, inf
5593302.0, 2786936.0, 1, 0.353808160005
4091210.0, 4297810.0, 1, 0.350579587339
3676762.0, 6810326.0, 1, 0.339743353997
2521342.0, 15358350.0, 1, 0.324036307536
4307258.0, 3334912.0, 1, 0.247615543222
4941082.0, 3264092.0, 1, 0.228333117412
2669980.0, 12094682.0, 1, 0.201465378365
3432338.0, 7497678.0, 1, 0.133689233468
5219180.0, 2832104.0, 1, 0.125750176938
2491168.0, 16725824.0, 1, 0.0969723740817
2769594.0, 10509192.0, 1, 0.0831068891183
2997880.0, 9031936.0, 1, 0.0764368313931
3390416.0, 7974360.0, 1, 0.0700948395082
2669980.0, 12094682.0, 1, 0.0677581373105
3094848.0, 8023446.0, 1, 0.0656606633581
2428796.0, 17027890.0, 1, 0.0647146405189
2398982.0, 17552796.0, 1, 0.0609388850328
2807700.0, 9788770.0, 1, 0.0585037022958
2369348.0, 17808138.0, 1, 0.056192521218
2708848.0, 11374202.0, 1, 0.0528004818601
2931800.0, 9033356.0, 1, 0.0498878981982
2710608.0, 10796588.0, 1, 0.0483540057426
5392596.0, 2809062.0, 1, 0.0465898219436
5425094.0, 2799206.0, 1, 0.0447990370693
2671740.0, 11517034.0, 1, 0.0436213734244
2930040.0, 9610948.0, 1, 0.0434954322099
2367888.0, 18355602.0, 1, 0.0421594163537
3250830.0, 7997796.0, 1, 0.0332933974026
2466980.0, 16741298.0, 1, 0.0321094385626
3176174.0, 8000694.0, 1, 0.0291159504047
2893498.0, 9769524.0, 1, 0.0231971327403
3094848.0, 8023446.0, 1, 0.0220411297484
2997880.0, 9031936.0, 1, 0.0210728193035
3111134.0, 8006310.0, 1, 0.0190019852675
2710608.0, 10796588.0, 1, 0.0180882299496
2367888.0, 18355602.0, 1, 0.017977342129
2872928.0, 9786840.0, 1, 0.0151832082973
3244034.0, 8000558.0, 1, 0.014856096453
2930040.0, 9610948.0, 1, 0.0101512388887
2671740.0, 11517034.0, 1, 0.00918120327884
2807700.0, 9788770.0, 1, 0.00836562278242
2872928.0, 9786840.0, 1, 0.00457056950971
3244034.0, 8000558.0, 1, 0.00147913564782
2931800.0, 9033356.0, 1, 0.000468380891722
2931800.0, 9033356.0, 1, 0.0
2671740.0, 11517034.0, 1, 0.0
2710608.0, 10796588.0, 1, 0.0
9390606.0, 2930942.0, 2, inf
2429040.0, 19229956.0, 2, inf
7492868.0, 3361236.0, 2, 0.489519924594
4317030.0, 6619284.0, 2, 0.338866549681
6228714.0, 3506742.0, 2, 0.302515455772
4949606.0, 3865950.0, 2, 0.282008069628
4001440.0, 13399362.0, 2, 0.220475363015
5602458.0, 8496208.0, 2, 0.197944579418
3687634.0, 8202446.0, 2, 0.151597765402
3525766.0, 15410016.0, 2, 0.149034416794
2869410.0, 14556476.0, 2, 0.129770233008
2582194.0, 17979316.0, 2, 0.129043519305
2589002.0, 16158518.0, 2, 0.123295392298
3080644.0, 12087338.0, 2, 0.109376961695
5169204.0, 10053294.0, 2, 0.108420191777
4508296.0, 9794928.0, 2, 0.106958682217
2472876.0, 18942846.0, 2, 0.0980806108725
5142098.0, 9631980.0, 2, 0.0812332345967
3222434.0, 8948132.0, 2, 0.0723127730041
3114126.0, 17989916.0, 2, 0.0647177463952
3119642.0, 11366858.0, 2, 0.0579415861854
2704508.0, 15896424.0, 2, 0.0566949376488
3779460.0, 11894742.0, 2, 0.0562953527329
3150098.0, 8953482.0, 2, 0.0557087293788
2834788.0, 10506968.0, 2, 0.055096595214
3836784.0, 11367138.0, 2, 0.0410129453339
2904958.0, 10484236.0, 2, 0.0380465497512
2661416.0, 16155204.0, 2, 0.0326723156818
2737820.0, 11515610.0, 2, 0.0280303264773
2860336.0, 11518982.0, 2, 0.025894929114
2947700.0, 9763362.0, 2, 0.022739988416
2834788.0, 10506968.0, 2, 0.0149629774456
2995338.0, 9791014.0, 2, 0.0124939893042
3216222.0, 8950104.0, 2, 0.0107190062405
2995338.0, 9791014.0, 2, 0.00853954489787
2851074.0, 10490116.0, 2, 0.00506454952842
3600920.0, 19447748.0, 3, inf
12875472.0, 13872768.0, 3, inf
10068264.0, 3406592.0, 3, inf
3468514.0, 17034396.0, 3, inf
5516496.0, 4859354.0, 3, 0.344101650559
9169210.0, 16044568.0, 3, 0.282128128273
10057330.0, 8522726.0, 3, 0.253009359807
11344390.0, 10169910.0, 3, 0.237959847301
11878590.0, 11762668.0, 3, 0.182820647969
7130416.0, 10974596.0, 3, 0.147914301381
4616138.0, 17888538.0, 3, 0.134189900847
3753658.0, 16743330.0, 3, 0.131013799556
6374978.0, 10538024.0, 3, 0.126724020388
12568818.0, 19192830.0, 3, 0.114701921884
Generacion: 149
2328942.0, 18642252.0, 1, inf
2328942.0, 18642252.0, 1, inf
4544500.0, 2497306.0, 1, inf
3953688.0, 3216706.0, 1, 0.617944418067
3609784.0, 5662636.0, 1, 0.358020679204
2622040.0, 15617306.0, 1, 0.288259191258
2669980.0, 12094682.0, 1, 0.218981795226
3474344.0, 6826550.0, 1, 0.152758885611
3390416.0, 7974360.0, 1, 0.144134021812
2589002.0, 16158518.0, 1, 0.139605698123
2398982.0, 17552796.0, 1, 0.12354908452
2466980.0, 16741298.0, 1, 0.112336446997
2769594.0, 10509192.0, 1, 0.106245946353
3029654.0, 8025666.0, 1, 0.103300283759
2807700.0, 9788770.0, 1, 0.0998407325235
2930040.0, 9610948.0, 1, 0.0909940011687
3548794.0, 6046436.0, 1, 0.0894392566893
3510146.0, 6380558.0, 1, 0.0819226664287
2710608.0, 10796588.0, 1, 0.0809956810096
2460334.0, 17034570.0, 1, 0.0809544232894
3004136.0, 9030198.0, 1, 0.0766685528484
2367888.0, 18355602.0, 1, 0.0673033267288
2931800.0, 9033356.0, 1, 0.0664831851404
3315642.0, 7997112.0, 1, 0.0645719678658
3176174.0, 8000694.0, 1, 0.0603411611657
2669980.0, 12094682.0, 1, 0.0574167645696
2671740.0, 11517034.0, 1, 0.0525277027622
2708848.0, 11374202.0, 1, 0.05252559684
3244034.0, 8000558.0, 1, 0.0337580211095
3250500.0, 7997292.0, 1, 0.0325339674331
2367888.0, 18355602.0, 1, 0.031789169934
3111134.0, 8006310.0, 1, 0.0303593219216
2997880.0, 9031936.0, 1, 0.0299330933097
3094848.0, 8023446.0, 1, 0.0294836429415
2807700.0, 9788770.0, 1, 0.0282133758368
2930040.0, 9610948.0, 1, 0.0118084791922
2671740.0, 11517034.0, 1, 0.00964123750559
2708848.0, 11374202.0, 1, 0.00964123750559
3101228.0, 8022508.0, 1, 0.0084121289292
3111134.0, 8006310.0, 1, 0.00481895720129
3094848.0, 8023446.0, 1, 0.0030171400707
2997880.0, 9031936.0, 1, 0.00291162111844
2807700.0, 9788770.0, 1, 0.0
2997880.0, 9031936.0, 1, 0.0
2328942.0, 18642252.0, 1, 0.0
2367888.0, 18355602.0, 1, 0.0
2671740.0, 11517034.0, 1, 0.0
2708848.0, 11374202.0, 1, 0.0
2708848.0, 11374202.0, 1, 0.0
8574304.0, 2706112.0, 2, inf
2429040.0, 19229956.0, 2, inf
5606410.0, 2812036.0, 2, 0.624991266347
4307258.0, 3334912.0, 2, 0.31461355031
3548888.0, 6829264.0, 2, 0.291070271009
4941082.0, 3264092.0, 2, 0.243050754726
4042706.0, 14149650.0, 2, 0.241899654154
3593760.0, 11798650.0, 2, 0.239561851028
2595442.0, 17039764.0, 2, 0.134543173398
3251178.0, 18462696.0, 2, 0.121361351061
3288866.0, 8024772.0, 2, 0.103587870129
3224784.0, 15244256.0, 2, 0.102829989748
2995674.0, 9601300.0, 2, 0.100794314982
2661416.0, 16155204.0, 2, 0.0777603250384
3341074.0, 16239924.0, 2, 0.0757338586063
2869410.0, 14556476.0, 2, 0.0753206121347
3250830.0, 7997796.0, 2, 0.0752067227813
2472876.0, 18942846.0, 2, 0.0735115935257
2776722.0, 10795458.0, 2, 0.0606559762236
3180552.0, 9782848.0, 2, 0.0586379372047
3119642.0, 11366858.0, 2, 0.0539933294714
2970066.0, 10483792.0, 2, 0.0487202146558
3539196.0, 10610094.0, 2, 0.0463919761442
4307258.0, 3334912.0, 2, 0.0453914033534
4054654.0, 9603404.0, 2, 0.0434425029146
3292596.0, 16743542.0, 2, 0.039152073981
2703008.0, 16746486.0, 2, 0.0366903348504
3002376.0, 9607790.0, 2, 0.0298056727373
3112102.0, 11507954.0, 2, 0.0282886696039
2860336.0, 11518982.0, 2, 0.0232264486898
3213484.0, 10718928.0, 2, 0.0184157087959
2916114.0, 10484506.0, 2, 0.0156922826265
2834788.0, 10506968.0, 2, 0.0152181028214
2957224.0, 10511140.0, 2, 0.0150204855457
3178926.0, 8000998.0, 2, 0.0115442477617
4307258.0, 3334912.0, 2, 0.0
3351050.0, 18623890.0, 3, inf
13898922.0, 2820044.0, 3, inf
3453526.0, 18637376.0, 3, inf
11889084.0, 17568852.0, 3, 0.297930420212
9128778.0, 13843534.0, 3, 0.288682209175
5479564.0, 5219664.0, 3, 0.262653522291
4422516.0, 7599588.0, 3, 0.236112158742
9938924.0, 15944348.0, 3, 0.223211654276
10047094.0, 3889020.0, 3, 0.154830845306
11207162.0, 11731084.0, 3, 0.153911867283
4345862.0, 12090776.0, 3, 0.143759662778
7781496.0, 5127334.0, 3, 0.143520278837
6279342.0, 3543046.0, 3, 0.13849425161
7186278.0, 10883074.0, 3, 0.112921101701
5070074.0, 9630130.0, 3, 0.107536404512
Generacion: 150
6776768.0, 2490272.0, 1, inf
2328942.0, 18642252.0, 1, inf
2328942.0, 18642252.0, 1, inf
3213146.0, 4019520.0, 1, 0.407832806416
4544500.0, 2497306.0, 1, 0.370969775914
5728974.0, 2490878.0, 1, 0.332839372301
3178926.0, 8000998.0, 1, 0.269765050148
5296846.0, 2492050.0, 1, 0.266702002361
2669980.0, 12094682.0, 1, 0.238463207157
2642746.0, 14985810.0, 1, 0.235584631202
3843816.0, 3207366.0, 1, 0.205990597458
3709718.0, 3341226.0, 1, 0.187579492234
2460334.0, 17034570.0, 1, 0.150371447489
2482346.0, 15789686.0, 1, 0.117387778561
2369348.0, 17808138.0, 1, 0.102572155932
2997880.0, 9031936.0, 1, 0.0843884278125
2769594.0, 10509192.0, 1, 0.0842250328861
3029654.0, 8025666.0, 1, 0.07839200838
2590462.0, 15611076.0, 1, 0.0630190205056
2367888.0, 18355602.0, 1, 0.0607260325104
2807700.0, 9788770.0, 1, 0.059267847082
2931800.0, 9033356.0, 1, 0.0511001364827
2710608.0, 10796588.0, 1, 0.0490229482016
2708848.0, 11374202.0, 1, 0.0450019948788
2708848.0, 11374202.0, 1, 0.0444998396088
2930040.0, 9610948.0, 1, 0.0439755254348
3832142.0, 3237582.0, 1, 0.0384366398843
2590462.0, 15611076.0, 1, 0.0228130432377
2872928.0, 9786840.0, 1, 0.0204814300007
3101228.0, 8022508.0, 1, 0.0195174289531
3111134.0, 8006310.0, 1, 0.0188004841693
2710608.0, 10796588.0, 1, 0.0181889354273
2893498.0, 9769524.0, 1, 0.0144424749802
2930040.0, 9610948.0, 1, 0.0102134426394
2893498.0, 9769524.0, 1, 0.00928776579172
2807700.0, 9788770.0, 1, 0.00868682154021
3029654.0, 8025666.0, 1, 0.00733923252973
2807700.0, 9788770.0, 1, 0.0
3029654.0, 8025666.0, 1, 0.0
2328942.0, 18642252.0, 1, 0.0
2328942.0, 18642252.0, 1, 0.0
3065270.0, 19108808.0, 2, inf
4600616.0, 2501192.0, 2, inf
2589002.0, 16158518.0, 2, inf
4307258.0, 3334912.0, 2, 0.826818054695
3603076.0, 9164108.0, 2, 0.514999436745
3315642.0, 7997112.0, 2, 0.365013869726
2760508.0, 14541050.0, 2, 0.225904143348
3086566.0, 12709746.0, 2, 0.186902371937
3413170.0, 9600134.0, 2, 0.168580646436
2595442.0, 17039764.0, 2, 0.155068992461
3083052.0, 18380594.0, 2, 0.135170570314
2703008.0, 16746486.0, 2, 0.123840755693
2899212.0, 10798832.0, 2, 0.119280785911
2737820.0, 11515610.0, 2, 0.104114660746
3187026.0, 8003152.0, 2, 0.0866986164349
2776722.0, 10795458.0, 2, 0.0799749638848
3044046.0, 10201556.0, 2, 0.0732311276852
2947700.0, 9763362.0, 2, 0.0583263361162
2995338.0, 9791014.0, 2, 0.0490603181313
3214020.0, 10500112.0, 2, 0.0432665096155
2774516.0, 11364856.0, 2, 0.0422629361327
3119642.0, 11366858.0, 2, 0.0418234458673
3236816.0, 9174594.0, 2, 0.0411749385149
3244034.0, 8000558.0, 2, 0.0357534799564
3180552.0, 9782848.0, 2, 0.0351624993626
3002376.0, 9607790.0, 2, 0.0300822191416
3092568.0, 10487964.0, 2, 0.0283249631078
3107382.0, 11455362.0, 2, 0.0224156989838
2995674.0, 9601300.0, 2, 0.00395967646473
3244034.0, 8000558.0, 2, 0.00379565869802
3002376.0, 9607790.0, 2, 0.00372243765585
3228124.0, 18718166.0, 3, inf
11872160.0, 11134932.0, 3, inf
9041386.0, 3740652.0, 3, inf
11268748.0, 12595744.0, 3, 0.297309517289
5569074.0, 5062726.0, 3, 0.289274144126
11604050.0, 15403654.0, 3, 0.271406421078
9393460.0, 12779544.0, 3, 0.270263161697
5096472.0, 18367904.0, 3, 0.245882071943
6790182.0, 8001328.0, 3, 0.221334355331
6739326.0, 12784266.0, 3, 0.21375999863
4907548.0, 14811108.0, 3, 0.205166630459
6114918.0, 8828010.0, 3, 0.180722941874
8073608.0, 9409846.0, 3, 0.148671303285
8287372.0, 11491234.0, 3, 0.140715484362
4523416.0, 10508624.0, 3, 0.139377087212
7436056.0, 10161672.0, 3, 0.129031770147
3813596.0, 11367950.0, 3, 0.10857963554
7164816.0, 12156874.0, 3, 0.0923071388656
4781772.0, 4139802.0, 3, 0.0875103592026
5075366.0, 4550848.0, 3, 0.0834766342355
5976524.0, 9759168.0, 3, 0.0716382869402
3288866.0, 8024772.0, 3, 0.0702815766835
5467418.0, 10998144.0, 3, 0.0659672288068
3702300.0, 15348442.0, 3, 0.061309621925
3591698.0, 9778668.0, 3, 0.0519129436571
3593760.0, 11798650.0, 3, 0.0482383030827
3370000.0, 18407048.0, 3, 0.0454349813462
6943050.0, 11287728.0, 3, 0.0400961615448
Generacion: 151
2328942.0, 18642252.0, 1, inf
2328942.0, 18642252.0, 1, inf
6553702.0, 2426070.0, 1, inf
5553966.0, 2467816.0, 1, 0.455920550619
3372242.0, 4211528.0, 1, 0.435467215697
4641292.0, 2478828.0, 1, 0.352949566089
2521342.0, 15358350.0, 1, 0.272271997849
3972016.0, 3233612.0, 1, 0.270993280905
3368298.0, 7977936.0, 1, 0.246842049964
2669980.0, 12094682.0, 1, 0.210460000559
4258040.0, 3217070.0, 1, 0.204962631119
2449122.0, 17012570.0, 1, 0.151218077393
2708848.0, 11374202.0, 1, 0.0896659398493
2482346.0, 15789686.0, 1, 0.0846416859305
3029654.0, 8025666.0, 1, 0.0812325733605
2669980.0, 12094682.0, 1, 0.0796122840003
2807700.0, 9788770.0, 1, 0.0749410127483
2369348.0, 17808138.0, 1, 0.0720897442568
3004136.0, 9030198.0, 1, 0.069574348195
2769594.0, 10509192.0, 1, 0.0583880936108
2330402.0, 18094754.0, 1, 0.0568541107741
2931800.0, 9033356.0, 1, 0.0512593736642
2710608.0, 10796588.0, 1, 0.0495815816957
3176174.0, 8000694.0, 1, 0.0489742212992
2930040.0, 9610948.0, 1, 0.0442677339024
2893498.0, 9769524.0, 1, 0.0399235710988
3111134.0, 8006310.0, 1, 0.0362212032498
2482346.0, 15789686.0, 1, 0.0344632248155
3315642.0, 7997112.0, 1, 0.0341945752508
2359984.0, 17839446.0, 1, 0.0268932024477
2769594.0, 10509192.0, 1, 0.0267424746868
2710608.0, 10796588.0, 1, 0.0181393824401
2997880.0, 9031936.0, 1, 0.0157483020692
3315642.0, 7997112.0, 1, 0.0126845570412
2930040.0, 9610948.0, 1, 0.0101954656785
3029654.0, 8025666.0, 1, 0.00723372893879
2997880.0, 9031936.0, 1, 0.00156836102672
2931800.0, 9033356.0, 1, 0.000504158563151
2769594.0, 10509192.0, 1, 0.0
2930040.0, 9610948.0, 1, 0.0
2930040.0, 9610948.0, 1, 0.0
2328942.0, 18642252.0, 1, 0.0
2328942.0, 18642252.0, 1, 0.0
2710608.0, 10796588.0, 1, 0.0
5500534.0, 2489550.0, 2, inf
5728974.0, 2490878.0, 2, inf
3625612.0, 18644404.0, 2, inf
2367888.0, 18355602.0, 2, inf
4906230.0, 3762638.0, 2, 0.361951623607
3366536.0, 8004730.0, 2, 0.293755429308
3982102.0, 9322582.0, 2, 0.278186203363
2727626.0, 15037892.0, 2, 0.243487186834
4678120.0, 9594830.0, 2, 0.229234974614
5111618.0, 2555614.0, 2, 0.219146965143
2669312.0, 16730566.0, 2, 0.207792635566
2583112.0, 15613428.0, 2, 0.194458581579
3086566.0, 12709746.0, 2, 0.193427677253
2883570.0, 18275690.0, 2, 0.151641952304
4913646.0, 3210324.0, 2, 0.135823501868
3366536.0, 8004730.0, 2, 0.135809641249
3261784.0, 12100528.0, 2, 0.103030333215
3150098.0, 8953482.0, 2, 0.101032115997
3836606.0, 10797740.0, 2, 0.0883939127729
2957224.0, 10511140.0, 2, 0.0790637926605
4694592.0, 9762698.0, 2, 0.0775534550651
3744858.0, 9145458.0, 2, 0.0751379393938
3645134.0, 10948748.0, 2, 0.0625208123484
3119642.0, 11366858.0, 2, 0.0600407539601
3109246.0, 9799682.0, 2, 0.051650351515
3110342.0, 12085602.0, 2, 0.0485078811154
3070250.0, 9029038.0, 2, 0.0369319387567
2899212.0, 10798832.0, 2, 0.0312612815849
3002376.0, 9607790.0, 2, 0.0297830128251
3001280.0, 11235698.0, 2, 0.0278753836164
2995338.0, 9791014.0, 2, 0.0134156995663
2957302.0, 9764258.0, 2, 0.0116299786184
3135318.0, 9767386.0, 2, 0.0107175774314
2995674.0, 9601300.0, 2, 0.00257011663899
3002376.0, 9607790.0, 2, 0.000727821921043
5258002.0, 19292882.0, 3, inf
3400706.0, 14555116.0, 3, inf
10318664.0, 2618758.0, 3, inf
5131944.0, 5788082.0, 3, 0.250063347024
9796682.0, 16684686.0, 3, 0.247717958707
8076136.0, 3254668.0, 3, 0.236259430554
4995240.0, 4344220.0, 3, 0.226877129713
6938318.0, 9759804.0, 3, 0.204437465533
8361190.0, 12323226.0, 3, 0.19861764555
4310412.0, 11261850.0, 3, 0.183645026083
5041842.0, 7992804.0, 3, 0.164016118803
9129288.0, 17632672.0, 3, 0.158782615266
3725734.0, 19234508.0, 3, 0.151766689391
8698166.0, 11479958.0, 3, 0.132646752552
5659626.0, 2950768.0, 3, 0.130794935511
6146696.0, 10906612.0, 3, 0.127772309119
6586666.0, 15631280.0, 3, 0.121756788573
9001460.0, 16896136.0, 3, 0.119172978007
6070494.0, 10147826.0, 3, 0.118906313501
9129740.0, 15134920.0, 3, 0.114328498057
6492218.0, 8193414.0, 3, 0.105133982017
Generacion: 152
2328942.0, 18642252.0, 1, inf
8882256.0, 2410430.0, 1, inf
2328942.0, 18642252.0, 1, inf
5894434.0, 2423296.0, 1, 0.651361814071
3149268.0, 3567154.0, 1, 0.417520062179
2669980.0, 12094682.0, 1, 0.292127380694
3111134.0, 8006310.0, 1, 0.281813321939
4011328.0, 3458878.0, 1, 0.278815329569
2482346.0, 15789686.0, 1, 0.232709310925
4641292.0, 2478828.0, 1, 0.210552133162
4544500.0, 2497306.0, 1, 0.156507384212
2482346.0, 15789686.0, 1, 0.103970603092
2449122.0, 17012570.0, 1, 0.0784403141423
2776722.0, 10795458.0, 1, 0.0769047349158
3029654.0, 8025666.0, 1, 0.0728083853468
2807700.0, 9788770.0, 1, 0.0719728458411
3004136.0, 9030198.0, 1, 0.0668421958855
2428796.0, 17027890.0, 1, 0.0611859364367
2369348.0, 17808138.0, 1, 0.0604981737468
2359984.0, 17839446.0, 1, 0.057553312205
2708848.0, 11374202.0, 1, 0.0503158342998
2710608.0, 10796588.0, 1, 0.0456739203347
2931800.0, 9033356.0, 1, 0.0456673767577
2671740.0, 11517034.0, 1, 0.041249857472
2930040.0, 9610948.0, 1, 0.0411600389436
2872928.0, 9786840.0, 1, 0.0142780027945
3101228.0, 8022508.0, 1, 0.0136258763398
2893498.0, 9769524.0, 1, 0.0129083215273
2997880.0, 9031936.0, 1, 0.0101905214792
2930040.0, 9610948.0, 1, 0.0100380180442
2671740.0, 11517034.0, 1, 0.00906807147874
2893498.0, 9769524.0, 1, 0.00664290340572
2449122.0, 17012570.0, 1, 0.00601362636196
2807700.0, 9788770.0, 1, 0.00484597620624
3029654.0, 8025666.0, 1, 0.00408846382461
2997880.0, 9031936.0, 1, 0.00104211398132
2931800.0, 9033356.0, 1, 0.000356048885096
2710608.0, 10796588.0, 1, 0.000338182745362
2997880.0, 9031936.0, 1, 0.0
2997880.0, 9031936.0, 1, 0.0
2328942.0, 18642252.0, 1, 0.0
2328942.0, 18642252.0, 1, 0.0
2328942.0, 18642252.0, 1, 0.0
2328942.0, 18642252.0, 1, 0.0
2807700.0, 9788770.0, 1, 0.0
2931800.0, 9033356.0, 1, 0.0
6553702.0, 2426070.0, 2, inf
2460334.0, 17034570.0, 2, inf
2545212.0, 18539842.0, 2, inf
4702044.0, 2484824.0, 2, 0.881655620361
3655428.0, 5223650.0, 2, 0.632317113652
3368298.0, 7977936.0, 2, 0.172703984802
2827156.0, 14319826.0, 2, 0.169334639403
2552778.0, 16724692.0, 2, 0.16822617855
2883570.0, 18275690.0, 2, 0.128161207335
3222434.0, 8948132.0, 2, 0.108285436306
3509148.0, 9860382.0, 2, 0.102874999965
2742406.0, 13305900.0, 2, 0.100361945023
2845458.0, 10712794.0, 2, 0.0991321501393
3178926.0, 8000998.0, 2, 0.0856155803698
2735614.0, 12085032.0, 2, 0.0744803216096
2802768.0, 14120554.0, 2, 0.0692233809047
2987686.0, 12698768.0, 2, 0.0675252198176
2622630.0, 17017764.0, 2, 0.0638012090967
2788046.0, 11435048.0, 2, 0.0599491160701
3118436.0, 9317638.0, 2, 0.0584799328192
3086566.0, 12709746.0, 2, 0.0494495567624
3001280.0, 11235698.0, 2, 0.0484108876771
3361026.0, 9685656.0, 2, 0.0440160001975
2813836.0, 11964086.0, 2, 0.0391634389254
3070250.0, 9029038.0, 2, 0.0355715146022
3034824.0, 16726236.0, 2, 0.0321420584696
3431882.0, 9742852.0, 2, 0.0259296221836
3002376.0, 9607790.0, 2, 0.0256632934519
2491168.0, 16725824.0, 2, 0.0208313107999
3466668.0, 11970114.0, 2, 0.020798474763
3368298.0, 7977936.0, 2, 0.0169646170433
3454736.0, 9798154.0, 2, 0.0145283819302
3012842.0, 9763212.0, 2, 0.0113589398081
7211508.0, 2477882.0, 3, inf
3366536.0, 8004730.0, 3, inf
13945816.0, 18967610.0, 3, inf
10207996.0, 11866866.0, 3, 0.566306775455
4702544.0, 4327290.0, 3, 0.299229098253
8289132.0, 10698764.0, 3, 0.297999360881
4332476.0, 15505596.0, 3, 0.248643200666
3823386.0, 12527478.0, 3, 0.216721688069
7025522.0, 17187028.0, 3, 0.149984939252
6560174.0, 2616150.0, 3, 0.137195774201
5298178.0, 3768046.0, 3, 0.111611799606
5427396.0, 8454714.0, 3, 0.103598063196
6153448.0, 12077358.0, 3, 0.099943989285
3937294.0, 9504106.0, 3, 0.0969337724745
6853768.0, 15781048.0, 3, 0.0731402796827
5550560.0, 9781278.0, 3, 0.0724294332587
4159464.0, 9855674.0, 3, 0.0713970691125
7027926.0, 10692842.0, 3, 0.0687084066589
4779984.0, 15986330.0, 3, 0.067300051112
4793604.0, 10936200.0, 3, 0.0669495771474
6184068.0, 16765856.0, 3, 0.0650168572233
Generacion: 153
8882256.0, 2410430.0, 1, inf
2328942.0, 18642252.0, 1, inf
2328942.0, 18642252.0, 1, inf
6358410.0, 2429476.0, 1, 0.651361814071
3149268.0, 3567154.0, 1, 0.411400539634
4641292.0, 2478828.0, 1, 0.286560970234
3111134.0, 8006310.0, 1, 0.281813321939
2669980.0, 12094682.0, 1, 0.25960332346
2521342.0, 15358350.0, 1, 0.256271435371
3969316.0, 3454150.0, 1, 0.148767722409
2428796.0, 17027890.0, 1, 0.144952114251
4398266.0, 2507500.0, 1, 0.124458245361
4059506.0, 3406940.0, 1, 0.123776056926
2769594.0, 10509192.0, 1, 0.0869770744552
2482346.0, 15789686.0, 1, 0.0822330794254
2359984.0, 17839446.0, 1, 0.0807410822845
2997880.0, 9031936.0, 1, 0.0720771045134
3029654.0, 8025666.0, 1, 0.0719419057422
2872928.0, 9786840.0, 1, 0.0644760814703
2330402.0, 18094754.0, 1, 0.0541956130372
2710608.0, 10796588.0, 1, 0.0533857314542
2931800.0, 9033356.0, 1, 0.0456673767577
2671740.0, 11517034.0, 1, 0.0446533557432
2671740.0, 11517034.0, 1, 0.0415184238797
2930040.0, 9610948.0, 1, 0.0411600389436
4507746.0, 2496996.0, 1, 0.0388508498305
2482346.0, 15789686.0, 1, 0.0347449183132
2710608.0, 10796588.0, 1, 0.0236367590857
2893498.0, 9769524.0, 1, 0.0129083215273
3094848.0, 8023446.0, 1, 0.0111163584135
2930040.0, 9610948.0, 1, 0.0100380180442
2893498.0, 9769524.0, 1, 0.00664290340572
3029654.0, 8025666.0, 1, 0.00498530760767
2997880.0, 9031936.0, 1, 0.00493602170495
3101228.0, 8022508.0, 1, 0.0035408588754
2931800.0, 9033356.0, 1, 0.000356048885096
2710608.0, 10796588.0, 1, 0.0
2710608.0, 10796588.0, 1, 0.0
2893498.0, 9769524.0, 1, 0.0
2930040.0, 9610948.0, 1, 0.0
2930040.0, 9610948.0, 1, 0.0
2997880.0, 9031936.0, 1, 0.0
2997880.0, 9031936.0, 1, 0.0
2328942.0, 18642252.0, 1, 0.0
2328942.0, 18642252.0, 1, 0.0
2710608.0, 10796588.0, 1, 0.0
2710608.0, 10796588.0, 1, 0.0
7132910.0, 2432178.0, 2, inf
2429040.0, 19229956.0, 2, inf
4011328.0, 3458878.0, 2, 0.416658066987
5548712.0, 2500308.0, 2, 0.370335774587
5035348.0, 2509080.0, 2, 0.354405360138
3957242.0, 5658034.0, 2, 0.307779389261
2727626.0, 15037892.0, 2, 0.278311937031
3520544.0, 8004946.0, 2, 0.227105967365
2735614.0, 12085032.0, 2, 0.194344083136
3836606.0, 10797740.0, 2, 0.119046253115
5411352.0, 2505218.0, 2, 0.10965873143
3206822.0, 17995080.0, 2, 0.0881802875555
2900836.0, 15729212.0, 2, 0.0817779467507
2446948.0, 17988648.0, 2, 0.0733009447785
2800502.0, 17830054.0, 2, 0.0729048823853
3264040.0, 16599244.0, 2, 0.0717503604037
3222434.0, 8948132.0, 2, 0.0649697051564
3263624.0, 16046468.0, 2, 0.0605629941232
3217284.0, 8027618.0, 2, 0.059468419517
3063656.0, 17009468.0, 2, 0.056712020038
2845458.0, 10712794.0, 2, 0.0566860820563
2774516.0, 11364856.0, 2, 0.0507145007346
3342290.0, 9034188.0, 2, 0.0497966454897
3044046.0, 10201556.0, 2, 0.0471469038684
3001280.0, 11235698.0, 2, 0.0453849906558
3263680.0, 11940790.0, 2, 0.0429617273688
3114872.0, 9266138.0, 2, 0.042211916152
2947700.0, 9763362.0, 2, 0.0411676495611
3020292.0, 10075686.0, 2, 0.0324790350702
3002376.0, 9607790.0, 2, 0.0310786410546
3013976.0, 16970994.0, 2, 0.0282301039781
3431882.0, 9742852.0, 2, 0.0270869129455
3150098.0, 8953482.0, 2, 0.0241196483137
3431882.0, 9742852.0, 2, 0.0200697300148
3112164.0, 9024930.0, 2, 0.013984207413
3070250.0, 9029038.0, 2, 0.0108635041468
2776722.0, 10795458.0, 2, 0.00539010261378
2776722.0, 10795458.0, 2, 0.00519126312176
12042910.0, 18730170.0, 3, inf
10781158.0, 2754690.0, 3, inf
2896732.0, 10946654.0, 3, inf
5083578.0, 5460660.0, 3, 0.386983665317
9994900.0, 14256554.0, 3, 0.34454158683
7440676.0, 8940410.0, 3, 0.28352885752
6853768.0, 15781048.0, 3, 0.246397851022
3885782.0, 17035236.0, 3, 0.179654117103
7994962.0, 12208462.0, 3, 0.178909302139
5940712.0, 3243968.0, 3, 0.166100579266
12042910.0, 18730170.0, 3, 0.158180139045
7636032.0, 14993732.0, 3, 0.156030136154
4501838.0, 9630926.0, 3, 0.150515970068
8458738.0, 4179914.0, 3, 0.149312615104
9044264.0, 11861918.0, 3, 0.121195733076
Generacion: 154
2328942.0, 18642252.0, 1, inf
7603602.0, 2427624.0, 1, inf
3149268.0, 3567154.0, 1, 0.373085347422
4702044.0, 2484824.0, 1, 0.353725431403
6244174.0, 2446408.0, 1, 0.317436734519
3111134.0, 8006310.0, 1, 0.285148843015
6358410.0, 2429476.0, 1, 0.258886541178
2669980.0, 12094682.0, 1, 0.20898172694
2521342.0, 15358350.0, 1, 0.208672323111
4398266.0, 2507500.0, 1, 0.18458263725
2482346.0, 15789686.0, 1, 0.183607072444
3972016.0, 3233612.0, 1, 0.139705245182
2359984.0, 17839446.0, 1, 0.13229936634
3610668.0, 3492468.0, 1, 0.120627945591
2669980.0, 12094682.0, 1, 0.108236607003
2710608.0, 10796588.0, 1, 0.0912398716681
3029654.0, 8025666.0, 1, 0.0743120563857
2359984.0, 17839446.0, 1, 0.0727093020384
3750382.0, 3459078.0, 1, 0.0703576995482
3004136.0, 9030198.0, 1, 0.0631382556099
2769594.0, 10509192.0, 1, 0.0568002286495
3969316.0, 3454150.0, 1, 0.0551079265785
2521342.0, 15358350.0, 1, 0.0547812949228
2930040.0, 9610948.0, 1, 0.0526629839815
2893498.0, 9769524.0, 1, 0.0525451676598
2931800.0, 9033356.0, 1, 0.0481494838174
2769594.0, 10509192.0, 1, 0.0412149132971
2893498.0, 9769524.0, 1, 0.0332702351954
2710608.0, 10796588.0, 1, 0.0254269762548
3094848.0, 8023446.0, 1, 0.0166411780767
2997880.0, 9031936.0, 1, 0.0139086321175
3029654.0, 8025666.0, 1, 0.00497476077766
3004136.0, 9030198.0, 1, 0.00494503453294
3969316.0, 3454150.0, 1, 0.000815804434093
2931800.0, 9033356.0, 1, 0.000421246039629
2931800.0, 9033356.0, 1, 0.0
2931800.0, 9033356.0, 1, 0.0
2931800.0, 9033356.0, 1, 0.0
3969316.0, 3454150.0, 1, 0.0
2931800.0, 9033356.0, 1, 0.0
2964614.0, 19399030.0, 2, inf
2429040.0, 19229956.0, 2, inf
8141634.0, 2433804.0, 2, inf
5639294.0, 4728686.0, 2, 0.517145874894
8058172.0, 2493210.0, 2, 0.441959200013
4942232.0, 7136910.0, 2, 0.308756870842
4059506.0, 3406940.0, 2, 0.248745977448
3472440.0, 4782792.0, 2, 0.19368611572
2827156.0, 14319826.0, 2, 0.179941861514
5548712.0, 2500308.0, 2, 0.175880968291
2510276.0, 17011454.0, 2, 0.152545232227
4848870.0, 3457754.0, 2, 0.143293498681
3750280.0, 11232878.0, 2, 0.129060994649
3222434.0, 8948132.0, 2, 0.116351217327
3041420.0, 12937932.0, 2, 0.0970053073182
4859586.0, 3461874.0, 2, 0.0912571329602
3144750.0, 10789614.0, 2, 0.0882622815115
3302500.0, 15615542.0, 2, 0.0875139553167
2589002.0, 16158518.0, 2, 0.0863156307786
2770078.0, 12685026.0, 2, 0.083595486386
3292406.0, 7981642.0, 2, 0.0641306085702
3044046.0, 10201556.0, 2, 0.06233317104
3390416.0, 7974360.0, 2, 0.0596939500649
3040370.0, 12070654.0, 2, 0.0483597817952
2774516.0, 11364856.0, 2, 0.0457638399917
3264040.0, 16599244.0, 2, 0.0456213438475
2995674.0, 9601300.0, 2, 0.0450515930593
3397270.0, 11842582.0, 2, 0.0435498747819
2552778.0, 16724692.0, 2, 0.0379614149171
2922862.0, 15780216.0, 2, 0.0364695115917
3454736.0, 9798154.0, 2, 0.0340631415823
2900836.0, 15729212.0, 2, 0.0264600708148
3063656.0, 17009468.0, 2, 0.0206581401088
3317764.0, 11980544.0, 2, 0.0201311789604
3431882.0, 9742852.0, 2, 0.0180951416778
3065498.0, 9744116.0, 2, 0.0174553793133
3002376.0, 9607790.0, 2, 0.0150536891155
3340704.0, 9603552.0, 2, 0.0131004123414
3001280.0, 11235698.0, 2, 0.00895252192705
6917074.0, 2503082.0, 3, inf
3207626.0, 19242118.0, 3, inf
13042782.0, 3081262.0, 3, inf
3124692.0, 17245676.0, 3, inf
12036832.0, 4772586.0, 3, 0.266192667254
4257328.0, 15724716.0, 3, 0.243913422761
7563872.0, 12743430.0, 3, 0.223067642659
10882720.0, 15843140.0, 3, 0.215051184606
8480718.0, 6883578.0, 3, 0.193296029334
4785056.0, 8020554.0, 3, 0.172481125875
8071180.0, 5348584.0, 3, 0.159459202425
3553072.0, 19229616.0, 3, 0.1577845201
9697664.0, 16158592.0, 3, 0.153970611709
5942192.0, 9201124.0, 3, 0.14335411862
10161012.0, 5155060.0, 3, 0.108875778267
7438916.0, 9710770.0, 3, 0.096686497721
9992284.0, 3904638.0, 3, 0.0904331223487
8926610.0, 3437864.0, 3, 0.0827451732701
6089626.0, 7813074.0, 3, 0.0792602057597
4028240.0, 11350144.0, 3, 0.0766543010846
8528066.0, 4218710.0, 3, 0.0733800701073
Generacion: 155
5894434.0, 2423296.0, 1, inf
2359984.0, 17839446.0, 1, inf
2359984.0, 17839446.0, 1, inf
2521342.0, 15358350.0, 1, 0.460352827472
4641292.0, 2478828.0, 1, 0.397115576057
3299600.0, 3760050.0, 1, 0.39408098808
3292406.0, 7981642.0, 1, 0.309239967046
4507746.0, 2496996.0, 1, 0.248392604088
3933568.0, 3221218.0, 1, 0.239187889966
2669980.0, 12094682.0, 1, 0.222701380667
3656514.0, 3494554.0, 1, 0.184562768004
2916114.0, 10484506.0, 1, 0.10366132717
3832142.0, 3237582.0, 1, 0.0961172331813
2708848.0, 11374202.0, 1, 0.0956983716047
3029654.0, 8025666.0, 1, 0.0928360526246
2669980.0, 12094682.0, 1, 0.0887894719236
2769594.0, 10509192.0, 1, 0.0783875350672
3004136.0, 9030198.0, 1, 0.0669310228559
2930040.0, 9610948.0, 1, 0.0571630765036
2931800.0, 9033356.0, 1, 0.056162660825
2710608.0, 10796588.0, 1, 0.0541569863707
3178926.0, 8000998.0, 1, 0.0528873276526
2930040.0, 9610948.0, 1, 0.0414067582094
3111134.0, 8006310.0, 1, 0.0233783425302
3101228.0, 8022508.0, 1, 0.0213011088589
2997880.0, 9031936.0, 1, 0.0206708349152
2710608.0, 10796588.0, 1, 0.019140483314
3004136.0, 9030198.0, 1, 0.00733253265784
3101228.0, 8022508.0, 1, 0.00300754925546
2931800.0, 9033356.0, 1, 0.000590067029791
2931800.0, 9033356.0, 1, 0.0
2931800.0, 9033356.0, 1, 0.0
2710608.0, 10796588.0, 1, 0.0
2930040.0, 9610948.0, 1, 0.0
2931800.0, 9033356.0, 1, 0.0
2692510.0, 15352242.0, 2, inf
7603602.0, 2427624.0, 2, inf
4702044.0, 2484824.0, 2, 0.548136611324
3870588.0, 3249980.0, 2, 0.533190706005
3288592.0, 8945014.0, 2, 0.462579602937
6358410.0, 2429476.0, 2, 0.337413699914
6358410.0, 2429476.0, 2, 0.257829239286
3972016.0, 3233612.0, 2, 0.228503094524
3523684.0, 13562794.0, 2, 0.18584303292
3071150.0, 11873182.0, 2, 0.147916910925
2827156.0, 14319826.0, 2, 0.143713017206
2770078.0, 12685026.0, 2, 0.136424390314
3002376.0, 9607790.0, 2, 0.0994998766494
2815636.0, 11083852.0, 2, 0.0951987364031
3120396.0, 9035308.0, 2, 0.0908802049968
2845458.0, 10712794.0, 2, 0.0863081058579
2841470.0, 13312382.0, 2, 0.0716410911
3267240.0, 10792988.0, 2, 0.062957585405
3340704.0, 9603552.0, 2, 0.054577100973
2845458.0, 10712794.0, 2, 0.0381565014754
3340704.0, 9603552.0, 2, 0.0375864174026
3002376.0, 9607790.0, 2, 0.0322796546704
13042782.0, 3081262.0, 3, inf
6774686.0, 2499556.0, 3, inf
2922862.0, 15780216.0, 3, inf
12193596.0, 3264764.0, 3, 0.555487398502
7579768.0, 2574814.0, 3, 0.534263763591
5122978.0, 9346278.0, 3, 0.471715637491
4859586.0, 3461874.0, 3, 0.462679829509
5184952.0, 11560790.0, 3, 0.380969988347
4257328.0, 15724716.0, 3, 0.379158209453
6335438.0, 11223886.0, 3, 0.240316337012
4912604.0, 9953232.0, 3, 0.122312151259
3969316.0, 3454150.0, 3, 0.105613084492
7017094.0, 2802412.0, 3, 0.104191095651
4720148.0, 9793966.0, 3, 0.0931938903227
5567670.0, 3156916.0, 3, 0.0879505232055
4098318.0, 9505916.0, 3, 0.0510429731699
5548712.0, 2500308.0, 3, 0.0434850195908
5007770.0, 9494048.0, 3, 0.0328084453356
6911278.0, 3424830.0, 3, 0.0308179260288
6849532.0, 3216860.0, 3, 0.0216180206492
3969316.0, 3454150.0, 3, 0.0133289315723
3969316.0, 3454150.0, 3, 0.0
7831572.0, 19399102.0, 4, inf
12214844.0, 16719022.0, 4, inf
4438036.0, 3464314.0, 4, inf
4006950.0, 3488428.0, 4, inf
10786598.0, 14930582.0, 4, 0.368915729888
11244168.0, 10675656.0, 4, 0.291741560825
11295832.0, 16067866.0, 4, 0.220240038793
4787928.0, 7606280.0, 4, 0.174074081772
9244768.0, 6133490.0, 4, 0.154536695095
9574120.0, 10288064.0, 4, 0.152679316998
10347688.0, 5503810.0, 4, 0.152555914539
10434564.0, 15094012.0, 4, 0.124845272051
5660272.0, 4103978.0, 4, 0.116601814731
6233372.0, 8225836.0, 4, 0.114752039118
8374136.0, 3544896.0, 4, 0.104581977441
7437460.0, 8266438.0, 4, 0.10191147012
6817726.0, 10201862.0, 4, 0.098828547626
8092030.0, 10493568.0, 4, 0.0904263425812
9146152.0, 5193628.0, 4, 0.081661282268
8806140.0, 3775362.0, 4, 0.0776026450266
4516242.0, 5954110.0, 4, 0.077431751902
Generacion: 156
2398982.0, 17552796.0, 1, inf
6743302.0, 2423170.0, 1, inf
2669980.0, 12094682.0, 1, 0.479703877827
3197672.0, 3940842.0, 1, 0.3973742871
4258040.0, 3217070.0, 1, 0.326732103203
5894434.0, 2423296.0, 1, 0.299569613905
3178926.0, 8000998.0, 1, 0.288628891049
5153920.0, 2822644.0, 1, 0.233628975231
5450676.0, 2453818.0, 1, 0.195510274153
3610668.0, 3492468.0, 1, 0.167273754063
2807700.0, 9788770.0, 1, 0.128875544654
3852392.0, 3233248.0, 1, 0.124645776116
2708848.0, 11374202.0, 1, 0.0951501366599
5155572.0, 2808116.0, 1, 0.0926866984713
3029654.0, 8025666.0, 1, 0.0889529437691
3786628.0, 3461164.0, 1, 0.0727746613804
3004136.0, 9030198.0, 1, 0.0678350730894
2710608.0, 10796588.0, 1, 0.0670173483049
2930040.0, 9610948.0, 1, 0.0663371335378
2710608.0, 10796588.0, 1, 0.0605268610622
2931800.0, 9033356.0, 1, 0.0533868904618
3111134.0, 8006310.0, 1, 0.0193066763611
3101228.0, 8022508.0, 1, 0.0175459203864
2997880.0, 9031936.0, 1, 0.0168594366785
2930040.0, 9610948.0, 1, 0.0121583584
3004136.0, 9030198.0, 1, 0.00598875065073
3101228.0, 8022508.0, 1, 0.00248894831665
2931800.0, 9033356.0, 1, 0.000498982285838
2931800.0, 9033356.0, 1, 0.0
2931800.0, 9033356.0, 1, 0.0
2931800.0, 9033356.0, 1, 0.0
2710608.0, 10796588.0, 1, 0.0
2710608.0, 10796588.0, 1, 0.0
2930040.0, 9610948.0, 1, 0.0
2930040.0, 9610948.0, 1, 0.0
2911616.0, 10709706.0, 2, inf
3304672.0, 15608612.0, 2, inf
6358410.0, 2429476.0, 2, inf
4510808.0, 8608174.0, 2, 0.517946297434
3372242.0, 4211528.0, 2, 0.420018895693
5910016.0, 2457174.0, 2, 0.3239733283
5448372.0, 3219550.0, 2, 0.30475842008
4077882.0, 14090134.0, 2, 0.220410314451
4985322.0, 9654134.0, 2, 0.189410039948
5122978.0, 9346278.0, 2, 0.183919685563
3523684.0, 13562794.0, 2, 0.171519450031
4217788.0, 13187582.0, 2, 0.137110397821
3039480.0, 15329588.0, 2, 0.125070960978
3838982.0, 3487540.0, 2, 0.124245191029
3180768.0, 12281676.0, 2, 0.109872940368
4205210.0, 11231216.0, 2, 0.0993760368628
3211732.0, 11796774.0, 2, 0.0961110840269
3838982.0, 3487540.0, 2, 0.0932380617862
4411774.0, 13298856.0, 2, 0.0923695317289
3288592.0, 8945014.0, 2, 0.0798038394192
4136614.0, 10275142.0, 2, 0.0750905368445
3454736.0, 9798154.0, 2, 0.0708954298344
3121228.0, 10797460.0, 2, 0.0597471891777
3110342.0, 12085602.0, 2, 0.0522231463688
4438036.0, 3464314.0, 2, 0.0490666208032
3068044.0, 9598402.0, 2, 0.0398207756685
2947700.0, 9763362.0, 2, 0.0372595945235
3293760.0, 10300932.0, 2, 0.0341825930281
3002376.0, 9607790.0, 2, 0.029159515643
3034084.0, 10713080.0, 2, 0.0174233409144
3413170.0, 9600134.0, 2, 0.012640240576
3413170.0, 9600134.0, 2, 0.0120056426727
3293760.0, 10300932.0, 2, 0.00345624527349
3413170.0, 9600134.0, 2, 0.0
6632364.0, 2471886.0, 3, inf
5531810.0, 19587444.0, 3, inf
11167752.0, 17634900.0, 3, inf
4158250.0, 7598128.0, 3, inf
9690870.0, 12809758.0, 3, 0.440409447357
5464174.0, 5114302.0, 3, 0.237427522653
8789098.0, 4156440.0, 3, 0.227730497154
8303294.0, 10377140.0, 3, 0.218250898254
10786598.0, 14930582.0, 3, 0.211604617395
7870128.0, 4688934.0, 3, 0.205394254893
4213126.0, 16168126.0, 3, 0.191256489595
10779000.0, 10313854.0, 3, 0.172558352511
7171450.0, 9792592.0, 3, 0.127534421434
4663658.0, 13495636.0, 3, 0.125174025383
5058992.0, 13056120.0, 3, 0.106074901001
4744658.0, 17156370.0, 3, 0.103457323138
7035444.0, 8281112.0, 3, 0.0992755046118
6191150.0, 9428210.0, 3, 0.0979998224058
4587314.0, 4362562.0, 3, 0.0898601936136
6127220.0, 8175326.0, 3, 0.0794538600158
8403230.0, 3277420.0, 3, 0.0790523626254
4853974.0, 13135324.0, 3, 0.0705233110135
6516856.0, 10098060.0, 3, 0.0610376499115
6879962.0, 3130410.0, 3, 0.0571926106161
6820498.0, 7641560.0, 3, 0.0561740410467
4729492.0, 3497400.0, 3, 0.0543010622609
5850482.0, 7609354.0, 3, 0.0540473677139
6390306.0, 9594366.0, 3, 0.0533651064004
5892868.0, 4251020.0, 3, 0.0515233693128
6717998.0, 9464152.0, 3, 0.0276278307027
7159278.0, 3229106.0, 3, 0.0268591136067
Generacion: 157
5477662.0, 2421724.0, 1, inf
2669980.0, 12094682.0, 1, inf
3149268.0, 3567154.0, 1, 0.558576629816
4904710.0, 2704682.0, 1, 0.516611171534
3111134.0, 8006310.0, 1, 0.46245253119
3293530.0, 3231608.0, 1, 0.390515155784
4146588.0, 3225660.0, 1, 0.345028323622
4258040.0, 3217070.0, 1, 0.323876268884
2708848.0, 11374202.0, 1, 0.148668545985
2807700.0, 9788770.0, 1, 0.134747529228
3029654.0, 8025666.0, 1, 0.129341718496
3004136.0, 9030198.0, 1, 0.106077687883
2710608.0, 10796588.0, 1, 0.104816076877
2710608.0, 10796588.0, 1, 0.0942951479775
2931800.0, 9033356.0, 1, 0.0832474631824
2930040.0, 9610948.0, 1, 0.0727270409978
2893498.0, 9769524.0, 1, 0.0619567255295
2807700.0, 9788770.0, 1, 0.0365705098678
3101228.0, 8022508.0, 1, 0.0310214230071
2997880.0, 9031936.0, 1, 0.0260900786083
2930040.0, 9610948.0, 1, 0.0170205959085
3111134.0, 8006310.0, 1, 0.0152565877846
3029654.0, 8025666.0, 1, 0.00941511328105
3004136.0, 9030198.0, 1, 0.00926831227147
2931800.0, 9033356.0, 1, 0.000773652625964
3004136.0, 9030198.0, 1, 0.0
2710608.0, 10796588.0, 1, 0.0
2710608.0, 10796588.0, 1, 0.0
2930040.0, 9610948.0, 1, 0.0
3004136.0, 9030198.0, 1, 0.0
3004136.0, 9030198.0, 1, 0.0
3004136.0, 9030198.0, 1, 0.0
3004136.0, 9030198.0, 1, 0.0
5894434.0, 2423296.0, 2, inf
2766494.0, 14028192.0, 2, inf
5359850.0, 3173888.0, 2, 0.591604273477
3178926.0, 8000998.0, 2, 0.402541670133
4264302.0, 3240888.0, 2, 0.396165073449
3472440.0, 4782792.0, 2, 0.386402926641
3838982.0, 3487540.0, 2, 0.276992834682
3080644.0, 12087338.0, 2, 0.276981779175
4205210.0, 11231216.0, 2, 0.247123941784
3527456.0, 9794188.0, 2, 0.161672175253
3293760.0, 10300932.0, 2, 0.141024212976
3197672.0, 3940842.0, 2, 0.121637675339
3187462.0, 9260788.0, 2, 0.115010861791
2911616.0, 10709706.0, 2, 0.100717497377
3413170.0, 9600134.0, 2, 0.0865641906444
3002376.0, 9607790.0, 2, 0.0565675367534
3121228.0, 10797460.0, 2, 0.0514753617461
2947700.0, 9763362.0, 2, 0.0427683732103
3218820.0, 9784642.0, 2, 0.033028801776
3114872.0, 9266138.0, 2, 0.0308126195045
3135318.0, 9767386.0, 2, 0.0202797148046
3114872.0, 9266138.0, 2, 0.0114036774582
7712512.0, 2433274.0, 3, inf
8386126.0, 12464200.0, 3, inf
7383984.0, 19923246.0, 3, inf
3187026.0, 8003152.0, 3, inf
8127680.0, 13108100.0, 3, 0.36472352868
5477734.0, 17874676.0, 3, 0.356490663943
3948022.0, 5381438.0, 3, 0.262315487622
3440644.0, 8021498.0, 3, 0.227849293275
6191150.0, 9428210.0, 3, 0.202977113653
4061558.0, 7615656.0, 3, 0.195475273099
8171328.0, 18286474.0, 3, 0.147657770182
5118300.0, 11886324.0, 3, 0.146419409572
6590572.0, 11016314.0, 3, 0.107710273707
4789658.0, 19587784.0, 3, 0.105688241932
5762470.0, 3268920.0, 3, 0.104875494269
4476720.0, 4576848.0, 3, 0.104854603395
7872084.0, 10900390.0, 3, 0.102606172887
4187170.0, 7995792.0, 3, 0.102007991013
5940398.0, 3694794.0, 3, 0.101860653497
6566854.0, 3215374.0, 3, 0.0947667007308
7144434.0, 2826220.0, 3, 0.087979119496
4816838.0, 5116544.0, 3, 0.083104738505
6889406.0, 10618376.0, 3, 0.0830887291062
6833770.0, 2905754.0, 3, 0.0797281464266
5447802.0, 3885554.0, 3, 0.0674780314045
7033440.0, 10118868.0, 3, 0.0664966783767
4997902.0, 12502340.0, 3, 0.0621336101349
4578546.0, 4361958.0, 3, 0.0602627116875
4729492.0, 3497400.0, 3, 0.0556711850531
5116954.0, 3906658.0, 3, 0.0503961638264
4985322.0, 9654134.0, 3, 0.0460228436772
7067022.0, 10052858.0, 3, 0.04010138365
4626814.0, 3836844.0, 3, 0.0399399232318
4792426.0, 9790884.0, 3, 0.0280251199644
4512724.0, 9595052.0, 3, 0.0244299883365
4508010.0, 9464140.0, 3, 0.0164643395792
5448372.0, 3219550.0, 3, 0.00881867604632
10269988.0, 12799792.0, 4, inf
5610814.0, 4675226.0, 4, inf
8721422.0, 4123526.0, 4, inf
13457484.0, 5269550.0, 4, inf
10404164.0, 10373090.0, 4, 0.585385325025
12416582.0, 10060328.0, 4, 0.467214918097
8246308.0, 8295266.0, 4, 0.341454785331
10299398.0, 5897120.0, 4, 0.328557206798
Generacion: 158
5477662.0, 2421724.0, 1, inf
2398982.0, 17552796.0, 1, inf
4559462.0, 2568108.0, 1, 0.575337203444
3407714.0, 3215066.0, 1, 0.455043273482
2590462.0, 15611076.0, 1, 0.44311964418
3149268.0, 3567154.0, 1, 0.374800966609
5035348.0, 2509080.0, 1, 0.307919099436
3111134.0, 8006310.0, 1, 0.296597751308
2671740.0, 11517034.0, 1, 0.282625058127
2428796.0, 17027890.0, 1, 0.190522150873
3293530.0, 3231608.0, 1, 0.107216220181
3029654.0, 8025666.0, 1, 0.0896369620377
2845458.0, 10712794.0, 1, 0.0846663836247
2893498.0, 9769524.0, 1, 0.0742093046169
3004136.0, 9030198.0, 1, 0.0684207265082
2708848.0, 11374202.0, 1, 0.0602385698478
2710608.0, 10796588.0, 1, 0.0596488181301
2931800.0, 9033356.0, 1, 0.0596363204743
2930040.0, 9610948.0, 1, 0.0500419488604
2776722.0, 10795458.0, 1, 0.0493391154603
2671740.0, 11517034.0, 1, 0.0358399238695
3101228.0, 8022508.0, 1, 0.0277451099657
2893498.0, 9769524.0, 1, 0.0260842463945
2997880.0, 9031936.0, 1, 0.0237044935084
2845458.0, 10712794.0, 1, 0.0210672852698
3111134.0, 8006310.0, 1, 0.0134569897081
2930040.0, 9610948.0, 1, 0.0110518299044
3029654.0, 8025666.0, 1, 0.00849732680059
3004136.0, 9030198.0, 1, 0.00840348017822
2931800.0, 9033356.0, 1, 0.000665520196757
2710608.0, 10796588.0, 1, 0.000646354337259
3004136.0, 9030198.0, 1, 0.0
3004136.0, 9030198.0, 1, 0.0
3004136.0, 9030198.0, 1, 0.0
3004136.0, 9030198.0, 1, 0.0
3004136.0, 9030198.0, 1, 0.0
2710608.0, 10796588.0, 1, 0.0
2710608.0, 10796588.0, 1, 0.0
2710608.0, 10796588.0, 1, 0.0
2710608.0, 10796588.0, 1, 0.0
2893498.0, 9769524.0, 1, 0.0
2930040.0, 9610948.0, 1, 0.0
3004136.0, 9030198.0, 1, 0.0
3004136.0, 9030198.0, 1, 0.0
3004136.0, 9030198.0, 1, 0.0
2688856.0, 14544364.0, 2, inf
5894434.0, 2423296.0, 2, inf
4904710.0, 2704682.0, 2, 0.502052938623
3972740.0, 5012634.0, 2, 0.37795434399
3535210.0, 13115040.0, 2, 0.307081505061
3584768.0, 11351516.0, 2, 0.276876890588
3178926.0, 8000998.0, 2, 0.260146748295
4497260.0, 9245026.0, 2, 0.255195596694
3838982.0, 3487540.0, 2, 0.241458199961
4146588.0, 3225660.0, 2, 0.224395485988
2709182.0, 14528704.0, 2, 0.215725146582
3440644.0, 8021498.0, 2, 0.123310325743
3002376.0, 9607790.0, 2, 0.11515365428
3342290.0, 9034188.0, 2, 0.090809011392
3984980.0, 9793354.0, 2, 0.0888850758757
3886192.0, 10907632.0, 2, 0.0830145123507
3044046.0, 10201556.0, 2, 0.0531909378882
3958564.0, 9509550.0, 2, 0.0499996355174
3303030.0, 9266132.0, 2, 0.0457286455922
3976482.0, 10393610.0, 2, 0.0409228303212
3187462.0, 9260788.0, 2, 0.0404562805933
3342290.0, 9034188.0, 2, 0.0395057987853
3413170.0, 9600134.0, 2, 0.0387870385581
3319014.0, 10651302.0, 2, 0.0386039896285
3045846.0, 9321344.0, 2, 0.0375818920909
3135318.0, 9767386.0, 2, 0.0333084620838
3113764.0, 10796680.0, 2, 0.0296063348765
3034084.0, 10713080.0, 2, 0.0249930433487
3121228.0, 10797460.0, 2, 0.0144200937651
3118436.0, 9317638.0, 2, 0.00688348539535
3178926.0, 8000998.0, 2, 0.00435412841432
7383984.0, 19923246.0, 3, inf
11872520.0, 9528978.0, 3, inf
5941638.0, 2427848.0, 3, inf
4146400.0, 5054822.0, 3, inf
10501646.0, 11178384.0, 3, 0.356618748226
10943244.0, 16544798.0, 3, 0.355663390224
8421400.0, 11679528.0, 3, 0.343712947649
5784074.0, 6167616.0, 3, 0.192409378061
4729492.0, 3497400.0, 3, 0.1741966712
4492382.0, 14042052.0, 3, 0.167564623182
4187170.0, 7995792.0, 3, 0.157858736875
5400366.0, 5009686.0, 3, 0.141056197384
4534042.0, 12822922.0, 3, 0.133700253695
6523964.0, 9172564.0, 3, 0.130345607358
8021338.0, 10444468.0, 3, 0.12235797883
5157606.0, 9407836.0, 3, 0.107203813024
7789724.0, 11872126.0, 3, 0.105325666712
7425812.0, 15462188.0, 3, 0.102136705427
11279502.0, 10695284.0, 3, 0.101494112448
6893038.0, 3154412.0, 3, 0.0996232328936
5753818.0, 8390044.0, 3, 0.0963089824326
11403296.0, 11475260.0, 3, 0.0948982413672
6285630.0, 15416110.0, 3, 0.0892885970553
5559652.0, 2712766.0, 3, 0.0692562536204
Generacion: 159
5477662.0, 2421724.0, 1, inf
2590462.0, 15611076.0, 1, inf
3293530.0, 3231608.0, 1, 0.47823294601
4310860.0, 2565974.0, 1, 0.437533261554
3149268.0, 3567154.0, 1, 0.425185880815
3111134.0, 8006310.0, 1, 0.340002203555
2671740.0, 11517034.0, 1, 0.323257681155
5236474.0, 2492360.0, 1, 0.195679996674
4774270.0, 2503974.0, 1, 0.184679069924
4398266.0, 2507500.0, 1, 0.165205749176
4929820.0, 2499956.0, 1, 0.160967840598
2807700.0, 9788770.0, 1, 0.14121580393
3029654.0, 8025666.0, 1, 0.110030211214
3004136.0, 9030198.0, 1, 0.101216378305
2710608.0, 10796588.0, 1, 0.0774223924219
2710608.0, 10796588.0, 1, 0.0770210742277
2931800.0, 9033356.0, 1, 0.0688463270697
2708848.0, 11374202.0, 1, 0.0566465542395
2930040.0, 9610948.0, 1, 0.0564488485438
2893498.0, 9769524.0, 1, 0.0417397124333
2671740.0, 11517034.0, 1, 0.0389804916326
3101228.0, 8022508.0, 1, 0.0296886613399
3111134.0, 8006310.0, 1, 0.0144360642304
2893498.0, 9769524.0, 1, 0.0141157604588
2930040.0, 9610948.0, 1, 0.0126326190557
2708848.0, 11374202.0, 1, 0.0114389288729
3004136.0, 9030198.0, 1, 0.00907775643344
2931800.0, 9033356.0, 1, 0.000849022712188
2931800.0, 9033356.0, 1, 0.0
2931800.0, 9033356.0, 1, 0.0
3004136.0, 9030198.0, 1, 0.0
3004136.0, 9030198.0, 1, 0.0
3004136.0, 9030198.0, 1, 0.0
3004136.0, 9030198.0, 1, 0.0
3111134.0, 8006310.0, 1, 0.0
2708848.0, 11374202.0, 1, 0.0
2710608.0, 10796588.0, 1, 0.0
2710608.0, 10796588.0, 1, 0.0
2930040.0, 9610948.0, 1, 0.0
2930040.0, 9610948.0, 1, 0.0
2931800.0, 9033356.0, 1, 0.0
2931800.0, 9033356.0, 1, 0.0
2709182.0, 14528704.0, 2, inf
3226818.0, 17891396.0, 2, inf
5894434.0, 2423296.0, 2, inf
4559462.0, 2568108.0, 2, 0.507856453839
3972740.0, 5012634.0, 2, 0.300372056709
2709182.0, 14528704.0, 2, 0.250816188078
3176174.0, 8000694.0, 2, 0.216586745898
4364126.0, 9850788.0, 2, 0.179827282266
3909396.0, 14060578.0, 2, 0.17801658577
3061516.0, 12785266.0, 2, 0.17353979873
3197672.0, 3940842.0, 2, 0.166786304547
3726912.0, 11398680.0, 2, 0.166269799639
3413170.0, 9600134.0, 2, 0.165343303178
4076852.0, 10290856.0, 2, 0.155944030268
2815636.0, 11083852.0, 2, 0.116386632403
3074872.0, 11517202.0, 2, 0.106392600534
3222434.0, 8948132.0, 2, 0.0827166005739
4559462.0, 2568108.0, 2, 0.0706871094336
2947700.0, 9763362.0, 2, 0.0686995628506
3259238.0, 9763602.0, 2, 0.0641566525456
3217284.0, 8027618.0, 2, 0.0634807418585
3956112.0, 11355078.0, 2, 0.0402400250348
3034084.0, 10713080.0, 2, 0.0372510642842
3215332.0, 14425812.0, 2, 0.0364210892644
3044046.0, 10201556.0, 2, 0.0321426793509
3187462.0, 9260788.0, 2, 0.0273080580386
3034084.0, 10713080.0, 2, 0.0270976452642
3045846.0, 9321344.0, 2, 0.0237477874891
3002376.0, 9607790.0, 2, 0.0200122308141
3118436.0, 9317638.0, 2, 0.0183662561388
3002376.0, 9607790.0, 2, 0.0176603149883
3114872.0, 9266138.0, 2, 0.0173520888253
3118436.0, 9317638.0, 2, 0.00444833959427
3002376.0, 9607790.0, 2, 0.0
7295740.0, 2431702.0, 3, inf
7310900.0, 18176432.0, 3, inf
10501646.0, 11178384.0, 3, inf
4159750.0, 14550258.0, 3, inf
9927026.0, 10665604.0, 3, 0.37343043563
6056664.0, 16282616.0, 3, 0.316395313936
8329132.0, 9447444.0, 3, 0.285287473063
4414710.0, 5782020.0, 3, 0.215335103175
7079004.0, 4584106.0, 3, 0.205446639391
8032680.0, 10566292.0, 3, 0.202622719501
8192804.0, 12978072.0, 3, 0.20056384462
6603952.0, 9176164.0, 3, 0.174870680136
4962032.0, 7615434.0, 3, 0.16401149185
5730260.0, 3213350.0, 3, 0.148042803547
4461824.0, 11716902.0, 3, 0.138744161032
4848870.0, 3457754.0, 3, 0.131828942574
5078782.0, 14138738.0, 3, 0.122672211623
5978176.0, 9664826.0, 3, 0.110809141695
4569706.0, 8006364.0, 3, 0.106839636765
6524118.0, 9594138.0, 3, 0.0956581943755
5297866.0, 2815834.0, 3, 0.0934281157539
5144712.0, 4974986.0, 3, 0.078528815022
5297866.0, 2815834.0, 3, 0.0465139112104
4997392.0, 7995608.0, 3, 0.0432385814544
Generacion: 160
2367888.0, 18355602.0, 1, inf
5387394.0, 2440766.0, 1, inf
3148862.0, 4390194.0, 1, 0.360421691471
3748920.0, 3223908.0, 1, 0.342919000088
2590462.0, 15611076.0, 1, 0.319046274897
2671740.0, 11517034.0, 1, 0.305428731916
5236474.0, 2492360.0, 1, 0.282702295656
4544500.0, 2497306.0, 1, 0.272315476034
3293530.0, 3231608.0, 1, 0.272010150799
3111134.0, 8006310.0, 1, 0.254201213996
4254510.0, 2839122.0, 1, 0.227444212138
2400978.0, 17814414.0, 1, 0.134251195986
2466980.0, 16741298.0, 1, 0.0982700804768
2776722.0, 10795458.0, 1, 0.0954806204801
3029654.0, 8025666.0, 1, 0.0901037642954
2807700.0, 9788770.0, 1, 0.0848568979984
2589002.0, 16158518.0, 1, 0.0824536383437
4425044.0, 2549432.0, 1, 0.0816916115814
2552778.0, 16724692.0, 1, 0.0680470258862
3004136.0, 9030198.0, 1, 0.0651910799027
2710608.0, 10796588.0, 1, 0.0581896937876
2931800.0, 9033356.0, 1, 0.0581770513096
4310860.0, 2565974.0, 1, 0.0549785621471
2708848.0, 11374202.0, 1, 0.0485834866795
2930040.0, 9610948.0, 1, 0.048394656441
2893498.0, 9769524.0, 1, 0.0299664296605
2872928.0, 9786840.0, 1, 0.0296238935877
2491168.0, 16725824.0, 1, 0.0294580106342
2997880.0, 9031936.0, 1, 0.0241546677496
4310860.0, 2565974.0, 1, 0.0197014005608
3111134.0, 8006310.0, 1, 0.0137109827309
2930040.0, 9610948.0, 1, 0.0105469128747
2807700.0, 9788770.0, 1, 0.0103805645625
3029654.0, 8025666.0, 1, 0.00966727491913
2708848.0, 11374202.0, 1, 0.00955764726117
3004136.0, 9030198.0, 1, 0.00856025754239
2931800.0, 9033356.0, 1, 0.000672101723655
2710608.0, 10796588.0, 1, 0.000653879732552
3004136.0, 9030198.0, 1, 0.0
3004136.0, 9030198.0, 1, 0.0
3004136.0, 9030198.0, 1, 0.0
3029654.0, 8025666.0, 1, 0.0
3029654.0, 8025666.0, 1, 0.0
3029654.0, 8025666.0, 1, 0.0
2710608.0, 10796588.0, 1, 0.0
2710608.0, 10796588.0, 1, 0.0
2807700.0, 9788770.0, 1, 0.0
2930040.0, 9610948.0, 1, 0.0
2930040.0, 9610948.0, 1, 0.0
2930040.0, 9610948.0, 1, 0.0
2931800.0, 9033356.0, 1, 0.0
2931800.0, 9033356.0, 1, 0.0
2931800.0, 9033356.0, 1, 0.0
2931800.0, 9033356.0, 1, 0.0
2931800.0, 9033356.0, 1, 0.0
2931800.0, 9033356.0, 1, 0.0
2931800.0, 9033356.0, 1, 0.0
2931800.0, 9033356.0, 1, 0.0
4929820.0, 2499956.0, 2, inf
2883038.0, 16856938.0, 2, inf
2737820.0, 11515610.0, 2, inf
4465112.0, 7720404.0, 2, 0.430266534315
4476720.0, 4576848.0, 2, 0.296124035802
2941114.0, 14552510.0, 2, 0.240745461304
3736120.0, 15911930.0, 2, 0.224598815943
4088142.0, 13237182.0, 2, 0.201108511971
4201792.0, 11467718.0, 2, 0.153921540422
3897612.0, 4392362.0, 2, 0.150827828858
3977868.0, 12707938.0, 2, 0.141079356585
2810486.0, 11025466.0, 2, 0.140807932897
3560152.0, 11371372.0, 2, 0.13789794512
3242014.0, 16159186.0, 2, 0.130056679258
4660778.0, 2551744.0, 2, 0.12720279833
3338716.0, 8953476.0, 2, 0.126828018147
3852392.0, 3233248.0, 2, 0.122310852011
4148878.0, 12002466.0, 2, 0.111149016832
3293760.0, 10300932.0, 2, 0.106967450283
4606096.0, 9597364.0, 2, 0.103601021979
4774270.0, 2503974.0, 2, 0.0742898922015
4149738.0, 3228730.0, 2, 0.0716080706745
3456310.0, 9319576.0, 2, 0.0642836796906
3109246.0, 9799682.0, 2, 0.0633935427584
3361026.0, 9685656.0, 2, 0.061605615073
3061516.0, 12785266.0, 2, 0.060765704475
3807168.0, 9636318.0, 2, 0.0584673588735
3118436.0, 9317638.0, 2, 0.0565118114045
3501370.0, 12780022.0, 2, 0.0527592653789
4774270.0, 2503974.0, 2, 0.0520554112774
3002376.0, 9607790.0, 2, 0.0500614316056
3306560.0, 9321682.0, 2, 0.0397346131214
3259238.0, 9763602.0, 2, 0.0315489502618
3118436.0, 9317638.0, 2, 0.0295573198478
3045846.0, 9321344.0, 2, 0.0199543500379
3340704.0, 9603552.0, 2, 0.0109041168991
3045846.0, 9321344.0, 2, 0.00717226518006
3045846.0, 9321344.0, 2, 0.0
12570218.0, 18317600.0, 3, inf
4941082.0, 3264092.0, 3, inf
5626340.0, 2583788.0, 3, inf
10195180.0, 15879170.0, 3, 0.512642511361
Generacion: 161
7245648.0, 2419760.0, 1, inf
2482346.0, 15789686.0, 1, inf
5477662.0, 2421724.0, 1, 0.391690009411
2662876.0, 15607762.0, 1, 0.359332924339
3225810.0, 3901172.0, 1, 0.358506605059
3178926.0, 8000998.0, 1, 0.331117582643
2671740.0, 11517034.0, 1, 0.326299263583
3843816.0, 3207366.0, 1, 0.253380898503
4544500.0, 2497306.0, 1, 0.199827861287
3296226.0, 3537036.0, 1, 0.181636222921
5236474.0, 2492360.0, 1, 0.158339436491
4254510.0, 2839122.0, 1, 0.146023211241
2807700.0, 9788770.0, 1, 0.100978820597
3004136.0, 9030198.0, 1, 0.0903198034122
2776722.0, 10795458.0, 1, 0.0891748241252
3029654.0, 8025666.0, 1, 0.0888204233603
4310860.0, 2565974.0, 1, 0.0864460718741
2930040.0, 9610948.0, 1, 0.0688847013023
2708848.0, 11374202.0, 1, 0.0620454494909
2931800.0, 9033356.0, 1, 0.058386941555
2710608.0, 10796588.0, 1, 0.057082350315
5387394.0, 2440766.0, 1, 0.0341607205318
5333146.0, 2472814.0, 1, 0.0228452751449
5296846.0, 2492050.0, 1, 0.0217571027775
2807700.0, 9788770.0, 1, 0.019803620159
3111134.0, 8006310.0, 1, 0.0193301928748
3094848.0, 8023446.0, 1, 0.018553507608
2930040.0, 9610948.0, 1, 0.0136696399915
2776722.0, 10795458.0, 1, 0.00658798979577
3004136.0, 9030198.0, 1, 0.00559340984409
3029654.0, 8025666.0, 1, 0.00552325238772
2931800.0, 9033356.0, 1, 0.00060569333987
2710608.0, 10796588.0, 1, 0.000454009628232
2931800.0, 9033356.0, 1, 0.0
2931800.0, 9033356.0, 1, 0.0
2931800.0, 9033356.0, 1, 0.0
2931800.0, 9033356.0, 1, 0.0
2931800.0, 9033356.0, 1, 0.0
2931800.0, 9033356.0, 1, 0.0
3004136.0, 9030198.0, 1, 0.0
3004136.0, 9030198.0, 1, 0.0
3004136.0, 9030198.0, 1, 0.0
3029654.0, 8025666.0, 1, 0.0
3029654.0, 8025666.0, 1, 0.0
2807700.0, 9788770.0, 1, 0.0
2807700.0, 9788770.0, 1, 0.0
2930040.0, 9610948.0, 1, 0.0
2930040.0, 9610948.0, 1, 0.0
2930040.0, 9610948.0, 1, 0.0
3036690.0, 17979998.0, 2, inf
2589002.0, 16158518.0, 2, inf
6167766.0, 2443040.0, 2, inf
5350206.0, 2496154.0, 2, 0.349577664854
3250500.0, 7997292.0, 2, 0.333719957487
3732016.0, 4261064.0, 2, 0.305362459138
4929820.0, 2499956.0, 2, 0.194471735714
4234822.0, 14547176.0, 2, 0.178014363641
3620572.0, 12509426.0, 2, 0.175254004051
3508902.0, 12963028.0, 2, 0.139658236793
2899212.0, 10798832.0, 2, 0.135443825253
3753984.0, 13116334.0, 2, 0.134449414014
3114872.0, 9266138.0, 2, 0.117424274918
4655398.0, 9367710.0, 2, 0.108222311092
3166456.0, 8020548.0, 2, 0.100019013179
3852392.0, 3233248.0, 2, 0.0951581587588
2834788.0, 10506968.0, 2, 0.0917155760435
4484618.0, 3754532.0, 2, 0.0876223988982
2846234.0, 15411950.0, 2, 0.0798237576019
4539858.0, 2579814.0, 2, 0.0784886814061
4463024.0, 10190138.0, 2, 0.0686099365975
4085422.0, 10695092.0, 2, 0.06805299221
4258040.0, 3217070.0, 2, 0.0662481576948
3973420.0, 9598160.0, 2, 0.0652402956174
2913044.0, 15507702.0, 2, 0.0610067567498
3180552.0, 9782848.0, 2, 0.0609655539471
4378208.0, 12553112.0, 2, 0.0533391228723
3736120.0, 15911930.0, 2, 0.048026683378
3002376.0, 9607790.0, 2, 0.0463625255966
4149738.0, 3228730.0, 2, 0.0427875156993
4376618.0, 10386866.0, 2, 0.0359756152331
4322438.0, 9599316.0, 2, 0.0337535983043
4606096.0, 9597364.0, 2, 0.0301398953894
4600616.0, 2501192.0, 2, 0.0236484983494
3045846.0, 9321344.0, 2, 0.0222719039369
3045846.0, 9321344.0, 2, 0.00611163040203
12215706.0, 3904922.0, 3, inf
4033136.0, 5352140.0, 3, inf
7235526.0, 18349504.0, 3, inf
7205472.0, 2450744.0, 3, inf
10997232.0, 13163734.0, 3, 0.469097345764
9311086.0, 4128500.0, 3, 0.268770820925
4923082.0, 7998690.0, 3, 0.258906433317
9104682.0, 15877442.0, 3, 0.253295796789
7831442.0, 3439370.0, 3, 0.249346922097
6515698.0, 11355532.0, 3, 0.206072772449
5992686.0, 9368332.0, 3, 0.18791090122
5502210.0, 14435324.0, 3, 0.18134159021
11564440.0, 3572360.0, 3, 0.16766797704
4516242.0, 5954110.0, 3, 0.164746055256
7087918.0, 15763092.0, 3, 0.143485336096
Generacion: 162
2590462.0, 15611076.0, 1, inf
5387394.0, 2440766.0, 1, inf
3225810.0, 3901172.0, 1, 0.579441484999
3839394.0, 3492268.0, 1, 0.445434321767
4544500.0, 2497306.0, 1, 0.404650626407
3176174.0, 8000694.0, 1, 0.352697023032
2662876.0, 15607762.0, 1, 0.295424456474
2669980.0, 12094682.0, 1, 0.280639047883
4319572.0, 3185016.0, 1, 0.228651773686
4412468.0, 3179368.0, 1, 0.132636235836
2807700.0, 9788770.0, 1, 0.11964894501
3004136.0, 9030198.0, 1, 0.102135088114
2776722.0, 10795458.0, 1, 0.10007420929
3029654.0, 8025666.0, 1, 0.0995815759086
2931800.0, 9033356.0, 1, 0.0697182353597
2710608.0, 10796588.0, 1, 0.067495325422
2708848.0, 11374202.0, 1, 0.0577539373582
2669980.0, 12094682.0, 1, 0.05724478857
2893498.0, 9769524.0, 1, 0.0572425168508
2930040.0, 9610948.0, 1, 0.0569206414247
2708848.0, 11374202.0, 1, 0.0553341235985
3094848.0, 8023446.0, 1, 0.0258299641371
3111134.0, 8006310.0, 1, 0.024483938752
2930040.0, 9610948.0, 1, 0.0126696760646
2776722.0, 10795458.0, 1, 0.0111615062827
3004136.0, 9030198.0, 1, 0.00936335000417
3029654.0, 8025666.0, 1, 0.00929212920527
3111134.0, 8006310.0, 1, 0.00396815152878
3101228.0, 8022508.0, 1, 0.00361295867455
3101228.0, 8022508.0, 1, 0.00351095835779
2931800.0, 9033356.0, 1, 0.00086904267028
2710608.0, 10796588.0, 1, 0.000715059962204
2708848.0, 11374202.0, 1, 0.0
2710608.0, 10796588.0, 1, 0.0
2931800.0, 9033356.0, 1, 0.0
2931800.0, 9033356.0, 1, 0.0
2931800.0, 9033356.0, 1, 0.0
2931800.0, 9033356.0, 1, 0.0
2931800.0, 9033356.0, 1, 0.0
3004136.0, 9030198.0, 1, 0.0
3004136.0, 9030198.0, 1, 0.0
3004136.0, 9030198.0, 1, 0.0
3029654.0, 8025666.0, 1, 0.0
3029654.0, 8025666.0, 1, 0.0
3029654.0, 8025666.0, 1, 0.0
3101228.0, 8022508.0, 1, 0.0
3101228.0, 8022508.0, 1, 0.0
3101228.0, 8022508.0, 1, 0.0
2708848.0, 11374202.0, 1, 0.0
2708848.0, 11374202.0, 1, 0.0
4464956.0, 15783702.0, 2, inf
6058166.0, 2462082.0, 2, inf
2788046.0, 11435048.0, 2, inf
3589630.0, 7996830.0, 2, 0.366325085234
3732016.0, 4261064.0, 2, 0.362138886093
4941082.0, 3264092.0, 2, 0.236096274524
5640364.0, 9559428.0, 2, 0.235911251535
2896598.0, 14534186.0, 2, 0.221588880613
3252474.0, 12984738.0, 2, 0.182882356391
5288774.0, 8542050.0, 2, 0.1815770296
5301050.0, 2678612.0, 2, 0.167719571034
4109170.0, 15406422.0, 2, 0.154665417947
3620572.0, 12509426.0, 2, 0.125547463632
4507540.0, 11892286.0, 2, 0.116394788216
4780276.0, 3752308.0, 2, 0.112563938766
3340704.0, 9603552.0, 2, 0.104104874336
4735116.0, 11488494.0, 2, 0.0909900363836
3078634.0, 10790666.0, 2, 0.0906673294819
4594968.0, 9542874.0, 2, 0.0861400901897
3957160.0, 15347598.0, 2, 0.0860542812996
3293760.0, 10300932.0, 2, 0.079283759532
4066234.0, 3924574.0, 2, 0.0761674497482
3805174.0, 10502776.0, 2, 0.073492655926
3984980.0, 9793354.0, 2, 0.0722452045494
3917684.0, 9338988.0, 2, 0.0672506429729
2995674.0, 9601300.0, 2, 0.0589786684995
3150098.0, 8953482.0, 2, 0.0564009008234
3192740.0, 9032462.0, 2, 0.0454635065403
3114872.0, 9266138.0, 2, 0.0448632962724
3178926.0, 8000998.0, 2, 0.0411118093679
2845458.0, 10712794.0, 2, 0.0408846454683
2851074.0, 10490116.0, 2, 0.0307901805284
3180552.0, 9782848.0, 2, 0.0184719763863
3178926.0, 8000998.0, 2, 0.00912845349377
7235526.0, 18349504.0, 3, inf
4347716.0, 7071930.0, 3, inf
7449694.0, 2493406.0, 3, inf
13864396.0, 10451314.0, 3, inf
10428416.0, 13640018.0, 3, 0.470700671325
12615274.0, 14705572.0, 3, 0.381562903371
7830500.0, 11666146.0, 3, 0.342274915728
10937678.0, 9029064.0, 3, 0.294431218415
5951242.0, 14813802.0, 3, 0.265151661083
5388292.0, 5654878.0, 3, 0.216810566194
4843716.0, 4008140.0, 3, 0.144277510669
7430344.0, 12419082.0, 3, 0.110682756249
6958250.0, 8055736.0, 3, 0.110329104963
5858692.0, 11630884.0, 3, 0.108760189315
6858350.0, 9494088.0, 3, 0.104153364312
7323626.0, 10526648.0, 3, 0.0948634138914
Generacion: 163
5387394.0, 2440766.0, 1, inf
2537504.0, 17866344.0, 1, inf
5387394.0, 2440766.0, 1, inf
3149268.0, 3567154.0, 1, 0.548335197054
4305122.0, 3178770.0, 1, 0.499846775417
3838982.0, 3487540.0, 1, 0.430756382943
2590462.0, 15611076.0, 1, 0.379341553077
5143148.0, 2836164.0, 1, 0.371872867487
2671740.0, 11517034.0, 1, 0.316206044584
3111134.0, 8006310.0, 1, 0.291254832144
2552778.0, 16724692.0, 1, 0.164785615499
5297866.0, 2815834.0, 1, 0.111336280089
2807700.0, 9788770.0, 1, 0.10748424273
2776722.0, 10795458.0, 1, 0.0884597482595
3029654.0, 8025666.0, 1, 0.0879971609239
3004136.0, 9030198.0, 1, 0.0673163627177
2710608.0, 10796588.0, 1, 0.0606439996373
2931800.0, 9033356.0, 1, 0.0606306431496
2893498.0, 9769524.0, 1, 0.054455709253
2708848.0, 11374202.0, 1, 0.050466062945
2930040.0, 9610948.0, 1, 0.0502660325857
2997880.0, 9031936.0, 1, 0.0255867571946
3094848.0, 8023446.0, 1, 0.0253193784536
3111134.0, 8006310.0, 1, 0.0144309414359
2776722.0, 10795458.0, 1, 0.0109431481775
2930040.0, 9610948.0, 1, 0.0108976362933
2708848.0, 11374202.0, 1, 0.00987699382536
3029654.0, 8025666.0, 1, 0.00909794661607
3004136.0, 9030198.0, 1, 0.00906669981288
3101228.0, 8022508.0, 1, 0.00353673172633
3101228.0, 8022508.0, 1, 0.00328875700073
2931800.0, 9033356.0, 1, 0.000709622592987
2710608.0, 10796588.0, 1, 0.000690822649154
3004136.0, 9030198.0, 1, 0.0
3004136.0, 9030198.0, 1, 0.0
3004136.0, 9030198.0, 1, 0.0
3029654.0, 8025666.0, 1, 0.0
3029654.0, 8025666.0, 1, 0.0
3029654.0, 8025666.0, 1, 0.0
3029654.0, 8025666.0, 1, 0.0
2708848.0, 11374202.0, 1, 0.0
2710608.0, 10796588.0, 1, 0.0
2710608.0, 10796588.0, 1, 0.0
2710608.0, 10796588.0, 1, 0.0
2776722.0, 10795458.0, 1, 0.0
2930040.0, 9610948.0, 1, 0.0
2931800.0, 9033356.0, 1, 0.0
2931800.0, 9033356.0, 1, 0.0
2931800.0, 9033356.0, 1, 0.0
2931800.0, 9033356.0, 1, 0.0
2931800.0, 9033356.0, 1, 0.0
3004136.0, 9030198.0, 1, 0.0
3004136.0, 9030198.0, 1, 0.0
2688856.0, 14544364.0, 2, inf
4319572.0, 3185016.0, 2, inf
8937744.0, 3393494.0, 2, inf
2774074.0, 15786948.0, 2, inf
3197672.0, 3940842.0, 2, 0.370133582336
7440676.0, 8940410.0, 2, 0.352059753198
3178926.0, 8000998.0, 2, 0.342848076212
6427472.0, 8192892.0, 2, 0.270640128904
5518868.0, 9663942.0, 2, 0.23444640278
5056838.0, 8847002.0, 2, 0.193861348012
6790562.0, 9459432.0, 2, 0.173566244354
4411774.0, 13298856.0, 2, 0.161658729977
4162096.0, 12703196.0, 2, 0.129344919317
3212276.0, 11953658.0, 2, 0.0934447514638
3385962.0, 10463856.0, 2, 0.0873117647014
3957160.0, 15347598.0, 2, 0.0839115093285
3514220.0, 14817732.0, 2, 0.0817940092069
3454736.0, 9798154.0, 2, 0.0793925771499
3715226.0, 15606200.0, 2, 0.0779472072687
2881264.0, 11083902.0, 2, 0.0658048218696
4678120.0, 9594830.0, 2, 0.061634076698
4230798.0, 11905330.0, 2, 0.0605685539523
3567560.0, 11314808.0, 2, 0.0542428218978
4481804.0, 9465318.0, 2, 0.0533671690421
3836784.0, 11367138.0, 2, 0.0501360032222
4089576.0, 9181586.0, 2, 0.0499393154948
3112102.0, 11507954.0, 2, 0.0490765556244
4678120.0, 9594830.0, 2, 0.0416933038897
3078634.0, 10790666.0, 2, 0.0400513468947
3956198.0, 9101594.0, 2, 0.0312312761414
2845458.0, 10712794.0, 2, 0.0290936201844
2851074.0, 10490116.0, 2, 0.0254839346651
3045846.0, 9321344.0, 2, 0.0234536309724
3414756.0, 9030770.0, 2, 0.0227589166417
3002376.0, 9607790.0, 2, 0.0204097820715
4384592.0, 11362104.0, 2, 0.0189074830805
3118436.0, 9317638.0, 2, 0.0168781512628
3002376.0, 9607790.0, 2, 0.0114122623994
3150098.0, 8953482.0, 2, 0.0107463286548
2845458.0, 10712794.0, 2, 0.00707808985717
3150098.0, 8953482.0, 2, 0.00610412275348
3184064.0, 9317658.0, 2, 0.00329397563266
3150098.0, 8953482.0, 2, 0.0
2845458.0, 10712794.0, 2, 0.0
3589630.0, 7996830.0, 3, inf
12293820.0, 3860176.0, 3, inf
5630302.0, 16691838.0, 3, inf
Generacion: 164
2491694.0, 17798682.0, 1, inf
8128390.0, 2725424.0, 1, inf
3407714.0, 3215066.0, 1, 0.424173217926
7214370.0, 2745434.0, 1, 0.410738547094
5179044.0, 2845616.0, 1, 0.361815886774
3197672.0, 3940842.0, 1, 0.358568536766
2590462.0, 15611076.0, 1, 0.32795984696
5836022.0, 2786502.0, 1, 0.312317252207
2669980.0, 12094682.0, 1, 0.302088211906
3176174.0, 8000694.0, 1, 0.285066563836
2552778.0, 16724692.0, 1, 0.153861053863
5469866.0, 2788042.0, 1, 0.0974196233
2769594.0, 10509192.0, 1, 0.0840863091524
2504438.0, 17700224.0, 1, 0.0820881960808
3004136.0, 9030198.0, 1, 0.0794763726124
3029654.0, 8025666.0, 1, 0.0782093182955
2807700.0, 9788770.0, 1, 0.0662551222649
2930040.0, 9610948.0, 1, 0.0556344572695
2931800.0, 9033356.0, 1, 0.0511520382183
2710608.0, 10796588.0, 1, 0.0487850890294
2708848.0, 11374202.0, 1, 0.0481107978673
2708848.0, 11374202.0, 1, 0.0452159769113
5297866.0, 2815834.0, 1, 0.0324901467108
5297866.0, 2815834.0, 1, 0.0229238746863
2710608.0, 10796588.0, 1, 0.0193788541826
2872928.0, 9786840.0, 1, 0.0164981590344
3111134.0, 8006310.0, 1, 0.0147432856685
2893498.0, 9769524.0, 1, 0.0141696542684
3094848.0, 8023446.0, 1, 0.0116282248119
2893498.0, 9769524.0, 1, 0.00763166524939
3004136.0, 9030198.0, 1, 0.00473663025659
3029654.0, 8025666.0, 1, 0.00467440084342
3101228.0, 8022508.0, 1, 0.00220648711394
3101228.0, 8022508.0, 1, 0.00181964191156
3094848.0, 8023446.0, 1, 0.00127914944082
2931800.0, 9033356.0, 1, 0.000521749766321
2931800.0, 9033356.0, 1, 0.0
2931800.0, 9033356.0, 1, 0.0
2931800.0, 9033356.0, 1, 0.0
2931800.0, 9033356.0, 1, 0.0
2931800.0, 9033356.0, 1, 0.0
3004136.0, 9030198.0, 1, 0.0
3004136.0, 9030198.0, 1, 0.0
3004136.0, 9030198.0, 1, 0.0
3004136.0, 9030198.0, 1, 0.0
3004136.0, 9030198.0, 1, 0.0
3029654.0, 8025666.0, 1, 0.0
3029654.0, 8025666.0, 1, 0.0
3101228.0, 8022508.0, 1, 0.0
2708848.0, 11374202.0, 1, 0.0
2710608.0, 10796588.0, 1, 0.0
2710608.0, 10796588.0, 1, 0.0
2710608.0, 10796588.0, 1, 0.0
2710608.0, 10796588.0, 1, 0.0
2931800.0, 9033356.0, 1, 0.0
2688856.0, 14544364.0, 2, inf
9082998.0, 2794646.0, 2, inf
3754668.0, 18363652.0, 2, inf
7652054.0, 2839740.0, 2, 0.680892350945
5001612.0, 11246982.0, 2, 0.439141468209
3610668.0, 3492468.0, 2, 0.310696075592
3734682.0, 7976312.0, 2, 0.310672214086
3862090.0, 17797492.0, 2, 0.272202841145
2688856.0, 14544364.0, 2, 0.220154866809
4938974.0, 12661002.0, 2, 0.198039308921
4384418.0, 11370320.0, 2, 0.179483918146
2938308.0, 14292284.0, 2, 0.141848871207
3114872.0, 9266138.0, 2, 0.0923230700786
3589630.0, 7996830.0, 2, 0.0894340370888
4011328.0, 3458878.0, 2, 0.0839053608283
4848870.0, 3457754.0, 2, 0.0799982292194
4678120.0, 9594830.0, 2, 0.0509661487229
3256342.0, 10713666.0, 2, 0.050418660989
3034084.0, 10713080.0, 2, 0.0494296143256
3433362.0, 9689622.0, 2, 0.047315620458
3770492.0, 9933892.0, 2, 0.0461321769761
2815636.0, 11083852.0, 2, 0.0399716606797
4606096.0, 9597364.0, 2, 0.0363515394851
2760508.0, 14541050.0, 2, 0.0360186662185
3044046.0, 10201556.0, 2, 0.0331367843627
3567560.0, 11314808.0, 2, 0.032361266029
2878224.0, 10911288.0, 2, 0.0313775986332
3402038.0, 7978702.0, 2, 0.0290025899229
4614624.0, 9374234.0, 2, 0.0288301141272
3114872.0, 9266138.0, 2, 0.0256708298451
2899212.0, 10798832.0, 2, 0.022090021839
4935362.0, 9600262.0, 2, 0.0200173958657
3044046.0, 10201556.0, 2, 0.0187500944522
3045846.0, 9321344.0, 2, 0.018019726279
3839394.0, 3492268.0, 2, 0.0164827912473
12008110.0, 9802306.0, 3, inf
2699650.0, 19025294.0, 3, inf
6591124.0, 3702272.0, 3, inf
4040186.0, 4266750.0, 3, 0.458787932952
10788556.0, 15574402.0, 3, 0.431950003486
7172634.0, 8779950.0, 3, 0.33429696726
5333728.0, 11394470.0, 3, 0.328797346801
8818892.0, 15018976.0, 3, 0.324718819521
9645498.0, 15329428.0, 3, 0.228346765049
5230810.0, 9009402.0, 3, 0.153192758399
Generacion: 165
2466980.0, 16741298.0, 1, inf
5271050.0, 2568226.0, 1, inf
4006950.0, 3488428.0, 1, 0.455663601229
4508798.0, 3246848.0, 1, 0.373747321732
3573930.0, 4979744.0, 1, 0.369784562446
2620044.0, 15355660.0, 1, 0.317846318553
2671740.0, 11517034.0, 1, 0.312586760082
3541596.0, 6377296.0, 1, 0.312201267075
4952810.0, 2972096.0, 1, 0.282602426059
3292406.0, 7981642.0, 1, 0.128023791316
2482346.0, 15789686.0, 1, 0.123781024571
2776722.0, 10795458.0, 1, 0.105733327106
3029654.0, 8025666.0, 1, 0.103382849884
3004136.0, 9030198.0, 1, 0.0966728834154
5219180.0, 2832104.0, 1, 0.0952054489787
2807700.0, 9788770.0, 1, 0.0942901160816
3292406.0, 7981642.0, 1, 0.0900070206879
2590462.0, 15611076.0, 1, 0.0797297607348
2931800.0, 9033356.0, 1, 0.0665495622328
2708848.0, 11374202.0, 1, 0.0646933087221
2710608.0, 10796588.0, 1, 0.0643321969701
2930040.0, 9610948.0, 1, 0.0537845456676
3250830.0, 7997796.0, 1, 0.0427954155987
5257730.0, 2829108.0, 1, 0.0371163759424
2872928.0, 9786840.0, 1, 0.0319555941643
3111134.0, 8006310.0, 1, 0.0282666939946
3176174.0, 8000694.0, 1, 0.0270204013999
3094848.0, 8023446.0, 1, 0.0257478572901
5219180.0, 2832104.0, 1, 0.0236251959177
3176174.0, 8000694.0, 1, 0.0233993283041
2893498.0, 9769524.0, 1, 0.0185243067121
2893498.0, 9769524.0, 1, 0.014253525152
2930040.0, 9610948.0, 1, 0.0118162002811
2807700.0, 9788770.0, 1, 0.0111836868036
3004136.0, 9030198.0, 1, 0.00932316033173
3101228.0, 8022508.0, 1, 0.00359890392015
3101228.0, 8022508.0, 1, 0.00341813566561
2931800.0, 9033356.0, 1, 0.000850475983626
2710608.0, 10796588.0, 1, 0.000707387738537
3004136.0, 9030198.0, 1, 0.0
3101228.0, 8022508.0, 1, 0.0
2807700.0, 9788770.0, 1, 0.0
2807700.0, 9788770.0, 1, 0.0
2807700.0, 9788770.0, 1, 0.0
2931800.0, 9033356.0, 1, 0.0
2931800.0, 9033356.0, 1, 0.0
3754668.0, 18363652.0, 2, inf
8128390.0, 2725424.0, 2, inf
2469766.0, 17980106.0, 2, inf
8128390.0, 2725424.0, 2, inf
6302176.0, 3875376.0, 2, 0.40504051127
4014008.0, 7206274.0, 2, 0.290580622159
7191202.0, 3694594.0, 2, 0.260476805442
5721716.0, 8830540.0, 2, 0.207282475169
6743002.0, 10172418.0, 2, 0.194948868225
2552778.0, 16724692.0, 2, 0.161989404579
3713636.0, 12090432.0, 2, 0.149939346981
2958946.0, 14317284.0, 2, 0.144225831956
4680860.0, 12764626.0, 2, 0.120875138646
4653262.0, 8365320.0, 2, 0.117077491983
3454426.0, 15406678.0, 2, 0.0993861137223
4378670.0, 9594862.0, 2, 0.0956817903785
4869504.0, 3630652.0, 2, 0.0955173287921
4028330.0, 10995228.0, 2, 0.0935287888463
5365922.0, 9440652.0, 2, 0.0887370639877
5213114.0, 9019410.0, 2, 0.0884527891908
2845458.0, 10712794.0, 2, 0.0859467210532
5300880.0, 3497580.0, 2, 0.0848900314224
4566126.0, 12510262.0, 2, 0.0790047426234
3241530.0, 15611744.0, 2, 0.07295385511
3932606.0, 16052358.0, 2, 0.0724817785667
4051848.0, 10039532.0, 2, 0.0709776647711
2718924.0, 15362238.0, 2, 0.0667746305589
2688856.0, 14544364.0, 2, 0.0550657030029
3070250.0, 9029038.0, 2, 0.0520236940942
3218820.0, 9784642.0, 2, 0.0512113689682
3023636.0, 18356774.0, 2, 0.0441959799157
4743906.0, 9520440.0, 2, 0.0427521266723
4683386.0, 9295776.0, 2, 0.0374625907229
3863254.0, 10121060.0, 2, 0.0371465243946
2770336.0, 14527648.0, 2, 0.0368820934102
3770492.0, 9933892.0, 2, 0.0354886320576
2704508.0, 15896424.0, 2, 0.0334891021879
3973696.0, 9606388.0, 2, 0.0252491362995
2688856.0, 14544364.0, 2, 0.0251168148045
4606096.0, 9597364.0, 2, 0.00851096515865
4008710.0, 9600112.0, 2, 0.00770104087108
4581774.0, 9021630.0, 2, 0.00767922545141
4606096.0, 9597364.0, 2, 0.00441933154901
4044760.0, 9595470.0, 2, 0.00431612662234
8604824.0, 3723750.0, 3, inf
2899212.0, 10798832.0, 3, inf
6224408.0, 17688396.0, 3, inf
12306988.0, 5634260.0, 3, inf
9938684.0, 16393152.0, 3, 0.45745539784
9428648.0, 14524806.0, 3, 0.393474020603
5013904.0, 5029194.0, 3, 0.385158794092
11601022.0, 8718466.0, 3, 0.213595566237
8493932.0, 12399356.0, 3, 0.21138627977
7599000.0, 7085546.0, 3, 0.147862015733
Generacion: 166
2369348.0, 17808138.0, 1, inf
7925296.0, 2660070.0, 1, inf
7159540.0, 2706810.0, 1, 0.336494646806
5469866.0, 2788042.0, 1, 0.324719429809
2671740.0, 11517034.0, 1, 0.287661963354
2662876.0, 15607762.0, 1, 0.28489726788
3434586.0, 6377844.0, 1, 0.225454699949
4750398.0, 2850876.0, 1, 0.18740398104
4305122.0, 3178770.0, 1, 0.161060351432
3644024.0, 4713494.0, 1, 0.151478985335
3472440.0, 4782792.0, 1, 0.147568274363
3838982.0, 3487540.0, 1, 0.14433360917
7299520.0, 2679276.0, 1, 0.140911885945
2769594.0, 10509192.0, 1, 0.138562452522
3390416.0, 7974360.0, 1, 0.127008691374
2590462.0, 15611076.0, 1, 0.110089190133
2466980.0, 16741298.0, 1, 0.0926526531056
2466980.0, 16741298.0, 1, 0.0921841457178
5219180.0, 2832104.0, 1, 0.0862064524871
3004136.0, 9030198.0, 1, 0.0793337595744
3029654.0, 8025666.0, 1, 0.0780482903799
2930040.0, 9610948.0, 1, 0.0722050918759
2807700.0, 9788770.0, 1, 0.0695783167009
2671740.0, 11517034.0, 1, 0.0681281162901
4059506.0, 3406940.0, 1, 0.0619240512185
2931800.0, 9033356.0, 1, 0.0511493072733
5391194.0, 2804358.0, 1, 0.0480290464789
3975356.0, 3430482.0, 1, 0.042358679618
5219180.0, 2832104.0, 1, 0.0321995669027
3250830.0, 7997796.0, 1, 0.0221780003372
2807700.0, 9788770.0, 1, 0.0185975182546
3315760.0, 7977806.0, 1, 0.0181212752412
4045854.0, 3409916.0, 1, 0.0167000556737
3176174.0, 8000694.0, 1, 0.0166882209605
3166456.0, 8020548.0, 1, 0.014929378743
3094848.0, 8023446.0, 1, 0.0130908854172
3101228.0, 8022508.0, 1, 0.0118021327595
3292406.0, 7981642.0, 1, 0.00773638500387
3292406.0, 7981642.0, 1, 0.0052698296905
3004136.0, 9030198.0, 1, 0.00480139098711
3029654.0, 8025666.0, 1, 0.00473946889909
3101228.0, 8022508.0, 1, 0.0012777083204
2931800.0, 9033356.0, 1, 0.000525253053491
2931800.0, 9033356.0, 1, 0.0
3101228.0, 8022508.0, 1, 0.0
2807700.0, 9788770.0, 1, 0.0
2931800.0, 9033356.0, 1, 0.0
2688856.0, 14544364.0, 2, inf
2688856.0, 14544364.0, 2, inf
8215754.0, 2662646.0, 2, inf
5728014.0, 2923032.0, 2, 0.595328863884
8128390.0, 2725424.0, 2, 0.472029899799
3573930.0, 4979744.0, 2, 0.327333590381
3541596.0, 6377296.0, 2, 0.278574703276
4006950.0, 3488428.0, 2, 0.247599144231
3038580.0, 12981578.0, 2, 0.235359613815
2776722.0, 10795458.0, 2, 0.224818554886
4008508.0, 9178538.0, 2, 0.197116828998
4952810.0, 2972096.0, 2, 0.183716238042
4952810.0, 2972096.0, 2, 0.174985064354
3366202.0, 13274362.0, 2, 0.14565525549
3187026.0, 8003152.0, 2, 0.145296825305
2760508.0, 14541050.0, 2, 0.122784955039
3440644.0, 8021498.0, 2, 0.111266888247
3222434.0, 8948132.0, 2, 0.10416829203
3218820.0, 9784642.0, 2, 0.0998106562958
2776722.0, 10795458.0, 2, 0.088006872047
3002376.0, 9607790.0, 2, 0.0830214941617
3150098.0, 8953482.0, 2, 0.0450870664242
3180596.0, 9262160.0, 2, 0.0428086044029
3361026.0, 9685656.0, 2, 0.040896800949
2688856.0, 14544364.0, 2, 0.0
3754668.0, 18363652.0, 3, inf
11090068.0, 3730978.0, 3, inf
4722870.0, 3515686.0, 3, inf
2704508.0, 15896424.0, 3, inf
8755604.0, 3888496.0, 3, 0.293302415807
6852208.0, 14125876.0, 3, 0.239599670139
4060620.0, 7136998.0, 3, 0.216376750919
3748650.0, 12084154.0, 3, 0.195430576826
5213114.0, 9019410.0, 3, 0.167423536703
3973124.0, 16165108.0, 3, 0.166735403119
3798560.0, 18151524.0, 3, 0.161019547159
3577056.0, 5400194.0, 3, 0.158080140456
4406134.0, 5898248.0, 3, 0.151158191566
8604824.0, 3723750.0, 3, 0.121816923934
5489874.0, 5033976.0, 3, 0.116529837272
6007094.0, 10099272.0, 3, 0.114770878789
6543450.0, 4486894.0, 3, 0.112949142453
7710918.0, 3647366.0, 3, 0.110312386705
4710306.0, 14806186.0, 3, 0.107842836704
7393966.0, 14529748.0, 3, 0.102499950957
5458960.0, 15774402.0, 3, 0.0966848345574
7171450.0, 9792592.0, 3, 0.0925646378477
5164822.0, 4179378.0, 3, 0.0776296266587
5275364.0, 9522490.0, 3, 0.0672641001017
3987830.0, 10713946.0, 3, 0.0654580561607
3863254.0, 10121060.0, 3, 0.0622150731586
4429520.0, 14692578.0, 3, 0.0548912115485
4733462.0, 3702734.0, 3, 0.0541365880481
Generacion: 167
5500534.0, 2489550.0, 1, inf
2330402.0, 18094754.0, 1, inf
2662876.0, 15607762.0, 1, 0.284981289011
2671740.0, 11517034.0, 1, 0.273844213331
3472440.0, 4782792.0, 1, 0.267094260408
4619316.0, 2837816.0, 1, 0.251363225101
4133162.0, 3238614.0, 1, 0.244534195198
3390416.0, 7974360.0, 1, 0.228069274732
5155572.0, 2808116.0, 1, 0.17330341094
4847604.0, 2832932.0, 1, 0.171062098021
3610668.0, 3492468.0, 1, 0.161924070304
2807700.0, 9788770.0, 1, 0.145195787698
2590462.0, 15611076.0, 1, 0.134432604989
2466980.0, 16741298.0, 1, 0.134394293737
2710608.0, 10796588.0, 1, 0.132778662677
5391194.0, 2804358.0, 1, 0.129230376543
3538058.0, 4533078.0, 1, 0.126288725554
3838982.0, 3487540.0, 1, 0.115588922361
3969316.0, 3454150.0, 1, 0.108748871335
2930040.0, 9610948.0, 1, 0.0875544609082
3004136.0, 9030198.0, 1, 0.087189580512
3029654.0, 8025666.0, 1, 0.0849366774784
2398982.0, 17552796.0, 1, 0.0687517496498
2931800.0, 9033356.0, 1, 0.0605883087353
2708848.0, 11374202.0, 1, 0.0584277232465
2428796.0, 17027890.0, 1, 0.0504346995776
3250830.0, 7997796.0, 1, 0.037885594104
3315760.0, 7977806.0, 1, 0.0313833328955
2359984.0, 17839446.0, 1, 0.0306519864244
2449122.0, 17012570.0, 1, 0.030410079936
3176174.0, 8000694.0, 1, 0.0280732706874
3390416.0, 7974360.0, 1, 0.0260948252325
3166456.0, 8020548.0, 1, 0.0250391538805
3094848.0, 8023446.0, 1, 0.0227799771451
3101228.0, 8022508.0, 1, 0.020635907521
2369348.0, 17808138.0, 1, 0.0193164387408
3292406.0, 7981642.0, 1, 0.0133607267378
2671740.0, 11517034.0, 1, 0.0119489422214
2369348.0, 17808138.0, 1, 0.0113541295464
3292406.0, 7981642.0, 1, 0.00840205316837
3004136.0, 9030198.0, 1, 0.00825187547619
3029654.0, 8025666.0, 1, 0.00819176732252
2662876.0, 15607762.0, 1, 0.00300846313509
3101228.0, 8022508.0, 1, 0.00213813362089
3101228.0, 8022508.0, 1, 0.0
3101228.0, 8022508.0, 1, 0.0
2662876.0, 15607762.0, 1, 0.0
2662876.0, 15607762.0, 1, 0.0
2671740.0, 11517034.0, 1, 0.0
3029654.0, 8025666.0, 1, 0.0
3101228.0, 8022508.0, 1, 0.0
7925296.0, 2660070.0, 2, inf
2704508.0, 15896424.0, 2, inf
2688856.0, 14544364.0, 2, inf
6521230.0, 2687104.0, 2, 0.450037022591
3573930.0, 4979744.0, 2, 0.368058665628
4750398.0, 2850876.0, 2, 0.267161016808
3476922.0, 7975308.0, 2, 0.252034169784
5630326.0, 2827868.0, 2, 0.234854325089
4079856.0, 9176160.0, 2, 0.166620462071
3748650.0, 12084154.0, 2, 0.134809491325
3656514.0, 3494554.0, 2, 0.123662678862
4023430.0, 10711810.0, 2, 0.121027538624
3450260.0, 8166926.0, 2, 0.118264310435
3631606.0, 15612986.0, 2, 0.117918484481
2810486.0, 11025466.0, 2, 0.111248803003
5219180.0, 2832104.0, 2, 0.106287898897
3689178.0, 13302842.0, 2, 0.101855134777
4006950.0, 3488428.0, 2, 0.101104136602
3692154.0, 12506580.0, 2, 0.100992894134
2709182.0, 14528704.0, 2, 0.100157947125
3002376.0, 9607790.0, 2, 0.0917096065559
5297866.0, 2815834.0, 2, 0.0891509708475
2688856.0, 14544364.0, 2, 0.0837229173529
3222434.0, 8948132.0, 2, 0.0679136541907
3152302.0, 13270602.0, 2, 0.067209319768
3231482.0, 9472866.0, 2, 0.0651486566783
3082230.0, 11517916.0, 2, 0.0628621638564
3002376.0, 9607790.0, 2, 0.0468385668011
2737820.0, 11515610.0, 2, 0.0424991195929
3045846.0, 9321344.0, 2, 0.0376656650363
3150098.0, 8953482.0, 2, 0.0306090130589
3187026.0, 8003152.0, 2, 0.027869713728
2737820.0, 11515610.0, 2, 0.0140512022871
6539782.0, 2861188.0, 3, inf
3576890.0, 5069404.0, 3, inf
12925338.0, 3999176.0, 3, inf
6152488.0, 18699588.0, 3, inf
12239276.0, 18086646.0, 3, 0.502682856023
8596634.0, 14930032.0, 3, 0.387476560421
10450974.0, 2998738.0, 3, 0.282565657135
6576464.0, 7993760.0, 3, 0.263041418985
4385004.0, 5469430.0, 3, 0.203757940724
9642526.0, 13129036.0, 3, 0.178007331578
7280838.0, 10327106.0, 3, 0.153724876346
5004198.0, 9394128.0, 3, 0.139614105088
7434174.0, 8386282.0, 3, 0.132178559851
6408992.0, 13225960.0, 3, 0.127984541507
9117416.0, 11840088.0, 3, 0.118625655245
7972946.0, 3904950.0, 3, 0.11173200123
Generacion: 168
2330402.0, 18094754.0, 1, inf
5553966.0, 2467816.0, 1, inf
4816894.0, 2582016.0, 1, 0.313620120102
3109740.0, 3943170.0, 1, 0.291112665659
3953688.0, 3216706.0, 1, 0.288661637709
2620044.0, 15355660.0, 1, 0.287199900889
2671740.0, 11517034.0, 1, 0.282330101454
3402756.0, 3220954.0, 1, 0.269599537885
3101228.0, 8022508.0, 1, 0.265725010043
4254510.0, 2839122.0, 1, 0.230734175079
4619316.0, 2837816.0, 1, 0.190913061168
3225810.0, 3901172.0, 1, 0.109687384467
2369348.0, 17808138.0, 1, 0.0987941868506
3070250.0, 9029038.0, 1, 0.0925644193438
2589002.0, 16158518.0, 1, 0.0829527516952
2807700.0, 9788770.0, 1, 0.0782806185728
2552778.0, 16724692.0, 1, 0.0751464284227
3094848.0, 8023446.0, 1, 0.074019791498
2769594.0, 10509192.0, 1, 0.0643996702669
2428796.0, 17027890.0, 1, 0.061774953483
2590462.0, 15611076.0, 1, 0.0610062538572
2931800.0, 9033356.0, 1, 0.0574603537353
2710608.0, 10796588.0, 1, 0.055261091743
2708848.0, 11374202.0, 1, 0.048474193763
2930040.0, 9610948.0, 1, 0.04829720388
2466980.0, 16741298.0, 1, 0.0449554955978
3197672.0, 3940842.0, 1, 0.0386942690979
2428796.0, 17027890.0, 1, 0.0367813132332
2769594.0, 10509192.0, 1, 0.0302121404599
2893498.0, 9769524.0, 1, 0.0289727281089
2872928.0, 9786840.0, 1, 0.02784747354
2997880.0, 9031936.0, 1, 0.0226418461578
3004136.0, 9030198.0, 1, 0.0206208156571
2710608.0, 10796588.0, 1, 0.0189370424628
2466980.0, 16741298.0, 1, 0.012907926558
2930040.0, 9610948.0, 1, 0.0106935849153
2708848.0, 11374202.0, 1, 0.00968609387648
3004136.0, 9030198.0, 1, 0.00201493989635
2931800.0, 9033356.0, 1, 0.000636848272509
2930040.0, 9610948.0, 1, 0.0
2931800.0, 9033356.0, 1, 0.0
3004136.0, 9030198.0, 1, 0.0
3004136.0, 9030198.0, 1, 0.0
2466980.0, 16741298.0, 1, 0.0
2930040.0, 9610948.0, 1, 0.0
5614718.0, 2473182.0, 2, inf
2661416.0, 16155204.0, 2, inf
2900088.0, 18479778.0, 2, inf
4977938.0, 2807228.0, 2, 0.664642640666
3838982.0, 3487540.0, 2, 0.595370366423
3390416.0, 7974360.0, 2, 0.276505140069
3472440.0, 4782792.0, 2, 0.264983673003
3038580.0, 12981578.0, 2, 0.223449721182
3538058.0, 4533078.0, 2, 0.205032494227
2951914.0, 18334926.0, 2, 0.175998341087
2709182.0, 14528704.0, 2, 0.121688492739
2662876.0, 15607762.0, 2, 0.109927307768
2771878.0, 11804758.0, 2, 0.108986299708
2810486.0, 11025466.0, 2, 0.106066595284
3192740.0, 9032462.0, 2, 0.100667279625
2688856.0, 14544364.0, 2, 0.0823214256804
3180584.0, 10505074.0, 2, 0.0813677911044
3253220.0, 9257070.0, 2, 0.0812841021044
3109246.0, 9799682.0, 2, 0.0712327437161
3112102.0, 11507954.0, 2, 0.0680572166791
3166456.0, 8020548.0, 2, 0.0680023610793
2947700.0, 9763362.0, 2, 0.0476625786464
3184064.0, 9317658.0, 2, 0.0354242240476
2760508.0, 14541050.0, 2, 0.0222074658117
3166456.0, 8020548.0, 2, 0.0212900446288
3180596.0, 9262160.0, 2, 0.00496353162831
2692510.0, 15352242.0, 3, inf
5406650.0, 2808410.0, 3, inf
6748624.0, 3740224.0, 3, inf
2912166.0, 19412554.0, 3, inf
5956408.0, 10122406.0, 3, 0.34225542683
3655428.0, 5223650.0, 3, 0.231560289355
3288866.0, 8024772.0, 3, 0.190978721702
3476922.0, 7975308.0, 3, 0.180113987362
4127334.0, 9029154.0, 3, 0.173700164539
4293580.0, 19010754.0, 3, 0.164564882478
5700962.0, 2850044.0, 3, 0.1600180125
3494064.0, 17803414.0, 3, 0.153327972464
5210122.0, 17195608.0, 3, 0.149018735308
4667030.0, 16065452.0, 3, 0.126800463511
3786530.0, 11364028.0, 3, 0.123110670686
3972114.0, 14544776.0, 3, 0.116553272596
5528776.0, 3848476.0, 3, 0.110213341666
4575694.0, 11811138.0, 3, 0.101915479273
3713360.0, 12082206.0, 3, 0.100207574974
2805714.0, 15613006.0, 3, 0.0971080313753
3689178.0, 13302842.0, 3, 0.0931288565983
4720148.0, 9793966.0, 3, 0.0925687883732
4401742.0, 4777072.0, 3, 0.0914556243004
3807168.0, 9636318.0, 3, 0.088449868281
3975756.0, 13235602.0, 3, 0.0761253036894
4997392.0, 7995608.0, 3, 0.0756160804639
5104192.0, 4365424.0, 3, 0.0564500240582
3800182.0, 14547976.0, 3, 0.0537185113907
5115502.0, 4565490.0, 3, 0.0502285442188
Generacion: 169
5553966.0, 2467816.0, 1, inf
2359984.0, 17839446.0, 1, inf
2359984.0, 17839446.0, 1, inf
3456084.0, 3729018.0, 1, 0.459228361322
4371670.0, 2809080.0, 1, 0.431000401372
3368298.0, 7977936.0, 1, 0.342038227603
2661416.0, 16155204.0, 1, 0.337899515826
3843816.0, 3207366.0, 1, 0.307870344158
2669980.0, 12094682.0, 1, 0.304968058841
2552778.0, 16724692.0, 1, 0.203943195003
4254510.0, 2839122.0, 1, 0.191175636547
3029654.0, 8025666.0, 1, 0.0938950718102
2872928.0, 9786840.0, 1, 0.0881128347247
3250500.0, 7997292.0, 1, 0.0865162539488
2834788.0, 10506968.0, 1, 0.0793452623877
3004136.0, 9030198.0, 1, 0.067308421996
2671740.0, 11517034.0, 1, 0.0590398968466
2708848.0, 11374202.0, 1, 0.0590376849797
2931800.0, 9033356.0, 1, 0.0582641034214
2769594.0, 10509192.0, 1, 0.0577205704278
2710608.0, 10796588.0, 1, 0.0560444826635
2930040.0, 9610948.0, 1, 0.0554563230394
3101228.0, 8022508.0, 1, 0.0504343444125
2997880.0, 9031936.0, 1, 0.0228530350315
3094848.0, 8023446.0, 1, 0.0226144613639
2710608.0, 10796588.0, 1, 0.019247557091
2930040.0, 9610948.0, 1, 0.0119936744514
3004136.0, 9030198.0, 1, 0.00810246549838
2931800.0, 9033356.0, 1, 0.000643414264255
2710608.0, 10796588.0, 1, 0.0
2710608.0, 10796588.0, 1, 0.0
2931800.0, 9033356.0, 1, 0.0
2931800.0, 9033356.0, 1, 0.0
2931800.0, 9033356.0, 1, 0.0
2931800.0, 9033356.0, 1, 0.0
3004136.0, 9030198.0, 1, 0.0
2710608.0, 10796588.0, 1, 0.0
2710608.0, 10796588.0, 1, 0.0
2900088.0, 18479778.0, 2, inf
2367888.0, 18355602.0, 2, inf
5603874.0, 2557100.0, 2, inf
8892136.0, 2841864.0, 2, inf
6768492.0, 2845116.0, 2, 0.504227353816
3512348.0, 8018080.0, 2, 0.326547871454
3538058.0, 4533078.0, 2, 0.320612336482
2626644.0, 17072008.0, 2, 0.241222692724
3932300.0, 3937982.0, 2, 0.205065686763
4438036.0, 3464314.0, 2, 0.170009238966
2804228.0, 13561052.0, 2, 0.162719845216
3218820.0, 9784642.0, 2, 0.141582314731
5001682.0, 2845384.0, 2, 0.131177744152
2881414.0, 15501576.0, 2, 0.125872180448
3038580.0, 12981578.0, 2, 0.117119081124
2860336.0, 11518982.0, 2, 0.101212757894
2809000.0, 15507082.0, 2, 0.100377189218
4750318.0, 3227384.0, 2, 0.086403145656
2776722.0, 10795458.0, 2, 0.0638209117704
3150098.0, 8953482.0, 2, 0.0631715559784
4750398.0, 2850876.0, 2, 0.0625185978792
2774516.0, 11364856.0, 2, 0.0502638517948
3061698.0, 12989416.0, 2, 0.041247198004
3111440.0, 9321104.0, 2, 0.035178101943
2815636.0, 11083852.0, 2, 0.0257852027826
2876244.0, 11021778.0, 2, 0.0209484653977
3184064.0, 9317658.0, 2, 0.0194572105393
3120396.0, 9035308.0, 2, 0.0194115581686
3121228.0, 10797460.0, 2, 0.0187662447599
3082230.0, 11517916.0, 2, 0.0159930244219
3150098.0, 8953482.0, 2, 0.0097728875587
3182900.0, 11079574.0, 2, 0.00910458205995
3070250.0, 9029038.0, 2, 0.00810725024625
3192740.0, 9032462.0, 2, 0.00572098197479
2776722.0, 10795458.0, 2, 0.00434169743171
5210122.0, 17195608.0, 3, inf
3292596.0, 16743542.0, 3, inf
9846216.0, 3362156.0, 3, inf
12005342.0, 11858238.0, 3, inf
6034970.0, 7611442.0, 3, 0.263355189986
4828494.0, 14200820.0, 3, 0.223399553323
7619768.0, 5395016.0, 3, 0.212289077069
6558358.0, 12043770.0, 3, 0.186163616331
10967610.0, 4720866.0, 3, 0.177072495897
6427472.0, 8192892.0, 3, 0.165422802078
4109170.0, 15406422.0, 3, 0.15371525012
11954594.0, 3889332.0, 3, 0.14954921707
9722238.0, 4568400.0, 3, 0.146382630788
8654924.0, 5102438.0, 3, 0.136136856006
10564378.0, 10018980.0, 3, 0.135366477459
7417316.0, 10105754.0, 3, 0.12137213586
4789290.0, 11840090.0, 3, 0.121266120152
3532234.0, 15612472.0, 3, 0.116289916597
3484384.0, 14790046.0, 3, 0.114655506514
7978368.0, 5254268.0, 3, 0.10868327067
5007770.0, 9494048.0, 3, 0.107818009094
6574036.0, 10533816.0, 3, 0.106905054122
10007908.0, 4443316.0, 3, 0.104024676406
8621312.0, 3811992.0, 3, 0.0854766725176
6786050.0, 10434758.0, 3, 0.0841157774901
3655428.0, 5223650.0, 3, 0.0771930388577
5770440.0, 9751148.0, 3, 0.0686900053496
Generacion: 170
4371670.0, 2809080.0, 1, inf
2359984.0, 17839446.0, 1, inf
2620044.0, 15355660.0, 1, 0.536308127369
3543630.0, 3409324.0, 1, 0.488779327343
3402038.0, 7978702.0, 1, 0.429087679303
3843816.0, 3207366.0, 1, 0.337165532587
2669980.0, 12094682.0, 1, 0.281089233156
3748920.0, 3223908.0, 1, 0.162657766587
2930040.0, 9610948.0, 1, 0.11818531897
3029654.0, 8025666.0, 1, 0.099241144405
2769594.0, 10509192.0, 1, 0.0988780046969
2769594.0, 10509192.0, 1, 0.0890836247012
3292406.0, 7981642.0, 1, 0.0765656830046
2931800.0, 9033356.0, 1, 0.0712764077382
3004136.0, 9030198.0, 1, 0.0699433315256
3094848.0, 8023446.0, 1, 0.0683441653161
2710608.0, 10796588.0, 1, 0.0677514761694
2708848.0, 11374202.0, 1, 0.0672538051519
2930040.0, 9610948.0, 1, 0.0606368392685
3250500.0, 7997292.0, 1, 0.0590459680743
2671740.0, 11517034.0, 1, 0.0568782835386
3176174.0, 8000694.0, 1, 0.0433251594896
3166456.0, 8020548.0, 1, 0.0369169384165
2997880.0, 9031936.0, 1, 0.0329637013145
2710608.0, 10796588.0, 1, 0.0199959127601
3029654.0, 8025666.0, 1, 0.0128325832272
3004136.0, 9030198.0, 1, 0.0128005148132
2671740.0, 11517034.0, 1, 0.0103777837006
3166456.0, 8020548.0, 1, 0.00502358346484
2997880.0, 9031936.0, 1, 0.00320430467823
2931800.0, 9033356.0, 1, 0.00096936343989
2997880.0, 9031936.0, 1, 0.0
3004136.0, 9030198.0, 1, 0.0
3004136.0, 9030198.0, 1, 0.0
2710608.0, 10796588.0, 1, 0.0
2710608.0, 10796588.0, 1, 0.0
2710608.0, 10796588.0, 1, 0.0
2710608.0, 10796588.0, 1, 0.0
2769594.0, 10509192.0, 1, 0.0
2769594.0, 10509192.0, 1, 0.0
2930040.0, 9610948.0, 1, 0.0
2931800.0, 9033356.0, 1, 0.0
2931800.0, 9033356.0, 1, 0.0
2446948.0, 17988648.0, 2, inf
5118802.0, 2814986.0, 2, inf
3544036.0, 4460444.0, 2, 0.600594145694
4367678.0, 12685238.0, 2, 0.476746945864
4660372.0, 4152482.0, 2, 0.286728001487
4913646.0, 3210324.0, 2, 0.259723382742
3178926.0, 8000998.0, 2, 0.246101070439
3216766.0, 14598744.0, 2, 0.19819555933
2626644.0, 17072008.0, 2, 0.19530961461
3326480.0, 15843300.0, 2, 0.146802643808
2845458.0, 10712794.0, 2, 0.138539942074
3440644.0, 8021498.0, 2, 0.10011789037
3002376.0, 9607790.0, 2, 0.0962765396586
3080644.0, 12087338.0, 2, 0.0906023969426
3092342.0, 16243066.0, 2, 0.086415431318
3150098.0, 8953482.0, 2, 0.0830376157737
2661416.0, 16155204.0, 2, 0.0825160315311
2976664.0, 11435038.0, 2, 0.0819332374783
2776722.0, 10795458.0, 2, 0.0779046090271
2804228.0, 13561052.0, 2, 0.0726574046081
3340704.0, 9603552.0, 2, 0.0584428785223
2815636.0, 11083852.0, 2, 0.0575819010999
3198800.0, 11435930.0, 2, 0.0519812211866
2804228.0, 13561052.0, 2, 0.0479676339969
3061698.0, 12989416.0, 2, 0.0473231953744
3440644.0, 8021498.0, 2, 0.0387557636498
3038580.0, 12981578.0, 2, 0.0363160478274
3045846.0, 9321344.0, 2, 0.0311514042952
3180596.0, 9262160.0, 2, 0.0241385867328
3334932.0, 9033524.0, 2, 0.0204615851739
3150098.0, 8953482.0, 2, 0.0157689293275
3070250.0, 9029038.0, 2, 0.0122960281054
3192740.0, 9032462.0, 2, 0.00477081269348
3192740.0, 9032462.0, 2, 0.00233807769843
3150098.0, 8953482.0, 2, 0.0
3514152.0, 16854508.0, 3, inf
7697066.0, 18589318.0, 3, inf
9425484.0, 2842218.0, 3, inf
11528938.0, 10135118.0, 3, inf
10284396.0, 15467598.0, 3, 0.281785344952
4946926.0, 5356146.0, 3, 0.252210363821
6169114.0, 11356552.0, 3, 0.223311757429
8609138.0, 4542536.0, 3, 0.219612137136
4603640.0, 7999146.0, 3, 0.215067479248
10659142.0, 14495304.0, 3, 0.210544976011
7166130.0, 16811192.0, 3, 0.197951912715
5316760.0, 4605564.0, 3, 0.168932902209
3751140.0, 17063486.0, 3, 0.135583713944
6291576.0, 11945790.0, 3, 0.126535529818
9177032.0, 2855330.0, 3, 0.125968134795
5028536.0, 18022022.0, 3, 0.125666887726
4006598.0, 8844422.0, 3, 0.119931484524
6427472.0, 8192892.0, 3, 0.119084813295
10971830.0, 10061878.0, 3, 0.118880367247
4326018.0, 8951970.0, 3, 0.114945223884
6249672.0, 13068904.0, 3, 0.108270928961
4734352.0, 12999786.0, 3, 0.104621162439
Generacion: 171
5453786.0, 2801448.0, 1, inf
2359984.0, 17839446.0, 1, inf
4156956.0, 3212164.0, 1, 0.688850348139
2620044.0, 15355660.0, 1, 0.40600667263
3197672.0, 3940842.0, 1, 0.393075666166
3407714.0, 3215066.0, 1, 0.358522169477
3176174.0, 8000694.0, 1, 0.281383010778
2669980.0, 12094682.0, 1, 0.271971308209
2428796.0, 17027890.0, 1, 0.249225716569
2930040.0, 9610948.0, 1, 0.122964751297
2851074.0, 10490116.0, 1, 0.0903717369292
3004136.0, 9030198.0, 1, 0.0901805236402
3029654.0, 8025666.0, 1, 0.0878720371889
2931800.0, 9033356.0, 1, 0.0617897764144
2708848.0, 11374202.0, 1, 0.0604715546222
2710608.0, 10796588.0, 1, 0.0574761603881
2671740.0, 11517034.0, 1, 0.050406863419
2769594.0, 10509192.0, 1, 0.0401837744295
2834788.0, 10506968.0, 1, 0.0276050469492
3094848.0, 8023446.0, 1, 0.023344642812
3166456.0, 8020548.0, 1, 0.0224036991363
3101228.0, 8022508.0, 1, 0.0211458189317
2710608.0, 10796588.0, 1, 0.0196801998633
2769594.0, 10509192.0, 1, 0.0192137533842
2671740.0, 11517034.0, 1, 0.0100669521424
3004136.0, 9030198.0, 1, 0.00845810514734
3029654.0, 8025666.0, 1, 0.00839572982318
3166456.0, 8020548.0, 1, 0.00327145541924
3101228.0, 8022508.0, 1, 0.00219252405906
2931800.0, 9033356.0, 1, 0.000778880685013
2931800.0, 9033356.0, 1, 0.0
2931800.0, 9033356.0, 1, 0.0
2931800.0, 9033356.0, 1, 0.0
3004136.0, 9030198.0, 1, 0.0
3004136.0, 9030198.0, 1, 0.0
3029654.0, 8025666.0, 1, 0.0
2671740.0, 11517034.0, 1, 0.0
2671740.0, 11517034.0, 1, 0.0
2710608.0, 10796588.0, 1, 0.0
2769594.0, 10509192.0, 1, 0.0
2931800.0, 9033356.0, 1, 0.0
2931800.0, 9033356.0, 1, 0.0
2931800.0, 9033356.0, 1, 0.0
7436478.0, 2808440.0, 2, inf
2446948.0, 17988648.0, 2, inf
5866150.0, 3406646.0, 2, 0.545936487236
3250500.0, 7997292.0, 2, 0.339526854545
3543630.0, 3409324.0, 2, 0.331581038053
4910014.0, 9314042.0, 2, 0.261717489568
3428186.0, 14700026.0, 2, 0.232417582064
4190276.0, 13294878.0, 2, 0.185942338831
4606096.0, 9597364.0, 2, 0.127060167927
3812102.0, 14544088.0, 2, 0.107088088504
3879634.0, 9637284.0, 2, 0.10172375206
2904328.0, 12697700.0, 2, 0.0918283807249
2776722.0, 10795458.0, 2, 0.0840917283634
3713360.0, 12082206.0, 2, 0.082024833931
3938662.0, 9182022.0, 2, 0.0808079228138
3222434.0, 8948132.0, 2, 0.0726259331007
2737820.0, 11515610.0, 2, 0.0715521493921
4259544.0, 12653010.0, 2, 0.0703428291279
3217284.0, 8027618.0, 2, 0.066993508531
4345862.0, 12090776.0, 2, 0.05927403786
3082230.0, 11517916.0, 2, 0.0591054622731
2788046.0, 11435048.0, 2, 0.0542987341276
3586194.0, 11078532.0, 2, 0.0527334446682
3045846.0, 9321344.0, 2, 0.0519179415826
4367678.0, 12685238.0, 2, 0.0486045963498
3407292.0, 9030236.0, 2, 0.0328278260083
3182900.0, 11079574.0, 2, 0.0262541781413
3440644.0, 8021498.0, 2, 0.0248908485604
3807168.0, 9636318.0, 2, 0.0222371054695
3178926.0, 8000998.0, 2, 0.0217708253717
2776722.0, 10795458.0, 2, 0.0209171230163
3192740.0, 9032462.0, 2, 0.0147714030157
3070250.0, 9029038.0, 2, 0.0127006911357
3413170.0, 9600134.0, 2, 0.00675367326507
4367678.0, 12685238.0, 2, 0.00649538327612
3192740.0, 9032462.0, 2, 0.0021187679464
11872160.0, 11134932.0, 3, inf
6873634.0, 3459646.0, 3, inf
3504648.0, 8021746.0, 3, inf
6105976.0, 17423736.0, 3, inf
11275986.0, 14124190.0, 3, 0.433077902242
4270272.0, 16752968.0, 3, 0.333692038614
10359904.0, 9252602.0, 3, 0.330532165024
3659930.0, 7980278.0, 3, 0.277625870909
8900368.0, 9284286.0, 3, 0.263750504497
7297206.0, 13110390.0, 3, 0.251032412567
4735274.0, 5422662.0, 3, 0.219179725012
8357674.0, 12211848.0, 3, 0.210028579439
7828244.0, 3738100.0, 3, 0.14842470332
6487086.0, 10429956.0, 3, 0.141622623041
11800996.0, 11114628.0, 3, 0.121733580302
5045926.0, 8633246.0, 3, 0.116092946653
5180786.0, 11362176.0, 3, 0.103668116547
5414936.0, 11966742.0, 3, 0.102821891728
5582586.0, 4702026.0, 3, 0.102615089636
5863384.0, 3762504.0, 3, 0.0962734213128
4474960.0, 5347422.0, 3, 0.0914318925386
Generacion: 172
8298398.0, 2434844.0, 1, inf
2359984.0, 17839446.0, 1, inf
5848334.0, 2791956.0, 1, 0.438534123369
7961172.0, 2550314.0, 1, 0.435761010166
3407714.0, 3215066.0, 1, 0.413569171763
5359180.0, 2804312.0, 1, 0.371398849268
2552778.0, 16724692.0, 1, 0.360856694517
3198266.0, 3569640.0, 1, 0.352577737387
3166456.0, 8020548.0, 1, 0.306536870815
2669980.0, 12094682.0, 1, 0.300856558679
5453786.0, 2801448.0, 1, 0.0831732495944
3029654.0, 8025666.0, 1, 0.0761882160419
2428796.0, 17027890.0, 1, 0.0735606633855
3004136.0, 9030198.0, 1, 0.0662633438454
2807700.0, 9788770.0, 1, 0.0577507515776
2669980.0, 12094682.0, 1, 0.0572346507726
2769594.0, 10509192.0, 1, 0.0566996291736
2708848.0, 11374202.0, 1, 0.0533134139158
2931800.0, 9033356.0, 1, 0.0486223196382
2710608.0, 10796588.0, 1, 0.0474291527276
2930040.0, 9610948.0, 1, 0.0471121521086
2671740.0, 11517034.0, 1, 0.043747211197
2872928.0, 9786840.0, 1, 0.0321448938343
2428796.0, 17027890.0, 1, 0.0312699058477
2769594.0, 10509192.0, 1, 0.0250733676172
3094848.0, 8023446.0, 1, 0.0233690290105
2710608.0, 10796588.0, 1, 0.0189528782071
2997880.0, 9031936.0, 1, 0.0123860338274
2930040.0, 9610948.0, 1, 0.0117145217731
2671740.0, 11517034.0, 1, 0.00956840985146
2807700.0, 9788770.0, 1, 0.00654215207526
3029654.0, 8025666.0, 1, 0.00444121971675
3004136.0, 9030198.0, 1, 0.00440993036568
2931800.0, 9033356.0, 1, 0.000388555675411
2769594.0, 10509192.0, 1, 0.0
2769594.0, 10509192.0, 1, 0.0
2769594.0, 10509192.0, 1, 0.0
2769594.0, 10509192.0, 1, 0.0
2930040.0, 9610948.0, 1, 0.0
2930040.0, 9610948.0, 1, 0.0
3004136.0, 9030198.0, 1, 0.0
3004136.0, 9030198.0, 1, 0.0
3004136.0, 9030198.0, 1, 0.0
3004136.0, 9030198.0, 1, 0.0
3004136.0, 9030198.0, 1, 0.0
3004136.0, 9030198.0, 1, 0.0
3004136.0, 9030198.0, 1, 0.0
3004136.0, 9030198.0, 1, 0.0
3004136.0, 9030198.0, 1, 0.0
3004136.0, 9030198.0, 1, 0.0
3004136.0, 9030198.0, 1, 0.0
3029654.0, 8025666.0, 1, 0.0
3029654.0, 8025666.0, 1, 0.0
2669980.0, 12094682.0, 1, 0.0
2671740.0, 11517034.0, 1, 0.0
2671740.0, 11517034.0, 1, 0.0
2769594.0, 10509192.0, 1, 0.0
2477440.0, 19241966.0, 2, inf
7844470.0, 2796858.0, 2, inf
5822276.0, 9492422.0, 2, 0.432746782984
4197766.0, 14198626.0, 2, 0.363133996648
2873340.0, 19226104.0, 2, 0.336424398362
3543630.0, 3409324.0, 2, 0.325927064917
3315642.0, 7997112.0, 2, 0.291127962158
5360406.0, 8342642.0, 2, 0.23199095834
4678120.0, 9594830.0, 2, 0.146926493829
4358794.0, 12262344.0, 2, 0.110392300066
5611160.0, 11922702.0, 2, 0.106395964376
4004666.0, 13640948.0, 2, 0.106279818273
2770078.0, 12685026.0, 2, 0.0903940509241
3527456.0, 9794188.0, 2, 0.086060388447
2752820.0, 11747728.0, 2, 0.0841785670018
3315662.0, 10480118.0, 2, 0.0813994615959
3150098.0, 8953482.0, 2, 0.0663612216695
4606096.0, 9597364.0, 2, 0.0609504226759
3643694.0, 11174044.0, 2, 0.0590397074333
3713360.0, 12082206.0, 2, 0.0560055534402
3250500.0, 7997292.0, 2, 0.051855731469
3879634.0, 9637284.0, 2, 0.0507743394702
4130960.0, 11351604.0, 2, 0.0477036331871
3974184.0, 13952432.0, 2, 0.0462095323639
3078634.0, 10790666.0, 2, 0.0447117927376
2788046.0, 11435048.0, 2, 0.0423136733607
3579560.0, 12120776.0, 2, 0.0295980994245
2947700.0, 9763362.0, 2, 0.0251705753241
2957224.0, 10511140.0, 2, 0.0228277992863
3938662.0, 9182022.0, 2, 0.0199196989136
3120396.0, 9035308.0, 2, 0.019571788806
2970066.0, 10483792.0, 2, 0.01839869509
3045846.0, 9321344.0, 2, 0.0161841956251
3938662.0, 9182022.0, 2, 0.0148651442805
3045846.0, 9321344.0, 2, 0.0143448967466
3118436.0, 9317638.0, 2, 0.0120389054083
3076874.0, 11368280.0, 2, 0.0102556734879
3100498.0, 9618720.0, 2, 0.00984348927667
3119642.0, 11366858.0, 2, 0.00137923283027
4609992.0, 7808906.0, 3, inf
6206686.0, 12332632.0, 3, inf
11613554.0, 10017130.0, 3, inf
7968314.0, 2806350.0, 3, inf
Generacion: 173
7822160.0, 2417258.0, 1, inf
2466980.0, 16741298.0, 1, inf
4883818.0, 2485496.0, 1, 0.529913955727
7271426.0, 2471098.0, 1, 0.500163972568
3427608.0, 4528224.0, 1, 0.387227074672
2661416.0, 16155204.0, 1, 0.362300061431
3178926.0, 8000998.0, 1, 0.301911396733
2669980.0, 12094682.0, 1, 0.283804684257
4292848.0, 3406498.0, 1, 0.230410619963
3543630.0, 3409324.0, 1, 0.141535726125
3538164.0, 3415232.0, 1, 0.0997788154651
4466354.0, 2577016.0, 1, 0.0915938700918
4471058.0, 2571180.0, 1, 0.0843444350061
3029654.0, 8025666.0, 1, 0.0823031048797
2710608.0, 10796588.0, 1, 0.0717320987831
3004136.0, 9030198.0, 1, 0.0712973123573
2807700.0, 9788770.0, 1, 0.0624749658372
2769594.0, 10509192.0, 1, 0.0613093654278
2708848.0, 11374202.0, 1, 0.0575543044645
7553878.0, 2463006.0, 1, 0.0546774234704
2931800.0, 9033356.0, 1, 0.0526627152655
7670864.0, 2429490.0, 1, 0.0515620132325
2671740.0, 11517034.0, 1, 0.0472565358538
2930040.0, 9610948.0, 1, 0.0471469342834
2669980.0, 12094682.0, 1, 0.0419263695476
2769594.0, 10509192.0, 1, 0.0271796197914
2893498.0, 9769524.0, 1, 0.0229443108212
7556736.0, 2445878.0, 1, 0.0228164330628
2872928.0, 9786840.0, 1, 0.0173651122919
3111134.0, 8006310.0, 1, 0.0160106140595
2997880.0, 9031936.0, 1, 0.013728137737
3094848.0, 8023446.0, 1, 0.0122394915416
2930040.0, 9610948.0, 1, 0.0113992734934
2671740.0, 11517034.0, 1, 0.0103001422427
2807700.0, 9788770.0, 1, 0.00725046572594
3029654.0, 8025666.0, 1, 0.00492009014318
3004136.0, 9030198.0, 1, 0.00488644041866
3101228.0, 8022508.0, 1, 0.00232219607067
3101228.0, 8022508.0, 1, 0.00191528208457
7554872.0, 2446058.0, 1, 0.00172944091337
3094848.0, 8023446.0, 1, 0.00134635405961
2931800.0, 9033356.0, 1, 0.000427787795257
3101228.0, 8022508.0, 1, 0.0
2671740.0, 11517034.0, 1, 0.0
2671740.0, 11517034.0, 1, 0.0
2671740.0, 11517034.0, 1, 0.0
2671740.0, 11517034.0, 1, 0.0
2769594.0, 10509192.0, 1, 0.0
2769594.0, 10509192.0, 1, 0.0
2769594.0, 10509192.0, 1, 0.0
2769594.0, 10509192.0, 1, 0.0
2769594.0, 10509192.0, 1, 0.0
2807700.0, 9788770.0, 1, 0.0
2930040.0, 9610948.0, 1, 0.0
2930040.0, 9610948.0, 1, 0.0
2930040.0, 9610948.0, 1, 0.0
2931800.0, 9033356.0, 1, 0.0
2931800.0, 9033356.0, 1, 0.0
2931800.0, 9033356.0, 1, 0.0
2931800.0, 9033356.0, 1, 0.0
2931800.0, 9033356.0, 1, 0.0
2931800.0, 9033356.0, 1, 0.0
3004136.0, 9030198.0, 1, 0.0
3004136.0, 9030198.0, 1, 0.0
3004136.0, 9030198.0, 1, 0.0
3004136.0, 9030198.0, 1, 0.0
3004136.0, 9030198.0, 1, 0.0
3029654.0, 8025666.0, 1, 0.0
3029654.0, 8025666.0, 1, 0.0
3029654.0, 8025666.0, 1, 0.0
3094848.0, 8023446.0, 1, 0.0
2694506.0, 15613888.0, 2, inf
7725516.0, 13764508.0, 2, inf
7700848.0, 2560716.0, 2, inf
4660724.0, 16889506.0, 2, inf
5984570.0, 13236336.0, 2, 0.458581773933
3787530.0, 6796288.0, 2, 0.307772328951
5114240.0, 5020828.0, 2, 0.246081389135
5359180.0, 2804312.0, 2, 0.194419223106
5115502.0, 4565490.0, 2, 0.160226942122
4210608.0, 10113540.0, 2, 0.143621640744
4322438.0, 9599316.0, 2, 0.129421586403
3696552.0, 13838596.0, 2, 0.12729259344
5853164.0, 12455964.0, 2, 0.10705139447
3166456.0, 8020548.0, 2, 0.106017174363
3466668.0, 11970114.0, 2, 0.102156664256
5637190.0, 11482758.0, 2, 0.0869289285988
3078634.0, 10790666.0, 2, 0.0830288255398
3715440.0, 8649510.0, 2, 0.0791285982224
5507970.0, 11697534.0, 2, 0.0673889608604
3288866.0, 8024772.0, 2, 0.0621028582171
5848334.0, 2791956.0, 2, 0.0599290156064
3119642.0, 11366858.0, 2, 0.0566017163103
3120396.0, 9035308.0, 2, 0.05475093697
3696552.0, 13838596.0, 2, 0.0508639786572
5152554.0, 10413266.0, 2, 0.0480626743651
3320552.0, 9759084.0, 2, 0.0469928933793
5527098.0, 10409708.0, 2, 0.0466024501874
2834788.0, 10506968.0, 2, 0.0437085827762
2957224.0, 10511140.0, 2, 0.0391626671204
Generacion: 174
7320732.0, 2413204.0, 1, inf
2466980.0, 16741298.0, 1, inf
5555440.0, 2441012.0, 1, 0.397688670149
2521342.0, 15358350.0, 1, 0.366124370218
3148862.0, 4390194.0, 1, 0.30157011343
2669980.0, 12094682.0, 1, 0.299082715366
3111134.0, 8006310.0, 1, 0.263323773757
6553702.0, 2426070.0, 1, 0.24597592021
4641292.0, 2478828.0, 1, 0.245224860412
3407714.0, 3215066.0, 1, 0.179245417667
4156956.0, 3212164.0, 1, 0.176176477646
7025754.0, 2417478.0, 1, 0.113838827116
3197672.0, 3940842.0, 1, 0.110666534871
4260816.0, 3209118.0, 1, 0.096720436501
4402816.0, 2552114.0, 1, 0.0949865498257
3293530.0, 3231608.0, 1, 0.0939282023316
3029654.0, 8025666.0, 1, 0.0835409262897
3004136.0, 9030198.0, 1, 0.0713981550892
2807700.0, 9788770.0, 1, 0.0679570137207
2769594.0, 10509192.0, 1, 0.0624330396899
6771482.0, 2422932.0, 1, 0.0585897690614
2931800.0, 9033356.0, 1, 0.0539260618698
2710608.0, 10796588.0, 1, 0.0524660475694
2671740.0, 11517034.0, 1, 0.0479609796882
2708848.0, 11374202.0, 1, 0.0479586067277
2930040.0, 9610948.0, 1, 0.0478404604629
6743302.0, 2423170.0, 1, 0.0450873925214
2893498.0, 9769524.0, 1, 0.0376159658825
4402816.0, 2552114.0, 1, 0.0343705644497
2769594.0, 10509192.0, 1, 0.0279090494452
2710608.0, 10796588.0, 1, 0.0204208217814
2997880.0, 9031936.0, 1, 0.015123516154
3094848.0, 8023446.0, 1, 0.0134971367947
2930040.0, 9610948.0, 1, 0.0114300934961
2671740.0, 11517034.0, 1, 0.0103312732343
2708848.0, 11374202.0, 1, 0.0103312732343
2807700.0, 9788770.0, 1, 0.00919406893212
3029654.0, 8025666.0, 1, 0.00541231650646
3004136.0, 9030198.0, 1, 0.00537867630281
3101228.0, 8022508.0, 1, 0.00244495331318
3101228.0, 8022508.0, 1, 0.00210636116381
3094848.0, 8023446.0, 1, 0.00146938740748
2931800.0, 9033356.0, 1, 0.000461712077022
2930040.0, 9610948.0, 1, 0.0
2930040.0, 9610948.0, 1, 0.0
2931800.0, 9033356.0, 1, 0.0
2931800.0, 9033356.0, 1, 0.0
2931800.0, 9033356.0, 1, 0.0
3004136.0, 9030198.0, 1, 0.0
3004136.0, 9030198.0, 1, 0.0
3004136.0, 9030198.0, 1, 0.0
3029654.0, 8025666.0, 1, 0.0
3029654.0, 8025666.0, 1, 0.0
3029654.0, 8025666.0, 1, 0.0
3029654.0, 8025666.0, 1, 0.0
3029654.0, 8025666.0, 1, 0.0
3101228.0, 8022508.0, 1, 0.0
3101228.0, 8022508.0, 1, 0.0
3101228.0, 8022508.0, 1, 0.0
3101228.0, 8022508.0, 1, 0.0
2671740.0, 11517034.0, 1, 0.0
2671740.0, 11517034.0, 1, 0.0
2671740.0, 11517034.0, 1, 0.0
2769594.0, 10509192.0, 1, 0.0
8427076.0, 11589306.0, 2, inf
3076008.0, 18253922.0, 2, inf
2498570.0, 16747974.0, 2, inf
7822160.0, 2417258.0, 2, inf
3543630.0, 3409324.0, 2, 0.409427910195
3178926.0, 8000998.0, 2, 0.314884751873
2688856.0, 14544364.0, 2, 0.220331896201
5611160.0, 11922702.0, 2, 0.189790566301
5513686.0, 2573386.0, 2, 0.182399279709
4147974.0, 13804324.0, 2, 0.175619219536
4818634.0, 11620444.0, 2, 0.172999717419
6505406.0, 16550626.0, 2, 0.158903520806
6579774.0, 3242640.0, 2, 0.156119965346
7119086.0, 9225680.0, 2, 0.1517709798
6127220.0, 8175326.0, 2, 0.141529849121
3368274.0, 12987176.0, 2, 0.132890139239
7826934.0, 10554518.0, 2, 0.12025173922
6150878.0, 8824398.0, 2, 0.105500885238
7271426.0, 2471098.0, 2, 0.102158272163
6462642.0, 9590142.0, 2, 0.0836611443206
3044046.0, 10201556.0, 2, 0.0803576256248
7670864.0, 2429490.0, 2, 0.0799940451798
7725516.0, 13764508.0, 2, 0.0771185820903
4612864.0, 10903422.0, 2, 0.0762661907433
2834788.0, 10506968.0, 2, 0.0654688479048
4292848.0, 3406498.0, 2, 0.0590227437423
2788046.0, 11435048.0, 2, 0.0513002104928
4435492.0, 9852430.0, 2, 0.0484909522832
4506330.0, 9681070.0, 2, 0.0401437727458
4581080.0, 9878736.0, 2, 0.0388442617253
2776722.0, 10795458.0, 2, 0.0387624356443
3440644.0, 8021498.0, 2, 0.0310796469141
3288866.0, 8024772.0, 2, 0.0292879868129
3342290.0, 9034188.0, 2, 0.0220515523013
3224656.0, 11560736.0, 2, 0.0219939015712
3216222.0, 8950104.0, 2, 0.0209606872071
Generacion: 175
7025754.0, 2417478.0, 1, inf
2369348.0, 17808138.0, 1, inf
5477662.0, 2421724.0, 1, 0.516068248837
2466980.0, 16741298.0, 1, 0.473702230319
2671740.0, 11517034.0, 1, 0.438575429666
3148862.0, 4390194.0, 1, 0.282736354454
3293530.0, 3231608.0, 1, 0.253359290643
3111134.0, 8006310.0, 1, 0.246237460655
4641292.0, 2478828.0, 1, 0.211796655662
4156956.0, 3212164.0, 1, 0.186172036861
3197672.0, 3940842.0, 1, 0.106347109754
4359356.0, 3200706.0, 1, 0.0956867785946
2807700.0, 9788770.0, 1, 0.0928199761207
3004136.0, 9030198.0, 1, 0.0808036636917
3029654.0, 8025666.0, 1, 0.0792698627302
4402816.0, 2552114.0, 1, 0.0789823424554
2930040.0, 9610948.0, 1, 0.0757340815165
2710608.0, 10796588.0, 1, 0.0594783079334
2769594.0, 10509192.0, 1, 0.0594767485461
4512450.0, 2491132.0, 1, 0.055976325407
2931800.0, 9033356.0, 1, 0.0530634628167
4156956.0, 3212164.0, 1, 0.0447303637099
2710608.0, 10796588.0, 1, 0.0270206134932
2769594.0, 10509192.0, 1, 0.0268569679692
3094848.0, 8023446.0, 1, 0.0155762717137
3004136.0, 9030198.0, 1, 0.00568538161519
3029654.0, 8025666.0, 1, 0.00562443556089
3101228.0, 8022508.0, 1, 0.00242261192732
3101228.0, 8022508.0, 1, 0.00218833786678
2931800.0, 9033356.0, 1, 0.000583163294879
3004136.0, 9030198.0, 1, 0.0
3029654.0, 8025666.0, 1, 0.0
3101228.0, 8022508.0, 1, 0.0
2769594.0, 10509192.0, 1, 0.0
2769594.0, 10509192.0, 1, 0.0
2931800.0, 9033356.0, 1, 0.0
2931800.0, 9033356.0, 1, 0.0
2931800.0, 9033356.0, 1, 0.0
8732046.0, 2421052.0, 2, inf
2498570.0, 16747974.0, 2, inf
7295740.0, 2431702.0, 2, 0.510997453472
5555440.0, 2441012.0, 2, 0.360519738825
2774074.0, 15786948.0, 2, 0.322641554932
3713636.0, 12090432.0, 2, 0.289246238039
4642766.0, 6146786.0, 2, 0.218838048224
4759824.0, 4601176.0, 2, 0.162135244991
3252786.0, 8001590.0, 2, 0.128849004905
4248114.0, 7603104.0, 2, 0.116518022331
4893004.0, 4296660.0, 2, 0.114196566677
3870588.0, 3249980.0, 2, 0.0962306578161
3615614.0, 11949466.0, 2, 0.0918270018651
5071854.0, 9563390.0, 2, 0.0867947623582
4270398.0, 7610770.0, 2, 0.0835599196001
3976482.0, 10393610.0, 2, 0.0813900891801
3134968.0, 16605636.0, 2, 0.0758929944371
4168690.0, 9059196.0, 2, 0.0737462425184
3222434.0, 8948132.0, 2, 0.0675580261642
5058256.0, 2563908.0, 2, 0.061343507375
2771878.0, 11804758.0, 2, 0.05855647204
4605922.0, 9605592.0, 2, 0.0545611219778
4258040.0, 3217070.0, 2, 0.0506126292049
3180552.0, 9782848.0, 2, 0.0500618795777
3121228.0, 10797460.0, 2, 0.0481114529978
3700894.0, 9382346.0, 2, 0.0460771828217
3119642.0, 11366858.0, 2, 0.0446125988
5007770.0, 9494048.0, 2, 0.0391470384183
3834260.0, 11373218.0, 2, 0.038711314132
2947700.0, 9763362.0, 2, 0.0360630191835
3176174.0, 8000694.0, 2, 0.0345914872638
3093642.0, 9611430.0, 2, 0.0308995943162
3224656.0, 11560736.0, 2, 0.0307315523592
4883818.0, 2485496.0, 2, 0.0299432628825
2818544.0, 11743746.0, 2, 0.0284841258401
3214020.0, 10500112.0, 2, 0.0280009453618
2995674.0, 9601300.0, 2, 0.0239313628824
2845458.0, 10712794.0, 2, 0.0223116580856
4678120.0, 9594830.0, 2, 0.0211502682578
2845458.0, 10712794.0, 2, 0.0191625744262
3973420.0, 9598160.0, 2, 0.0172626809682
3216222.0, 8950104.0, 2, 0.00910192738169
4620102.0, 3237814.0, 2, 0.00817982705601
4606096.0, 9597364.0, 2, 0.00230246018099
4606096.0, 9597364.0, 2, 0.000204783611573
2845458.0, 10712794.0, 2, 0.0
7801492.0, 17840944.0, 3, inf
2957302.0, 9764258.0, 3, inf
6031060.0, 2582186.0, 3, inf
11867448.0, 3811218.0, 3, inf
11223346.0, 11950862.0, 3, 0.302645339362
4298368.0, 13954216.0, 3, 0.296415684825
6652526.0, 9304168.0, 3, 0.220486658969
6030978.0, 5707688.0, 3, 0.202110360771
10291976.0, 14973206.0, 3, 0.164874504788
9271864.0, 2593858.0, 3, 0.161400362563
4808272.0, 10510712.0, 3, 0.158388845784
3877932.0, 16175134.0, 3, 0.15349942287
7538530.0, 7996528.0, 3, 0.151810223708
7522416.0, 10066286.0, 3, 0.147154379978
9979476.0, 3850358.0, 3, 0.146456548046
3932022.0, 16748072.0, 3, 0.144376293574
Generacion: 176
7025754.0, 2417478.0, 1, inf
2369348.0, 17808138.0, 1, inf
5477662.0, 2421724.0, 1, 0.336660397162
3148862.0, 4390194.0, 1, 0.306982574431
2671740.0, 11517034.0, 1, 0.300712978497
2590462.0, 15611076.0, 1, 0.298456471074
4402816.0, 2552114.0, 1, 0.290769857116
3407714.0, 3215066.0, 1, 0.258228316573
3111134.0, 8006310.0, 1, 0.246237460655
4544500.0, 2497306.0, 1, 0.17079856507
2491168.0, 16725824.0, 1, 0.152290911963
5180658.0, 2494386.0, 1, 0.148928250679
3198266.0, 3569640.0, 1, 0.106347109754
2523338.0, 15619968.0, 1, 0.093754333664
3004136.0, 9030198.0, 1, 0.0808036636917
3029654.0, 8025666.0, 1, 0.0792698627302
2872928.0, 9786840.0, 1, 0.0740820489567
2851074.0, 10490116.0, 1, 0.0691262328719
2398982.0, 17552796.0, 1, 0.0600962044436
5236474.0, 2492360.0, 1, 0.0571703185943
5444418.0, 2486294.0, 1, 0.0563865664974
2708848.0, 11374202.0, 1, 0.0551578083893
2931800.0, 9033356.0, 1, 0.0530634628167
2710608.0, 10796588.0, 1, 0.0501978742158
2930040.0, 9610948.0, 1, 0.0497939884624
3293530.0, 3231608.0, 1, 0.045420597553
2398982.0, 17552796.0, 1, 0.0363883837915
2769594.0, 10509192.0, 1, 0.036171877365
3402756.0, 3220954.0, 1, 0.0255967243966
3293530.0, 3231608.0, 1, 0.021150935135
2710608.0, 10796588.0, 1, 0.0190513771337
3094848.0, 8023446.0, 1, 0.0155762717137
2769594.0, 10509192.0, 1, 0.0139071628363
2930040.0, 9610948.0, 1, 0.0118064636602
5477662.0, 2421724.0, 1, 0.00741529341857
3004136.0, 9030198.0, 1, 0.00568538161519
3029654.0, 8025666.0, 1, 0.00562443556089
3101228.0, 8022508.0, 1, 0.00242261192732
3101228.0, 8022508.0, 1, 0.00218833786678
2931800.0, 9033356.0, 1, 0.000583163294879
3029654.0, 8025666.0, 1, 0.0
3029654.0, 8025666.0, 1, 0.0
3029654.0, 8025666.0, 1, 0.0
3029654.0, 8025666.0, 1, 0.0
3029654.0, 8025666.0, 1, 0.0
2769594.0, 10509192.0, 1, 0.0
2769594.0, 10509192.0, 1, 0.0
2931800.0, 9033356.0, 1, 0.0
3004136.0, 9030198.0, 1, 0.0
3004136.0, 9030198.0, 1, 0.0
6564682.0, 2438438.0, 2, inf
2400978.0, 17814414.0, 2, inf
4117330.0, 5042066.0, 2, 0.35112525316
4251324.0, 14049474.0, 2, 0.318511077734
5720390.0, 2560938.0, 2, 0.25361391195
4683386.0, 11394442.0, 2, 0.239059059787
2692510.0, 15352242.0, 2, 0.228005037992
3176174.0, 8000694.0, 2, 0.197106124552
3700894.0, 9382346.0, 2, 0.189877198594
5325920.0, 3224922.0, 2, 0.141986967938
2871448.0, 16742000.0, 2, 0.138814203698
4246712.0, 16167704.0, 2, 0.122566468908
3408120.0, 4266178.0, 2, 0.118981668064
4501154.0, 8824472.0, 2, 0.1118755962
4783640.0, 3546308.0, 2, 0.111278538011
4998456.0, 4270738.0, 2, 0.107337726665
4937856.0, 8201444.0, 2, 0.0979661920499
5456172.0, 2613584.0, 2, 0.0779195889183
5555440.0, 2441012.0, 2, 0.0714244147126
4974114.0, 4617430.0, 2, 0.0647188390953
2815636.0, 11083852.0, 2, 0.0617062524954
5410808.0, 3274014.0, 2, 0.0521845508979
3044046.0, 10201556.0, 2, 0.0501415049756
3401660.0, 10502450.0, 2, 0.0496242677126
4693456.0, 8823480.0, 2, 0.0493487320565
2776722.0, 10795458.0, 2, 0.0486390640657
3361026.0, 9685656.0, 2, 0.0448525765168
2947700.0, 9763362.0, 2, 0.0447078496429
3028924.0, 9621878.0, 2, 0.0428657205655
3117916.0, 9183098.0, 2, 0.0410562784374
4720148.0, 9793966.0, 2, 0.0386117184988
3253220.0, 9257070.0, 2, 0.0384276649931
3078634.0, 10790666.0, 2, 0.0363653286794
3166456.0, 8020548.0, 2, 0.0270479505517
3216222.0, 8950104.0, 2, 0.0253296361251
4743196.0, 9791546.0, 2, 0.0172393003104
3045846.0, 9321344.0, 2, 0.0161235060504
3180596.0, 9262160.0, 2, 0.0137985164472
3222434.0, 8948132.0, 2, 0.0095343571289
3222434.0, 8948132.0, 2, 0.00752214937798
13542462.0, 9189872.0, 3, inf
5419716.0, 17626410.0, 3, inf
5203200.0, 5224070.0, 3, inf
6165600.0, 3067684.0, 3, inf
12214844.0, 16719022.0, 3, 0.398306414048
6344612.0, 12089584.0, 3, 0.281511774295
10333854.0, 14552108.0, 3, 0.268051707821
10629588.0, 8747780.0, 3, 0.266705885238
8092266.0, 11734720.0, 3, 0.201689982895
9244816.0, 6993956.0, 3, 0.181691688184
Generacion: 177
2369348.0, 17808138.0, 1, inf
7186374.0, 2425948.0, 1, inf
4641292.0, 2478828.0, 1, 0.553084037757
2606680.0, 16746040.0, 1, 0.39071304867
2671740.0, 11517034.0, 1, 0.348007860394
3109740.0, 3943170.0, 1, 0.299616630744
3101228.0, 8022508.0, 1, 0.268351292272
3843816.0, 3207366.0, 1, 0.197532376432
4146592.0, 2557762.0, 1, 0.160600602618
2510276.0, 17011454.0, 1, 0.118316659285
3402756.0, 3220954.0, 1, 0.0922553385955
4398266.0, 2507500.0, 1, 0.0865347545781
3004136.0, 9030198.0, 1, 0.0803216097053
3029654.0, 8025666.0, 1, 0.0788389521486
2893498.0, 9769524.0, 1, 0.0735480327748
2671740.0, 11517034.0, 1, 0.0603426325954
3149268.0, 3567154.0, 1, 0.0590924418615
2710608.0, 10796588.0, 1, 0.0590816886021
2930040.0, 9610948.0, 1, 0.0558098440159
2931800.0, 9033356.0, 1, 0.0525661340546
4544500.0, 2497306.0, 1, 0.0523154349852
3266428.0, 3534550.0, 1, 0.0517622829918
2851074.0, 10490116.0, 1, 0.0502267894973
2769594.0, 10509192.0, 1, 0.0446076599592
3293530.0, 3231608.0, 1, 0.0423693214115
2710608.0, 10796588.0, 1, 0.0267525644967
3402756.0, 3220954.0, 1, 0.0235583458612
2834788.0, 10506968.0, 1, 0.0181551365889
3094848.0, 8023446.0, 1, 0.0150638478668
2851074.0, 10490116.0, 1, 0.00990264655145
3293530.0, 3231608.0, 1, 0.00631891226104
3004136.0, 9030198.0, 1, 0.00550276183572
3029654.0, 8025666.0, 1, 0.00544178222229
2931800.0, 9033356.0, 1, 0.000570673032383
2931800.0, 9033356.0, 1, 0.0
3004136.0, 9030198.0, 1, 0.0
3029654.0, 8025666.0, 1, 0.0
3402756.0, 3220954.0, 1, 0.0
2851074.0, 10490116.0, 1, 0.0
2851074.0, 10490116.0, 1, 0.0
2472876.0, 18942846.0, 2, inf
8385742.0, 2459388.0, 2, inf
7271426.0, 2471098.0, 2, 0.470047450703
5616066.0, 3230782.0, 2, 0.350503855674
2918700.0, 15414560.0, 2, 0.341740417041
3754308.0, 12761406.0, 2, 0.258758151846
3498516.0, 16729154.0, 2, 0.246646823791
5165914.0, 6242474.0, 2, 0.165560060681
4248114.0, 7603104.0, 2, 0.15024060013
3107382.0, 11455362.0, 2, 0.106244133823
3293760.0, 10300932.0, 2, 0.100365908612
4870564.0, 5060294.0, 2, 0.100348078745
3932300.0, 3937982.0, 2, 0.0931984492289
5180658.0, 2494386.0, 2, 0.0922671204913
4505918.0, 3254182.0, 2, 0.0899437513727
3887208.0, 11263092.0, 2, 0.0747275444994
4783476.0, 8023358.0, 2, 0.0739205093325
4937856.0, 8201444.0, 2, 0.0736158130442
4505334.0, 7999512.0, 2, 0.063170313986
5113868.0, 4748492.0, 2, 0.0567851780331
4974114.0, 4617430.0, 2, 0.0515761594707
4052068.0, 5018760.0, 2, 0.0513964123555
3222434.0, 8948132.0, 2, 0.0503211628652
5444418.0, 2486294.0, 2, 0.0455297034161
3770492.0, 9933892.0, 2, 0.044940619699
3867338.0, 7675306.0, 2, 0.0437881650895
5471494.0, 4389012.0, 2, 0.0420232354488
3605910.0, 9398888.0, 2, 0.0416378525333
3660714.0, 9804682.0, 2, 0.0415806656972
3192740.0, 9032462.0, 2, 0.0398980360744
3413170.0, 9600134.0, 2, 0.0391059219178
3070250.0, 9029038.0, 2, 0.0370264518157
4124352.0, 9365962.0, 2, 0.0355723527526
3340704.0, 9603552.0, 2, 0.0326042337421
4130960.0, 11351604.0, 2, 0.0325953878575
5470396.0, 4330830.0, 2, 0.0319417506032
3224058.0, 9875252.0, 2, 0.0199016151689
3222434.0, 8948132.0, 2, 0.00518297005056
5444418.0, 2486294.0, 2, 0.00488438651245
4505334.0, 7999512.0, 2, 0.00154543013646
4677174.0, 19825912.0, 3, inf
7945770.0, 2531000.0, 3, inf
4645648.0, 10101138.0, 3, inf
11502078.0, 5238054.0, 3, inf
10661028.0, 14211162.0, 3, 0.478818554573
7932548.0, 16892658.0, 3, 0.212609195088
6980464.0, 17291214.0, 3, 0.207289677944
9588324.0, 6295058.0, 3, 0.153316533286
5154148.0, 7623200.0, 3, 0.136552653666
9950938.0, 5201912.0, 3, 0.132383059221
7106412.0, 12524186.0, 3, 0.131148337176
8704658.0, 7677598.0, 3, 0.125285727933
5326512.0, 5342322.0, 3, 0.118280331038
6676982.0, 9601794.0, 3, 0.113534174833
5546088.0, 6953846.0, 3, 0.112035829621
9043946.0, 4492366.0, 3, 0.106705596292
6152546.0, 2616000.0, 3, 0.105504210759
7531542.0, 9227818.0, 3, 0.0998075958236
9219074.0, 3293402.0, 3, 0.0994933742379
7346596.0, 8694590.0, 3, 0.0993332086359
Generacion: 178
2328942.0, 18642252.0, 1, inf
6553702.0, 2426070.0, 1, inf
3149268.0, 3567154.0, 1, 0.364124455623
2662876.0, 15607762.0, 1, 0.361303348522
3402756.0, 3220954.0, 1, 0.314510313379
4641292.0, 2478828.0, 1, 0.293273871903
3111134.0, 8006310.0, 1, 0.287686458259
2428796.0, 17027890.0, 1, 0.266169401275
2669980.0, 12094682.0, 1, 0.254360199621
5676694.0, 2468814.0, 1, 0.252738896972
4641292.0, 2478828.0, 1, 0.248833583306
5499210.0, 2477002.0, 1, 0.245697015108
3402756.0, 3220954.0, 1, 0.105765101309
2671740.0, 11517034.0, 1, 0.0896659398493
3029654.0, 8025666.0, 1, 0.0835546865372
3004136.0, 9030198.0, 1, 0.0790681900583
2916114.0, 10484506.0, 1, 0.0729067136603
2710608.0, 10796588.0, 1, 0.0583895736139
2930040.0, 9610948.0, 1, 0.0542861153764
2931800.0, 9033356.0, 1, 0.0527401678395
2769594.0, 10509192.0, 1, 0.0521474257361
2930040.0, 9610948.0, 1, 0.0389145304068
2710608.0, 10796588.0, 1, 0.026922839962
3094848.0, 8023446.0, 1, 0.0204799251724
2851074.0, 10490116.0, 1, 0.0196322533838
2851074.0, 10490116.0, 1, 0.0165713131621
3004136.0, 9030198.0, 1, 0.00623485016449
2931800.0, 9033356.0, 1, 0.000611335455961
2710608.0, 10796588.0, 1, 0.0
2851074.0, 10490116.0, 1, 0.0
4641292.0, 2478828.0, 1, 0.0
5444418.0, 2486294.0, 2, inf
11378972.0, 2640762.0, 2, inf
3187558.0, 18175232.0, 2, inf
2563860.0, 17033084.0, 2, inf
6066098.0, 3249750.0, 2, 0.66615869315
3677982.0, 6812378.0, 2, 0.260737084209
3887208.0, 11263092.0, 2, 0.215837651654
3696876.0, 13483678.0, 2, 0.215278905177
3440644.0, 8021498.0, 2, 0.205575529224
2760508.0, 14541050.0, 2, 0.187065242929
3733910.0, 4386846.0, 2, 0.184368804327
3265800.0, 16039686.0, 2, 0.170883832806
4676132.0, 3967566.0, 2, 0.142900546013
4438036.0, 3464314.0, 2, 0.124053086616
3340704.0, 9603552.0, 2, 0.117723961838
5389738.0, 2496548.0, 2, 0.097001220642
3100498.0, 9618720.0, 2, 0.0905278907665
3293760.0, 10300932.0, 2, 0.0803337961411
2776722.0, 10795458.0, 2, 0.0772395526274
5616066.0, 3230782.0, 2, 0.0649768026203
5507840.0, 3211008.0, 2, 0.0566412620387
3886192.0, 10907632.0, 2, 0.0337969256401
3182900.0, 11079574.0, 2, 0.0325329495963
3293724.0, 4012454.0, 2, 0.0298963880734
3434082.0, 3425414.0, 2, 0.0250134816887
3748920.0, 3223908.0, 2, 0.0185354851486
4932238.0, 18867878.0, 3, inf
3768636.0, 18198870.0, 3, inf
12112032.0, 4727872.0, 3, inf
9679754.0, 3325630.0, 3, inf
10352534.0, 3913072.0, 3, 0.226617560619
6060572.0, 15675200.0, 3, 0.214408672895
6376968.0, 7104990.0, 3, 0.182513146203
4856864.0, 17262958.0, 3, 0.172623422555
8932222.0, 4071206.0, 3, 0.172549882825
4255486.0, 14936600.0, 3, 0.163401614377
7939750.0, 3642340.0, 3, 0.153556643995
7750878.0, 13379724.0, 3, 0.14448801714
6502074.0, 10537150.0, 3, 0.125369887472
5117790.0, 5887604.0, 3, 0.120677729225
7337676.0, 8504054.0, 3, 0.107282750246
5455510.0, 11177364.0, 3, 0.0986252309952
9175742.0, 11588144.0, 3, 0.098591647405
10130896.0, 3826938.0, 3, 0.0892691114363
5836908.0, 9963290.0, 3, 0.0810504030124
4695476.0, 12183266.0, 3, 0.0809533295772
4441648.0, 9141590.0, 3, 0.0747202092832
5186652.0, 11609178.0, 3, 0.0742502978639
7538530.0, 7996528.0, 3, 0.0742495555981
6921192.0, 8754784.0, 3, 0.0735986678765
3837942.0, 5192814.0, 3, 0.072120329558
4344814.0, 12782340.0, 3, 0.070707605138
6942892.0, 3438404.0, 3, 0.0610024288502
4126504.0, 5645254.0, 3, 0.0535270596267
4056346.0, 9790064.0, 3, 0.0520625568956
5532618.0, 8150264.0, 3, 0.0486163167875
4875432.0, 12593216.0, 3, 0.0459368286572
4606096.0, 9597364.0, 3, 0.044893957172
7801744.0, 8166918.0, 3, 0.0402500006156
4273920.0, 11469360.0, 3, 0.0371363278823
7650416.0, 3778648.0, 3, 0.0365973249638
7744780.0, 4521054.0, 3, 0.0338251364748
7522416.0, 10066286.0, 3, 0.0331444281434
4554568.0, 3497910.0, 3, 0.0328313564252
5509676.0, 10104274.0, 3, 0.030387075867
5155484.0, 4995602.0, 3, 0.0295718827883
4785056.0, 8020554.0, 3, 0.0292346932962
10352400.0, 4314282.0, 3, 0.0291736292288
4129966.0, 8826778.0, 3, 0.0268470245104
Generacion: 179
2398982.0, 17552796.0, 1, inf
7245648.0, 2419760.0, 1, inf
5477662.0, 2421724.0, 1, 0.398107407152
3266428.0, 3534550.0, 1, 0.353148434499
2669980.0, 12094682.0, 1, 0.333256826854
3111134.0, 8006310.0, 1, 0.312308111335
2662876.0, 15607762.0, 1, 0.247087403761
4543016.0, 3217866.0, 1, 0.212164245185
5333146.0, 2472814.0, 1, 0.176339514706
3748920.0, 3223908.0, 1, 0.16435258451
4641292.0, 2478828.0, 1, 0.164337725499
2810486.0, 11025466.0, 1, 0.138921489721
3293530.0, 3231608.0, 1, 0.120078728153
2834788.0, 10506968.0, 1, 0.118139455041
2589002.0, 16158518.0, 1, 0.10016346067
3748920.0, 3223908.0, 1, 0.0943586941534
2466980.0, 16741298.0, 1, 0.0905035053408
3029654.0, 8025666.0, 1, 0.0831916273727
4544500.0, 2497306.0, 1, 0.0691131013176
3004136.0, 9030198.0, 1, 0.0676708549489
2930040.0, 9610948.0, 1, 0.0595726695939
2930040.0, 9610948.0, 1, 0.0578207197619
2931800.0, 9033356.0, 1, 0.0518017368157
2590462.0, 15611076.0, 1, 0.0516365137736
2428796.0, 17027890.0, 1, 0.0425645054854
3111134.0, 8006310.0, 1, 0.0333204634008
2428796.0, 17027890.0, 1, 0.0250896145837
2997880.0, 9031936.0, 1, 0.0151335814035
3029654.0, 8025666.0, 1, 0.00654411858978
3004136.0, 9030198.0, 1, 0.00537991069389
2662876.0, 15607762.0, 1, 0.00168474094452
2931800.0, 9033356.0, 1, 0.000456970668754
2931800.0, 9033356.0, 1, 0.0
3004136.0, 9030198.0, 1, 0.0
3029654.0, 8025666.0, 1, 0.0
3748920.0, 3223908.0, 1, 0.0
2503966.0, 18200964.0, 2, inf
6553702.0, 2426070.0, 2, inf
4118874.0, 6804186.0, 2, 0.403095096036
6289858.0, 3225942.0, 2, 0.277701261288
5160222.0, 3973036.0, 2, 0.263672008169
2997180.0, 12676354.0, 2, 0.238979205233
3228514.0, 16981844.0, 2, 0.17766237269
2688856.0, 14544364.0, 2, 0.17463624073
5617578.0, 2482864.0, 2, 0.166859497316
3342290.0, 9034188.0, 2, 0.166636881361
3906706.0, 8381260.0, 2, 0.156830109605
3770492.0, 9933892.0, 2, 0.147030895328
4559676.0, 10172602.0, 2, 0.14357692207
2802768.0, 14120554.0, 2, 0.128542899434
3076874.0, 11368280.0, 2, 0.121065086621
5389738.0, 2496548.0, 2, 0.112638127264
2563860.0, 17033084.0, 2, 0.104899316768
4869504.0, 3630652.0, 2, 0.092188948391
5050154.0, 8825694.0, 2, 0.0852174831951
4676132.0, 3967566.0, 2, 0.0785618948025
4836354.0, 8822322.0, 2, 0.0759227869
2815636.0, 11083852.0, 2, 0.071252524206
3172990.0, 10508560.0, 2, 0.0680549730395
4606096.0, 9597364.0, 2, 0.0650292693315
2770336.0, 14527648.0, 2, 0.0549943609249
3078634.0, 10790666.0, 2, 0.0549867176773
4058928.0, 11001570.0, 2, 0.0544343648065
3856672.0, 9856872.0, 2, 0.0543963693173
3973696.0, 9606388.0, 2, 0.0540388261127
5616066.0, 3230782.0, 2, 0.0486236770064
5451514.0, 2478718.0, 2, 0.0459852628531
5426494.0, 3346108.0, 2, 0.0388506210095
2688856.0, 14544364.0, 2, 0.0319248802992
3293760.0, 10300932.0, 2, 0.0251454239892
3254404.0, 17029838.0, 2, 0.0193593729889
3293760.0, 10300932.0, 2, 0.0178532427799
2563860.0, 17033084.0, 2, 0.0149953760424
5444418.0, 2486294.0, 2, 0.00704563482692
12253760.0, 18970992.0, 3, inf
6632364.0, 2471886.0, 3, inf
3627972.0, 17887228.0, 3, inf
7267316.0, 13294214.0, 3, 0.359129238485
12090124.0, 3089770.0, 3, 0.266406475945
10352534.0, 3913072.0, 3, 0.255020593469
4333072.0, 12441772.0, 3, 0.169781955995
3768636.0, 18198870.0, 3, 0.14742948205
10029250.0, 3323850.0, 3, 0.129964603329
7988906.0, 11872048.0, 3, 0.120987946684
4489626.0, 11557982.0, 3, 0.116515456492
6376968.0, 7104990.0, 3, 0.112841285631
6183364.0, 6239092.0, 3, 0.105543438308
9296624.0, 9687378.0, 3, 0.100038051321
7243186.0, 8169054.0, 3, 0.0990455549834
8767334.0, 9781470.0, 3, 0.0988969605193
5006022.0, 10374260.0, 3, 0.0949995009888
6921192.0, 8754784.0, 3, 0.0939505439538
8324616.0, 3572782.0, 3, 0.0881632460945
4871860.0, 10567250.0, 3, 0.0878671990972
5782390.0, 9600750.0, 3, 0.080428973408
8818576.0, 10980222.0, 3, 0.0791633199459
5368280.0, 10399342.0, 3, 0.0671363101945
7559076.0, 3805562.0, 3, 0.0643442129252
5950814.0, 7626180.0, 3, 0.0607656488291
6012540.0, 4839620.0, 3, 0.0603389420844
Generacion: 180
7421062.0, 2433530.0, 1, inf
2330402.0, 18094754.0, 1, inf
3293530.0, 3231608.0, 1, 0.392755011043
3292406.0, 7981642.0, 1, 0.327047547182
6716474.0, 2438174.0, 1, 0.274841322473
2669980.0, 12094682.0, 1, 0.262942268278
6024120.0, 2440242.0, 1, 0.252952925928
5444418.0, 2486294.0, 1, 0.249794497284
2662876.0, 15607762.0, 1, 0.238541952218
3933568.0, 3221218.0, 1, 0.184439512597
4567290.0, 2853044.0, 1, 0.173451649316
4875430.0, 2818428.0, 1, 0.170263324236
2590462.0, 15611076.0, 1, 0.110859960574
3748920.0, 3223908.0, 1, 0.0896277458948
2807700.0, 9788770.0, 1, 0.0888723693417
2398982.0, 17552796.0, 1, 0.0874497063458
3004136.0, 9030198.0, 1, 0.0835652532732
2769594.0, 10509192.0, 1, 0.08342374043
3029654.0, 8025666.0, 1, 0.0834155673779
2466980.0, 16741298.0, 1, 0.0796676964503
2710608.0, 10796588.0, 1, 0.0671654261494
2428796.0, 17027890.0, 1, 0.0651731492501
4688830.0, 2828288.0, 1, 0.0627407614515
2930040.0, 9610948.0, 1, 0.0609126341635
2671740.0, 11517034.0, 1, 0.0536392264068
2708848.0, 11374202.0, 1, 0.0536370554398
2931800.0, 9033356.0, 1, 0.0510899392674
2466980.0, 16741298.0, 1, 0.0425560433915
3178926.0, 8000998.0, 1, 0.037183842673
3748920.0, 3223908.0, 1, 0.0367635777568
3101228.0, 8022508.0, 1, 0.0172417018652
3111134.0, 8006310.0, 1, 0.0166363098003
2930040.0, 9610948.0, 1, 0.0117000161543
2662876.0, 15607762.0, 1, 0.00160710227862
3293530.0, 3231608.0, 1, 0.00071245668408
2931800.0, 9033356.0, 1, 0.000547375722098
3293530.0, 3231608.0, 1, 0.0
2931800.0, 9033356.0, 1, 0.0
2931800.0, 9033356.0, 1, 0.0
2931800.0, 9033356.0, 1, 0.0
2503966.0, 18200964.0, 2, inf
7568150.0, 2439614.0, 2, inf
4354216.0, 4295970.0, 2, 0.316760255469
5616066.0, 3230782.0, 2, 0.312084316307
4243794.0, 7614562.0, 2, 0.310678327855
7136168.0, 2439870.0, 2, 0.252439310003
6517628.0, 3148840.0, 2, 0.21629528412
2770078.0, 12685026.0, 2, 0.20094113745
4711870.0, 3214990.0, 2, 0.190496075398
6289858.0, 3225942.0, 2, 0.179029046331
2606680.0, 16746040.0, 2, 0.176115271714
2806766.0, 16000586.0, 2, 0.148684406747
3819656.0, 3468676.0, 2, 0.141643821434
2760508.0, 14541050.0, 2, 0.134006711117
3489280.0, 10791486.0, 2, 0.130763335525
4676132.0, 3967566.0, 2, 0.123112989055
2688856.0, 14544364.0, 2, 0.122977893541
3082230.0, 11517916.0, 2, 0.0980019071022
2995674.0, 9601300.0, 2, 0.0977935386427
3187026.0, 8003152.0, 2, 0.0878072920902
3972016.0, 3233612.0, 2, 0.0841784648257
3150098.0, 8953482.0, 2, 0.0833374021531
3044046.0, 10201556.0, 2, 0.0724262963051
3187462.0, 9260788.0, 2, 0.0598243123174
3342290.0, 9034188.0, 2, 0.0553389512344
2851074.0, 10490116.0, 2, 0.0511466569419
3307772.0, 3237496.0, 2, 0.0454870896316
2815636.0, 11083852.0, 2, 0.0421288385424
3076874.0, 11368280.0, 2, 0.0350797833201
3172990.0, 10508560.0, 2, 0.0253436204181
2834788.0, 10506968.0, 2, 0.008167975342
2792098.0, 14547576.0, 3, inf
5522152.0, 18074660.0, 3, inf
6849532.0, 3216860.0, 3, inf
11568076.0, 12426174.0, 3, inf
3957160.0, 15347598.0, 3, 0.180457663199
4585438.0, 7592154.0, 3, 0.178917736877
7805694.0, 5470524.0, 3, 0.161763570983
10346072.0, 4031388.0, 3, 0.140604488848
2874970.0, 13124218.0, 3, 0.126888620691
5135168.0, 17547870.0, 3, 0.125167458071
8590250.0, 11100176.0, 3, 0.121644888618
7988906.0, 11872048.0, 3, 0.118955880112
10802382.0, 5279464.0, 3, 0.117730555826
3412662.0, 16725454.0, 3, 0.112684620292
9520800.0, 9639508.0, 3, 0.0974908010891
6613370.0, 13289644.0, 3, 0.0965146530496
9999998.0, 3352984.0, 3, 0.0918944196196
5731156.0, 8425892.0, 3, 0.0889877652024
9639920.0, 14190206.0, 3, 0.0879593206979
6905804.0, 10218878.0, 3, 0.0876252298053
7282126.0, 15999690.0, 3, 0.0852146985982
7700798.0, 10681072.0, 3, 0.0817469046254
9152946.0, 13260840.0, 3, 0.0816817565961
4316158.0, 7617116.0, 3, 0.0765428944861
7003314.0, 11772246.0, 3, 0.0754923566899
7932548.0, 16892658.0, 3, 0.0751709783155
7774768.0, 14051980.0, 3, 0.0725646970394
6108990.0, 9583976.0, 3, 0.0716155460561
10702422.0, 5172168.0, 3, 0.0708599140162
Generacion: 181
2359984.0, 17839446.0, 1, inf
7025754.0, 2417478.0, 1, inf
5503470.0, 2500300.0, 1, 0.521229165907
7012830.0, 2436006.0, 1, 0.331636795165
3109740.0, 3943170.0, 1, 0.309533246865
3101228.0, 8022508.0, 1, 0.285324176304
2662876.0, 15607762.0, 1, 0.266489561275
4600616.0, 2501192.0, 1, 0.237341808885
2669980.0, 12094682.0, 1, 0.228174342136
4100770.0, 2593342.0, 1, 0.164214655603
2710608.0, 10796588.0, 1, 0.123990123662
3293530.0, 3231608.0, 1, 0.117245862082
3843816.0, 3207366.0, 1, 0.116298436617
2482346.0, 15789686.0, 1, 0.115487166072
4398266.0, 2507500.0, 1, 0.113105684081
3748920.0, 3223908.0, 1, 0.0986749507687
3004136.0, 9030198.0, 1, 0.0876041591729
2807700.0, 9788770.0, 1, 0.0837383256204
2428796.0, 17027890.0, 1, 0.0727214336153
3101228.0, 8022508.0, 1, 0.0671655573132
2466980.0, 16741298.0, 1, 0.0655324149835
3198266.0, 3569640.0, 1, 0.0600784225331
2671740.0, 11517034.0, 1, 0.0550482307654
2931800.0, 9033356.0, 1, 0.0516152694749
2708848.0, 11374202.0, 1, 0.0454072171901
2930040.0, 9610948.0, 1, 0.0452844816306
3266428.0, 3534550.0, 1, 0.0423365001436
2669980.0, 12094682.0, 1, 0.0389787576598
2893498.0, 9769524.0, 1, 0.0377511874422
2449122.0, 17012570.0, 1, 0.0267672192701
2807700.0, 9788770.0, 1, 0.022057387007
2466980.0, 16741298.0, 1, 0.0208833200317
3748920.0, 3223908.0, 1, 0.0208380528605
2997880.0, 9031936.0, 1, 0.015708323153
2662876.0, 15607762.0, 1, 0.0133189975046
2930040.0, 9610948.0, 1, 0.0106596903097
2708848.0, 11374202.0, 1, 0.00963880892806
3293530.0, 3231608.0, 1, 0.00630797529563
2931800.0, 9033356.0, 1, 0.000469291782131
2807700.0, 9788770.0, 1, 0.0
2930040.0, 9610948.0, 1, 0.0
2930040.0, 9610948.0, 1, 0.0
3101228.0, 8022508.0, 1, 0.0
2466980.0, 16741298.0, 1, 0.0
2460078.0, 18488074.0, 2, inf
7245648.0, 2419760.0, 2, inf
5597110.0, 2825088.0, 2, 0.426573735526
3263624.0, 16046468.0, 2, 0.361589938133
4160850.0, 7627408.0, 2, 0.313331676435
3082230.0, 11517916.0, 2, 0.306721236833
4168162.0, 5231710.0, 2, 0.302942508111
4491470.0, 3869742.0, 2, 0.232908057072
5325920.0, 3224922.0, 2, 0.215262339398
4688830.0, 2828288.0, 2, 0.199251325919
3487694.0, 11360884.0, 2, 0.194652767113
2504438.0, 17700224.0, 2, 0.156012801052
2995674.0, 9601300.0, 2, 0.121558768487
3292406.0, 7981642.0, 2, 0.10400915703
3313016.0, 16907744.0, 2, 0.0968593712446
2774516.0, 11364856.0, 2, 0.0643240440774
3044046.0, 10201556.0, 2, 0.0635600064188
2498570.0, 16747974.0, 2, 0.0628704274826
2904958.0, 10484236.0, 2, 0.0526260805607
2834788.0, 10506968.0, 2, 0.0519414078637
3002376.0, 9607790.0, 2, 0.047464388581
3119642.0, 11366858.0, 2, 0.0474299460172
3307772.0, 3237496.0, 2, 0.0404431706892
3045518.0, 11018934.0, 2, 0.04024733807
3292406.0, 7981642.0, 2, 0.0280598295677
2815636.0, 11083852.0, 2, 0.0259526816726
2810486.0, 11025466.0, 2, 0.0126326230439
3307772.0, 3237496.0, 2, 0.00399343665028
5509258.0, 19198564.0, 3, inf
7421062.0, 2433530.0, 3, inf
14222456.0, 3924544.0, 3, inf
3689618.0, 11749728.0, 3, inf
10264296.0, 2534936.0, 3, 0.415994794699
6757472.0, 14363818.0, 3, 0.219911435918
4243794.0, 7614562.0, 3, 0.201605575388
7703810.0, 15994590.0, 3, 0.19270358452
5891788.0, 17935152.0, 3, 0.157834220089
8223268.0, 10513566.0, 3, 0.150760014386
9528148.0, 4593122.0, 3, 0.12599643598
5063540.0, 6079744.0, 3, 0.119399809741
7367538.0, 12915052.0, 3, 0.113775096145
4606096.0, 9597364.0, 3, 0.105506443176
6482066.0, 16896314.0, 3, 0.0937815284478
7431664.0, 8415130.0, 3, 0.0924354659884
4816504.0, 13141106.0, 3, 0.0912747302531
10087462.0, 11735342.0, 3, 0.0840240994251
5214612.0, 16915778.0, 3, 0.0836003269366
7943746.0, 12241296.0, 3, 0.0826242172582
7870862.0, 13717166.0, 3, 0.0799045607198
8479908.0, 11794446.0, 3, 0.0755877555698
7870308.0, 11417480.0, 3, 0.0754613042998
5096876.0, 9743388.0, 3, 0.0689925289793
6348434.0, 5374174.0, 3, 0.0649045714385
5823316.0, 2826060.0, 3, 0.0630328975153
4345862.0, 12090776.0, 3, 0.0610510659034
7414334.0, 8723686.0, 3, 0.0555777900717
Generacion: 182
2328942.0, 18642252.0, 1, inf
7025754.0, 2417478.0, 1, inf
7025754.0, 2417478.0, 1, inf
6497526.0, 2433774.0, 1, 0.539648095851
4512450.0, 2491132.0, 1, 0.520129053116
3109740.0, 3943170.0, 1, 0.311784227649
3101228.0, 8022508.0, 1, 0.258022028933
2620044.0, 15355660.0, 1, 0.233660128913
2669980.0, 12094682.0, 1, 0.201362298418
4100770.0, 2593342.0, 1, 0.18650358205
3293530.0, 3231608.0, 1, 0.121873704888
2710608.0, 10796588.0, 1, 0.118763354913
2590462.0, 15611076.0, 1, 0.11799152065
3748920.0, 3223908.0, 1, 0.0979768072135
2807700.0, 9788770.0, 1, 0.0885381736179
2931800.0, 9033356.0, 1, 0.0871381080238
3070250.0, 9029038.0, 1, 0.0827800010642
2466980.0, 16741298.0, 1, 0.0734624149842
2807700.0, 9788770.0, 1, 0.06723118664
2369348.0, 17808138.0, 1, 0.0646703451754
3101228.0, 8022508.0, 1, 0.0638489045234
2359984.0, 17839446.0, 1, 0.0600127560297
3843816.0, 3207366.0, 1, 0.0580491843358
3843816.0, 3207366.0, 1, 0.0557277242185
2708848.0, 11374202.0, 1, 0.052679470394
2428796.0, 17027890.0, 1, 0.0524175311065
3266428.0, 3534550.0, 1, 0.0520320704829
2669980.0, 12094682.0, 1, 0.0462347304221
2671740.0, 11517034.0, 1, 0.0435035161431
2466980.0, 16741298.0, 1, 0.0430102153714
3266428.0, 3534550.0, 1, 0.0309552394425
2449122.0, 17012570.0, 1, 0.0257936213136
3748920.0, 3223908.0, 1, 0.0206789257424
2997880.0, 9031936.0, 1, 0.0155957254366
3004136.0, 9030198.0, 1, 0.0141834766094
2428796.0, 17027890.0, 1, 0.0136013309517
2671740.0, 11517034.0, 1, 0.0091780498117
3004136.0, 9030198.0, 1, 0.00140346290333
3843816.0, 3207366.0, 1, 0.0
2428796.0, 17027890.0, 1, 0.0
2669980.0, 12094682.0, 1, 0.0
2671740.0, 11517034.0, 1, 0.0
2807700.0, 9788770.0, 1, 0.0
3748920.0, 3223908.0, 1, 0.0
3748920.0, 3223908.0, 1, 0.0
2469766.0, 17980106.0, 2, inf
9352662.0, 2442512.0, 2, inf
10474914.0, 3439208.0, 2, inf
8129024.0, 3532802.0, 2, 0.271405241957
7211560.0, 3265416.0, 2, 0.190473517559
6594840.0, 4063158.0, 2, 0.180885159898
2622630.0, 17017764.0, 2, 0.176807355276
3525860.0, 13556008.0, 2, 0.1750548357
4090412.0, 5790898.0, 2, 0.160302406555
3692154.0, 12506580.0, 2, 0.154240340674
5635404.0, 4277508.0, 2, 0.150919304026
2662876.0, 15607762.0, 2, 0.136087181269
3989422.0, 7613154.0, 2, 0.120622548314
4852240.0, 4999038.0, 2, 0.114555570397
6712696.0, 3557958.0, 2, 0.111174152012
4149738.0, 3228730.0, 2, 0.100983780884
2834788.0, 10506968.0, 2, 0.0986964635594
3176174.0, 8000694.0, 2, 0.09368056037
2980060.0, 15031838.0, 2, 0.088000994342
5204378.0, 2697288.0, 2, 0.0852206048679
2752820.0, 11747728.0, 2, 0.0773354546494
3236744.0, 11405470.0, 2, 0.0755353367091
2688856.0, 14544364.0, 2, 0.0753835393789
3150098.0, 8953482.0, 2, 0.0739159631412
5503470.0, 2500300.0, 2, 0.0702409923838
4606096.0, 9597364.0, 2, 0.068902389886
3844532.0, 5348002.0, 2, 0.0627491154202
4655458.0, 7620696.0, 2, 0.0556902991525
3213358.0, 4289786.0, 2, 0.0524940444414
5196562.0, 3496746.0, 2, 0.0500126556667
4033526.0, 9512300.0, 2, 0.0494575006656
3828930.0, 10181414.0, 2, 0.0462998400504
3340704.0, 9603552.0, 2, 0.0453079010849
3065498.0, 9744116.0, 2, 0.0448335611267
2820628.0, 14552710.0, 2, 0.0416132517023
3112164.0, 9024930.0, 2, 0.0413016089116
3933786.0, 5019448.0, 2, 0.0372168366968
3962668.0, 10083338.0, 2, 0.0350945396067
3224656.0, 11560736.0, 2, 0.0217380543289
3107382.0, 11455362.0, 2, 0.015822422976
2995674.0, 9601300.0, 2, 0.0110711418597
3989422.0, 7613154.0, 2, 0.00599485800443
4635238.0, 19818910.0, 3, inf
12732092.0, 3850190.0, 3, inf
5664274.0, 2791092.0, 3, inf
3689618.0, 11749728.0, 3, inf
9481094.0, 14463078.0, 3, 0.317265985651
11676242.0, 17638732.0, 3, 0.251112970599
10153994.0, 6796124.0, 3, 0.238387360803
7516784.0, 8904606.0, 3, 0.193052974351
10510660.0, 3568264.0, 3, 0.17344535011
5328492.0, 18347366.0, 3, 0.156712382236
11462794.0, 13251962.0, 3, 0.152979619162
4414452.0, 11351886.0, 3, 0.131336457833
11790610.0, 4364358.0, 3, 0.131042484118
Generacion: 183
6949694.0, 2411920.0, 1, inf
2328942.0, 18642252.0, 1, inf
5941638.0, 2427848.0, 1, 0.479880521656
4772480.0, 2553104.0, 1, 0.382857686053
3149268.0, 3567154.0, 1, 0.312268466002
3101228.0, 8022508.0, 1, 0.295520042466
2620044.0, 15355660.0, 1, 0.233864590866
2669980.0, 12094682.0, 1, 0.201299639303
4214954.0, 2576800.0, 1, 0.172411763773
3402756.0, 3220954.0, 1, 0.120583762615
4073668.0, 2896836.0, 1, 0.11917091123
3843816.0, 3207366.0, 1, 0.114584691191
2589002.0, 16158518.0, 1, 0.0963597625503
2671740.0, 11517034.0, 1, 0.0887720182018
2466980.0, 16741298.0, 1, 0.0882356266984
2769594.0, 10509192.0, 1, 0.0831068891183
3004136.0, 9030198.0, 1, 0.0777414331461
2893498.0, 9769524.0, 1, 0.0734004489057
3101228.0, 8022508.0, 1, 0.0724834145379
2931800.0, 9033356.0, 1, 0.0694958398105
2807700.0, 9788770.0, 1, 0.0629553586496
2710608.0, 10796588.0, 1, 0.0571543186382
2369348.0, 17808138.0, 1, 0.0565019448984
2428796.0, 17027890.0, 1, 0.0563370366757
2590462.0, 15611076.0, 1, 0.0561844715163
3843816.0, 3207366.0, 1, 0.0505806162955
3293530.0, 3231608.0, 1, 0.048825023881
2669980.0, 12094682.0, 1, 0.0463975449221
3266428.0, 3534550.0, 1, 0.0440203560779
2330402.0, 18094754.0, 1, 0.0421615111969
2369348.0, 17808138.0, 1, 0.0305247197527
2428796.0, 17027890.0, 1, 0.0305232410399
2710608.0, 10796588.0, 1, 0.0261189574157
3004136.0, 9030198.0, 1, 0.0212067382157
2330402.0, 18094754.0, 1, 0.0179752472859
2807700.0, 9788770.0, 1, 0.00943251408199
3266428.0, 3534550.0, 1, 0.00787411043732
3843816.0, 3207366.0, 1, 0.0
2369348.0, 17808138.0, 1, 0.0
2710608.0, 10796588.0, 1, 0.0
3101228.0, 8022508.0, 1, 0.0
2449648.0, 18085422.0, 2, inf
2868972.0, 19221816.0, 2, inf
8102096.0, 2412934.0, 2, inf
6350310.0, 2589548.0, 2, 0.478203263173
5616066.0, 3230782.0, 2, 0.275341465225
3293724.0, 4012454.0, 2, 0.258534596466
3616354.0, 7868724.0, 2, 0.250409681359
4834160.0, 3343900.0, 2, 0.168527187962
3505924.0, 17559344.0, 2, 0.166877113773
2809000.0, 15507082.0, 2, 0.148801481333
3400706.0, 14555116.0, 2, 0.143999734782
3087616.0, 9740630.0, 2, 0.133795901659
3770492.0, 9933892.0, 2, 0.117073551328
4155532.0, 11163182.0, 2, 0.115194954723
3512348.0, 8018080.0, 2, 0.114506100535
2692510.0, 15352242.0, 2, 0.106711056928
2981470.0, 18096022.0, 2, 0.0925761153604
4763208.0, 2578640.0, 2, 0.0900422800534
3932300.0, 3937982.0, 2, 0.0852453284449
4384592.0, 11362104.0, 2, 0.0847339048757
4089826.0, 3527362.0, 2, 0.0748363153254
2469766.0, 17980106.0, 2, 0.0742634287096
2939506.0, 13398340.0, 2, 0.0715407027671
3523684.0, 13562794.0, 2, 0.0715086625886
2770078.0, 12685026.0, 2, 0.0629919603097
3748920.0, 3223908.0, 2, 0.051256774693
4260684.0, 11568858.0, 2, 0.0483116683593
3192674.0, 11748512.0, 2, 0.0444485619811
3080644.0, 12087338.0, 2, 0.0409256288906
3579560.0, 12120776.0, 2, 0.0377116593051
3694234.0, 12499638.0, 2, 0.0329951174895
2752820.0, 11747728.0, 2, 0.0244109435868
3236744.0, 11405470.0, 2, 0.0240362162957
4365730.0, 3224346.0, 2, 0.0223300720681
3666626.0, 4010626.0, 2, 0.017840633715
3224656.0, 11560736.0, 2, 0.0175169590646
3598200.0, 13553006.0, 2, 0.0162931480297
3692154.0, 12506580.0, 2, 0.0159134244423
7741700.0, 2698446.0, 3, inf
12134366.0, 3964822.0, 3, inf
9327548.0, 19821888.0, 3, inf
4115798.0, 18638686.0, 3, inf
8302420.0, 11737788.0, 3, 0.463028384633
10981118.0, 14076566.0, 3, 0.356970580778
4810004.0, 14943734.0, 3, 0.297456169989
6676400.0, 9324166.0, 3, 0.214657085036
10773254.0, 16805976.0, 3, 0.170106616937
7060520.0, 5810810.0, 3, 0.160302379943
9927684.0, 18115142.0, 3, 0.159462860991
5860468.0, 7642640.0, 3, 0.150458001716
10506526.0, 3414090.0, 3, 0.119210062672
6427472.0, 8192892.0, 3, 0.109275777004
7452624.0, 17130340.0, 3, 0.106497994385
4131630.0, 5042154.0, 3, 0.106163511717
5238674.0, 5028388.0, 3, 0.0878680950548
5847168.0, 17783852.0, 3, 0.0877427526903
6019208.0, 5363814.0, 3, 0.0797075539924
5618060.0, 4603400.0, 3, 0.0761574883615
7840178.0, 4659830.0, 3, 0.0689509017079
Generacion: 184
2328942.0, 18642252.0, 1, inf
6853002.0, 2430418.0, 1, inf
5213236.0, 2574810.0, 1, 0.520513502274
3109740.0, 3943170.0, 1, 0.285439877213
4539858.0, 2579814.0, 1, 0.271754196364
3101228.0, 8022508.0, 1, 0.267447920639
2669980.0, 12094682.0, 1, 0.248206160589
2620044.0, 15355660.0, 1, 0.234479601751
4073668.0, 2896836.0, 1, 0.192562897896
3843816.0, 3207366.0, 1, 0.168291331517
3402756.0, 3220954.0, 1, 0.123130761085
3004136.0, 9030198.0, 1, 0.103620225753
2589002.0, 16158518.0, 1, 0.0907093599529
2671740.0, 11517034.0, 1, 0.0890511971411
2769594.0, 10509192.0, 1, 0.0836268299143
3029654.0, 8025666.0, 1, 0.0836189344473
3293530.0, 3231608.0, 1, 0.077385857963
2428796.0, 17027890.0, 1, 0.0707075684888
2359984.0, 17839446.0, 1, 0.0647299835704
2807700.0, 9788770.0, 1, 0.0634028557509
2491168.0, 16725824.0, 1, 0.0629196052426
3002376.0, 9607790.0, 1, 0.0576986367982
2710608.0, 10796588.0, 1, 0.0574778011359
2359984.0, 17839446.0, 1, 0.0569210171177
2590462.0, 15611076.0, 1, 0.0563844954633
3149268.0, 3567154.0, 1, 0.0550816503449
2893498.0, 9769524.0, 1, 0.0325129052041
3149268.0, 3567154.0, 1, 0.0294348812342
2710608.0, 10796588.0, 1, 0.0263189419578
2449122.0, 17012570.0, 1, 0.0261181569271
2466980.0, 16741298.0, 1, 0.0220794868838
2947700.0, 9763362.0, 1, 0.0215770312889
2947700.0, 9763362.0, 1, 0.0124656972384
2807700.0, 9788770.0, 1, 0.00961012269281
2466980.0, 16741298.0, 1, 0.00490182727443
3101228.0, 8022508.0, 1, 0.0020762917989
2710608.0, 10796588.0, 1, 0.0
2807700.0, 9788770.0, 1, 0.0
3101228.0, 8022508.0, 1, 0.0
2411032.0, 20040198.0, 2, inf
3748920.0, 3223908.0, 2, inf
8832638.0, 3352904.0, 2, inf
8173196.0, 3406578.0, 2, 0.625180706385
4859586.0, 3461874.0, 2, 0.56936653246
3293724.0, 4012454.0, 2, 0.374143436226
3187462.0, 9260788.0, 2, 0.35825619394
2449648.0, 18085422.0, 2, 0.235743262858
2839832.0, 16735376.0, 2, 0.167428444927
2662876.0, 15607762.0, 2, 0.167147279264
2939506.0, 13398340.0, 2, 0.158679442564
3692154.0, 12506580.0, 2, 0.115811479881
4005248.0, 11153908.0, 2, 0.11114097215
3180552.0, 9782848.0, 2, 0.0919526954145
2810486.0, 11025466.0, 2, 0.0835619434967
3080644.0, 12087338.0, 2, 0.0806048191214
4538996.0, 3621228.0, 2, 0.0756497702421
2688856.0, 14544364.0, 2, 0.072195350393
4365730.0, 3224346.0, 2, 0.0715175405207
2720394.0, 14550994.0, 2, 0.070861067355
3751232.0, 11361784.0, 2, 0.0536569805692
3087616.0, 9740630.0, 2, 0.0463560206422
4484618.0, 3754532.0, 2, 0.0389866272192
3082230.0, 11517916.0, 2, 0.0350841719173
3293724.0, 4012454.0, 2, 0.0318852019032
3694234.0, 12499638.0, 2, 0.0248417995786
4438036.0, 3464314.0, 2, 0.0202790737113
4415246.0, 11101994.0, 2, 0.0188977511767
2788046.0, 11435048.0, 2, 0.018536872997
2737820.0, 11515610.0, 2, 0.0154629001002
3694234.0, 12499638.0, 2, 0.00892875222836
2806970.0, 11384972.0, 2, 0.00785118085611
2688856.0, 14544364.0, 2, 0.00530549305128
12747654.0, 20605530.0, 3, inf
3089106.0, 18535542.0, 3, inf
9322106.0, 3547714.0, 3, inf
11518134.0, 15873328.0, 3, 0.206957158561
10437222.0, 13260420.0, 3, 0.197351170044
8977282.0, 13090710.0, 3, 0.190069923258
3750794.0, 15506520.0, 3, 0.177735050935
10760664.0, 4714084.0, 3, 0.15789265126
12214844.0, 16719022.0, 3, 0.14043696745
4222812.0, 6788264.0, 3, 0.134439663863
3305690.0, 19487234.0, 3, 0.13067778447
7955600.0, 4328828.0, 3, 0.129106750275
12146846.0, 17570898.0, 3, 0.12560300959
10059082.0, 11174202.0, 3, 0.125136963788
3787936.0, 7863488.0, 3, 0.121723279628
4842466.0, 12115988.0, 3, 0.120513880564
4090412.0, 5790898.0, 3, 0.109317753925
7522416.0, 10066286.0, 3, 0.103137263622
6819584.0, 9752532.0, 3, 0.0942055598685
5240610.0, 18661004.0, 3, 0.0927262595956
5045784.0, 6326422.0, 3, 0.0879482871225
5402514.0, 8785180.0, 3, 0.0858257953114
9776398.0, 3635960.0, 3, 0.0837441441593
6655084.0, 9406890.0, 3, 0.0784603599901
7631398.0, 17207798.0, 3, 0.0758433387316
5521906.0, 8830696.0, 3, 0.0735298141526
4649114.0, 10483668.0, 3, 0.0700494001632
4616430.0, 4420076.0, 3, 0.064347718067
Generacion: 185
2330402.0, 18094754.0, 1, inf
6853002.0, 2430418.0, 1, inf
2330402.0, 18094754.0, 1, inf
4544500.0, 2497306.0, 1, 0.570701634245
3149268.0, 3567154.0, 1, 0.319811286254
3111134.0, 8006310.0, 1, 0.295048819334
2669980.0, 12094682.0, 1, 0.256485729735
2620044.0, 15355660.0, 1, 0.242066440566
3843816.0, 3207366.0, 1, 0.184750474355
4051608.0, 2574304.0, 1, 0.144264552219
3402756.0, 3220954.0, 1, 0.123222292325
3004136.0, 9030198.0, 1, 0.123060607066
2482346.0, 15789686.0, 1, 0.120722308703
4312468.0, 2570766.0, 1, 0.113899709837
3101228.0, 8022508.0, 1, 0.0890227921843
2449122.0, 17012570.0, 1, 0.0825623568266
2428796.0, 17027890.0, 1, 0.0684274605036
2807700.0, 9788770.0, 1, 0.0649621708234
2710608.0, 10796588.0, 1, 0.0590352547285
2769594.0, 10509192.0, 1, 0.0590337225857
3266428.0, 3534550.0, 1, 0.0533190397662
2369348.0, 17808138.0, 1, 0.0518809643585
3293530.0, 3231608.0, 1, 0.0501634668513
3002376.0, 9607790.0, 1, 0.0489625659605
2671740.0, 11517034.0, 1, 0.0463819137299
2671740.0, 11517034.0, 1, 0.0454708064183
2590462.0, 15611076.0, 1, 0.0402112926004
2947700.0, 9763362.0, 1, 0.0343991879177
2893498.0, 9769524.0, 1, 0.0325776735196
2710608.0, 10796588.0, 1, 0.0269413264583
2359984.0, 17839446.0, 1, 0.026908778533
2769594.0, 10509192.0, 1, 0.0267728393049
2590462.0, 15611076.0, 1, 0.017943262362
2369348.0, 17808138.0, 1, 0.0151433316211
3002376.0, 9607790.0, 1, 0.0103207618241
2807700.0, 9788770.0, 1, 0.00965433520739
2449122.0, 17012570.0, 1, 0.00832423461414
2369348.0, 17808138.0, 1, 0.0
2590462.0, 15611076.0, 1, 0.0
2671740.0, 11517034.0, 1, 0.0
2671740.0, 11517034.0, 1, 0.0
2710608.0, 10796588.0, 1, 0.0
5213236.0, 2574810.0, 2, inf
5213236.0, 2574810.0, 2, inf
2981470.0, 18096022.0, 2, inf
2582194.0, 17979316.0, 2, inf
4539858.0, 2579814.0, 2, 0.450748536664
3250500.0, 7997292.0, 2, 0.376477570899
3291696.0, 4267252.0, 2, 0.309857825467
4137328.0, 11618544.0, 2, 0.232132465991
3534908.0, 9639112.0, 2, 0.172656732378
2662876.0, 15607762.0, 2, 0.166107603452
3211766.0, 12797940.0, 2, 0.149023634736
3080644.0, 12087338.0, 2, 0.144914313926
2856680.0, 16719850.0, 2, 0.136867860126
3385962.0, 10463856.0, 2, 0.1234547242
3751508.0, 11370000.0, 2, 0.123009146925
3598200.0, 13553006.0, 2, 0.12030602575
3972028.0, 3559966.0, 2, 0.108395812121
3972028.0, 3559966.0, 2, 0.105466232373
3748920.0, 3223908.0, 2, 0.0987829498842
3313566.0, 14197132.0, 2, 0.0984704057519
2773084.0, 17558590.0, 2, 0.0960491671221
2810486.0, 11025466.0, 2, 0.082694098726
2939506.0, 13398340.0, 2, 0.0812395078643
3540706.0, 14555964.0, 2, 0.0766697864345
3013976.0, 16970994.0, 2, 0.0723405601635
3029624.0, 9900728.0, 2, 0.0704126809649
2618626.0, 17896408.0, 2, 0.0577719341689
3556370.0, 11623198.0, 2, 0.0520556190169
2688856.0, 14544364.0, 2, 0.0438641076489
2957224.0, 10511140.0, 2, 0.0429472457769
2784696.0, 14525286.0, 2, 0.036587109391
3748920.0, 3223908.0, 2, 0.0226351715232
2962940.0, 13465740.0, 2, 0.0191505288565
2957302.0, 9764258.0, 2, 0.0190279080287
5101358.0, 19404400.0, 3, inf
12214844.0, 16719022.0, 3, inf
10265512.0, 2669438.0, 3, inf
3885136.0, 15350132.0, 3, inf
12163616.0, 17895922.0, 3, 0.274801305165
9124050.0, 14549754.0, 3, 0.232924830384
5917980.0, 8194238.0, 3, 0.225592739456
4477010.0, 11054646.0, 3, 0.212412829523
5512292.0, 6635048.0, 3, 0.208686544546
9940332.0, 12502894.0, 3, 0.183147245143
4131630.0, 5042154.0, 3, 0.167782986281
9376354.0, 15002108.0, 3, 0.145823171962
8210664.0, 12167490.0, 3, 0.141650293754
4276178.0, 13446072.0, 3, 0.137704943442
7828404.0, 3739094.0, 3, 0.131695301891
6913986.0, 3264622.0, 3, 0.124870843428
6558320.0, 7700848.0, 3, 0.123080153849
4967116.0, 11375336.0, 3, 0.110408135506
6409516.0, 17931386.0, 3, 0.109651402868
4387844.0, 17248940.0, 3, 0.0944361534201
6913596.0, 15430054.0, 3, 0.093511469558
4671790.0, 4334022.0, 3, 0.0933306605112
7953504.0, 12039290.0, 3, 0.088932889931
5966996.0, 3781078.0, 3, 0.0728702437398
Generacion: 186
2328942.0, 18642252.0, 1, inf
6853002.0, 2430418.0, 1, inf
3149268.0, 3567154.0, 1, 0.435970976372
6444102.0, 2445112.0, 1, 0.396082575789
5094278.0, 2549308.0, 1, 0.35025102679
3111134.0, 8006310.0, 1, 0.285439877213
2642746.0, 14985810.0, 1, 0.234479601751
2669980.0, 12094682.0, 1, 0.220374519856
4890978.0, 2557750.0, 1, 0.209998356727
3748920.0, 3223908.0, 1, 0.175716086831
4146592.0, 2557762.0, 1, 0.174020829641
3843816.0, 3207366.0, 1, 0.119510967005
4115266.0, 2599206.0, 1, 0.106995467654
2482346.0, 15789686.0, 1, 0.0993295674956
2807700.0, 9788770.0, 1, 0.0981639015018
2449122.0, 17012570.0, 1, 0.079924431401
3029654.0, 8025666.0, 1, 0.0777836297264
2872928.0, 9786840.0, 1, 0.0740275681657
2710608.0, 10796588.0, 1, 0.0707569740768
3004136.0, 9030198.0, 1, 0.0690934277256
2710608.0, 10796588.0, 1, 0.0659007663486
2590462.0, 15611076.0, 1, 0.062466495742
2931800.0, 9033356.0, 1, 0.0610837557303
2359984.0, 17839446.0, 1, 0.0565982981441
2428796.0, 17027890.0, 1, 0.0545523482672
2671740.0, 11517034.0, 1, 0.0448285436106
2671740.0, 11517034.0, 1, 0.0442226535305
2330402.0, 18094754.0, 1, 0.0403103198685
2359984.0, 17839446.0, 1, 0.0309584806054
2590462.0, 15611076.0, 1, 0.0225741365046
3101228.0, 8022508.0, 1, 0.0192043138623
2482346.0, 15789686.0, 1, 0.0183611066155
2997880.0, 9031936.0, 1, 0.0161839738367
2428796.0, 17027890.0, 1, 0.0161552202216
2330402.0, 18094754.0, 1, 0.0160709680613
2931800.0, 9033356.0, 1, 0.0131006803489
2449122.0, 17012570.0, 1, 0.00828883471835
3029654.0, 8025666.0, 1, 0.00583530472092
2428796.0, 17027890.0, 1, 0.0
2590462.0, 15611076.0, 1, 0.0
2671740.0, 11517034.0, 1, 0.0
2710608.0, 10796588.0, 1, 0.0
2330402.0, 18094754.0, 1, 0.0
2330402.0, 18094754.0, 1, 0.0
6535572.0, 2490912.0, 2, inf
2430540.0, 18379838.0, 2, inf
2981954.0, 18643520.0, 2, inf
3972740.0, 5012634.0, 2, 0.37491668333
5340456.0, 2583540.0, 2, 0.363006593383
4386764.0, 4698822.0, 2, 0.307441666233
3295582.0, 7853624.0, 2, 0.292840722009
5073848.0, 2602778.0, 2, 0.290754226127
3307478.0, 3903500.0, 2, 0.237482543208
2600888.0, 15947356.0, 2, 0.18725446059
3180768.0, 12281676.0, 2, 0.185488443221
4093666.0, 9404978.0, 2, 0.180171951647
2992886.0, 17834434.0, 2, 0.155568631568
2709182.0, 14528704.0, 2, 0.153801645735
2851074.0, 10490116.0, 2, 0.14347847807
3221630.0, 11023738.0, 2, 0.105827226765
4089826.0, 3527362.0, 2, 0.0924407287529
3080644.0, 12087338.0, 2, 0.076513366005
2745176.0, 14969384.0, 2, 0.0764648138558
3002376.0, 9607790.0, 2, 0.0736907234139
2460078.0, 18488074.0, 2, 0.0578217849184
2662876.0, 15607762.0, 2, 0.0546221586364
2752820.0, 11747728.0, 2, 0.0466839689114
2752820.0, 11747728.0, 2, 0.0449601021055
4044760.0, 9595470.0, 2, 0.0410785457154
2688856.0, 14544364.0, 2, 0.0385625834325
2662876.0, 15607762.0, 2, 0.0273529150609
3002376.0, 9607790.0, 2, 0.00307452196634
2662876.0, 15607762.0, 2, 0.0
2804122.0, 16756132.0, 3, inf
5248536.0, 2623212.0, 3, inf
9330356.0, 3454400.0, 3, inf
6409516.0, 17931386.0, 3, inf
6369808.0, 9938898.0, 3, 0.272538562939
5262204.0, 7102764.0, 3, 0.217129616879
8449764.0, 4506496.0, 3, 0.188615787051
7752920.0, 5035938.0, 3, 0.182800584369
8079544.0, 12756872.0, 3, 0.170740661472
4275014.0, 11398838.0, 3, 0.169246646511
5618046.0, 7000780.0, 3, 0.161641398947
5015520.0, 5352798.0, 3, 0.150321039291
6996658.0, 16085908.0, 3, 0.146775266731
9230878.0, 4075932.0, 3, 0.142507324204
3953400.0, 16396212.0, 3, 0.137462773711
3594060.0, 13837008.0, 3, 0.137021069192
4753434.0, 14940176.0, 3, 0.126897204795
6945554.0, 3755730.0, 3, 0.11989488915
5721844.0, 10930694.0, 3, 0.118033263937
3663632.0, 17548702.0, 3, 0.117798053034
3241530.0, 15611744.0, 3, 0.106810493334
3013976.0, 16970994.0, 3, 0.100039808551
3579560.0, 12120776.0, 3, 0.0887395651492
4959040.0, 11644962.0, 3, 0.0873191368762
5765952.0, 14657212.0, 3, 0.0847585942997
3265800.0, 16039686.0, 3, 0.0799761992888
5940928.0, 14995300.0, 3, 0.0786271540807
Generacion: 187
2330402.0, 18094754.0, 1, inf
2330402.0, 18094754.0, 1, inf
6853002.0, 2430418.0, 1, inf
4146592.0, 2557762.0, 1, 0.628606708706
3225810.0, 3901172.0, 1, 0.449551501366
3101228.0, 8022508.0, 1, 0.30667714166
2619644.0, 15364672.0, 1, 0.242066440566
2669980.0, 12094682.0, 1, 0.217347992914
3748920.0, 3223908.0, 1, 0.180940466611
2776722.0, 10795458.0, 1, 0.123070182959
4051608.0, 2574304.0, 1, 0.10841758565
3843816.0, 3207366.0, 1, 0.108398127816
2708848.0, 11374202.0, 1, 0.106543440771
2482346.0, 15789686.0, 1, 0.101973757348
2449122.0, 17012570.0, 1, 0.0908865914407
2369348.0, 17808138.0, 1, 0.0898639037724
3029654.0, 8025666.0, 1, 0.0857983904621
2807700.0, 9788770.0, 1, 0.0856617283076
3004136.0, 9030198.0, 1, 0.0655118790902
2669980.0, 12094682.0, 1, 0.0571248086277
2428796.0, 17027890.0, 1, 0.0543047913607
2931800.0, 9033356.0, 1, 0.0514841243561
2930040.0, 9610948.0, 1, 0.0449529254882
2590462.0, 15611076.0, 1, 0.0396359729699
2893498.0, 9769524.0, 1, 0.0238569536613
2872928.0, 9786840.0, 1, 0.0201995967826
2482346.0, 15789686.0, 1, 0.0187485513551
2590462.0, 15611076.0, 1, 0.017854817662
2997880.0, 9031936.0, 1, 0.0161959439992
2428796.0, 17027890.0, 1, 0.014122669143
2930040.0, 9610948.0, 1, 0.0105125350343
3004136.0, 9030198.0, 1, 0.00575328230959
2931800.0, 9033356.0, 1, 0.000479808463558
2590462.0, 15611076.0, 1, 0.0
2931800.0, 9033356.0, 1, 0.0
2931800.0, 9033356.0, 1, 0.0
2931800.0, 9033356.0, 1, 0.0
3077378.0, 19390460.0, 2, inf
4634754.0, 2563272.0, 2, inf
2688856.0, 14544364.0, 2, inf
3307478.0, 3903500.0, 2, 0.398508431649
3045846.0, 9321344.0, 2, 0.358346778403
3579560.0, 12120776.0, 2, 0.264995038824
2992886.0, 17834434.0, 2, 0.176578120542
3862146.0, 10875348.0, 2, 0.171502819434
2845458.0, 10712794.0, 2, 0.169630663098
4300896.0, 10096916.0, 2, 0.164075464013
3625612.0, 18644404.0, 2, 0.160483275707
2740988.0, 15848836.0, 2, 0.132597665277
3433362.0, 9689622.0, 2, 0.130571425269
4539858.0, 2579814.0, 2, 0.129906591055
4044760.0, 9595470.0, 2, 0.12905774277
3747412.0, 11027382.0, 2, 0.12897599249
4306004.0, 9379180.0, 2, 0.127773113287
3346328.0, 16222480.0, 2, 0.127425102586
4093666.0, 9404978.0, 2, 0.121322803686
2752820.0, 11747728.0, 2, 0.118665115435
3712054.0, 17030042.0, 2, 0.117859483924
3211120.0, 9788062.0, 2, 0.108232562075
4556154.0, 2586058.0, 2, 0.105077739017
4089826.0, 3527362.0, 2, 0.103425332609
3240888.0, 16904458.0, 2, 0.0975100260588
3013280.0, 19389172.0, 2, 0.0666756446699
3002376.0, 9607790.0, 2, 0.0160757389939
4939842.0, 20114308.0, 3, inf
11493014.0, 2936294.0, 3, inf
3733910.0, 4386846.0, 3, inf
7811456.0, 3314074.0, 3, 0.621913168449
4083268.0, 17007080.0, 3, 0.360881767172
4743476.0, 8501820.0, 3, 0.26805829677
5015520.0, 5352798.0, 3, 0.215396209088
5765952.0, 14657212.0, 3, 0.201651291558
6354118.0, 12819926.0, 3, 0.173040408428
6706980.0, 3415918.0, 3, 0.161075797702
3972114.0, 14544776.0, 3, 0.151981229848
5760410.0, 9383496.0, 3, 0.146214533145
4440396.0, 11557922.0, 3, 0.104643047591
6447046.0, 10431638.0, 3, 0.0968918405571
4307328.0, 10943674.0, 3, 0.0937245353224
4345862.0, 12090776.0, 3, 0.0837040142548
6212850.0, 3416600.0, 3, 0.0785697833783
4680568.0, 5011452.0, 3, 0.0633747319511
5477820.0, 3985450.0, 3, 0.0626659910821
5168780.0, 10529282.0, 3, 0.0549479105971
5299792.0, 3584248.0, 3, 0.0508968503508
4386764.0, 4698822.0, 3, 0.0441019812299
5503134.0, 3577496.0, 3, 0.0434531528937
6588374.0, 3463440.0, 3, 0.0428669088343
5104726.0, 3270090.0, 3, 0.041744345649
5379426.0, 4935140.0, 3, 0.041143828141
5010002.0, 3357440.0, 3, 0.0156821869973
12828400.0, 16347248.0, 4, inf
9095668.0, 3595212.0, 4, inf
13472282.0, 8783708.0, 4, inf
5377966.0, 5705748.0, 4, inf
12682286.0, 13686940.0, 4, 0.390496149806
9935106.0, 14755506.0, 4, 0.388784722263
8103844.0, 11036874.0, 4, 0.246859723136
6802386.0, 8184506.0, 4, 0.23346157523
11263022.0, 4899456.0, 4, 0.229902629008
Generacion: 188
4973114.0, 2565748.0, 1, inf
2359984.0, 17839446.0, 1, inf
3843816.0, 3207366.0, 1, 0.480670706595
4556154.0, 2586058.0, 1, 0.474170994029
3029654.0, 8025666.0, 1, 0.373470883519
3109740.0, 3943170.0, 1, 0.33768205221
3407714.0, 3215066.0, 1, 0.289347648989
2571668.0, 14970754.0, 1, 0.270560177706
2669980.0, 12094682.0, 1, 0.264417893155
3149268.0, 3567154.0, 1, 0.161699981741
2807700.0, 9788770.0, 1, 0.120209787663
2482346.0, 15789686.0, 1, 0.111347816053
2769594.0, 10509192.0, 1, 0.10313933137
2930040.0, 9610948.0, 1, 0.0969494273783
3004136.0, 9030198.0, 1, 0.0934504939871
2466980.0, 16741298.0, 1, 0.0927789513932
2521342.0, 15358350.0, 1, 0.0877991360425
2369348.0, 17808138.0, 1, 0.0794673893834
2931800.0, 9033356.0, 1, 0.065497865881
2671740.0, 11517034.0, 1, 0.0620454040107
2710608.0, 10796588.0, 1, 0.0603904904011
2428796.0, 17027890.0, 1, 0.0588628310957
2708848.0, 11374202.0, 1, 0.0520181553087
2449122.0, 17012570.0, 1, 0.0255391396099
2428796.0, 17027890.0, 1, 0.0237527607378
2710608.0, 10796588.0, 1, 0.0194899210686
2708848.0, 11374202.0, 1, 0.010025022653
3004136.0, 9030198.0, 1, 0.00997206128442
2449122.0, 17012570.0, 1, 0.0078369815764
2931800.0, 9033356.0, 1, 0.000880282459788
2931800.0, 9033356.0, 1, 0.0
2931800.0, 9033356.0, 1, 0.0
2931800.0, 9033356.0, 1, 0.0
2449122.0, 17012570.0, 1, 0.0
2710608.0, 10796588.0, 1, 0.0
7355982.0, 3249078.0, 2, inf
2367888.0, 18355602.0, 2, inf
2367888.0, 18355602.0, 2, inf
6720624.0, 3291378.0, 2, 0.508236189893
4938130.0, 3260462.0, 2, 0.415986794828
4296284.0, 4699156.0, 2, 0.334973058495
3166456.0, 8020548.0, 2, 0.256180882385
2622630.0, 17017764.0, 2, 0.201403965142
4659610.0, 3615640.0, 2, 0.201191821165
2590462.0, 15611076.0, 2, 0.186665728004
2841166.0, 13301584.0, 2, 0.137158542749
3460070.0, 10457176.0, 2, 0.132060595779
3680512.0, 9055618.0, 2, 0.129519994435
3733910.0, 4386846.0, 2, 0.125655456588
2688856.0, 14544364.0, 2, 0.124533649096
4089642.0, 8190370.0, 2, 0.116440190813
3040370.0, 12070654.0, 2, 0.113306004114
3949522.0, 11394102.0, 2, 0.103700372204
3361026.0, 9685656.0, 2, 0.0986145703039
3022766.0, 13459246.0, 2, 0.0898847046757
2745176.0, 14969384.0, 2, 0.0834360053184
4188562.0, 9388436.0, 2, 0.0606341118505
3243510.0, 11027990.0, 2, 0.0561030064063
3002376.0, 9607790.0, 2, 0.0560816347049
3248634.0, 10713064.0, 2, 0.0459524058523
3118436.0, 9317638.0, 2, 0.040391928487
2776722.0, 10795458.0, 2, 0.0385583937977
2752820.0, 11747728.0, 2, 0.0261684022529
3074872.0, 11517202.0, 2, 0.0239936258152
2752820.0, 11747728.0, 2, 0.0167924784431
3074872.0, 11517202.0, 2, 0.0150656676206
2679958.0, 16178874.0, 3, inf
10784360.0, 3749820.0, 3, inf
7923308.0, 3716192.0, 3, inf
4427610.0, 20106778.0, 3, inf
5596256.0, 5460752.0, 3, 0.284926394827
9860210.0, 12844834.0, 3, 0.238060497684
3615614.0, 13698974.0, 3, 0.23221324269
6081536.0, 8469520.0, 3, 0.202263089232
7241896.0, 4292806.0, 3, 0.191991034498
5236572.0, 18625904.0, 3, 0.177265916699
3744028.0, 11633512.0, 3, 0.156726934996
6447046.0, 10431638.0, 3, 0.132625545354
4181194.0, 15409916.0, 3, 0.132187451046
8830654.0, 12839866.0, 3, 0.125009524327
4982332.0, 9317306.0, 3, 0.10892080912
5951242.0, 14813802.0, 3, 0.106631138518
5433564.0, 17643132.0, 3, 0.104271515183
9279812.0, 14643614.0, 3, 0.0914251501317
5457414.0, 10051048.0, 3, 0.0880606213129
5064156.0, 17834816.0, 3, 0.0829616074613
5377408.0, 14498938.0, 3, 0.0732547327401
6709776.0, 4632552.0, 3, 0.0727202025702
4397542.0, 12279488.0, 3, 0.0671595881673
6327332.0, 12614646.0, 3, 0.0622948538431
5050154.0, 8825694.0, 3, 0.0594212626063
3972114.0, 14544776.0, 3, 0.0593553914164
4691962.0, 4718078.0, 3, 0.0527571005127
8921138.0, 4630212.0, 3, 0.0510144779882
9215994.0, 14618172.0, 3, 0.0502868579235
5431144.0, 4798142.0, 3, 0.0470303221662
4368448.0, 12813896.0, 3, 0.0404359363762
4773298.0, 4575718.0, 3, 0.0400091252703
6162972.0, 4537786.0, 3, 0.0373875072083
6695988.0, 14529440.0, 3, 0.0352147899063
Generacion: 189
2328942.0, 18642252.0, 1, inf
9603578.0, 2437118.0, 1, inf
5503470.0, 2500300.0, 1, 0.478744583718
7976588.0, 2441202.0, 1, 0.407636801694
3149268.0, 3567154.0, 1, 0.374580310696
3101228.0, 8022508.0, 1, 0.282473390863
2621114.0, 14561472.0, 1, 0.227923446323
8442312.0, 2441118.0, 1, 0.223904446318
4548850.0, 2563620.0, 1, 0.1969313416
2669980.0, 12094682.0, 1, 0.152464682703
4115266.0, 2599206.0, 1, 0.136641557275
3822488.0, 3559078.0, 1, 0.117677392165
3843816.0, 3207366.0, 1, 0.0994789987427
2590462.0, 15611076.0, 1, 0.0948672532166
2482346.0, 15789686.0, 1, 0.0867190071747
2466980.0, 16741298.0, 1, 0.0800298528602
2893498.0, 9769524.0, 1, 0.079620610579
2845458.0, 10712794.0, 1, 0.0793616827402
3070250.0, 9029038.0, 1, 0.0745951241179
3094848.0, 8023446.0, 1, 0.0663701548035
2428796.0, 17027890.0, 1, 0.0600596243421
2369348.0, 17808138.0, 1, 0.0596441615477
2369348.0, 17808138.0, 1, 0.0537025652286
2710608.0, 10796588.0, 1, 0.0535461757792
2930040.0, 9610948.0, 1, 0.0506932155259
2931800.0, 9033356.0, 1, 0.0460229348793
2671740.0, 11517034.0, 1, 0.0446998225046
2669980.0, 12094682.0, 1, 0.0423632992946
2671740.0, 11517034.0, 1, 0.0409889349965
2776722.0, 10795458.0, 1, 0.0237078403912
2449122.0, 17012570.0, 1, 0.0229341819189
3004136.0, 9030198.0, 1, 0.0192983388485
2710608.0, 10796588.0, 1, 0.00541267873109
2669980.0, 12094682.0, 1, 0.0
2469766.0, 17980106.0, 2, inf
4973114.0, 2565748.0, 2, inf
3659930.0, 7980278.0, 2, 0.562711836523
3213146.0, 4019520.0, 2, 0.473391954486
4244654.0, 3212366.0, 2, 0.464398330553
3972028.0, 3559966.0, 2, 0.285940570639
3022766.0, 13459246.0, 2, 0.259269910917
2544168.0, 16044730.0, 2, 0.197034852338
2771878.0, 11804758.0, 2, 0.17187620553
2894528.0, 10788112.0, 2, 0.169649897238
2737374.0, 17802216.0, 2, 0.155494212679
2745176.0, 14969384.0, 2, 0.152989053164
3045846.0, 9321344.0, 2, 0.110987991873
3029624.0, 9900728.0, 2, 0.104375610882
3192740.0, 9032462.0, 2, 0.103039616613
3166456.0, 8020548.0, 2, 0.0761470346834
2660714.0, 15940812.0, 2, 0.0757678109826
2860336.0, 11518982.0, 2, 0.0677527417523
2662876.0, 15607762.0, 2, 0.0513658251261
3166456.0, 8020548.0, 2, 0.0507919773764
2737820.0, 11515610.0, 2, 0.0505315104409
2662876.0, 15607762.0, 2, 0.0422781479895
6720918.0, 2625374.0, 3, inf
3559212.0, 18047834.0, 3, inf
2805246.0, 16082434.0, 3, inf
5212294.0, 4707308.0, 3, 0.382783218844
6005700.0, 3864176.0, 3, 0.279011948952
6134560.0, 6595936.0, 3, 0.208021333964
4181194.0, 15409916.0, 3, 0.20569902646
3082230.0, 11517916.0, 3, 0.162197396154
5050154.0, 8825694.0, 3, 0.15552277628
3615614.0, 13698974.0, 3, 0.152833664919
6515148.0, 3298008.0, 3, 0.145549574241
4343964.0, 13225480.0, 3, 0.128946201037
6230952.0, 4456038.0, 3, 0.124500421994
2914672.0, 16863614.0, 3, 0.12242907598
3549618.0, 8218374.0, 3, 0.116370071754
4848870.0, 3457754.0, 3, 0.111496800288
3712054.0, 17030042.0, 3, 0.108052079363
4694214.0, 7625474.0, 3, 0.107384408592
3264850.0, 13274030.0, 3, 0.103534965721
3044046.0, 10201556.0, 3, 0.0961216467112
4430078.0, 7207448.0, 3, 0.092594551541
6589540.0, 4286208.0, 3, 0.090926994168
4089642.0, 8190370.0, 3, 0.0900345655128
4606096.0, 9597364.0, 3, 0.0810528360933
4299176.0, 10577202.0, 3, 0.0781982058672
3243510.0, 11027990.0, 3, 0.0770380017341
3134484.0, 16046078.0, 3, 0.0748352695838
3738044.0, 9754722.0, 3, 0.0729409708732
3866198.0, 9185518.0, 3, 0.0641304563887
3979182.0, 9683746.0, 3, 0.0612474227541
4336096.0, 7028320.0, 3, 0.05108888198
4395140.0, 13654836.0, 3, 0.049545719205
4659610.0, 3615640.0, 3, 0.0447019460292
3879634.0, 9637284.0, 3, 0.0340861566612
3253220.0, 9257070.0, 3, 0.0321541947718
3121228.0, 10797460.0, 3, 0.0242411040478
3121228.0, 10797460.0, 3, 0.0183330505798
4677946.0, 9603058.0, 3, 0.0114257408444
5674984.0, 22661054.0, 4, inf
7384808.0, 4261480.0, 4, inf
4389176.0, 10717424.0, 4, inf
13270214.0, 8761904.0, 4, inf
5702822.0, 20102682.0, 4, 0.300511487831
5921806.0, 15705942.0, 4, 0.258544680159
Generacion: 190
2328942.0, 18642252.0, 1, inf
8785564.0, 2432216.0, 1, inf
2328942.0, 18642252.0, 1, inf
7390716.0, 2490154.0, 1, 0.403431930044
3149268.0, 3567154.0, 1, 0.387058357827
5236474.0, 2492360.0, 1, 0.381747643918
2669980.0, 12094682.0, 1, 0.31072937875
3101228.0, 8022508.0, 1, 0.285936942815
2521342.0, 15358350.0, 1, 0.257006160028
7818624.0, 2435476.0, 1, 0.219607914778
4051608.0, 2574304.0, 1, 0.174014781048
4714322.0, 2572078.0, 1, 0.140603796169
3822488.0, 3559078.0, 1, 0.125965320919
2482346.0, 15789686.0, 1, 0.117327720463
2710608.0, 10796588.0, 1, 0.0966815335774
4929820.0, 2499956.0, 1, 0.0857885887038
2428796.0, 17027890.0, 1, 0.0855923160516
3029654.0, 8025666.0, 1, 0.0772021597506
2834788.0, 10506968.0, 1, 0.0771221847771
3004136.0, 9030198.0, 1, 0.0629386852157
2330402.0, 18094754.0, 1, 0.0577147119829
2428796.0, 17027890.0, 1, 0.056427448307
2872928.0, 9786840.0, 1, 0.0545860414533
2369348.0, 17808138.0, 1, 0.0541655844407
3843816.0, 3207366.0, 1, 0.0538799487229
2930040.0, 9610948.0, 1, 0.0513465388525
2931800.0, 9033356.0, 1, 0.0458662069372
3843816.0, 3207366.0, 1, 0.0423569825259
2776722.0, 10795458.0, 1, 0.0370996765729
2369348.0, 17808138.0, 1, 0.0268886833145
2893498.0, 9769524.0, 1, 0.0196963009926
2997880.0, 9031936.0, 1, 0.0113981991634
3101228.0, 8022508.0, 1, 0.00763524076195
3004136.0, 9030198.0, 1, 0.00405943898444
3822488.0, 3559078.0, 1, 0.00380148517845
2931800.0, 9033356.0, 1, 0.000360188411886
10337630.0, 2433618.0, 2, inf
2462122.0, 18386518.0, 2, inf
2430540.0, 18379838.0, 2, inf
8022840.0, 2493906.0, 2, 0.444460175654
6118648.0, 3587974.0, 2, 0.394525028174
4474960.0, 5347422.0, 2, 0.371679502123
9603578.0, 2437118.0, 2, 0.296527784546
3166456.0, 8020548.0, 2, 0.247583124252
2660714.0, 15940812.0, 2, 0.199155387279
3022766.0, 13459246.0, 2, 0.177745183436
3923518.0, 9311044.0, 2, 0.177005116713
5389738.0, 2496548.0, 2, 0.14233304247
3044046.0, 10201556.0, 2, 0.138935431637
2735614.0, 12085032.0, 2, 0.128028321629
4116562.0, 4013066.0, 2, 0.124390367087
5548208.0, 3900346.0, 2, 0.118792684332
4437152.0, 8947394.0, 2, 0.108542875869
3293724.0, 4012454.0, 2, 0.102810505017
4115266.0, 2599206.0, 2, 0.0928295617365
2662876.0, 15607762.0, 2, 0.0910947674828
2854170.0, 11431666.0, 2, 0.0849896395738
2791856.0, 14537500.0, 2, 0.0763827305907
2688856.0, 14544364.0, 2, 0.0762879537384
2737820.0, 11515610.0, 2, 0.0473749508762
3120396.0, 9035308.0, 2, 0.0298444680208
2854170.0, 11431666.0, 2, 0.0215341289582
2788046.0, 11435048.0, 2, 0.0120958568038
3070250.0, 9029038.0, 2, 0.0084318033957
3070250.0, 9029038.0, 2, 0.00673493526712
3070250.0, 9029038.0, 2, 0.0
3070250.0, 9029038.0, 2, 0.0
2661416.0, 16155204.0, 3, inf
5807916.0, 18066326.0, 3, inf
12293820.0, 3860176.0, 3, inf
5937106.0, 2513316.0, 3, inf
10395114.0, 8517336.0, 3, 0.235232352644
5793502.0, 5606818.0, 3, 0.211563628183
10988508.0, 4248298.0, 3, 0.159792114612
4181194.0, 15409916.0, 3, 0.149715811712
8578044.0, 12201644.0, 3, 0.134882582464
4042546.0, 13691674.0, 3, 0.129375754363
3687266.0, 13695112.0, 3, 0.118201667293
8384428.0, 11401636.0, 3, 0.117897510117
5382554.0, 10532706.0, 3, 0.114377406565
10355538.0, 5235634.0, 3, 0.113816632419
5726086.0, 17180160.0, 3, 0.108907238962
3249870.0, 10210744.0, 3, 0.107381552024
7814002.0, 4282376.0, 3, 0.106317439238
2774074.0, 15786948.0, 3, 0.10447062017
9510668.0, 4688222.0, 3, 0.104184092395
6486804.0, 8785068.0, 3, 0.103017969246
8828866.0, 4531406.0, 3, 0.100117692746
9436414.0, 4741520.0, 3, 0.0919146235506
10653014.0, 3784732.0, 3, 0.0881076345831
5519346.0, 12042282.0, 3, 0.0871017048865
4705802.0, 9565522.0, 3, 0.0866386675733
7300534.0, 3122846.0, 3, 0.0848765128954
2705144.0, 16222142.0, 3, 0.0775965431388
3454736.0, 9798154.0, 3, 0.0703133935496
6653302.0, 8963166.0, 3, 0.0641850215606
4573532.0, 10869360.0, 3, 0.0627443793115
10984106.0, 3911864.0, 3, 0.0597845104983
3663632.0, 17548702.0, 3, 0.0552812442425
6977392.0, 3440856.0, 3, 0.0506197913842
Generacion: 191
2328942.0, 18642252.0, 1, inf
8882256.0, 2410430.0, 1, inf
7397566.0, 2470322.0, 1, 0.487514349402
4641292.0, 2478828.0, 1, 0.437024735524
3299600.0, 3760050.0, 1, 0.311251623639
3292406.0, 7981642.0, 1, 0.290359831021
2620044.0, 15355660.0, 1, 0.25960332346
2671740.0, 11517034.0, 1, 0.242150163057
8404564.0, 2431976.0, 1, 0.163847464669
7818624.0, 2435476.0, 1, 0.156024803064
3843816.0, 3207366.0, 1, 0.153243532069
4146592.0, 2557762.0, 1, 0.150665494686
3407714.0, 3215066.0, 1, 0.117093807874
2491168.0, 16725824.0, 1, 0.116977997739
2930040.0, 9610948.0, 1, 0.105588874564
2521342.0, 15358350.0, 1, 0.104077987221
2398982.0, 17552796.0, 1, 0.0807410822845
4544500.0, 2497306.0, 1, 0.0803514406279
2330402.0, 18094754.0, 1, 0.0778062503101
2997880.0, 9031936.0, 1, 0.0770131262184
3029654.0, 8025666.0, 1, 0.0769272133499
2834788.0, 10506968.0, 1, 0.0640619983227
2708848.0, 11374202.0, 1, 0.0503158342998
2931800.0, 9033356.0, 1, 0.0460234256428
2710608.0, 10796588.0, 1, 0.0456739203347
2428796.0, 17027890.0, 1, 0.0418557098286
2776722.0, 10795458.0, 1, 0.036791920134
3111134.0, 8006310.0, 1, 0.0327217089301
2834788.0, 10506968.0, 1, 0.0323080486577
2428796.0, 17027890.0, 1, 0.0231589482723
2671740.0, 11517034.0, 1, 0.0166880329211
3094848.0, 8023446.0, 1, 0.0136258763398
2710608.0, 10796588.0, 1, 0.000338182745362
2710608.0, 10796588.0, 1, 0.0
9763564.0, 2435620.0, 2, inf
2542708.0, 16604288.0, 2, inf
7390716.0, 2490154.0, 2, 0.535401154476
2760508.0, 14541050.0, 2, 0.295660311325
3166456.0, 8020548.0, 2, 0.264937149205
5937106.0, 2513316.0, 2, 0.234278509022
4185400.0, 5382926.0, 2, 0.234166124867
5528988.0, 3783506.0, 2, 0.220974187708
3074872.0, 11517202.0, 2, 0.219709904796
3633318.0, 8948704.0, 2, 0.194424694757
4890172.0, 4985440.0, 2, 0.184873047672
2662876.0, 15607762.0, 2, 0.172640376785
2899212.0, 10798832.0, 2, 0.158646775202
4714322.0, 2572078.0, 2, 0.147149575863
5740776.0, 4033944.0, 2, 0.141349753831
3002376.0, 9607790.0, 2, 0.13186154818
4146400.0, 5054822.0, 2, 0.102004647709
4474960.0, 5347422.0, 2, 0.0964062212913
3216222.0, 8950104.0, 2, 0.0633337055108
2788046.0, 11435048.0, 2, 0.0487166965058
3114872.0, 9266138.0, 2, 0.0248782115321
3120396.0, 9035308.0, 2, 0.0238778579291
3114872.0, 9266138.0, 2, 0.0218310902749
2788046.0, 11435048.0, 2, 0.0210810538267
2737820.0, 11515610.0, 2, 0.0193191214039
3070250.0, 9029038.0, 2, 0.016053357377
3216222.0, 8950104.0, 2, 0.00699079024429
12632598.0, 2822862.0, 3, inf
2922862.0, 15780216.0, 3, inf
3663632.0, 17548702.0, 3, inf
9114930.0, 3578012.0, 3, 0.409037762884
5063882.0, 7639824.0, 3, 0.21493902396
6854928.0, 14882138.0, 3, 0.170352967067
7629406.0, 5424292.0, 3, 0.170205396511
3525860.0, 13556008.0, 3, 0.149140007384
5734852.0, 10850730.0, 3, 0.145634470357
6399530.0, 8275940.0, 3, 0.135206257593
7288032.0, 8508196.0, 3, 0.124799783867
4345862.0, 12090776.0, 3, 0.12423234953
3586836.0, 12907302.0, 3, 0.113689798805
4085802.0, 15248416.0, 3, 0.113149027228
8234870.0, 3253136.0, 3, 0.102958117423
6749868.0, 4278220.0, 3, 0.101465726455
5294996.0, 9606520.0, 3, 0.086266516004
8790482.0, 3753410.0, 3, 0.0819953405341
3440868.0, 16433164.0, 3, 0.0796828061764
6732436.0, 5122788.0, 3, 0.0770130080323
3116636.0, 10197850.0, 3, 0.0766871691839
3839378.0, 16606440.0, 3, 0.0734221589978
6627064.0, 3814392.0, 3, 0.0699245071347
8018046.0, 3215260.0, 3, 0.0676086352173
7628582.0, 11323654.0, 3, 0.0675817490371
3296946.0, 17002734.0, 3, 0.0656197417192
4724424.0, 17179948.0, 3, 0.0643311090818
7338298.0, 2869120.0, 3, 0.0617199451682
3748448.0, 11662580.0, 3, 0.0591561070825
3181870.0, 9796236.0, 3, 0.0585485891387
8930314.0, 11404432.0, 3, 0.0564304415892
5505560.0, 12009018.0, 3, 0.0533457915594
5016256.0, 5226056.0, 3, 0.0525458004783
4752478.0, 10534864.0, 3, 0.0496897749663
5469966.0, 17347040.0, 3, 0.0377096035631
7818568.0, 8277716.0, 3, 0.0369453777989
5382554.0, 10532706.0, 3, 0.0368191246491
5222974.0, 9609132.0, 3, 0.0366854988799
7808254.0, 3661656.0, 3, 0.0251858227118
Generacion: 192
8754798.0, 2417256.0, 1, inf
2398982.0, 17552796.0, 1, inf
6743302.0, 2423170.0, 1, 0.45043789133
2521342.0, 15358350.0, 1, 0.403253541014
3299600.0, 3760050.0, 1, 0.351445355565
3176174.0, 8000694.0, 1, 0.310201485728
2669980.0, 12094682.0, 1, 0.277457498003
5553966.0, 2467816.0, 1, 0.200833593121
5894434.0, 2423296.0, 1, 0.190075364583
4146592.0, 2557762.0, 1, 0.165728720555
3843816.0, 3207366.0, 1, 0.159680116659
4641292.0, 2478828.0, 1, 0.1450742499
4600616.0, 2501192.0, 1, 0.0830493656549
3070250.0, 9029038.0, 1, 0.0818871702292
3407714.0, 3215066.0, 1, 0.0702924632768
3094848.0, 8023446.0, 1, 0.0690015002672
2710608.0, 10796588.0, 1, 0.0667084630456
2872928.0, 9786840.0, 1, 0.0554509926732
2671740.0, 11517034.0, 1, 0.0537172133119
2851074.0, 10490116.0, 1, 0.0535794160304
3402756.0, 3220954.0, 1, 0.0530171552365
2931800.0, 9033356.0, 1, 0.0489288151522
2930040.0, 9610948.0, 1, 0.0471470933739
2708848.0, 11374202.0, 1, 0.0440011933644
2769594.0, 10509192.0, 1, 0.0386731058193
2997880.0, 9031936.0, 1, 0.022068487052
2872928.0, 9786840.0, 1, 0.0150595503795
2834788.0, 10506968.0, 1, 0.0140800992365
2930040.0, 9610948.0, 1, 0.0118980365785
3111134.0, 8006310.0, 1, 0.0113653168037
2708848.0, 11374202.0, 1, 0.00971377357901
4641292.0, 2478828.0, 1, 0.00712736678144
3094848.0, 8023446.0, 1, 0.00500232580457
3111134.0, 8006310.0, 1, 0.0029334247311
2930040.0, 9610948.0, 1, 0.0
2412022.0, 18268538.0, 2, inf
8404564.0, 2431976.0, 2, inf
2618626.0, 17896408.0, 2, 0.250195623495
2688856.0, 14544364.0, 2, 0.225946742488
2727626.0, 15037892.0, 2, 0.222338814661
3854534.0, 9856554.0, 2, 0.217696943848
4266948.0, 7107632.0, 2, 0.211241044363
6632364.0, 2471886.0, 2, 0.202370845566
2752820.0, 11747728.0, 2, 0.199343050783
4887340.0, 4577656.0, 2, 0.19029775663
5672858.0, 2487706.0, 2, 0.180781528263
7818624.0, 2435476.0, 2, 0.17046323493
4486902.0, 4986406.0, 2, 0.167792438968
7397566.0, 2470322.0, 2, 0.159009567888
6879530.0, 2486366.0, 2, 0.127781549071
3288592.0, 8945014.0, 2, 0.119643370698
3166456.0, 8020548.0, 2, 0.113159984751
5305824.0, 2495898.0, 2, 0.111926607224
4576598.0, 4870034.0, 2, 0.0926332536166
4158962.0, 8952344.0, 2, 0.0882045851723
4417800.0, 8644464.0, 2, 0.0785958900197
2911616.0, 10709706.0, 2, 0.0722480346943
4276716.0, 10404504.0, 2, 0.0703564552713
3253220.0, 9257070.0, 2, 0.0691730351286
5469866.0, 2788042.0, 2, 0.0601104043044
5552630.0, 3263202.0, 2, 0.0593163440235
3119642.0, 11366858.0, 2, 0.0550421387976
5528988.0, 3783506.0, 2, 0.0540918536816
4365730.0, 3224346.0, 2, 0.053547251254
5528988.0, 3783506.0, 2, 0.042720535708
2776722.0, 10795458.0, 2, 0.0379707457624
3074872.0, 11517202.0, 2, 0.0324308124742
2788046.0, 11435048.0, 2, 0.0320037883101
5444418.0, 2486294.0, 2, 0.0282886995298
3074872.0, 11517202.0, 2, 0.0151843488589
3078634.0, 10790666.0, 2, 0.0128857646852
3216222.0, 8950104.0, 2, 0.00862606416478
3216222.0, 8950104.0, 2, 0.00631545246619
2776722.0, 10795458.0, 2, 0.00429121545546
8197232.0, 18816410.0, 3, inf
2767034.0, 17546822.0, 3, inf
12932740.0, 10851370.0, 3, inf
10172368.0, 2664542.0, 3, inf
11941730.0, 5507786.0, 3, 0.213057320812
10911452.0, 7276704.0, 3, 0.192164617828
3579560.0, 12120776.0, 3, 0.183163125122
3293480.0, 13785364.0, 3, 0.160753799703
6399530.0, 8275940.0, 3, 0.137942573559
9450030.0, 18480178.0, 3, 0.134698423095
2873300.0, 17018654.0, 3, 0.134011529346
3304672.0, 15608612.0, 3, 0.118731720742
7070814.0, 9975356.0, 3, 0.115838269896
11785728.0, 4309676.0, 3, 0.109151332743
6523862.0, 9325286.0, 3, 0.103866913195
9983554.0, 14167900.0, 3, 0.0963006163561
5094220.0, 11818080.0, 3, 0.0914759889721
8279850.0, 6683620.0, 3, 0.0912078349532
4013674.0, 15253350.0, 3, 0.090967185214
2909480.0, 14545984.0, 3, 0.0881550386959
10204792.0, 3664346.0, 3, 0.0837790320913
5753802.0, 7625266.0, 3, 0.0762712844171
4931082.0, 7987544.0, 3, 0.0734353021236
4616138.0, 17888538.0, 3, 0.0720958778775
5388676.0, 10873822.0, 3, 0.0711347097477
7647234.0, 3409738.0, 3, 0.0670380116319
Generacion: 193
8754798.0, 2417256.0, 1, inf
2367888.0, 18355602.0, 1, inf
7269664.0, 2422822.0, 1, 0.350257814251
3197672.0, 3940842.0, 1, 0.33536533307
3176174.0, 8000694.0, 1, 0.264905618594
2708848.0, 11374202.0, 1, 0.238547806407
5894434.0, 2423296.0, 1, 0.233704650458
8129768.0, 2418976.0, 1, 0.232877000152
2521342.0, 15358350.0, 1, 0.227701787845
2688856.0, 14544364.0, 1, 0.209675478342
4507746.0, 2496996.0, 1, 0.191108826361
5333146.0, 2472814.0, 1, 0.165637716101
3402756.0, 3220954.0, 1, 0.147186498664
3843816.0, 3207366.0, 1, 0.14216287415
4051608.0, 2574304.0, 1, 0.0881630126633
3004136.0, 9030198.0, 1, 0.0785452755325
3029654.0, 8025666.0, 1, 0.0773681991358
2620044.0, 15355660.0, 1, 0.0772986267636
2710608.0, 10796588.0, 1, 0.0741302494502
5553966.0, 2467816.0, 1, 0.0726330144414
2893498.0, 9769524.0, 1, 0.0675242794826
4146592.0, 2557762.0, 1, 0.0575838409914
5784834.0, 2442338.0, 1, 0.0561004182817
2688856.0, 14544364.0, 1, 0.0540322971925
2931800.0, 9033356.0, 1, 0.0480385096466
2851074.0, 10490116.0, 1, 0.0477611186167
2930040.0, 9610948.0, 1, 0.0419605325372
2834788.0, 10506968.0, 1, 0.041221389625
4146592.0, 2557762.0, 1, 0.0186842334543
3094848.0, 8023446.0, 1, 0.0139717724055
3111134.0, 8006310.0, 1, 0.0112584710171
2930040.0, 9610948.0, 1, 0.0102249021461
2851074.0, 10490116.0, 1, 0.00769965991904
3176174.0, 8000694.0, 1, 0.00371830467991
3111134.0, 8006310.0, 1, 0.00290226061478
3176174.0, 8000694.0, 1, 0.0
2523338.0, 15619968.0, 2, inf
8404564.0, 2431976.0, 2, inf
2976602.0, 20036478.0, 2, inf
6627512.0, 2469314.0, 2, 0.32028651837
5954956.0, 3465872.0, 2, 0.29006176952
2814870.0, 13302404.0, 2, 0.245825788139
3586778.0, 6747008.0, 2, 0.245456587944
4982304.0, 3587644.0, 2, 0.234065102975
2752820.0, 11747728.0, 2, 0.192245827128
6566854.0, 3215374.0, 2, 0.151549982644
4153034.0, 5209570.0, 2, 0.147691333677
4875206.0, 4354414.0, 2, 0.142376625587
4686800.0, 2569572.0, 2, 0.129006448489
4089662.0, 9033796.0, 2, 0.109524146591
4271752.0, 7827148.0, 2, 0.10661276745
3180596.0, 9262160.0, 2, 0.10163998677
3078634.0, 10790666.0, 2, 0.0881291133917
2904958.0, 10484236.0, 2, 0.0858628475502
3012842.0, 9763212.0, 2, 0.0853415900264
4365730.0, 3224346.0, 2, 0.0848008812666
3520544.0, 8004946.0, 2, 0.0800499975532
4158962.0, 8952344.0, 2, 0.0774718419252
3166456.0, 8020548.0, 2, 0.0711525274113
3070250.0, 9029038.0, 2, 0.0158135542024
3538918.0, 17403394.0, 3, inf
11659062.0, 4416014.0, 3, inf
3109246.0, 9799682.0, 3, inf
6879530.0, 2486366.0, 3, inf
7822298.0, 8258026.0, 3, 0.389564528103
9095308.0, 3848696.0, 3, 0.318232321118
4853332.0, 5778056.0, 3, 0.293600718882
10450974.0, 2998738.0, 3, 0.236499406507
3877932.0, 16175134.0, 3, 0.234185190526
5494560.0, 14525050.0, 3, 0.18173398405
10262746.0, 4301498.0, 3, 0.175295810904
4346036.0, 12082550.0, 3, 0.137708125875
7341306.0, 10571236.0, 3, 0.137516897595
7748920.0, 9240132.0, 3, 0.131726773593
3293480.0, 13785364.0, 3, 0.117660500569
4438234.0, 13519562.0, 3, 0.117358982042
4990688.0, 4622858.0, 3, 0.103590464479
6122996.0, 10996980.0, 3, 0.0810282463996
5547228.0, 3588778.0, 3, 0.0698387104375
6821344.0, 10212808.0, 3, 0.0620146643974
6462642.0, 9590142.0, 3, 0.0602765127184
6169680.0, 11364768.0, 3, 0.0597182556856
4453170.0, 10462478.0, 3, 0.0580907566902
3748448.0, 11662580.0, 3, 0.056806670447
4100942.0, 11364348.0, 3, 0.0550108546701
5931482.0, 10428924.0, 3, 0.0497269639992
6493886.0, 4513428.0, 3, 0.0483667564983
5701026.0, 3740366.0, 3, 0.0457059516914
4137464.0, 10091266.0, 3, 0.0405060417053
5337058.0, 9466184.0, 3, 0.0395853171438
4425754.0, 11804850.0, 3, 0.0389373553084
4231176.0, 9383802.0, 3, 0.036860664857
5840940.0, 4440378.0, 3, 0.0334848874995
3644482.0, 9426084.0, 3, 0.0300296420138
5077126.0, 3758130.0, 3, 0.0279921862755
10268892.0, 3812314.0, 3, 0.0263856180118
5205290.0, 4536032.0, 3, 0.0241609671766
4879876.0, 4576940.0, 3, 0.0194767783717
5250144.0, 4571970.0, 3, 0.0181541629818
5521134.0, 10176690.0, 3, 0.0121746229938
Generacion: 194
2428796.0, 17027890.0, 1, inf
6743302.0, 2423170.0, 1, inf
2523338.0, 15619968.0, 1, 0.393682480116
2669980.0, 12094682.0, 1, 0.318324678813
3109740.0, 3943170.0, 1, 0.288694295656
3029654.0, 8025666.0, 1, 0.286897102652
4868016.0, 2489370.0, 1, 0.272864028259
5894434.0, 2423296.0, 1, 0.2503396882
5676694.0, 2468814.0, 1, 0.242423463745
2752820.0, 11747728.0, 1, 0.189808359265
4507746.0, 2496996.0, 1, 0.171891815469
2807700.0, 9788770.0, 1, 0.16210217261
3843816.0, 3207366.0, 1, 0.146929937463
2997880.0, 9031936.0, 1, 0.13163402624
4146592.0, 2557762.0, 1, 0.127986419484
3407714.0, 3215066.0, 1, 0.103157614799
3149268.0, 3567154.0, 1, 0.0913195283496
3029654.0, 8025666.0, 1, 0.0874623604756
3293530.0, 3231608.0, 1, 0.0824571621507
3956508.0, 2926878.0, 1, 0.0745365377226
4073668.0, 2896836.0, 1, 0.0693307028847
2930040.0, 9610948.0, 1, 0.0528827441586
3109740.0, 3943170.0, 1, 0.0443082294823
2872928.0, 9786840.0, 1, 0.0405311586242
2930040.0, 9610948.0, 1, 0.0277672042094
3402756.0, 3220954.0, 1, 0.0275977862944
7603602.0, 2427624.0, 2, inf
2478526.0, 17994928.0, 2, inf
4809246.0, 2555002.0, 2, 0.58799247188
3809080.0, 4254726.0, 2, 0.428337043948
2770078.0, 12685026.0, 2, 0.387969699637
2785222.0, 15598176.0, 2, 0.35689709296
3923418.0, 7615022.0, 2, 0.268846267377
2851074.0, 10490116.0, 2, 0.219382065116
3953688.0, 3216706.0, 2, 0.171621749103
4352952.0, 2887738.0, 2, 0.138508765781
3176174.0, 8000694.0, 2, 0.12385277847
3070250.0, 9029038.0, 2, 0.103637325829
2947700.0, 9763362.0, 2, 0.0782582964047
4453934.0, 2579984.0, 2, 0.0758277276189
3111134.0, 8006310.0, 2, 0.0740948918306
4634754.0, 2563272.0, 2, 0.0709329163436
3111440.0, 9321104.0, 2, 0.0598518246214
3012842.0, 9763212.0, 2, 0.0523212555418
3176174.0, 8000694.0, 2, 0.0374053259745
8561458.0, 3371710.0, 3, inf
8027398.0, 2452380.0, 3, inf
3206822.0, 17995080.0, 3, inf
6418932.0, 3479916.0, 3, 0.466619151344
4758136.0, 6295428.0, 3, 0.316753809877
4314856.0, 8627112.0, 3, 0.218352612181
5603214.0, 3636358.0, 3, 0.191032738441
4438234.0, 13519562.0, 3, 0.176204145341
4633266.0, 11901042.0, 3, 0.160613887694
8531810.0, 2725028.0, 3, 0.147930271009
3663632.0, 17548702.0, 3, 0.136696569379
3383752.0, 12479502.0, 3, 0.132257066946
4388676.0, 4717042.0, 3, 0.12929515981
3219112.0, 14508228.0, 3, 0.125369613211
3877932.0, 16175134.0, 3, 0.114320669286
4082886.0, 15418114.0, 3, 0.113784760787
4315462.0, 16741988.0, 3, 0.0957244743693
3374156.0, 10911696.0, 3, 0.0937682482401
3524746.0, 9247012.0, 3, 0.088480966759
4089662.0, 9033796.0, 3, 0.0832050140372
3825002.0, 10907168.0, 3, 0.0745994279625
5428230.0, 3201420.0, 3, 0.0704897429101
5216378.0, 4082228.0, 3, 0.0641555834693
3224058.0, 9875252.0, 3, 0.061750299
5391144.0, 4529708.0, 3, 0.0574480339069
4982304.0, 3587644.0, 3, 0.0546196828545
5006022.0, 10374260.0, 3, 0.0517441585174
5251932.0, 4335878.0, 3, 0.0476767021157
4005136.0, 10298012.0, 3, 0.0458499703384
5558942.0, 9663358.0, 3, 0.0445740738967
5107290.0, 9596632.0, 3, 0.0390153646703
3981058.0, 3333568.0, 3, 0.034712132003
5135646.0, 9788286.0, 3, 0.0340056504994
4354216.0, 4295970.0, 3, 0.0299925699514
5049514.0, 3609324.0, 3, 0.0220464143874
4054654.0, 9603404.0, 3, 0.0188132044713
13605254.0, 23103162.0, 4, inf
9706114.0, 3561066.0, 4, inf
5494560.0, 14525050.0, 4, inf
5541044.0, 18715604.0, 4, 0.289194595233
7488404.0, 17563004.0, 4, 0.217374511945
9312086.0, 14770274.0, 4, 0.191783278432
12736370.0, 3862432.0, 4, 0.162976966796
6316282.0, 10482046.0, 4, 0.151065799827
11095362.0, 13324730.0, 4, 0.147918226232
11589264.0, 14495188.0, 4, 0.130258390508
12281726.0, 5507118.0, 4, 0.127310497843
8100180.0, 11626532.0, 4, 0.123057848452
5703272.0, 6303788.0, 4, 0.12286697445
7171864.0, 7454222.0, 4, 0.121499523617
10465374.0, 9709478.0, 4, 0.106465432377
5545890.0, 13277052.0, 4, 0.101839016381
9362504.0, 6700684.0, 4, 0.101259736955
10543486.0, 4491158.0, 4, 0.0928969868745
7872024.0, 13960874.0, 4, 0.0913240522915
Generacion: 195
7269664.0, 2422822.0, 1, inf
2367888.0, 18355602.0, 1, inf
6244174.0, 2446408.0, 1, 0.539723243895
4641292.0, 2478828.0, 1, 0.455327549809
3094848.0, 8023446.0, 1, 0.327264085551
2523338.0, 15619968.0, 1, 0.306805220732
2671740.0, 11517034.0, 1, 0.304325390402
3109740.0, 3943170.0, 1, 0.29079541003
4051608.0, 2574304.0, 1, 0.208416967033
2369348.0, 17808138.0, 1, 0.184396658174
2482346.0, 15789686.0, 1, 0.168752758879
3843816.0, 3207366.0, 1, 0.129712936418
3402756.0, 3220954.0, 1, 0.113784093125
2851074.0, 10490116.0, 1, 0.0829313472314
3070250.0, 9029038.0, 1, 0.0766024249021
2872928.0, 9786840.0, 1, 0.0712894955067
3149268.0, 3567154.0, 1, 0.0576120543206
2708848.0, 11374202.0, 1, 0.0531472173831
2995674.0, 9601300.0, 1, 0.0501808090291
2710608.0, 10796588.0, 1, 0.0501709246227
3293530.0, 3231608.0, 1, 0.0474944012543
3843816.0, 3207366.0, 1, 0.0432439989419
3266428.0, 3534550.0, 1, 0.0429152975372
2997880.0, 9031936.0, 1, 0.0375707796403
2930040.0, 9610948.0, 1, 0.0366863022388
2776722.0, 10795458.0, 1, 0.0326521538257
2776722.0, 10795458.0, 1, 0.0152393027524
3004136.0, 9030198.0, 1, 0.014945925707
3266428.0, 3534550.0, 1, 0.00757536363805
3070250.0, 9029038.0, 1, 0.00509098704104
8027398.0, 2452380.0, 2, inf
2400978.0, 17814414.0, 2, inf
4807264.0, 2483416.0, 2, 0.681409847529
2694506.0, 15613888.0, 2, 0.440698207806
2813836.0, 11964086.0, 2, 0.280692516234
4301804.0, 4838266.0, 2, 0.268611021506
3307478.0, 3903500.0, 2, 0.265234415825
4199076.0, 7609778.0, 2, 0.245167054042
4073668.0, 2896836.0, 2, 0.22458788977
4352952.0, 2887738.0, 2, 0.116748677607
3166456.0, 8020548.0, 2, 0.0925074613305
3180596.0, 9262160.0, 2, 0.0883163696545
2916114.0, 10484506.0, 2, 0.0797065898288
3121228.0, 10797460.0, 2, 0.0759749320543
3111440.0, 9321104.0, 2, 0.0738108839346
2737820.0, 11515610.0, 2, 0.0722225317883
3116636.0, 10197850.0, 2, 0.0590531539123
3044046.0, 10201556.0, 2, 0.0533758874006
2752820.0, 11747728.0, 2, 0.0427043352471
3292406.0, 7981642.0, 2, 0.0353264576886
3250830.0, 7997796.0, 2, 0.0201296992727
3187026.0, 8003152.0, 2, 0.0139639470835
3710354.0, 20184242.0, 3, inf
2931080.0, 19746762.0, 3, inf
4879114.0, 2491332.0, 3, inf
8726164.0, 2693934.0, 3, inf
7393322.0, 2536648.0, 3, 0.39597032407
5728986.0, 7455688.0, 3, 0.2934481121
5407756.0, 4524650.0, 3, 0.256837566128
3990404.0, 14196212.0, 3, 0.238458941665
3206822.0, 17995080.0, 3, 0.22708609253
6450472.0, 3678026.0, 3, 0.200871923943
5964184.0, 16625262.0, 3, 0.165634217714
4536130.0, 15836594.0, 3, 0.133936154685
4793546.0, 8401440.0, 3, 0.107345670753
4648742.0, 12500234.0, 3, 0.0997466426766
4167040.0, 8667646.0, 3, 0.0974232016658
3224656.0, 11560736.0, 3, 0.0940836256905
3436524.0, 9858896.0, 3, 0.092337230554
3383752.0, 12479502.0, 3, 0.0896602063816
4307328.0, 10943674.0, 3, 0.0841994459693
6316820.0, 9469318.0, 3, 0.0674632186935
6159190.0, 16377980.0, 3, 0.0635396499445
5533420.0, 2925992.0, 3, 0.0619483052791
3672930.0, 9623432.0, 3, 0.0614478620245
5121630.0, 11352900.0, 3, 0.061094098383
4412468.0, 3179368.0, 3, 0.0550538593909
3877932.0, 16175134.0, 3, 0.0542819816399
6291380.0, 3998964.0, 3, 0.0532278723062
5006022.0, 10374260.0, 3, 0.0510275290957
6374422.0, 3237390.0, 3, 0.049996044476
5006022.0, 10374260.0, 3, 0.0474126339424
4205210.0, 11231216.0, 3, 0.0473374824754
3840050.0, 11355072.0, 3, 0.0406641207688
5477820.0, 3985450.0, 3, 0.0295047463042
5094278.0, 2549308.0, 3, 0.0288390981857
6184968.0, 3680606.0, 3, 0.0287724234425
4653998.0, 3201502.0, 3, 0.028266778566
4638244.0, 9607732.0, 3, 0.0281428274149
5508168.0, 15876618.0, 3, 0.0279637709425
5528988.0, 3783506.0, 3, 0.0215872129325
11925484.0, 18410220.0, 4, inf
9518624.0, 2781274.0, 4, inf
6551224.0, 15787114.0, 4, inf
14749132.0, 8445470.0, 4, inf
13033318.0, 9518124.0, 4, 0.334320200957
11598022.0, 12517118.0, 4, 0.320852433225
12142764.0, 16992228.0, 4, 0.226773873193
10207822.0, 5658568.0, 4, 0.187751647342
9699420.0, 11478372.0, 4, 0.182948801556
Generacion: 196
2369348.0, 17808138.0, 1, inf
6244174.0, 2446408.0, 1, inf
4807264.0, 2483416.0, 1, 0.535528899573
2521342.0, 15358350.0, 1, 0.506445706388
2708848.0, 11374202.0, 1, 0.345801299305
3094848.0, 8023446.0, 1, 0.341265334363
3109740.0, 3943170.0, 1, 0.304135005741
3907530.0, 3216554.0, 1, 0.303790788541
4359356.0, 3200706.0, 1, 0.279924809146
3266428.0, 3534550.0, 1, 0.21851225349
2776722.0, 10795458.0, 1, 0.094170295363
2930040.0, 9610948.0, 1, 0.0940464188328
3070250.0, 9029038.0, 1, 0.0841378239851
3149268.0, 3567154.0, 1, 0.0670372973088
2997880.0, 9031936.0, 1, 0.0557407619355
2995674.0, 9601300.0, 1, 0.0551997314439
2710608.0, 10796588.0, 1, 0.0546632867123
2930040.0, 9610948.0, 1, 0.0401957664639
2776722.0, 10795458.0, 1, 0.0396412716251
3070250.0, 9029038.0, 1, 0.00653680664767
2997880.0, 9031936.0, 1, 0.000757966513941
2710608.0, 10796588.0, 1, 0.000527773367379
3070250.0, 9029038.0, 1, 0.0
3070250.0, 9029038.0, 1, 0.0
7494002.0, 2448310.0, 2, inf
2478526.0, 17994928.0, 2, inf
5297866.0, 2815834.0, 2, 0.541831969229
3929204.0, 3452586.0, 2, 0.466810854774
6336286.0, 2490234.0, 2, 0.461512024359
3148862.0, 4390194.0, 2, 0.362733087156
3184064.0, 9317658.0, 2, 0.332281328577
2973486.0, 14123244.0, 2, 0.261778911979
2523338.0, 15619968.0, 2, 0.22014320012
2813836.0, 11964086.0, 2, 0.211779846236
3307478.0, 3903500.0, 2, 0.155266972524
2907890.0, 15611816.0, 2, 0.111082249229
2899212.0, 10798832.0, 2, 0.101466231376
3224656.0, 11560736.0, 2, 0.08929479029
3111440.0, 9321104.0, 2, 0.0777531954652
3044046.0, 10201556.0, 2, 0.0707014799402
3044046.0, 10201556.0, 2, 0.0518555969951
3307478.0, 3903500.0, 2, 0.0455172810936
2837472.0, 11804514.0, 2, 0.0429670614045
3307478.0, 3903500.0, 2, 0.0
3307478.0, 3903500.0, 2, 0.0
8027398.0, 2452380.0, 3, inf
3206822.0, 17995080.0, 3, inf
3176174.0, 8000694.0, 3, inf
9444552.0, 3434546.0, 3, inf
6702332.0, 4275628.0, 3, 0.310456596168
8531810.0, 2725028.0, 3, 0.289271322793
6089206.0, 6599592.0, 3, 0.188369408112
4926658.0, 5000362.0, 3, 0.178073615781
3760456.0, 12205714.0, 3, 0.17494604104
4479604.0, 14498148.0, 3, 0.172103798712
4322936.0, 13358586.0, 3, 0.16392608388
3342480.0, 16400690.0, 3, 0.146665240684
4614816.0, 11343860.0, 3, 0.142279709385
5630448.0, 3541338.0, 3, 0.142231626431
4048496.0, 5405194.0, 3, 0.139226834405
6291380.0, 3998964.0, 3, 0.11831652907
3858276.0, 10158300.0, 3, 0.116495246335
4559240.0, 15899968.0, 3, 0.112380443984
3554008.0, 13684618.0, 3, 0.111591527254
3292406.0, 7981642.0, 3, 0.107457316028
5655700.0, 4519770.0, 3, 0.0861048189494
4793546.0, 8401440.0, 3, 0.0722336267891
6097236.0, 3937030.0, 3, 0.0616961476401
4677946.0, 9603058.0, 3, 0.0527233328058
5877900.0, 3534056.0, 3, 0.0485561323061
3520544.0, 8004946.0, 3, 0.0435361499586
3972234.0, 9376992.0, 3, 0.0420373926724
3838096.0, 5212382.0, 3, 0.0416517526973
4523684.0, 16018878.0, 3, 0.0403430378657
3414756.0, 9030770.0, 3, 0.0401179345994
5955548.0, 3530130.0, 3, 0.0401121994227
3233962.0, 9325076.0, 3, 0.0344292399938
3442728.0, 8739008.0, 3, 0.0340294594255
4631610.0, 9865810.0, 3, 0.0317648510279
4009672.0, 8510960.0, 3, 0.0303135718148
4508296.0, 9794928.0, 3, 0.0239372931016
3216222.0, 8950104.0, 3, 0.0231013106885
4625380.0, 8683500.0, 3, 0.017351516202
6748850.0, 18785754.0, 4, inf
12133392.0, 4604530.0, 4, inf
4723102.0, 10673668.0, 4, inf
6235808.0, 3555918.0, 4, inf
5872660.0, 14005690.0, 4, 0.347536864783
6310728.0, 9466278.0, 4, 0.314194438636
10067488.0, 16353350.0, 4, 0.289845612255
6264354.0, 5710658.0, 4, 0.257616148122
11609160.0, 11978010.0, 4, 0.226057516113
9410116.0, 5014816.0, 4, 0.164270657693
11231986.0, 17206574.0, 4, 0.163029361906
10686650.0, 9750336.0, 4, 0.160213492797
6164078.0, 18178266.0, 4, 0.145775697285
8161550.0, 10290536.0, 4, 0.141136488065
7166094.0, 16725024.0, 4, 0.121824393731
11626548.0, 10979312.0, 4, 0.115487279084
10234826.0, 4571256.0, 4, 0.111426224224
Generacion: 197
8785564.0, 2432216.0, 1, inf
2369348.0, 17808138.0, 1, inf
5784834.0, 2442338.0, 1, 0.555006522696
2590462.0, 15611076.0, 1, 0.509195538836
2710608.0, 10796588.0, 1, 0.32342285818
3109740.0, 3943170.0, 1, 0.2983043848
3094848.0, 8023446.0, 1, 0.269201615237
4359356.0, 3200706.0, 1, 0.185270123687
4788160.0, 2621708.0, 1, 0.163169448713
5277912.0, 2560160.0, 1, 0.108320360832
3843816.0, 3207366.0, 1, 0.0997576941587
3610668.0, 3492468.0, 1, 0.0922928397802
2834788.0, 10506968.0, 1, 0.0805914329867
5157570.0, 2604678.0, 1, 0.0803332298893
3266428.0, 3534550.0, 1, 0.0767688788592
3070250.0, 9029038.0, 1, 0.0757046400468
2872928.0, 9786840.0, 1, 0.0731197392072
3094848.0, 8023446.0, 1, 0.0677214300053
2930040.0, 9610948.0, 1, 0.0581796523484
3838982.0, 3487540.0, 1, 0.0548794129413
3149268.0, 3567154.0, 1, 0.0509959411577
2931800.0, 9033356.0, 1, 0.0482302690031
2776722.0, 10795458.0, 1, 0.0290666563214
2710608.0, 10796588.0, 1, 0.018798858629
3004136.0, 9030198.0, 1, 0.0114677102439
2997880.0, 9031936.0, 1, 0.0104119390211
2776722.0, 10795458.0, 1, 0.00912337388843
3070250.0, 9029038.0, 1, 0.00390916643268
2997880.0, 9031936.0, 1, 0.00106738170441
3070250.0, 9029038.0, 1, 0.0
3070250.0, 9029038.0, 1, 0.0
3070250.0, 9029038.0, 1, 0.0
2474376.0, 18092762.0, 2, inf
7494002.0, 2448310.0, 2, inf
5431318.0, 2624212.0, 2, 0.608102582934
3407292.0, 9030236.0, 2, 0.607707399076
2899212.0, 10798832.0, 2, 0.553926405491
4685924.0, 3209926.0, 2, 0.484995102118
3148862.0, 4390194.0, 2, 0.333912805972
3044046.0, 10201556.0, 2, 0.0888291097558
2995674.0, 9601300.0, 2, 0.0746043947751
3307478.0, 3903500.0, 2, 0.0619958159796
3218820.0, 9784642.0, 2, 0.0571612529819
2911616.0, 10709706.0, 2, 0.0568058860565
3213146.0, 4019520.0, 2, 0.0450465815801
3307478.0, 3903500.0, 2, 0.0273007959404
3144750.0, 10789614.0, 2, 0.0265782086491
3296150.0, 19308456.0, 3, inf
3216222.0, 8950104.0, 3, inf
9524756.0, 3323634.0, 3, inf
7322032.0, 3218130.0, 3, inf
8507214.0, 3341904.0, 3, 0.343345263265
4559240.0, 15899968.0, 3, 0.311671482152
6291380.0, 3998964.0, 3, 0.270465279911
4091012.0, 5354176.0, 3, 0.233437486373
3640644.0, 14344830.0, 3, 0.196920932509
9444552.0, 3434546.0, 3, 0.16889446539
4711602.0, 9580934.0, 3, 0.139296614689
4155462.0, 11322730.0, 3, 0.137199065813
5794898.0, 4208976.0, 3, 0.13343842704
3581470.0, 11403912.0, 3, 0.127874248037
4113470.0, 12684066.0, 3, 0.123190535863
4695134.0, 14777280.0, 3, 0.118434004566
5442780.0, 3519970.0, 3, 0.112601776926
4874930.0, 3258172.0, 3, 0.111885416252
4373700.0, 12501614.0, 3, 0.111762886535
4003066.0, 5016674.0, 3, 0.0854472549971
5520416.0, 4538436.0, 3, 0.0703613388465
4322164.0, 9177742.0, 3, 0.0486857189956
4778312.0, 4340228.0, 3, 0.0429005185435
4296284.0, 4699156.0, 3, 0.0380425036793
4733462.0, 3702734.0, 3, 0.0369666192117
4050892.0, 4749702.0, 3, 0.032045217057
5491746.0, 4159554.0, 3, 0.0253585703654
4356090.0, 5196162.0, 3, 0.025286120223
4574180.0, 4725368.0, 3, 0.0240308714924
4145494.0, 5353628.0, 3, 0.0164768150338
4563352.0, 5078212.0, 3, 0.0135232462691
4732906.0, 3464164.0, 3, 0.0087741759132
5586308.0, 17215114.0, 4, inf
8072422.0, 3593696.0, 4, inf
4403084.0, 8403442.0, 4, inf
13083854.0, 6167634.0, 4, inf
11604050.0, 15403654.0, 4, 0.276817281731
7899356.0, 12360116.0, 4, 0.249524796306
10730908.0, 8722220.0, 4, 0.21704487744
10071394.0, 13318434.0, 4, 0.18867835245
6933620.0, 5383454.0, 4, 0.148277950475
9639920.0, 14190206.0, 4, 0.148248113343
12081086.0, 15894102.0, 4, 0.146484772229
4792792.0, 7631260.0, 4, 0.142846393939
12420714.0, 11706502.0, 4, 0.128619324572
9067304.0, 4450054.0, 4, 0.108367877574
12142764.0, 16992228.0, 4, 0.10805118217
8240610.0, 9797776.0, 4, 0.100012752158
5382554.0, 10532706.0, 4, 0.098437937535
9914670.0, 4684914.0, 4, 0.0968879171348
5169886.0, 13825298.0, 4, 0.0843369332727
6693808.0, 9488160.0, 4, 0.0833739363509
8758706.0, 5892546.0, 4, 0.0800904283609
Generacion: 198
6853002.0, 2430418.0, 1, inf
2369348.0, 17808138.0, 1, inf
4807264.0, 2483416.0, 1, 0.491754562853
2665978.0, 17776118.0, 1, 0.438591833691
2669980.0, 12094682.0, 1, 0.408308000203
3149268.0, 3567154.0, 1, 0.321963959841
3094848.0, 8023446.0, 1, 0.295275013727
3748920.0, 3223908.0, 1, 0.234080073784
4146592.0, 2557762.0, 1, 0.18952616799
3293530.0, 3231608.0, 1, 0.156062803963
4402816.0, 2552114.0, 1, 0.120143558567
4681268.0, 2544022.0, 1, 0.0946723702534
2807700.0, 9788770.0, 1, 0.0870466199069
2776722.0, 10795458.0, 1, 0.0802096234285
3070250.0, 9029038.0, 1, 0.0801383514844
3094848.0, 8023446.0, 1, 0.0775302108919
2931800.0, 9033356.0, 1, 0.0769591037924
2872928.0, 9786840.0, 1, 0.0768022450735
2671740.0, 11517034.0, 1, 0.0555210215046
2708848.0, 11374202.0, 1, 0.0555188105136
2710608.0, 10796588.0, 1, 0.0527733275255
3149268.0, 3567154.0, 1, 0.0339576916888
3004136.0, 9030198.0, 1, 0.0148585830922
2997880.0, 9031936.0, 1, 0.0148509999915
2776722.0, 10795458.0, 1, 0.00698257984574
3070250.0, 9029038.0, 1, 0.00556158416805
2997880.0, 9031936.0, 1, 0.00148763192499
3004136.0, 9030198.0, 1, 0.00147072434702
3070250.0, 9029038.0, 1, 0.0
3094848.0, 8023446.0, 1, 0.0
2776722.0, 10795458.0, 1, 0.0
2776722.0, 10795458.0, 1, 0.0
2776722.0, 10795458.0, 1, 0.0
2533468.0, 18258156.0, 2, inf
3000944.0, 19107528.0, 2, inf
8785564.0, 2432216.0, 2, inf
5534136.0, 2554162.0, 2, 0.657190326179
3095104.0, 14038566.0, 2, 0.416243623935
3576890.0, 5069404.0, 2, 0.384911720474
3216222.0, 8950104.0, 2, 0.257637529626
4740798.0, 2603050.0, 2, 0.226674313172
4147902.0, 3926818.0, 2, 0.175059364019
3210430.0, 11384264.0, 2, 0.171651057278
2911616.0, 10709706.0, 2, 0.128192334099
3858050.0, 9393534.0, 2, 0.125206399442
4359356.0, 3200706.0, 2, 0.114037484689
3334932.0, 9033524.0, 2, 0.0842795401032
4258040.0, 3217070.0, 2, 0.077365430477
3094484.0, 9898798.0, 2, 0.0609146441152
3069130.0, 18274082.0, 2, 0.0551648802994
3119642.0, 11366858.0, 2, 0.0393684249691
3121228.0, 10797460.0, 2, 0.037908425989
3012842.0, 9763212.0, 2, 0.0279547851895
3068044.0, 9598402.0, 2, 0.0218517558584
3002376.0, 9607790.0, 2, 0.0117865150407
3144750.0, 10789614.0, 2, 0.0109757928843
3144750.0, 10789614.0, 2, 0.00855425258578
3121228.0, 10797460.0, 2, 0.000724190861551
3144750.0, 10789614.0, 2, 0.0
4733490.0, 17210550.0, 3, inf
3296946.0, 17002734.0, 3, inf
5431318.0, 2624212.0, 3, inf
10241152.0, 3041146.0, 3, inf
7456682.0, 15344406.0, 3, 0.30265212909
9112406.0, 3522198.0, 3, 0.216784804902
5051814.0, 7621100.0, 3, 0.199196429176
4912718.0, 6356052.0, 3, 0.194870603358
5846196.0, 13887456.0, 3, 0.192425543537
8329974.0, 11768216.0, 3, 0.183429730479
3932022.0, 16748072.0, 3, 0.16708983338
7927964.0, 13143844.0, 3, 0.164256694179
6184980.0, 9972034.0, 3, 0.123448152294
4175596.0, 5393192.0, 3, 0.115408760809
5277682.0, 8704658.0, 3, 0.112497232866
6604672.0, 9605966.0, 3, 0.106815000449
3598200.0, 13553006.0, 3, 0.101461254831
7031676.0, 9439372.0, 3, 0.101131048607
7771484.0, 4258846.0, 3, 0.100874419153
4649732.0, 12240904.0, 3, 0.0980647071282
8803266.0, 3555064.0, 3, 0.0927670846723
4759246.0, 10248762.0, 3, 0.089905860771
4355284.0, 5067938.0, 3, 0.0751299453016
3581470.0, 11403912.0, 3, 0.0739233844364
3969016.0, 11019228.0, 3, 0.0728585088848
5701580.0, 4557894.0, 3, 0.072324098927
8803266.0, 3555064.0, 3, 0.0704095925518
5177864.0, 8772416.0, 3, 0.0648587191811
5198228.0, 9378572.0, 3, 0.0595938210674
4476720.0, 4576848.0, 3, 0.0589313920968
6718464.0, 3413254.0, 3, 0.0549793534919
4343644.0, 9876826.0, 3, 0.050972595424
4521696.0, 3262164.0, 3, 0.0468554219513
6862664.0, 4275900.0, 3, 0.046717230043
4060860.0, 11040876.0, 3, 0.0466302588762
5435034.0, 4314156.0, 3, 0.0459925326623
4624942.0, 11307762.0, 3, 0.037760967278
4651020.0, 10084300.0, 3, 0.0310332916057
7814002.0, 4282376.0, 3, 0.0251566219233
4155462.0, 11322730.0, 3, 0.0231143360418
5181372.0, 4385552.0, 3, 0.019642536711
Generacion: 199
2367888.0, 18355602.0, 1, inf
10035166.0, 2411444.0, 1, inf
6853002.0, 2430418.0, 1, 0.55996865587
2521342.0, 15358350.0, 1, 0.313781561832
5769518.0, 2469228.0, 1, 0.291497133215
3109740.0, 3943170.0, 1, 0.286591412918
2669980.0, 12094682.0, 1, 0.260538668047
3094848.0, 8023446.0, 1, 0.259118588283
4641292.0, 2478828.0, 1, 0.229797001517
4359356.0, 3200706.0, 1, 0.207064684275
3407714.0, 3215066.0, 1, 0.180808194681
2491168.0, 16725824.0, 1, 0.153591959649
2398982.0, 17552796.0, 1, 0.118296596069
3149268.0, 3567154.0, 1, 0.0845289546334
2769594.0, 10509192.0, 1, 0.0758723972881
3070250.0, 9029038.0, 1, 0.0716924984971
3094848.0, 8023446.0, 1, 0.0650119007674
2807700.0, 9788770.0, 1, 0.0587823936938
2930040.0, 9610948.0, 1, 0.0549360294859
2671740.0, 11517034.0, 1, 0.0502570456651
2931800.0, 9033356.0, 1, 0.0451629839891
2710608.0, 10796588.0, 1, 0.0439205254871
2708848.0, 11374202.0, 1, 0.0410671008428
2872928.0, 9786840.0, 1, 0.0195390738277
2710608.0, 10796588.0, 1, 0.0182547069753
2997880.0, 9031936.0, 1, 0.00963244442173
3004136.0, 9030198.0, 1, 0.00962057193758
2708848.0, 11374202.0, 1, 0.00918781237978
2872928.0, 9786840.0, 1, 0.00756984481453
3070250.0, 9029038.0, 1, 0.00328093288548
2872928.0, 9786840.0, 1, 0.0
3070250.0, 9029038.0, 1, 0.0
3070250.0, 9029038.0, 1, 0.0
3070250.0, 9029038.0, 1, 0.0
3070250.0, 9029038.0, 1, 0.0
5383502.0, 3364060.0, 2, inf
2533468.0, 18258156.0, 2, inf
4807264.0, 2483416.0, 2, inf
2662876.0, 15607762.0, 2, 0.540145065734
3414756.0, 9030770.0, 2, 0.50209977707
4011328.0, 3458878.0, 2, 0.431145392689
2881264.0, 11083902.0, 2, 0.352267670309
4561144.0, 3349474.0, 2, 0.217895858785
3334932.0, 9033524.0, 2, 0.12117632799
3758758.0, 9381814.0, 2, 0.121115476278
4072146.0, 3414570.0, 2, 0.106381145986
3121228.0, 10797460.0, 2, 0.0942477850647
4345360.0, 9367260.0, 2, 0.0912345257278
4299670.0, 3376696.0, 2, 0.0871974436938
2911616.0, 10709706.0, 2, 0.0779319747947
3835222.0, 9933820.0, 2, 0.0760912909937
3858050.0, 9393534.0, 2, 0.0757046051899
3118436.0, 9317638.0, 2, 0.0591860767841
3012842.0, 9763212.0, 2, 0.0487759563228
2776722.0, 10795458.0, 2, 0.0453815209128
2776722.0, 10795458.0, 2, 0.0368078776702
3807168.0, 9636318.0, 2, 0.0366817407279
2947700.0, 9763362.0, 2, 0.0311382278258
2995338.0, 9791014.0, 2, 0.027638538189
3758758.0, 9381814.0, 2, 0.0177287222225
4311536.0, 9375276.0, 2, 0.0169540019512
2995674.0, 9601300.0, 2, 0.0160516649137
3002376.0, 9607790.0, 2, 0.00824366589532
2776722.0, 10795458.0, 2, 0.0
5467344.0, 2682800.0, 3, inf
2791768.0, 19885856.0, 3, inf
2697608.0, 17782394.0, 3, inf
11705564.0, 3521342.0, 3, inf
4571960.0, 7758264.0, 3, 0.303739275668
9007940.0, 3366006.0, 3, 0.257165513075
9635130.0, 3483496.0, 3, 0.243304941883
3696552.0, 13838596.0, 3, 0.220899534267
7349012.0, 4012776.0, 3, 0.213851720201
4594178.0, 4563184.0, 3, 0.203404398526
5571568.0, 15629562.0, 3, 0.184401533893
4345862.0, 12090776.0, 3, 0.160003370985
3932022.0, 16748072.0, 3, 0.144107651289
5196474.0, 19324932.0, 3, 0.113657126785
4611198.0, 14819638.0, 3, 0.11272337207
4825336.0, 9387836.0, 3, 0.108312293326
3369152.0, 19097406.0, 3, 0.106751954386
3217814.0, 11372628.0, 3, 0.103326994047
3930104.0, 18402748.0, 3, 0.102580829881
6718678.0, 10196574.0, 3, 0.0917394523929
6118648.0, 3587974.0, 3, 0.0853966216835
6916110.0, 3698114.0, 3, 0.0826746978555
9247526.0, 3481122.0, 3, 0.0653338827227
7250170.0, 4276074.0, 3, 0.0637286757865
2815636.0, 11083852.0, 3, 0.0618298659898
4159742.0, 11051686.0, 3, 0.0531740210541
6434554.0, 9939450.0, 3, 0.0521633646426
4856378.0, 9539630.0, 3, 0.0511550628692
9534944.0, 3601172.0, 3, 0.0440502873155
6672120.0, 3605542.0, 3, 0.0371766122576
4234358.0, 4020094.0, 3, 0.0344006458348
4671790.0, 4334022.0, 3, 0.033523517654
6340432.0, 9559074.0, 3, 0.0334178637297
4791312.0, 11301702.0, 3, 0.0320337724342
4100942.0, 11364348.0, 3, 0.0292377231186
4159464.0, 9855674.0, 3, 0.0282432395312
Generacion: 200
2367888.0, 18355602.0, 1, inf
10035166.0, 2411444.0, 1, inf
7428410.0, 2425148.0, 1, 0.617107114554
5333146.0, 2472814.0, 1, 0.323836239825
3109740.0, 3943170.0, 1, 0.285700475031
2613712.0, 14539322.0, 1, 0.281172484085
3101228.0, 8022508.0, 1, 0.257852689224
2708848.0, 11374202.0, 1, 0.19874238152
4359356.0, 3200706.0, 1, 0.182469539469
2590462.0, 15611076.0, 1, 0.145011274812
3407714.0, 3215066.0, 1, 0.126033896696
4773848.0, 3146628.0, 1, 0.125085375698
5003136.0, 2545070.0, 1, 0.115206967107
2930040.0, 9610948.0, 1, 0.110602522845
2851074.0, 10490116.0, 1, 0.0942875659403
2552778.0, 16724692.0, 1, 0.0828661234125
2491168.0, 16725824.0, 1, 0.071996517666
3070250.0, 9029038.0, 1, 0.0716924984971
3094848.0, 8023446.0, 1, 0.063901728422
2398982.0, 17552796.0, 1, 0.0557317676723
2369348.0, 17808138.0, 1, 0.0544065224112
2708848.0, 11374202.0, 1, 0.0486353669211
2710608.0, 10796588.0, 1, 0.0448501904869
3266428.0, 3534550.0, 1, 0.0398603572366
3149268.0, 3567154.0, 1, 0.0388638293703
3293530.0, 3231608.0, 1, 0.0374488903999
2997880.0, 9031936.0, 1, 0.037130928806
2398982.0, 17552796.0, 1, 0.028038070686
2776722.0, 10795458.0, 1, 0.0277735910202
3402756.0, 3220954.0, 1, 0.0159298737028
2776722.0, 10795458.0, 1, 0.00976818605453
3004136.0, 9030198.0, 1, 0.00962057193758
2997880.0, 9031936.0, 1, 0.00895699556376
3149268.0, 3567154.0, 1, 0.00720030190958
3070250.0, 9029038.0, 1, 0.00328093288548
3094848.0, 8023446.0, 1, 0.0032670092904
2710608.0, 10796588.0, 1, 0.000300419266892
2776722.0, 10795458.0, 1, 0.0
3094848.0, 8023446.0, 1, 0.0
2708848.0, 11374202.0, 1, 0.0
2710608.0, 10796588.0, 1, 0.0
5508012.0, 2486740.0, 2, inf
2533468.0, 18258156.0, 2, inf
3339772.0, 16088158.0, 2, 0.502894536347
4561144.0, 3349474.0, 2, 0.41829531977
3581470.0, 11403912.0, 2, 0.407372502573
4003066.0, 5016674.0, 2, 0.405573695662
5483402.0, 3755072.0, 2, 0.364266739311
2697608.0, 17782394.0, 2, 0.29874938221
3661334.0, 7992864.0, 2, 0.231513441141
4296284.0, 4699156.0, 2, 0.199515055232
3711092.0, 8907068.0, 2, 0.159300952271
3012842.0, 9763212.0, 2, 0.15688225184
4478376.0, 4074060.0, 2, 0.129312668347
3121228.0, 10797460.0, 2, 0.110376278791
3245782.0, 9780996.0, 2, 0.0805571461636
3244034.0, 8000558.0, 2, 0.075797856473
3148862.0, 4390194.0, 2, 0.0607593241948
3184064.0, 9317658.0, 2, 0.0430031657399
3288592.0, 8945014.0, 2, 0.0395488334451
3076874.0, 11368280.0, 2, 0.0378486630165
3119642.0, 11366858.0, 2, 0.0365086031319
3707346.0, 9080264.0, 2, 0.0348097681725
3118436.0, 9317638.0, 2, 0.029430169936
3192740.0, 9032462.0, 2, 0.028736714322
3119642.0, 11366858.0, 2, 0.000623354085123
3922634.0, 17917032.0, 3, inf
9588192.0, 4622778.0, 3, inf
3302348.0, 10786848.0, 3, inf
5857518.0, 2810788.0, 3, inf
6433506.0, 11751266.0, 3, 0.501936725424
3869122.0, 17610636.0, 3, 0.418101163498
8985462.0, 3360522.0, 3, 0.187031438254
7228158.0, 6850786.0, 3, 0.177299235076
8199242.0, 3348034.0, 3, 0.171143831852
8879538.0, 5161526.0, 3, 0.138223828139
5248384.0, 5364632.0, 3, 0.133222862616
9524756.0, 3323634.0, 3, 0.131451383904
7819104.0, 4935064.0, 3, 0.130311787125
4997392.0, 7995608.0, 3, 0.122443973915
5977368.0, 11199464.0, 3, 0.12218840526
6614784.0, 5054388.0, 3, 0.112305631969
5400242.0, 9756858.0, 3, 0.112121087518
7545098.0, 4657916.0, 3, 0.106024988102
3860146.0, 8966168.0, 3, 0.0947079995456
7048050.0, 9302926.0, 3, 0.0860777070422
4061558.0, 7615656.0, 3, 0.076013301956
5185888.0, 10557562.0, 3, 0.0725168459539
5807410.0, 4636266.0, 3, 0.0689121839239
3636484.0, 11560106.0, 3, 0.0683042433065
7276980.0, 11094498.0, 3, 0.0635711588295
4345360.0, 9367260.0, 3, 0.0574404214898
3753546.0, 11556082.0, 3, 0.0572289703592
4458664.0, 11000818.0, 3, 0.0564150068196
3650480.0, 9955860.0, 3, 0.0562278691849
4856378.0, 9539630.0, 3, 0.0552481842936
4128422.0, 9495758.0, 3, 0.0540266427813
4689432.0, 9231048.0, 3, 0.0500647276078
4571960.0, 7758264.0, 3, 0.0485789091553
4605922.0, 9605592.0, 3, 0.0330683555996
Generacion: 201
6627512.0, 2469314.0, 1, inf
2330402.0, 18094754.0, 1, inf
3109740.0, 3943170.0, 1, 0.351360438393
5333146.0, 2472814.0, 1, 0.350957247276
4226520.0, 2913560.0, 1, 0.337441800145
2688856.0, 14544364.0, 1, 0.298702444518
3101228.0, 8022508.0, 1, 0.26255499906
2708848.0, 11374202.0, 1, 0.244912916589
4749732.0, 2846242.0, 1, 0.236219457795
3402756.0, 3220954.0, 1, 0.192383701541
2590462.0, 15611076.0, 1, 0.171204392539
5219180.0, 2832104.0, 1, 0.159667642777
3293530.0, 3231608.0, 1, 0.114409607652
2552778.0, 16724692.0, 1, 0.0944490210798
2776722.0, 10795458.0, 1, 0.0870932563591
3029654.0, 8025666.0, 1, 0.0855403154808
2807700.0, 9788770.0, 1, 0.0796057221223
2466980.0, 16741298.0, 1, 0.0743777407183
3004136.0, 9030198.0, 1, 0.0717937384752
2872928.0, 9786840.0, 1, 0.0634919998847
2398982.0, 17552796.0, 1, 0.0588306723641
2710608.0, 10796588.0, 1, 0.052351944482
2369348.0, 17808138.0, 1, 0.0506438988097
2997880.0, 9031936.0, 1, 0.0497683577159
3402756.0, 3220954.0, 1, 0.045091140949
2398982.0, 17552796.0, 1, 0.0321655514806
2872928.0, 9786840.0, 1, 0.0292016643933
2997880.0, 9031936.0, 1, 0.0291893767393
2491168.0, 16725824.0, 1, 0.0210291966354
3094848.0, 8023446.0, 1, 0.0152316223796
2807700.0, 9788770.0, 1, 0.00733254770785
3101228.0, 8022508.0, 1, 0.00204089651963
3094848.0, 8023446.0, 1, 0.00162679479852
2710608.0, 10796588.0, 1, 0.000481895563355
2997880.0, 9031936.0, 1, 0.0
2398982.0, 17552796.0, 1, 0.0
2398982.0, 17552796.0, 1, 0.0
2710608.0, 10796588.0, 1, 0.0
2710608.0, 10796588.0, 1, 0.0
2710608.0, 10796588.0, 1, 0.0
3023636.0, 18356774.0, 2, inf
2367888.0, 18355602.0, 2, inf
6374422.0, 3237390.0, 2, inf
5406650.0, 2808410.0, 2, inf
4839126.0, 5666182.0, 2, 0.311391673807
2837828.0, 14549846.0, 2, 0.292491843763
4147026.0, 5803314.0, 2, 0.285991897109
5770854.0, 3432660.0, 2, 0.262295050669
3402038.0, 7978702.0, 2, 0.248977338989
3972028.0, 3559966.0, 2, 0.244183858571
3189604.0, 12083368.0, 2, 0.212542015011
5033722.0, 6747896.0, 2, 0.199231154923
3074458.0, 16139850.0, 2, 0.152509041627
5165100.0, 4338206.0, 2, 0.133024489097
5076794.0, 4402730.0, 2, 0.118200307693
2606628.0, 17614730.0, 2, 0.115306966238
2724478.0, 16729434.0, 2, 0.0968440032854
3119642.0, 11366858.0, 2, 0.0943771808603
3070250.0, 9029038.0, 2, 0.0922122460968
5392596.0, 2809062.0, 2, 0.0878790588737
3166456.0, 8020548.0, 2, 0.0798525033219
2851074.0, 10490116.0, 2, 0.077912821775
2606628.0, 17614730.0, 2, 0.0770639662592
3218820.0, 9784642.0, 2, 0.0703325005792
3011192.0, 16748386.0, 2, 0.0610310234494
3002376.0, 9607790.0, 2, 0.0575584188696
2911616.0, 10709706.0, 2, 0.0553484281449
3121228.0, 10797460.0, 2, 0.0479096477318
3292406.0, 7981642.0, 2, 0.0385495039976
3253220.0, 9257070.0, 2, 0.0269783834286
3187462.0, 9260788.0, 2, 0.0259087384734
3007238.0, 10763528.0, 2, 0.00784434348191
3244034.0, 8000558.0, 2, 0.00750981104393
3176174.0, 8000694.0, 2, 0.00652860147483
3121228.0, 10797460.0, 2, 0.00257820516307
3244034.0, 8000558.0, 2, 0.00230150168602
3121228.0, 10797460.0, 2, 0.0
5486066.0, 2830252.0, 3, inf
3245782.0, 9780996.0, 3, inf
6216588.0, 19251216.0, 3, inf
14027044.0, 4501592.0, 3, inf
12088804.0, 3006158.0, 3, 0.210873533509
6426454.0, 5393280.0, 3, 0.184204159078
7278316.0, 7252670.0, 3, 0.179942843341
11675002.0, 17995262.0, 3, 0.176971053457
3812102.0, 14544088.0, 3, 0.166716009232
8289132.0, 10698764.0, 3, 0.144637287463
10132224.0, 3587912.0, 3, 0.137026631413
11080434.0, 8393972.0, 3, 0.135613017614
3534958.0, 12663202.0, 3, 0.126438310564
5513530.0, 13054252.0, 3, 0.123678160069
4402672.0, 15867840.0, 3, 0.112809124597
4454454.0, 8022034.0, 3, 0.102781961451
7766726.0, 10908816.0, 3, 0.102258855368
9281258.0, 3703134.0, 3, 0.100401930649
3871118.0, 11559436.0, 3, 0.0960560645639
9320934.0, 17355494.0, 3, 0.0952363674537
6886518.0, 9114476.0, 3, 0.0936062662002
3631606.0, 15612986.0, 3, 0.0901124256486
7390354.0, 11342146.0, 3, 0.0833590404223
Generacion: 202
6949694.0, 2411920.0, 1, inf
2369348.0, 17808138.0, 1, inf
5769518.0, 2469228.0, 1, 0.35688654326
3109740.0, 3943170.0, 1, 0.327564575655
2688856.0, 14544364.0, 1, 0.285010819188
3101228.0, 8022508.0, 1, 0.26635005514
4641292.0, 2478828.0, 1, 0.20826409214
2708848.0, 11374202.0, 1, 0.206289492891
2662876.0, 15607762.0, 1, 0.184848101342
4151906.0, 3218452.0, 1, 0.184364437513
3402756.0, 3220954.0, 1, 0.164249501027
5333146.0, 2472814.0, 1, 0.151281328589
4402816.0, 2552114.0, 1, 0.13423967976
4244654.0, 3212366.0, 1, 0.098059034443
5333146.0, 2472814.0, 1, 0.0956611473738
2398982.0, 17552796.0, 1, 0.0906077620707
3266428.0, 3534550.0, 1, 0.0863424643941
3029654.0, 8025666.0, 1, 0.0851941825321
2807700.0, 9788770.0, 1, 0.0796996484952
2491168.0, 16725824.0, 1, 0.0779000864937
2466980.0, 16741298.0, 1, 0.0738390986447
3004136.0, 9030198.0, 1, 0.0666112095778
2710608.0, 10796588.0, 1, 0.065843053382
2931800.0, 9033356.0, 1, 0.0633664089676
2872928.0, 9786840.0, 1, 0.0631803968192
2710608.0, 10796588.0, 1, 0.0587141413461
3293530.0, 3231608.0, 1, 0.0435230607552
2708848.0, 11374202.0, 1, 0.0418813518581
2491168.0, 16725824.0, 1, 0.0384930496515
3402756.0, 3220954.0, 1, 0.0240091775405
2807700.0, 9788770.0, 1, 0.0213228807131
3094848.0, 8023446.0, 1, 0.0158314457208
2997880.0, 9031936.0, 1, 0.0145397425746
2872928.0, 9786840.0, 1, 0.0129785329281
2931800.0, 9033356.0, 1, 0.0129454079099
3293530.0, 3231608.0, 1, 0.00660900836589
3004136.0, 9030198.0, 1, 0.00568407970549
3101228.0, 8022508.0, 1, 0.00191929894424
2997880.0, 9031936.0, 1, 0.00145806612398
2997880.0, 9031936.0, 1, 0.0
3402756.0, 3220954.0, 1, 0.0
3402756.0, 3220954.0, 1, 0.0
2710608.0, 10796588.0, 1, 0.0
2872928.0, 9786840.0, 1, 0.0
2931800.0, 9033356.0, 1, 0.0
2931800.0, 9033356.0, 1, 0.0
2669312.0, 16730566.0, 2, inf
9155742.0, 2852054.0, 2, inf
5559162.0, 2805246.0, 2, inf
3023636.0, 18356774.0, 2, inf
8896442.0, 2853582.0, 2, 0.452310571335
6374422.0, 3237390.0, 2, 0.419326030496
3180134.0, 12987740.0, 2, 0.329168965367
4391192.0, 5454636.0, 2, 0.21692489901
3292406.0, 7981642.0, 2, 0.210849295808
6187878.0, 3258024.0, 2, 0.142069067025
5040628.0, 4709774.0, 2, 0.136378973696
4573812.0, 3632582.0, 2, 0.127184044702
3493052.0, 17203050.0, 2, 0.117114114111
2815636.0, 11083852.0, 2, 0.112801684829
3593470.0, 17975824.0, 2, 0.109708901121
4137328.0, 11618544.0, 2, 0.108326378329
5165100.0, 4338206.0, 2, 0.107077545373
3181870.0, 9796236.0, 2, 0.0841118141294
3984980.0, 9793354.0, 2, 0.0771462995619
3166456.0, 8020548.0, 2, 0.0752450976052
2800502.0, 17830054.0, 2, 0.0722496741116
3070250.0, 9029038.0, 2, 0.0720346777302
4080100.0, 5041466.0, 2, 0.0713835746406
3012842.0, 9763212.0, 2, 0.0561886870767
4259612.0, 3499840.0, 2, 0.0543469113773
5285890.0, 3245074.0, 2, 0.050809504205
4565334.0, 3217826.0, 2, 0.0502688754003
2879070.0, 11562514.0, 2, 0.0465868609806
5486066.0, 2830252.0, 2, 0.045139665225
3114872.0, 9266138.0, 2, 0.0397654620399
4384592.0, 11362104.0, 2, 0.0384833812198
3187462.0, 9260788.0, 2, 0.0320994424539
3070250.0, 9029038.0, 2, 0.0217813575523
3119642.0, 11366858.0, 2, 0.0197983643353
4188300.0, 9263218.0, 2, 0.0191962984811
3178926.0, 8000998.0, 2, 0.00461045776825
4565334.0, 3217826.0, 2, 0.00256504781353
3119642.0, 11366858.0, 2, 0.00104107483806
6262274.0, 19243608.0, 3, inf
11454998.0, 2985888.0, 3, inf
12283242.0, 3729872.0, 3, inf
3187026.0, 8003152.0, 3, inf
11589264.0, 14495188.0, 3, 0.293798808227
6425480.0, 17004582.0, 3, 0.261957908577
6982926.0, 11048050.0, 3, 0.249966830816
4678120.0, 9594830.0, 3, 0.235201278449
3222434.0, 8948132.0, 3, 0.232256615176
8606408.0, 5896764.0, 3, 0.225297256067
4844808.0, 16117918.0, 3, 0.203411195342
9838328.0, 5322542.0, 3, 0.185028721925
5311618.0, 7042900.0, 3, 0.148582321739
10380430.0, 14555676.0, 3, 0.143911445919
11022232.0, 3006306.0, 3, 0.108635939858
7826792.0, 3437222.0, 3, 0.106354789838
Generacion: 203
7760538.0, 2462390.0, 1, inf
2398982.0, 17552796.0, 1, inf
5236474.0, 2492360.0, 1, 0.539034717055
3149268.0, 3567154.0, 1, 0.328216672773
3101228.0, 8022508.0, 1, 0.317762984241
2688856.0, 14544364.0, 1, 0.298990919187
4244654.0, 3212366.0, 1, 0.276059702318
2708848.0, 11374202.0, 1, 0.252411913108
2521342.0, 15358350.0, 1, 0.181430783384
4749732.0, 2846242.0, 1, 0.166422286445
3402756.0, 3220954.0, 1, 0.157730949771
2710608.0, 10796588.0, 1, 0.123499434511
4906476.0, 2563722.0, 1, 0.114234514084
2491168.0, 16725824.0, 1, 0.101783408483
3029654.0, 8025666.0, 1, 0.0799170755551
2807700.0, 9788770.0, 1, 0.0789512181792
2466980.0, 16741298.0, 1, 0.0719950655602
3004136.0, 9030198.0, 1, 0.0677344181325
2930040.0, 9610948.0, 1, 0.0609117217261
2931800.0, 9033356.0, 1, 0.0506002250202
3266428.0, 3534550.0, 1, 0.0491424584355
3293530.0, 3231608.0, 1, 0.0462080975733
2872928.0, 9786840.0, 1, 0.0238217538029
3402756.0, 3220954.0, 1, 0.0209411744025
2807700.0, 9788770.0, 1, 0.0182368179414
2997880.0, 9031936.0, 1, 0.0124399528579
2872928.0, 9786840.0, 1, 0.0107800274127
3029654.0, 8025666.0, 1, 0.00496871127423
3004136.0, 9030198.0, 1, 0.00487461175166
2997880.0, 9031936.0, 1, 0.00126092497399
2931800.0, 9033356.0, 1, 0.000422362437292
3029654.0, 8025666.0, 1, 0.0
2997880.0, 9031936.0, 1, 0.0
3004136.0, 9030198.0, 1, 0.0
3004136.0, 9030198.0, 1, 0.0
9155742.0, 2852054.0, 2, inf
2469766.0, 17980106.0, 2, inf
5271050.0, 2568226.0, 2, inf
7500010.0, 3230720.0, 2, 0.372718822106
2590462.0, 15611076.0, 2, 0.354272648333
3166456.0, 8020548.0, 2, 0.336546828732
3054980.0, 13305494.0, 2, 0.313849707202
3197672.0, 3940842.0, 2, 0.276163143718
8755586.0, 2840096.0, 2, 0.266058711022
6308112.0, 3331852.0, 2, 0.196829262476
4291502.0, 3588450.0, 2, 0.193909753903
2810486.0, 11025466.0, 2, 0.190922435021
6235808.0, 3555918.0, 2, 0.170574732752
3431882.0, 9742852.0, 2, 0.140341542653
3288592.0, 8945014.0, 2, 0.111641649107
3913188.0, 10437716.0, 2, 0.0948347477557
3866874.0, 3350110.0, 2, 0.0865259205334
4042832.0, 3229240.0, 2, 0.0561528701371
4124352.0, 9365962.0, 2, 0.0557943990485
3002376.0, 9607790.0, 2, 0.0477522321967
3225810.0, 3901172.0, 2, 0.0364635716975
2899212.0, 10798832.0, 2, 0.0298957624263
2876244.0, 11021778.0, 2, 0.0279756129637
2899212.0, 10798832.0, 2, 0.0268662656957
3114872.0, 9266138.0, 2, 0.0252240815543
3111440.0, 9321104.0, 2, 0.0120933577314
3118436.0, 9317638.0, 2, 0.0112817230424
2606628.0, 17614730.0, 3, inf
12735652.0, 4052014.0, 3, inf
10045646.0, 3345770.0, 3, inf
4830536.0, 19740308.0, 3, inf
11866046.0, 3734842.0, 3, 0.258334646998
6427472.0, 8192892.0, 3, 0.200983314583
5193490.0, 5882280.0, 3, 0.185972438778
8393686.0, 12713584.0, 3, 0.180400938493
7010148.0, 17884334.0, 3, 0.17440777266
4722172.0, 14008026.0, 3, 0.173128325868
3715226.0, 15606200.0, 3, 0.17311908338
9963116.0, 11470710.0, 3, 0.134176634562
5576198.0, 13164912.0, 3, 0.119522872279
3244944.0, 16909248.0, 3, 0.111568701305
12587438.0, 4637940.0, 3, 0.108699769068
5197006.0, 8775246.0, 3, 0.0928507601247
6025224.0, 11170678.0, 3, 0.0910187581023
7368592.0, 5326146.0, 3, 0.0896489513953
6783506.0, 10747492.0, 3, 0.0834466864328
5070074.0, 9630130.0, 3, 0.0812494542105
7738316.0, 10451552.0, 3, 0.0786181581275
7757318.0, 10657346.0, 3, 0.0776201473565
2606628.0, 17614730.0, 3, 0.076025646866
9639820.0, 4254232.0, 3, 0.0741285144742
8853572.0, 9708170.0, 3, 0.0689090867083
4153196.0, 17827976.0, 3, 0.064746931072
4819134.0, 16524122.0, 3, 0.0645504471217
3296120.0, 4023080.0, 3, 0.0643548787416
5302762.0, 15865192.0, 3, 0.0623281175263
6196226.0, 9875980.0, 3, 0.0583804213674
9140376.0, 4195040.0, 3, 0.0567018284786
8537876.0, 9784674.0, 3, 0.0556385210473
3902236.0, 5337994.0, 3, 0.0553253516075
9302970.0, 4393582.0, 3, 0.0539880571071
5721120.0, 4341850.0, 3, 0.0528304105604
4573812.0, 3632582.0, 3, 0.0471846088484
4461994.0, 4418574.0, 3, 0.0470538428212
6204544.0, 4793138.0, 3, 0.0456848446088
Generacion: 204
2369348.0, 17808138.0, 1, inf
7136168.0, 2439870.0, 1, inf
5444418.0, 2486294.0, 1, 0.401939862352
2521342.0, 15358350.0, 1, 0.338856232887
2669980.0, 12094682.0, 1, 0.336534812179
3148862.0, 4390194.0, 1, 0.291174932268
4005506.0, 2929364.0, 1, 0.285221547632
3111134.0, 8006310.0, 1, 0.246344377838
4639786.0, 2825788.0, 1, 0.188953734967
3402756.0, 3220954.0, 1, 0.169027547296
4774270.0, 2503974.0, 1, 0.146871147683
2710608.0, 10796588.0, 1, 0.110516771986
5236474.0, 2492360.0, 1, 0.0973574644546
2491168.0, 16725824.0, 1, 0.0940546011166
2398982.0, 17552796.0, 1, 0.0898999414779
3004136.0, 9030198.0, 1, 0.0805389309877
3225810.0, 3901172.0, 1, 0.0803394226616
3029654.0, 8025666.0, 1, 0.0790406575055
2466980.0, 16741298.0, 1, 0.0731494559929
2930040.0, 9610948.0, 1, 0.0613789287099
3266428.0, 3534550.0, 1, 0.0577744904506
2872928.0, 9786840.0, 1, 0.0577427183779
2851074.0, 10490116.0, 1, 0.0548592517131
2931800.0, 9033356.0, 1, 0.0527583118574
2834788.0, 10506968.0, 1, 0.0494093135367
3293530.0, 3231608.0, 1, 0.0490047821346
5236474.0, 2492360.0, 1, 0.044378925126
2710608.0, 10796588.0, 1, 0.0273684071394
2872928.0, 9786840.0, 1, 0.0160297491462
3094848.0, 8023446.0, 1, 0.015220529822
2491168.0, 16725824.0, 1, 0.00733688605807
3004136.0, 9030198.0, 1, 0.00555874271865
3029654.0, 8025666.0, 1, 0.00549770786423
3101228.0, 8022508.0, 1, 0.00453155825722
2931800.0, 9033356.0, 1, 0.000574707240068
2931800.0, 9033356.0, 1, 0.0
3029654.0, 8025666.0, 1, 0.0
6028894.0, 2788622.0, 2, inf
2686778.0, 16759590.0, 2, inf
2669312.0, 16730566.0, 2, inf
5411352.0, 2505218.0, 2, inf
3866874.0, 3350110.0, 2, 0.599286571274
3315642.0, 7997112.0, 2, 0.498147162256
4825640.0, 3258716.0, 2, 0.357185654565
4230740.0, 3337328.0, 2, 0.291794173652
2688856.0, 14544364.0, 2, 0.255247743406
2774516.0, 11364856.0, 2, 0.253191554946
3002376.0, 9607790.0, 2, 0.235896462045
5725562.0, 2817608.0, 2, 0.206630119619
2735614.0, 12085032.0, 2, 0.159445456669
5444644.0, 3255090.0, 2, 0.124471969183
3079682.0, 13274204.0, 2, 0.112905884684
3244792.0, 13299376.0, 2, 0.104794002242
3288592.0, 8945014.0, 2, 0.0893298092872
3166456.0, 8020548.0, 2, 0.0685666803621
3253220.0, 9257070.0, 2, 0.0516998268442
3070250.0, 9029038.0, 2, 0.0291454202722
3166456.0, 8020548.0, 2, 0.0272003175008
3192740.0, 9032462.0, 2, 0.0207699550645
3194960.0, 13286242.0, 2, 0.017259508489
3178926.0, 8000998.0, 2, 0.00945509178428
3250500.0, 7997292.0, 2, 0.00278126353401
2839832.0, 16735376.0, 3, inf
8755586.0, 2840096.0, 3, inf
6152680.0, 19230448.0, 3, inf
3300824.0, 15353924.0, 3, 0.311435632634
3787148.0, 8253716.0, 3, 0.309223979543
4449272.0, 3842400.0, 3, 0.28237620402
5142196.0, 13201428.0, 3, 0.260722462825
7071134.0, 17486244.0, 3, 0.215589311015
7871958.0, 3498328.0, 3, 0.21308419864
4273920.0, 11469360.0, 3, 0.173832825118
5932044.0, 9753264.0, 3, 0.16077520705
6666614.0, 16899952.0, 3, 0.135666444461
7521832.0, 10432880.0, 3, 0.120645754161
4239168.0, 8672028.0, 3, 0.114771020811
6535894.0, 3258102.0, 3, 0.110970932129
4541636.0, 18117996.0, 3, 0.108786868625
4070262.0, 15774096.0, 3, 0.0902045864487
5498888.0, 3657656.0, 3, 0.0869404753871
4080058.0, 9597734.0, 3, 0.0853944836076
5471208.0, 18064046.0, 3, 0.0851846852306
3839798.0, 10903236.0, 3, 0.084247972067
3753658.0, 16743330.0, 3, 0.0828304818527
4822282.0, 16745574.0, 3, 0.0730252522303
6193918.0, 3349284.0, 3, 0.0721729057426
7537806.0, 3582824.0, 3, 0.0657760614342
5222974.0, 9609132.0, 3, 0.0647414873373
3913188.0, 10437716.0, 3, 0.0633905904769
5082656.0, 3606352.0, 3, 0.0586439263471
4707186.0, 3379298.0, 3, 0.0544585977346
4438036.0, 3464314.0, 3, 0.0369037291847
4045036.0, 9603698.0, 3, 0.0272472231248
4484618.0, 3754532.0, 3, 0.0149992905079
4484618.0, 3754532.0, 3, 0.0118854437836
11431998.0, 16404414.0, 4, inf
10032736.0, 3778984.0, 4, inf
4578546.0, 4361958.0, 4, inf
12587438.0, 4637940.0, 4, inf
10940034.0, 15774888.0, 4, 0.431174243171
Generacion: 205
2367888.0, 18355602.0, 1, inf
7136168.0, 2439870.0, 1, inf
5444418.0, 2486294.0, 1, 0.401700353636
3531628.0, 7122048.0, 1, 0.34366576743
2521342.0, 15358350.0, 1, 0.328479202638
3610668.0, 3492468.0, 1, 0.314372003787
2669980.0, 12094682.0, 1, 0.272894750446
4649010.0, 3244820.0, 1, 0.254198276206
3870588.0, 3249980.0, 1, 0.233320232902
4989198.0, 2937964.0, 1, 0.14550693597
3315760.0, 7977806.0, 1, 0.104178530444
2491168.0, 16725824.0, 1, 0.0982926445173
2398982.0, 17552796.0, 1, 0.0875058407181
2851074.0, 10490116.0, 1, 0.0835486395823
3029654.0, 8025666.0, 1, 0.0822791996573
5219180.0, 2832104.0, 1, 0.0798562387206
2466980.0, 16741298.0, 1, 0.0712925839509
3004136.0, 9030198.0, 1, 0.0698884833026
5236474.0, 2492360.0, 1, 0.0649562814166
2930040.0, 9610948.0, 1, 0.0596886793318
2369348.0, 17808138.0, 1, 0.056962044995
2872928.0, 9786840.0, 1, 0.0561649589244
2671740.0, 11517034.0, 1, 0.0534197843875
2708848.0, 11374202.0, 1, 0.0534176481364
2931800.0, 9033356.0, 1, 0.0506072060145
2710608.0, 10796588.0, 1, 0.0505974977831
2776722.0, 10795458.0, 1, 0.048714337162
3176174.0, 8000694.0, 1, 0.0298318796683
3250830.0, 7997796.0, 1, 0.0255731398843
3111134.0, 8006310.0, 1, 0.0170882108277
2872928.0, 9786840.0, 1, 0.0156346592584
2997880.0, 9031936.0, 1, 0.0153686700979
3094848.0, 8023446.0, 1, 0.0152088640462
3292406.0, 7981642.0, 1, 0.0148730594527
5236474.0, 2492360.0, 1, 0.00400801665595
3101228.0, 8022508.0, 1, 0.00235574383062
3101228.0, 8022508.0, 1, 0.00213641406956
2872928.0, 9786840.0, 1, 0.0
5236474.0, 2492360.0, 1, 0.0
5236474.0, 2492360.0, 1, 0.0
10197794.0, 3491652.0, 2, inf
2606628.0, 17614730.0, 2, inf
6517952.0, 2488860.0, 2, inf
8180328.0, 3647480.0, 2, 0.492984093802
4962032.0, 7615434.0, 2, 0.466371977253
2760508.0, 14541050.0, 2, 0.312174880025
6535894.0, 3258102.0, 2, 0.270651240993
5347996.0, 4908770.0, 2, 0.223544219436
3315642.0, 7997112.0, 2, 0.217139271207
2735614.0, 12085032.0, 2, 0.17478174902
2724478.0, 16729434.0, 2, 0.153487161748
3018438.0, 10465160.0, 2, 0.131610663874
6109428.0, 3933216.0, 2, 0.126092177393
2995674.0, 9601300.0, 2, 0.121178938317
3166456.0, 8020548.0, 2, 0.106149216537
5839498.0, 4326074.0, 2, 0.0901711584427
5352156.0, 3760468.0, 2, 0.0833447781102
2774516.0, 11364856.0, 2, 0.0752313852301
2669312.0, 16730566.0, 2, 0.0740532246187
2879070.0, 11562514.0, 2, 0.0689500212967
3002376.0, 9607790.0, 2, 0.0587982399132
5306014.0, 3651902.0, 2, 0.0583136874326
5844624.0, 3270308.0, 2, 0.0509988714378
3315642.0, 7997112.0, 2, 0.0432433391317
3134694.0, 11969116.0, 2, 0.0407115626544
5839498.0, 4326074.0, 2, 0.0391983980789
3119642.0, 11366858.0, 2, 0.0283821892299
3178926.0, 8000998.0, 2, 0.0212019788618
3166456.0, 8020548.0, 2, 0.00547656160049
3002376.0, 9607790.0, 2, 0.00131193455244
3166456.0, 8020548.0, 2, 0.0
3166456.0, 8020548.0, 2, 0.0
9553690.0, 3715168.0, 3, inf
12369402.0, 3921324.0, 3, inf
3038580.0, 12981578.0, 3, inf
6203242.0, 19194658.0, 3, inf
10954118.0, 13082846.0, 3, 0.284387012376
9814968.0, 5006336.0, 3, 0.190022770438
4820690.0, 15761508.0, 3, 0.173914532743
8542546.0, 6677402.0, 3, 0.142334194595
7906328.0, 7993370.0, 3, 0.1385868595
3615878.0, 17605854.0, 3, 0.127754445942
8843246.0, 12071110.0, 3, 0.11915523398
9141370.0, 11899360.0, 3, 0.117112413071
5147828.0, 11243232.0, 3, 0.0956822484072
5758404.0, 13277682.0, 3, 0.0931807638335
8542118.0, 5696804.0, 3, 0.0915835316033
3093818.0, 14231532.0, 3, 0.091527600225
8606408.0, 5896764.0, 3, 0.0910419027892
6530122.0, 10485018.0, 3, 0.0868740169866
8146496.0, 14699328.0, 3, 0.0832559852339
4577976.0, 17092692.0, 3, 0.0809492122557
4055068.0, 10198636.0, 3, 0.0780452668931
3149836.0, 14787318.0, 3, 0.0773043768687
7526494.0, 4469154.0, 3, 0.0767125182329
5191118.0, 12856340.0, 3, 0.0745899439265
3567812.0, 13281964.0, 3, 0.0733259682824
5294996.0, 9606520.0, 3, 0.066664507564
3215390.0, 16700198.0, 3, 0.0659438891751
9608614.0, 4450240.0, 3, 0.0633923067171
Generacion: 206
2367888.0, 18355602.0, 1, inf
7136168.0, 2439870.0, 1, inf
5553966.0, 2467816.0, 1, 0.380198283377
3882832.0, 3570346.0, 1, 0.343966990694
3763694.0, 6026358.0, 1, 0.319532205247
4376006.0, 2595668.0, 1, 0.278088128891
2613712.0, 14539322.0, 1, 0.236231492379
3536086.0, 7498554.0, 1, 0.216551635498
4883818.0, 2485496.0, 1, 0.208449690987
2669980.0, 12094682.0, 1, 0.202062706944
5333146.0, 2472814.0, 1, 0.141653771709
2466980.0, 16741298.0, 1, 0.128260847767
2521342.0, 15358350.0, 1, 0.106111489945
2482346.0, 15789686.0, 1, 0.0982926445173
2671740.0, 11517034.0, 1, 0.0900809062037
2807700.0, 9788770.0, 1, 0.0889791771524
2398982.0, 17552796.0, 1, 0.0875058407181
3070250.0, 9029038.0, 1, 0.0850973473489
3315760.0, 7977806.0, 1, 0.0814572423844
3101228.0, 8022508.0, 1, 0.0769207663905
2710608.0, 10796588.0, 1, 0.0714734937613
2710608.0, 10796588.0, 1, 0.0656283404615
2930040.0, 9610948.0, 1, 0.0620369039349
2369348.0, 17808138.0, 1, 0.056962044995
2997880.0, 9031936.0, 1, 0.0515572341169
2807700.0, 9788770.0, 1, 0.0315347781924
2930040.0, 9610948.0, 1, 0.0254000713379
3250500.0, 7997292.0, 1, 0.0234517052115
3166456.0, 8020548.0, 1, 0.0192096455005
3187026.0, 8003152.0, 1, 0.0190868385422
3292406.0, 7981642.0, 1, 0.0149106000168
2997880.0, 9031936.0, 1, 0.0144094364114
3101228.0, 8022508.0, 1, 0.00661983083467
2807700.0, 9788770.0, 1, 0.0
6517952.0, 2488860.0, 2, inf
2583112.0, 15613428.0, 2, inf
3001640.0, 16689316.0, 2, inf
4014008.0, 7206274.0, 2, 0.422954259912
5236474.0, 2492360.0, 2, 0.420143475905
4649010.0, 3244820.0, 2, 0.365422033215
2760508.0, 14541050.0, 2, 0.258357164424
2735614.0, 12085032.0, 2, 0.228105848565
4989198.0, 2937964.0, 2, 0.202286504731
3252786.0, 8001590.0, 2, 0.197602109713
3698568.0, 8606374.0, 2, 0.185767434632
4197342.0, 9392708.0, 2, 0.172636879592
3488088.0, 9236404.0, 2, 0.168664866162
4624564.0, 8496416.0, 2, 0.157375933133
2995338.0, 9791014.0, 2, 0.126485954357
2688278.0, 15897446.0, 2, 0.114521176639
2774516.0, 11364856.0, 2, 0.114390376876
2879070.0, 11562514.0, 2, 0.0947279624267
3068044.0, 9598402.0, 2, 0.0645067600529
4044760.0, 9595470.0, 2, 0.0610775194944
2947700.0, 9763362.0, 2, 0.0424510267511
2774516.0, 11364856.0, 2, 0.0404904777309
4649010.0, 3244820.0, 2, 0.0278215885096
3002376.0, 9607790.0, 2, 0.0276442843947
3002376.0, 9607790.0, 2, 0.000848152526253
3002376.0, 9607790.0, 2, 0.0
3002376.0, 9607790.0, 2, 0.0
12687890.0, 2953064.0, 3, inf
3180584.0, 10505074.0, 3, inf
3739156.0, 17861982.0, 3, inf
6776768.0, 2490272.0, 3, inf
4901096.0, 16697458.0, 3, 0.363099077574
4446180.0, 12278888.0, 3, 0.338072789149
4783476.0, 8023358.0, 3, 0.281876019748
5788060.0, 5837262.0, 3, 0.23868397707
5234560.0, 9434656.0, 3, 0.131317066902
5284332.0, 4653672.0, 3, 0.116905070463
3870874.0, 11080824.0, 3, 0.107100439444
4939502.0, 17608074.0, 3, 0.08748669425
6017702.0, 3815078.0, 3, 0.0788913761524
3536014.0, 11486806.0, 3, 0.0786146213242
4328492.0, 9955174.0, 3, 0.074416368427
5012608.0, 11947116.0, 3, 0.0735114708913
6220072.0, 11198534.0, 3, 0.0656618515039
5901062.0, 3629164.0, 3, 0.0549777354956
6390872.0, 9602594.0, 3, 0.0546075158524
5557228.0, 10126308.0, 3, 0.0545400253111
3454736.0, 9798154.0, 3, 0.0498583665688
6535894.0, 3258102.0, 3, 0.0494749526628
5646524.0, 12139744.0, 3, 0.04586271824
5411352.0, 2505218.0, 3, 0.0444779978255
5839498.0, 4326074.0, 3, 0.0340695685612
4388232.0, 10413314.0, 3, 0.0320839983345
5839498.0, 4326074.0, 3, 0.0277871884569
5831636.0, 3212676.0, 3, 0.0252544816969
4375412.0, 9763436.0, 3, 0.0190056605523
6535894.0, 3258102.0, 3, 0.0182089116967
5411352.0, 2505218.0, 3, 0.0143325571977
7450018.0, 18561392.0, 4, inf
6143868.0, 5329272.0, 4, inf
12777340.0, 3077824.0, 4, inf
10981990.0, 14955948.0, 4, 0.458091671192
12182960.0, 17554762.0, 4, 0.321314854849
12759366.0, 7431112.0, 4, 0.241820780406
10265450.0, 4033600.0, 4, 0.206457563406
9820370.0, 12458064.0, 4, 0.186488850392
Generacion: 207
2367888.0, 18355602.0, 1, inf
7136168.0, 2439870.0, 1, inf
4883818.0, 2485496.0, 1, 0.492219870478
3472440.0, 4782792.0, 1, 0.417673691208
3972016.0, 3233612.0, 1, 0.358438736393
2669980.0, 12094682.0, 1, 0.25548035508
3402038.0, 7978702.0, 1, 0.248477520243
4711870.0, 3214990.0, 1, 0.221235179825
2613712.0, 14539322.0, 1, 0.172970732442
2521342.0, 15358350.0, 1, 0.163079753761
2491168.0, 16725824.0, 1, 0.0982926445173
2710608.0, 10796588.0, 1, 0.0939309317894
2931800.0, 9033356.0, 1, 0.0874369752729
2769594.0, 10509192.0, 1, 0.0836841860864
3029654.0, 8025666.0, 1, 0.0822791996573
4830026.0, 2576388.0, 1, 0.0818955771014
2807700.0, 9788770.0, 1, 0.0712909294266
3004136.0, 9030198.0, 1, 0.0698884833026
2613712.0, 14539322.0, 1, 0.0632607599367
2398982.0, 17552796.0, 1, 0.0572019812331
2466980.0, 16741298.0, 1, 0.0560598503179
2807700.0, 9788770.0, 1, 0.0554549135106
2369348.0, 17808138.0, 1, 0.0406124834958
3250830.0, 7997796.0, 1, 0.0345097093569
2398982.0, 17552796.0, 1, 0.030303859485
2710608.0, 10796588.0, 1, 0.0265778263579
3176174.0, 8000694.0, 1, 0.0175255882471
2369348.0, 17808138.0, 1, 0.0163495614992
3244034.0, 8000558.0, 1, 0.0158388826688
2997880.0, 9031936.0, 1, 0.0153686700979
2466980.0, 16741298.0, 1, 0.015232733633
3094848.0, 8023446.0, 1, 0.0152088640462
3166456.0, 8020548.0, 1, 0.0149270107782
3101228.0, 8022508.0, 1, 0.0137385011953
3166456.0, 8020548.0, 1, 0.00216120004956
3101228.0, 8022508.0, 1, 0.00146115726684
2398982.0, 17552796.0, 1, 0.0
2710608.0, 10796588.0, 1, 0.0
2710608.0, 10796588.0, 1, 0.0
2710608.0, 10796588.0, 1, 0.0
2369348.0, 17808138.0, 1, 0.0
5508012.0, 2486740.0, 2, inf
2792840.0, 18114224.0, 2, inf
2606628.0, 17614730.0, 2, inf
4750318.0, 3227384.0, 2, 0.702040946168
3976448.0, 7491666.0, 2, 0.66948344298
5102648.0, 2586490.0, 2, 0.308542843459
3019144.0, 12485806.0, 2, 0.204737149211
2858886.0, 14313454.0, 2, 0.181352992392
2737820.0, 11515610.0, 2, 0.160275649238
3488088.0, 9236404.0, 2, 0.155800889135
2655966.0, 16071856.0, 2, 0.147812145399
2662876.0, 15607762.0, 2, 0.126168064627
3698568.0, 8606374.0, 2, 0.122821178175
3070250.0, 9029038.0, 2, 0.120992870296
3698568.0, 8606374.0, 2, 0.109761300469
3288866.0, 8024772.0, 2, 0.105881083304
2760508.0, 14541050.0, 2, 0.101785908894
3253220.0, 9257070.0, 2, 0.0986984999574
2834788.0, 10506968.0, 2, 0.0856922946972
2995674.0, 9601300.0, 2, 0.0691729941479
2851074.0, 10490116.0, 2, 0.066259230131
2995674.0, 9601300.0, 2, 0.0649644251379
3288866.0, 8024772.0, 2, 0.0463992216111
5092490.0, 17994312.0, 3, inf
12145114.0, 3440860.0, 3, inf
3002376.0, 9607790.0, 3, inf
10417340.0, 2679932.0, 3, inf
8744804.0, 2856084.0, 3, 0.384096628518
5130754.0, 6182858.0, 3, 0.359462489044
7011150.0, 3490352.0, 3, 0.242686395039
5350912.0, 9159926.0, 3, 0.217344726103
4345862.0, 12090776.0, 3, 0.213863764425
5388334.0, 3788032.0, 3, 0.204490383571
5213168.0, 14497544.0, 3, 0.179975552571
3932022.0, 16748072.0, 3, 0.124526742736
5817298.0, 15693942.0, 3, 0.110338715902
4155532.0, 11163182.0, 3, 0.104972945916
6710768.0, 3270916.0, 3, 0.0981412586857
3484384.0, 14790046.0, 3, 0.0923617580826
4667508.0, 17398898.0, 3, 0.0889601001515
3300824.0, 15353924.0, 3, 0.0880691373269
3663632.0, 17548702.0, 3, 0.0878404504265
5171922.0, 10174254.0, 3, 0.0737006721008
6057952.0, 16049932.0, 3, 0.0658618045125
6462642.0, 9590142.0, 3, 0.0502859457282
4137328.0, 11618544.0, 3, 0.0488567349203
3996810.0, 9952200.0, 3, 0.0473800329848
3136276.0, 16031384.0, 3, 0.046919343556
4950294.0, 3750376.0, 3, 0.0467452336846
4761464.0, 9233758.0, 3, 0.0424510974566
5992686.0, 9368332.0, 3, 0.0410182576561
3218820.0, 9784642.0, 3, 0.040486992527
4234822.0, 14547176.0, 3, 0.0399174414672
6166978.0, 3785552.0, 3, 0.0388724649732
6390872.0, 9602594.0, 3, 0.0334910523781
5378896.0, 2856656.0, 3, 0.0311808282642
4133624.0, 10172548.0, 3, 0.0298690620375
5012608.0, 11947116.0, 3, 0.0296625047972
4681222.0, 11874696.0, 3, 0.0233300597836
Generacion: 208
2369348.0, 17808138.0, 1, inf
2369348.0, 17808138.0, 1, inf
7245648.0, 2419760.0, 1, inf
5333146.0, 2472814.0, 1, 0.488620584288
3472440.0, 4782792.0, 1, 0.475539469134
4244654.0, 3212366.0, 1, 0.351564459854
2613712.0, 14539322.0, 1, 0.280467136428
3394984.0, 7848802.0, 1, 0.23187542657
2671740.0, 11517034.0, 1, 0.204010554422
2482346.0, 15789686.0, 1, 0.167696909079
4883818.0, 2485496.0, 1, 0.156269341908
2398982.0, 17552796.0, 1, 0.154340197897
4688236.0, 3209532.0, 1, 0.115010668959
4751044.0, 3040578.0, 1, 0.0871595217428
2776722.0, 10795458.0, 1, 0.0854031506771
2807700.0, 9788770.0, 1, 0.0787952560315
3029654.0, 8025666.0, 1, 0.0786481777975
2931800.0, 9033356.0, 1, 0.069337481439
3004136.0, 9030198.0, 1, 0.0665615547431
2521342.0, 15358350.0, 1, 0.0612208499958
2893498.0, 9769524.0, 1, 0.0610375729581
2708848.0, 11374202.0, 1, 0.0547883373652
2710608.0, 10796588.0, 1, 0.0510939605122
2521342.0, 15358350.0, 1, 0.0469726256434
3313988.0, 7850944.0, 1, 0.0296685201695
3176174.0, 8000694.0, 1, 0.0276280592386
3292406.0, 7981642.0, 1, 0.0224950793612
2671740.0, 11517034.0, 1, 0.0211818160999
2872928.0, 9786840.0, 1, 0.018845581891
3111134.0, 8006310.0, 1, 0.0167870032508
3244034.0, 8000558.0, 1, 0.0154982925654
2997880.0, 9031936.0, 1, 0.0150394178694
3094848.0, 8023446.0, 1, 0.0134305180805
3250830.0, 7997796.0, 1, 0.0111490556191
2807700.0, 9788770.0, 1, 0.00647818679333
3029654.0, 8025666.0, 1, 0.00537733077136
3004136.0, 9030198.0, 1, 0.00534600843186
3101228.0, 8022508.0, 1, 0.00236098161285
3101228.0, 8022508.0, 1, 0.00209241337001
3094848.0, 8023446.0, 1, 0.00145263376748
2710608.0, 10796588.0, 1, 0.000434361433913
2710608.0, 10796588.0, 1, 0.0
5236474.0, 2492360.0, 2, inf
2533468.0, 18258156.0, 2, inf
2474376.0, 18092762.0, 2, inf
7011150.0, 3490352.0, 2, inf
5532612.0, 2618638.0, 2, 0.388566507536
6893942.0, 3587912.0, 2, 0.339173522849
3655428.0, 5223650.0, 2, 0.312463086801
3402038.0, 7978702.0, 2, 0.222408850655
5073558.0, 3699608.0, 2, 0.194035421037
4235870.0, 9234374.0, 2, 0.180140054713
3939016.0, 9463320.0, 2, 0.141706160498
2504438.0, 17700224.0, 2, 0.134795686514
2973580.0, 14146406.0, 2, 0.13231213093
3128070.0, 10462226.0, 2, 0.127180802515
4818384.0, 8471680.0, 2, 0.12155952813
2581652.0, 16172952.0, 2, 0.115847529114
2590462.0, 15611076.0, 2, 0.113266811533
4689432.0, 9231048.0, 2, 0.112787744566
2974456.0, 12498892.0, 2, 0.105940432326
2976664.0, 11435038.0, 2, 0.100713019383
3698568.0, 8606374.0, 2, 0.0978610880984
2688856.0, 14544364.0, 2, 0.0972447643984
3307456.0, 11976312.0, 2, 0.0916626937925
5227978.0, 2858534.0, 2, 0.0912015659138
2957302.0, 9764258.0, 2, 0.0858743530693
2831728.0, 12486888.0, 2, 0.0711924164553
3070250.0, 9029038.0, 2, 0.0688049545191
3288866.0, 8024772.0, 2, 0.0596939562728
3512348.0, 8018080.0, 2, 0.0585066894748
2655966.0, 16071856.0, 2, 0.0573270218496
2784696.0, 14525286.0, 2, 0.0567338398876
2995674.0, 9601300.0, 2, 0.0397163451276
3166456.0, 8020548.0, 2, 0.0358672690212
4689432.0, 9231048.0, 2, 0.0286346843731
12880366.0, 3927336.0, 3, inf
7686522.0, 17918002.0, 3, inf
7020044.0, 2872856.0, 3, inf
2606628.0, 17614730.0, 3, inf
11193330.0, 13429156.0, 3, 0.419464441668
9183162.0, 12199616.0, 3, 0.31161653939
6222876.0, 6184572.0, 3, 0.231350352151
8134742.0, 8073124.0, 3, 0.200385572481
3800964.0, 14318558.0, 3, 0.158817543353
7046098.0, 15345620.0, 3, 0.128649313715
8637534.0, 11733050.0, 3, 0.124908750598
3711002.0, 12678588.0, 3, 0.116959602483
5584308.0, 5362224.0, 3, 0.100612695659
2977916.0, 17199158.0, 3, 0.0964343086428
6586852.0, 10634344.0, 3, 0.0849816250356
7751602.0, 9855690.0, 3, 0.0763652118401
4033974.0, 16166982.0, 3, 0.074766432432
7291246.0, 4512678.0, 3, 0.0708022210741
5431144.0, 4798142.0, 3, 0.0703943458896
4677946.0, 9603058.0, 3, 0.0703240850763
8263764.0, 3334472.0, 3, 0.0700314352923
6973910.0, 9248516.0, 3, 0.0667111068729
4251406.0, 11028672.0, 3, 0.0635622954395
7330202.0, 16720850.0, 3, 0.063174097839
Generacion: 209
2369348.0, 17808138.0, 1, inf
7375178.0, 2420934.0, 1, inf
5451514.0, 2478718.0, 1, 0.546153885865
2590462.0, 15611076.0, 1, 0.315510343051
2671740.0, 11517034.0, 1, 0.273832507944
4681268.0, 2544022.0, 1, 0.272973439077
3472440.0, 4782792.0, 1, 0.234155238506
3843816.0, 3207366.0, 1, 0.233339547749
3373034.0, 7483504.0, 1, 0.222824542479
4226520.0, 2913560.0, 1, 0.210405439934
2482346.0, 15789686.0, 1, 0.186956301264
3644024.0, 4713494.0, 1, 0.176574158603
2776722.0, 10795458.0, 1, 0.0848929339649
2807700.0, 9788770.0, 1, 0.0847679315914
3029654.0, 8025666.0, 1, 0.0835491417049
3004136.0, 9030198.0, 1, 0.0665333381821
2671740.0, 11517034.0, 1, 0.0630577799248
2930040.0, 9610948.0, 1, 0.0607289076461
2710608.0, 10796588.0, 1, 0.0600285120511
3246642.0, 7517368.0, 1, 0.0570870669792
2931800.0, 9033356.0, 1, 0.0507377720878
3206978.0, 7851482.0, 1, 0.0454880908023
2872928.0, 9786840.0, 1, 0.0359959890446
3176174.0, 8000694.0, 1, 0.0292086021564
3094848.0, 8023446.0, 1, 0.0141372670823
3111134.0, 8006310.0, 1, 0.0141065029533
2997880.0, 9031936.0, 1, 0.0133135590858
2710608.0, 10796588.0, 1, 0.00783798418212
3004136.0, 9030198.0, 1, 0.00521060712781
3111134.0, 8006310.0, 1, 0.00361838511669
3094848.0, 8023446.0, 1, 0.00339768225216
2997880.0, 9031936.0, 1, 0.00134202727211
2931800.0, 9033356.0, 1, 0.000443874518221
2671740.0, 11517034.0, 1, 0.0
2671740.0, 11517034.0, 1, 0.0
2710608.0, 10796588.0, 1, 0.0
2710608.0, 10796588.0, 1, 0.0
2710608.0, 10796588.0, 1, 0.0
2931800.0, 9033356.0, 1, 0.0
2931800.0, 9033356.0, 1, 0.0
2931800.0, 9033356.0, 1, 0.0
2931800.0, 9033356.0, 1, 0.0
3094848.0, 8023446.0, 1, 0.0
3492424.0, 18350878.0, 2, inf
2474376.0, 18092762.0, 2, inf
9714710.0, 2551528.0, 2, inf
5227978.0, 2858534.0, 2, 0.716511405029
3902074.0, 4916418.0, 2, 0.368078327375
4751044.0, 3040578.0, 2, 0.313378644676
2835278.0, 12283150.0, 2, 0.277644453982
2626464.0, 16005912.0, 2, 0.26071962441
3615886.0, 6378914.0, 2, 0.24218044114
3070250.0, 9029038.0, 2, 0.118970605632
3394984.0, 7848802.0, 2, 0.11781500808
2686778.0, 16759590.0, 2, 0.112620069531
2815636.0, 11083852.0, 2, 0.102079076713
3065498.0, 9744116.0, 2, 0.0956047012837
3211732.0, 11796774.0, 2, 0.0849004623454
3178926.0, 8000998.0, 2, 0.0766513407005
2581652.0, 16172952.0, 2, 0.0665976629912
3128070.0, 10462226.0, 2, 0.0618718592479
3034824.0, 16726236.0, 2, 0.0577627122174
2834788.0, 10506968.0, 2, 0.0365808241287
2916114.0, 10484506.0, 2, 0.030392219434
3313988.0, 7850944.0, 2, 0.0293402429464
3250830.0, 7997796.0, 2, 0.010233443493
3250830.0, 7997796.0, 2, 0.00889789556317
3244034.0, 8000558.0, 2, 0.00560269369122
2834788.0, 10506968.0, 2, 0.00406688589574
4838482.0, 18202894.0, 3, inf
10984852.0, 2650954.0, 3, inf
3512348.0, 8018080.0, 3, inf
6496544.0, 12676394.0, 3, 0.356273413557
8726360.0, 3374654.0, 3, 0.354788211728
4963428.0, 17042938.0, 3, 0.316584424021
4002344.0, 5116420.0, 3, 0.206675287738
4923082.0, 7998690.0, 3, 0.203299419153
8154348.0, 11979620.0, 3, 0.191098718887
4457690.0, 9685530.0, 3, 0.183559581423
4100668.0, 10942772.0, 3, 0.174209578995
6945636.0, 17286722.0, 3, 0.150935443377
5349676.0, 4117356.0, 3, 0.129052988617
7734222.0, 2946796.0, 3, 0.127148328808
6192762.0, 8634622.0, 3, 0.107543241177
7551960.0, 11470602.0, 3, 0.103021025763
7224572.0, 3730266.0, 3, 0.0958341448499
6654050.0, 11484254.0, 3, 0.0928294583993
5791464.0, 3711148.0, 3, 0.0919930947491
3698568.0, 8606374.0, 3, 0.0910690247656
8695412.0, 12462238.0, 3, 0.0907358168888
3897810.0, 8811452.0, 3, 0.0792776531841
4692202.0, 9235318.0, 3, 0.0764565278366
5073558.0, 3699608.0, 3, 0.0733260191034
4803344.0, 5025498.0, 3, 0.0713901525195
5520074.0, 3939660.0, 3, 0.0617302698091
5516176.0, 12455760.0, 3, 0.053835989127
4785056.0, 8020554.0, 3, 0.0527011536625
4013612.0, 9319178.0, 3, 0.0421070345959
3512348.0, 8018080.0, 3, 0.0250797757592
10844304.0, 11171388.0, 4, inf
Generacion: 210
2359984.0, 17839446.0, 1, inf
7375178.0, 2420934.0, 1, inf
5391750.0, 2474970.0, 1, 0.440064459616
6890520.0, 2427848.0, 1, 0.398988422161
3206978.0, 7851482.0, 1, 0.267777483978
2669980.0, 12094682.0, 1, 0.259270033085
2620044.0, 15355660.0, 1, 0.243918541636
3472440.0, 4782792.0, 1, 0.233239173287
3843816.0, 3207366.0, 1, 0.232884757153
4226520.0, 2913560.0, 1, 0.210005541378
3644024.0, 4713494.0, 1, 0.17622774054
4702044.0, 2484824.0, 1, 0.146144418229
2710608.0, 10796588.0, 1, 0.139199813206
4681268.0, 2544022.0, 1, 0.122623245431
2807700.0, 9788770.0, 1, 0.103079577767
2482346.0, 15789686.0, 1, 0.100870402378
2449122.0, 17012570.0, 1, 0.0909838757371
3029654.0, 8025666.0, 1, 0.0813976637713
3004136.0, 9030198.0, 1, 0.0795744042922
2428796.0, 17027890.0, 1, 0.0675046980805
2369348.0, 17808138.0, 1, 0.0663558755027
3472440.0, 4782792.0, 1, 0.0574260190308
2931800.0, 9033356.0, 1, 0.0518843133158
2671740.0, 11517034.0, 1, 0.0470769730348
2671740.0, 11517034.0, 1, 0.0452146242017
2930040.0, 9610948.0, 1, 0.044747201571
2590462.0, 15611076.0, 1, 0.0381232319639
2893498.0, 9769524.0, 1, 0.0359268914308
3111134.0, 8006310.0, 1, 0.0308348323294
3176174.0, 8000694.0, 1, 0.0291524216583
2482346.0, 15789686.0, 1, 0.0182087958808
2590462.0, 15611076.0, 1, 0.0174826026368
2930040.0, 9610948.0, 1, 0.0106357133335
3029654.0, 8025666.0, 1, 0.00634351222518
3004136.0, 9030198.0, 1, 0.00529295689274
2931800.0, 9033356.0, 1, 0.000555752310023
2931800.0, 9033356.0, 1, 0.0
2931800.0, 9033356.0, 1, 0.0
3004136.0, 9030198.0, 1, 0.0
3004136.0, 9030198.0, 1, 0.0
3004136.0, 9030198.0, 1, 0.0
2671740.0, 11517034.0, 1, 0.0
2931800.0, 9033356.0, 1, 0.0
7580062.0, 2434850.0, 2, inf
3302500.0, 15615542.0, 2, inf
2745176.0, 14969384.0, 2, inf
5451514.0, 2478718.0, 2, 0.61435142105
2813836.0, 11964086.0, 2, 0.253934969799
3655088.0, 4773524.0, 2, 0.241641895144
3472594.0, 5204368.0, 2, 0.240202068617
3525860.0, 13556008.0, 2, 0.227857820646
3495802.0, 7838868.0, 2, 0.222950346605
4394674.0, 4814032.0, 2, 0.220306768906
5104448.0, 4790944.0, 2, 0.216240935404
3846010.0, 9880334.0, 2, 0.140773894225
4188300.0, 9263218.0, 2, 0.135525663375
3157368.0, 14533170.0, 2, 0.130475183801
3221630.0, 11023738.0, 2, 0.108356430507
3440644.0, 8021498.0, 2, 0.0842894440371
3070250.0, 9029038.0, 2, 0.0833535495834
3044046.0, 10201556.0, 2, 0.080875063471
5431144.0, 4798142.0, 2, 0.0735353518262
3078634.0, 10790666.0, 2, 0.0619255415478
3109246.0, 9799682.0, 2, 0.0586943230154
3444010.0, 10313826.0, 2, 0.0513031439291
3414756.0, 9030770.0, 2, 0.0463392358399
3045846.0, 9321344.0, 2, 0.0413382928197
3250830.0, 7997796.0, 2, 0.0305822243664
5451514.0, 2478718.0, 2, 0.0075413309117
3045846.0, 9321344.0, 2, 0.00478222957804
6809108.0, 2918070.0, 3, inf
12962138.0, 3368852.0, 3, inf
4134246.0, 18532058.0, 3, inf
3698568.0, 8606374.0, 3, inf
9232224.0, 4974358.0, 3, 0.490884473645
5755096.0, 11949436.0, 3, 0.249593929634
8146496.0, 14699328.0, 3, 0.230497676297
7932548.0, 16892658.0, 3, 0.2028159061
4703518.0, 6126678.0, 3, 0.168505430805
6740522.0, 7973220.0, 3, 0.12831075409
7532770.0, 9279512.0, 3, 0.121388428892
8591164.0, 11403756.0, 3, 0.119775089751
6627694.0, 15134688.0, 3, 0.115971907486
8178012.0, 3778054.0, 3, 0.114877239478
4044818.0, 15723150.0, 3, 0.112473137782
5383936.0, 10801382.0, 3, 0.104891638348
5865888.0, 4715236.0, 3, 0.104730589178
4937874.0, 16399744.0, 3, 0.0923887265931
7023452.0, 5534580.0, 3, 0.0820261324433
6212850.0, 3416600.0, 3, 0.0783689034857
4387776.0, 8678548.0, 3, 0.0713055292603
5085078.0, 8503240.0, 3, 0.0682210832279
8440206.0, 10470492.0, 3, 0.0648134304351
4832384.0, 5637806.0, 3, 0.0616228748595
6015524.0, 2944112.0, 3, 0.057890956118
3842884.0, 10395946.0, 3, 0.0547905745936
4564258.0, 9788106.0, 3, 0.0491488060044
4923082.0, 7998690.0, 3, 0.0453328218736
4179994.0, 11614514.0, 3, 0.0436789578698
6679744.0, 5132848.0, 3, 0.041087481136
Generacion: 211
5477662.0, 2421724.0, 1, inf
2359984.0, 17839446.0, 1, inf
3315760.0, 7977806.0, 1, 0.324968200797
2669980.0, 12094682.0, 1, 0.324751888992
2620044.0, 15355660.0, 1, 0.289555947401
4619316.0, 2837816.0, 1, 0.26021748384
3472440.0, 4782792.0, 1, 0.251566808617
3907530.0, 3216554.0, 1, 0.228783434712
2710608.0, 10796588.0, 1, 0.193736333333
3610668.0, 3492468.0, 1, 0.189791262649
5333146.0, 2472814.0, 1, 0.160205216238
5003136.0, 2545070.0, 1, 0.147335049191
3472440.0, 4782792.0, 1, 0.133946313202
2510276.0, 17011454.0, 1, 0.129108221744
2807700.0, 9788770.0, 1, 0.117557073274
3748920.0, 3223908.0, 1, 0.113114841067
2589002.0, 16158518.0, 1, 0.110371669894
4800718.0, 2576402.0, 1, 0.0979552778174
3029654.0, 8025666.0, 1, 0.0943943756174
3004136.0, 9030198.0, 1, 0.0883562552913
2552778.0, 16724692.0, 1, 0.0805732766175
3907530.0, 3216554.0, 1, 0.0754395083639
4639786.0, 2825788.0, 1, 0.0751403928278
3111134.0, 8006310.0, 1, 0.0717108587362
4890978.0, 2557750.0, 1, 0.0669580907763
2931800.0, 9033356.0, 1, 0.060664745482
2930040.0, 9610948.0, 1, 0.0557816241334
2369348.0, 17808138.0, 1, 0.054676780117
2872928.0, 9786840.0, 1, 0.0507743531072
2369348.0, 17808138.0, 1, 0.0472335223205
3094848.0, 8023446.0, 1, 0.023162299493
2930040.0, 9610948.0, 1, 0.0119729525568
3004136.0, 9030198.0, 1, 0.00838976685813
3101228.0, 8022508.0, 1, 0.00633520771859
2931800.0, 9033356.0, 1, 0.000769351921118
3004136.0, 9030198.0, 1, 0.0
3004136.0, 9030198.0, 1, 0.0
3004136.0, 9030198.0, 1, 0.0
3004136.0, 9030198.0, 1, 0.0
3004136.0, 9030198.0, 1, 0.0
2369348.0, 17808138.0, 1, 0.0
2931800.0, 9033356.0, 1, 0.0
2931800.0, 9033356.0, 1, 0.0
2931800.0, 9033356.0, 1, 0.0
2474376.0, 18092762.0, 2, inf
4134246.0, 18532058.0, 2, inf
6890520.0, 2427848.0, 2, inf
5396084.0, 2477420.0, 2, 0.380982540279
3589630.0, 7996830.0, 2, 0.224698600782
3925454.0, 5635536.0, 2, 0.214038627006
2734046.0, 16004552.0, 2, 0.17088787313
3515430.0, 14009122.0, 2, 0.164754626008
5077126.0, 3758130.0, 2, 0.154998167997
5314408.0, 2815714.0, 2, 0.15012669725
4861602.0, 3731958.0, 2, 0.148910927087
2835278.0, 12283150.0, 2, 0.148800062313
3885782.0, 17035236.0, 2, 0.144639556554
3637554.0, 14708542.0, 2, 0.117683182429
3846010.0, 9880334.0, 2, 0.113264162503
3251280.0, 15235870.0, 2, 0.0952801413182
4563138.0, 9032908.0, 2, 0.0908310027183
2474376.0, 18092762.0, 2, 0.0860784987452
4028240.0, 11350144.0, 2, 0.0828881621167
3358534.0, 9759234.0, 2, 0.0768008115538
3514408.0, 11888086.0, 2, 0.0733725893235
4345862.0, 12090776.0, 2, 0.0712740578053
4476720.0, 4576848.0, 2, 0.0694174072492
3576890.0, 5069404.0, 2, 0.0678137424102
4677946.0, 9603058.0, 2, 0.0676642626789
3078634.0, 10790666.0, 2, 0.0665217643724
3859340.0, 10774484.0, 2, 0.0655336257175
4606096.0, 9597364.0, 2, 0.0612216702051
4394674.0, 4814032.0, 2, 0.0602172755615
3221630.0, 11023738.0, 2, 0.0594843586934
4054476.0, 9034040.0, 2, 0.0590544127161
2745176.0, 14969384.0, 2, 0.055312834147
2876244.0, 11021778.0, 2, 0.0507931108642
2995674.0, 9601300.0, 2, 0.0461831465384
4489400.0, 11959604.0, 2, 0.0317981282842
4476720.0, 4576848.0, 2, 0.0175993573944
2735614.0, 12085032.0, 2, 0.01066549755
2922862.0, 15780216.0, 3, inf
6802434.0, 3024522.0, 3, inf
12488840.0, 3885230.0, 3, inf
10831462.0, 18306306.0, 3, inf
4486902.0, 4986406.0, 3, 0.294953109222
12274942.0, 14600526.0, 3, 0.294831230421
6488442.0, 11958026.0, 3, 0.212462091088
11490870.0, 15444254.0, 3, 0.192502756361
9697230.0, 6699006.0, 3, 0.189109220857
10168198.0, 9324430.0, 3, 0.167153060018
7932548.0, 16892658.0, 3, 0.16166258269
10823806.0, 10406778.0, 3, 0.139014236888
12316630.0, 11096650.0, 3, 0.123307792763
5164722.0, 4783304.0, 3, 0.120642196369
6162898.0, 7066300.0, 3, 0.118765066311
6535796.0, 15842220.0, 3, 0.0991470194155
6799420.0, 17794428.0, 3, 0.0989775335262
9260038.0, 3505204.0, 3, 0.0947224345026
4545200.0, 7659618.0, 3, 0.0946267108056
Generacion: 212
8882256.0, 2410430.0, 1, inf
2367888.0, 18355602.0, 1, inf
6349256.0, 2471570.0, 1, 0.360852943617
3149268.0, 3567154.0, 1, 0.359767069429
2571668.0, 14970754.0, 1, 0.30235664845
3111134.0, 8006310.0, 1, 0.28679158586
5333146.0, 2472814.0, 1, 0.262639329145
7678098.0, 2458674.0, 1, 0.245836574153
2669980.0, 12094682.0, 1, 0.231961468917
7927674.0, 2415146.0, 1, 0.187872098923
2542708.0, 16604288.0, 1, 0.150944923855
4641292.0, 2478828.0, 1, 0.144204952812
3610668.0, 3492468.0, 1, 0.0990530827803
2428796.0, 17027890.0, 1, 0.0815485153181
2769594.0, 10509192.0, 1, 0.0781094988848
3029654.0, 8025666.0, 1, 0.0781014713765
4011328.0, 3458878.0, 1, 0.0770671455184
4310860.0, 2565974.0, 1, 0.0675071110766
4258040.0, 3217070.0, 1, 0.0649809926427
3004136.0, 9030198.0, 1, 0.0639594710231
3750382.0, 3459078.0, 1, 0.0636106414384
2807700.0, 9788770.0, 1, 0.0611647145195
2931800.0, 9033356.0, 1, 0.05631244014
2893498.0, 9769524.0, 1, 0.0562919342409
4425044.0, 2549432.0, 1, 0.0561889232073
2398982.0, 17552796.0, 1, 0.0549245573983
4187246.0, 3299538.0, 1, 0.0530369443066
2671740.0, 11517034.0, 1, 0.0511513407217
2708848.0, 11374202.0, 1, 0.0511492084148
2710608.0, 10796588.0, 1, 0.045279763095
2398982.0, 17552796.0, 1, 0.0376925731245
2710608.0, 10796588.0, 1, 0.0182941858151
2872928.0, 9786840.0, 1, 0.0143775903742
3101228.0, 8022508.0, 1, 0.0137216465097
2997880.0, 9031936.0, 1, 0.0113021239448
2931800.0, 9033356.0, 1, 0.00596867388339
3004136.0, 9030198.0, 1, 0.00402618587249
3004136.0, 9030198.0, 1, 0.0
3004136.0, 9030198.0, 1, 0.0
5367842.0, 2549574.0, 2, inf
2563860.0, 17033084.0, 2, inf
3472440.0, 4782792.0, 2, 0.778729994937
4582996.0, 2973516.0, 2, 0.685263135226
2620044.0, 15355660.0, 2, 0.381449119554
3368298.0, 7977936.0, 2, 0.379104521989
2879070.0, 11562514.0, 2, 0.340770345208
4967910.0, 2582382.0, 2, 0.309174746394
2876244.0, 11021778.0, 2, 0.166746071884
3216222.0, 8950104.0, 2, 0.137064893424
2992726.0, 10485402.0, 2, 0.126442231237
3012340.0, 15898904.0, 2, 0.116194127368
2995338.0, 9791014.0, 2, 0.0873663156323
2590462.0, 15611076.0, 2, 0.0575449773222
3187462.0, 9260788.0, 2, 0.0539240499003
3045846.0, 9321344.0, 2, 0.0411312497444
3120396.0, 9035308.0, 2, 0.0394861773201
3070250.0, 9029038.0, 2, 0.0324700173454
3120396.0, 9035308.0, 2, 0.0183167584333
3045846.0, 9321344.0, 2, 0.0161304654713
5746576.0, 2814426.0, 3, inf
8496360.0, 3013864.0, 3, inf
2703008.0, 16746486.0, 3, inf
4134246.0, 18532058.0, 3, inf
6705914.0, 3242480.0, 3, 0.491294058048
4586720.0, 9465572.0, 3, 0.34183258
3655428.0, 5223650.0, 3, 0.315072307497
3514408.0, 11888086.0, 3, 0.248781036311
3755976.0, 14537252.0, 3, 0.175267734536
3625076.0, 17835318.0, 3, 0.13167949117
3972114.0, 14544776.0, 3, 0.124808776583
5075366.0, 4550848.0, 3, 0.116052613484
2734046.0, 16004552.0, 3, 0.108157970984
4236910.0, 11156152.0, 3, 0.0895284423094
3134388.0, 18433582.0, 3, 0.081690350293
5474452.0, 3738948.0, 3, 0.0759679069271
4028240.0, 11350144.0, 3, 0.0745535725028
2918518.0, 16718770.0, 3, 0.0713721196427
2772820.0, 16055360.0, 3, 0.0700846711785
4792426.0, 9790884.0, 3, 0.0687676806871
5077126.0, 3758130.0, 3, 0.0631740839392
4188360.0, 4809798.0, 3, 0.0605265590678
3134968.0, 16605636.0, 3, 0.0572669968459
3770492.0, 9933892.0, 3, 0.0527103833032
3315662.0, 10480118.0, 3, 0.0518743512085
5142098.0, 9631980.0, 3, 0.0512467172936
5314408.0, 2815714.0, 3, 0.050165556279
4629802.0, 10901948.0, 3, 0.0469719894271
4718490.0, 3347964.0, 3, 0.0467665070994
3846010.0, 9880334.0, 3, 0.0363307789528
3358534.0, 9759234.0, 3, 0.0354850079558
4692294.0, 10480854.0, 3, 0.0338063442178
5359214.0, 3275552.0, 3, 0.0314364258533
5457650.0, 9871878.0, 3, 0.0255824812146
3221630.0, 11023738.0, 3, 0.0246555693824
3221630.0, 11023738.0, 3, 0.0227074927913
3734332.0, 9895902.0, 3, 0.0207632661052
4678120.0, 9594830.0, 3, 0.0191718248101
3320552.0, 9759084.0, 3, 0.0154964640623
4606096.0, 9597364.0, 3, 0.00980004234406
5153580.0, 18667512.0, 4, inf
Generacion: 213
2328942.0, 18642252.0, 1, inf
9054570.0, 2421436.0, 1, inf
2328942.0, 18642252.0, 1, inf
2709182.0, 14528704.0, 1, 0.314673143762
2710608.0, 10796588.0, 1, 0.306861191638
7871346.0, 2438414.0, 1, 0.283474707175
3472440.0, 4782792.0, 1, 0.238737419429
5769518.0, 2469228.0, 1, 0.233272576595
3390416.0, 7974360.0, 1, 0.212462359815
5499210.0, 2477002.0, 1, 0.208317940943
7054086.0, 2443168.0, 1, 0.20790958744
4402816.0, 2552114.0, 1, 0.182174870709
2428796.0, 17027890.0, 1, 0.164697344945
3750382.0, 3459078.0, 1, 0.138056856794
3644024.0, 4713494.0, 1, 0.122931688523
7155468.0, 2439388.0, 1, 0.1218073834
2330402.0, 18094754.0, 1, 0.114370884995
2590462.0, 15611076.0, 1, 0.111465616568
2482346.0, 15789686.0, 1, 0.111382730077
2807700.0, 9788770.0, 1, 0.105719980332
4281740.0, 3354374.0, 1, 0.0934845002751
4020386.0, 3381806.0, 1, 0.0854598800031
3029654.0, 8025666.0, 1, 0.0755529486636
4310860.0, 2565974.0, 1, 0.0674608559579
2930040.0, 9610948.0, 1, 0.0650224619274
3004136.0, 9030198.0, 1, 0.0628587471144
2931800.0, 9033356.0, 1, 0.0454331777928
3250830.0, 7997796.0, 1, 0.0309446563298
3101228.0, 8022508.0, 1, 0.0223014003188
3292406.0, 7981642.0, 1, 0.0122798828777
3368298.0, 7977936.0, 1, 0.0115044594958
2997880.0, 9031936.0, 1, 0.0109499662782
3094848.0, 8023446.0, 1, 0.0108366683081
3292406.0, 7981642.0, 1, 0.00641019942493
3004136.0, 9030198.0, 1, 0.00390129010738
3368298.0, 7977936.0, 1, 0.00351708669256
3101228.0, 8022508.0, 1, 0.00247208482882
2931800.0, 9033356.0, 1, 0.000349227435348
3004136.0, 9030198.0, 1, 0.0
3368298.0, 7977936.0, 1, 0.0
3004136.0, 9030198.0, 1, 0.0
6349256.0, 2471570.0, 2, inf
2367888.0, 18355602.0, 2, inf
2772820.0, 16055360.0, 2, 0.435375676281
2899212.0, 10798832.0, 2, 0.359923989666
5620518.0, 3495126.0, 2, 0.312218136459
3972958.0, 5070364.0, 2, 0.311891497426
3217284.0, 8027618.0, 2, 0.252913869384
4719162.0, 2951688.0, 2, 0.225409179747
5117262.0, 3738636.0, 2, 0.187769975597
4386764.0, 4698822.0, 2, 0.183344534847
3822488.0, 3559078.0, 2, 0.161515080115
2949678.0, 16167030.0, 2, 0.158542727851
5257730.0, 2829108.0, 2, 0.140604095398
2446948.0, 17988648.0, 2, 0.134539838837
4250742.0, 4782082.0, 2, 0.127326544507
2834788.0, 10506968.0, 2, 0.12424895965
3375628.0, 9261094.0, 2, 0.124190373541
3045846.0, 9321344.0, 2, 0.107264437877
2446948.0, 17988648.0, 2, 0.104951322619
3222434.0, 8948132.0, 2, 0.0947676809774
3342290.0, 9034188.0, 2, 0.0439660083094
5181064.0, 3556228.0, 2, 0.0393075222494
3078634.0, 10790666.0, 2, 0.0352981583436
3120396.0, 9035308.0, 2, 0.0301868765262
3187462.0, 9260788.0, 2, 0.0225585185301
3184064.0, 9317658.0, 2, 0.0170782799165
3113764.0, 10796680.0, 2, 0.0105111675405
3118436.0, 9317638.0, 2, 0.0052268196729
3120396.0, 9035308.0, 2, 0.000562804165459
3120396.0, 9035308.0, 2, 0.0
9568840.0, 3345270.0, 3, inf
3139642.0, 13483166.0, 3, inf
8925388.0, 2531788.0, 3, inf
4745066.0, 19213230.0, 3, inf
6590462.0, 5989328.0, 3, 0.180076250854
3730816.0, 18778160.0, 3, 0.158289209097
5122402.0, 8812442.0, 3, 0.137234706175
6085710.0, 12436176.0, 3, 0.134421052564
6528948.0, 17081676.0, 3, 0.133224190347
4270398.0, 7610770.0, 3, 0.130008036731
4489626.0, 11557982.0, 3, 0.127258167584
3341074.0, 16239924.0, 3, 0.122237542072
4177306.0, 15134566.0, 3, 0.120163965327
7293256.0, 10736884.0, 3, 0.116716018809
7877416.0, 4941312.0, 3, 0.110127217484
8316436.0, 9511024.0, 3, 0.109402046278
8821384.0, 3653512.0, 3, 0.100892602784
3972114.0, 14544776.0, 3, 0.100557559975
8196288.0, 4004232.0, 3, 0.099214325295
7003394.0, 9478010.0, 3, 0.099166744068
5430568.0, 4993134.0, 3, 0.0918528663761
6924934.0, 2547248.0, 3, 0.0897435062606
7566048.0, 4429060.0, 3, 0.0894106414752
3201418.0, 13555910.0, 3, 0.0817453689334
4573048.0, 16742638.0, 3, 0.0796412494791
7659836.0, 4544588.0, 3, 0.0791381987174
6375344.0, 5510992.0, 3, 0.0778189736937
6576464.0, 7993760.0, 3, 0.0764617202597
5755334.0, 3339198.0, 3, 0.074595228573
Generacion: 214
8754798.0, 2417256.0, 1, inf
2328942.0, 18642252.0, 1, inf
2328942.0, 18642252.0, 1, inf
3198266.0, 3569640.0, 1, 0.36886422496
7375178.0, 2420934.0, 1, 0.296137873913
3178926.0, 8000998.0, 1, 0.279274448661
2669980.0, 12094682.0, 1, 0.253504481567
2662876.0, 15607762.0, 1, 0.244617015093
5553966.0, 2467816.0, 1, 0.208139302828
6657354.0, 2439320.0, 1, 0.205095910468
4073668.0, 2896836.0, 1, 0.165794143891
4681268.0, 2544022.0, 1, 0.151428828541
3750382.0, 3459078.0, 1, 0.128204759378
2482346.0, 15789686.0, 1, 0.119847622147
6858898.0, 2435030.0, 1, 0.112841886666
4883818.0, 2485496.0, 1, 0.1058348791
5333146.0, 2472814.0, 1, 0.105378972937
3917234.0, 3304880.0, 1, 0.0849630126209
2449122.0, 17012570.0, 1, 0.0846481151641
2807700.0, 9788770.0, 1, 0.0810842092756
2776722.0, 10795458.0, 1, 0.0772247285717
3029654.0, 8025666.0, 1, 0.0761661636468
3004136.0, 9030198.0, 1, 0.0731696409023
2398982.0, 17552796.0, 1, 0.0573406312951
2930040.0, 9610948.0, 1, 0.0546376079944
2671740.0, 11517034.0, 1, 0.0504542462421
2708848.0, 11374202.0, 1, 0.05045215071
2931800.0, 9033356.0, 1, 0.0468559210098
2710608.0, 10796588.0, 1, 0.0462325403722
2369348.0, 17808138.0, 1, 0.0440751665334
2330402.0, 18094754.0, 1, 0.0398049336922
2428796.0, 17027890.0, 1, 0.035514845823
2330402.0, 18094754.0, 1, 0.0178922961842
2807700.0, 9788770.0, 1, 0.0157805924901
3166456.0, 8020548.0, 1, 0.0134171952116
2662876.0, 15607762.0, 1, 0.0123181095979
3094848.0, 8023446.0, 1, 0.0113330761621
2930040.0, 9610948.0, 1, 0.0112336496392
3101228.0, 8022508.0, 1, 0.0102086775361
2428796.0, 17027890.0, 1, 0.00558391525231
3004136.0, 9030198.0, 1, 0.00416578203038
3101228.0, 8022508.0, 1, 0.00111366509257
2931800.0, 9033356.0, 1, 0.000468531422833
3101228.0, 8022508.0, 1, 0.0
2330402.0, 18094754.0, 1, 0.0
3004136.0, 9030198.0, 1, 0.0
9054570.0, 2421436.0, 2, inf
2545212.0, 18539842.0, 2, inf
7054086.0, 2443168.0, 2, 0.507631109015
4281740.0, 3354374.0, 2, 0.289492289652
5499210.0, 2477002.0, 2, 0.283475098887
3472440.0, 4782792.0, 2, 0.280998136302
2589002.0, 16158518.0, 2, 0.246551603454
3315642.0, 7997112.0, 2, 0.209091558139
2816866.0, 13564050.0, 2, 0.202091421169
5769518.0, 2469228.0, 2, 0.197824040533
2709182.0, 14528704.0, 2, 0.191541193719
2788046.0, 11435048.0, 2, 0.148837920098
3156976.0, 18096702.0, 2, 0.147610933192
3666626.0, 4010626.0, 2, 0.113441706163
3303030.0, 9266132.0, 2, 0.109157937647
3365918.0, 11031964.0, 2, 0.0966238820915
3447436.0, 10200590.0, 2, 0.0938606889398
3838982.0, 3487540.0, 2, 0.0839344474429
3187026.0, 8003152.0, 2, 0.0797962395204
4011328.0, 3458878.0, 2, 0.0762804244631
2854170.0, 11431666.0, 2, 0.0524770593904
2995674.0, 9601300.0, 2, 0.0439649049749
5769518.0, 2469228.0, 2, 0.043142846586
3187558.0, 18175232.0, 2, 0.0372439850749
3687790.0, 9621184.0, 2, 0.0362406910607
3034142.0, 9765146.0, 2, 0.0337801979818
3180552.0, 9782848.0, 2, 0.0316317571368
3250500.0, 7997292.0, 2, 0.0181141107031
3002376.0, 9607790.0, 2, 0.00714326651848
10106906.0, 2708928.0, 3, inf
8925388.0, 2531788.0, 3, inf
7010148.0, 17884334.0, 3, inf
3525766.0, 15410016.0, 3, inf
9568840.0, 3345270.0, 3, 0.207520005507
7005194.0, 12787340.0, 3, 0.203207669567
5015044.0, 5816556.0, 3, 0.139937332068
5572564.0, 14797842.0, 3, 0.137734618457
4962032.0, 7615434.0, 3, 0.13236792494
8614852.0, 4381500.0, 3, 0.123036458196
4819242.0, 14122730.0, 3, 0.120889699334
7523398.0, 11726408.0, 3, 0.119555962453
6298204.0, 8224578.0, 3, 0.118367971439
4100668.0, 10942772.0, 3, 0.117603323175
7870526.0, 4220338.0, 3, 0.108681578505
8218270.0, 9684228.0, 3, 0.0984886377226
6440264.0, 5599184.0, 3, 0.0976712880366
3650996.0, 14312568.0, 3, 0.0913223477955
5779894.0, 2785354.0, 3, 0.0896553243094
4386764.0, 4698822.0, 3, 0.0895133295096
5088306.0, 9812590.0, 3, 0.0886904706264
3537714.0, 11927388.0, 3, 0.0881332474329
8891114.0, 3272568.0, 3, 0.0836563091884
4885962.0, 10152610.0, 3, 0.0820709782173
7409324.0, 9789312.0, 3, 0.0805280428844
Generacion: 215
6598854.0, 2417386.0, 1, inf
2328942.0, 18642252.0, 1, inf
3197672.0, 3940842.0, 1, 0.462348973583
5676694.0, 2468814.0, 1, 0.29984108212
3178926.0, 8000998.0, 1, 0.291112477373
2521342.0, 15358350.0, 1, 0.271680398651
3917234.0, 3304880.0, 1, 0.240211456753
2669980.0, 12094682.0, 1, 0.201564417877
5256304.0, 2494252.0, 1, 0.157056602307
4521444.0, 2850944.0, 1, 0.1519633955
2428796.0, 17027890.0, 1, 0.150868625945
4681268.0, 2544022.0, 1, 0.14981902508
4073668.0, 2896836.0, 1, 0.136986339852
2482346.0, 15789686.0, 1, 0.124574062398
2851074.0, 10490116.0, 1, 0.10891243657
2930040.0, 9610948.0, 1, 0.108691417417
3029654.0, 8025666.0, 1, 0.104368767555
5333146.0, 2472814.0, 1, 0.100021860037
2671740.0, 11517034.0, 1, 0.0895214044816
3004136.0, 9030198.0, 1, 0.078853979693
2669980.0, 12094682.0, 1, 0.0704131895747
2369348.0, 17808138.0, 1, 0.0661348274927
3956508.0, 2926878.0, 1, 0.0617856508382
2710608.0, 10796588.0, 1, 0.0598875096559
4634754.0, 2563272.0, 1, 0.056347045994
2931800.0, 9033356.0, 1, 0.0525400489646
2776722.0, 10795458.0, 1, 0.0517857278945
2330402.0, 18094754.0, 1, 0.0406723889345
2359984.0, 17839446.0, 1, 0.0267862617062
2330402.0, 18094754.0, 1, 0.0160775273333
2710608.0, 10796588.0, 1, 0.00917240989418
3004136.0, 9030198.0, 1, 0.00617087508778
2931800.0, 9033356.0, 1, 0.000606825992627
2931800.0, 9033356.0, 1, 0.0
2931800.0, 9033356.0, 1, 0.0
3004136.0, 9030198.0, 1, 0.0
2330402.0, 18094754.0, 1, 0.0
2367888.0, 18355602.0, 2, inf
6771482.0, 2422932.0, 2, inf
2429040.0, 19229956.0, 2, inf
5003136.0, 2545070.0, 2, 0.492773183543
5954686.0, 2482322.0, 2, 0.408835890193
3472440.0, 4782792.0, 2, 0.313623198961
4020386.0, 3381806.0, 2, 0.279597540875
2706154.0, 15323698.0, 2, 0.24934732984
3063658.0, 12504052.0, 2, 0.24287349562
3315642.0, 7997112.0, 2, 0.226506297458
4011328.0, 3458878.0, 2, 0.207788716443
2589002.0, 16158518.0, 2, 0.190213541694
3119642.0, 11366858.0, 2, 0.126559079269
3187026.0, 8003152.0, 2, 0.12329949015
2947700.0, 9763362.0, 2, 0.112304388282
3045846.0, 9321344.0, 2, 0.0956396888061
3472440.0, 4782792.0, 2, 0.0922309313984
2545212.0, 18539842.0, 2, 0.0865658121353
2970066.0, 10483792.0, 2, 0.083411196267
2662876.0, 15607762.0, 2, 0.07627462364
3078634.0, 10790666.0, 2, 0.0652547369846
3413170.0, 9600134.0, 2, 0.0467066393927
2430540.0, 18379838.0, 2, 0.0373432621181
3340704.0, 9603552.0, 2, 0.0318592560609
3045846.0, 9321344.0, 2, 0.020632585504
10106906.0, 2708928.0, 3, inf
3389448.0, 17036812.0, 3, inf
6247904.0, 19088332.0, 3, inf
7580062.0, 2434850.0, 3, inf
3859356.0, 16117728.0, 3, 0.283343914918
4338892.0, 13114746.0, 3, 0.260836700356
5430568.0, 4993134.0, 3, 0.249043126596
5713110.0, 7973142.0, 3, 0.237645561109
7928306.0, 9911522.0, 3, 0.212284456087
9137916.0, 3677498.0, 3, 0.167055744624
9892160.0, 2944602.0, 3, 0.162710510418
8903632.0, 3798242.0, 3, 0.157023642463
3456600.0, 12030732.0, 3, 0.130052818495
4892804.0, 4405200.0, 3, 0.122490196998
7593112.0, 9669240.0, 3, 0.117116271602
4374676.0, 17945750.0, 3, 0.105633321403
7071894.0, 10785418.0, 3, 0.10542188412
5135146.0, 17140934.0, 3, 0.101220016285
6677288.0, 2927388.0, 3, 0.0967429962719
3625612.0, 18644404.0, 3, 0.0913407959891
4501154.0, 8824472.0, 3, 0.0900571000217
6074298.0, 3881726.0, 3, 0.0890715758504
6862226.0, 3234828.0, 3, 0.083286687766
7170862.0, 2548212.0, 3, 0.0818738807353
6307422.0, 9955560.0, 3, 0.0812784194808
5813008.0, 19052598.0, 3, 0.080425321157
4199514.0, 8644820.0, 3, 0.0730484755529
4566414.0, 4555988.0, 3, 0.0687576948722
4248244.0, 18529942.0, 3, 0.0627010501965
3447436.0, 10200590.0, 3, 0.059827538838
4351846.0, 16698818.0, 3, 0.0587303814053
4083268.0, 17007080.0, 3, 0.05625959734
4100942.0, 11364348.0, 3, 0.0536468872493
5535078.0, 4694778.0, 3, 0.052846013266
7101530.0, 11390636.0, 3, 0.0504189280928
5689602.0, 4817192.0, 3, 0.0444184151087
5117262.0, 3738636.0, 3, 0.0433268200203
8925388.0, 2531788.0, 3, 0.0416839884524
Generacion: 216
7822160.0, 2417258.0, 1, inf
2328942.0, 18642252.0, 1, inf
2328942.0, 18642252.0, 1, inf
3266428.0, 3534550.0, 1, 0.454287877657
6598854.0, 2417386.0, 1, 0.427073899505
3956508.0, 2926878.0, 1, 0.293693083633
3178926.0, 8000998.0, 1, 0.287622986599
2521342.0, 15358350.0, 1, 0.261892699534
5477662.0, 2421724.0, 1, 0.22197838387
2669980.0, 12094682.0, 1, 0.20147103957
4639786.0, 2825788.0, 1, 0.161116632198
4697672.0, 2501894.0, 1, 0.147976050748
5333146.0, 2472814.0, 1, 0.1293263461
2671740.0, 11517034.0, 1, 0.117798774421
2930040.0, 9610948.0, 1, 0.117798774421
2330402.0, 18094754.0, 1, 0.117676152614
2482346.0, 15789686.0, 1, 0.115102166093
3111134.0, 8006310.0, 1, 0.095252233274
2428796.0, 17027890.0, 1, 0.0883106805177
2449122.0, 17012570.0, 1, 0.0860629887727
2671740.0, 11517034.0, 1, 0.0826239735241
2930040.0, 9610948.0, 1, 0.0826205220591
3004136.0, 9030198.0, 1, 0.0762738387826
2669980.0, 12094682.0, 1, 0.0626608116762
2931800.0, 9033356.0, 1, 0.0487671413995
5387394.0, 2440766.0, 1, 0.0294569221541
3004136.0, 9030198.0, 1, 0.0196728381862
3178926.0, 8000998.0, 1, 0.0162564926845
2931800.0, 9033356.0, 1, 0.000515033052701
2931800.0, 9033356.0, 1, 0.0
2328942.0, 18642252.0, 1, 0.0
2361980.0, 18101034.0, 2, inf
6771482.0, 2422932.0, 2, inf
2367888.0, 18355602.0, 2, inf
3472440.0, 4782792.0, 2, 0.422932047157
5219180.0, 2832104.0, 2, 0.378278953665
3222434.0, 8948132.0, 2, 0.362960916304
5954686.0, 2482322.0, 2, 0.356355396326
2891014.0, 14968148.0, 2, 0.234675061541
4409840.0, 3165974.0, 2, 0.21344551921
2446948.0, 17988648.0, 2, 0.206756015658
2590462.0, 15611076.0, 2, 0.198403007963
3063658.0, 12504052.0, 2, 0.187957083191
6677288.0, 2927388.0, 2, 0.169854250618
4364126.0, 9850788.0, 2, 0.161293436613
4018934.0, 3254982.0, 2, 0.15634609113
3076874.0, 11368280.0, 2, 0.117828923442
3744028.0, 11633512.0, 2, 0.105810803815
4133162.0, 3238614.0, 2, 0.0838701788558
2662876.0, 15607762.0, 2, 0.0814948706074
2771878.0, 11804758.0, 2, 0.0801128459667
3871118.0, 11559436.0, 2, 0.0789910545376
3045846.0, 9321344.0, 2, 0.0774644936367
3110342.0, 12085602.0, 2, 0.0769011024542
2947700.0, 9763362.0, 2, 0.0650398219273
3454736.0, 9798154.0, 2, 0.0621843213685
6677288.0, 2927388.0, 2, 0.0363362360929
6677288.0, 2927388.0, 2, 0.0
2462122.0, 18386518.0, 3, inf
7678098.0, 2458674.0, 3, inf
9629594.0, 3446022.0, 3, inf
5757926.0, 10534484.0, 3, 0.384103644324
4387536.0, 14525896.0, 3, 0.344827084443
3885782.0, 17035236.0, 3, 0.24592725817
5158852.0, 9597576.0, 3, 0.230283066883
8411870.0, 3224992.0, 3, 0.226829002731
2841640.0, 18088484.0, 3, 0.226300709722
4486726.0, 7621304.0, 3, 0.224482220901
4664406.0, 5151744.0, 3, 0.176695616576
4021002.0, 16385198.0, 3, 0.144880696717
5420120.0, 3926430.0, 3, 0.140645795579
7007256.0, 15777834.0, 3, 0.137466480908
4524918.0, 8421966.0, 3, 0.129827535898
4374676.0, 17945750.0, 3, 0.117264745214
6725964.0, 3430240.0, 3, 0.113799040374
5955446.0, 3602886.0, 3, 0.109414056935
8149470.0, 2692320.0, 3, 0.0877253866121
7299422.0, 3400694.0, 3, 0.0798639024609
4693638.0, 4818866.0, 3, 0.0699386070105
7935772.0, 3236330.0, 3, 0.0698561450338
4720198.0, 3909968.0, 3, 0.0695931744272
8248606.0, 2522908.0, 3, 0.051278868216
7132374.0, 3290148.0, 3, 0.049212122716
3902074.0, 4916418.0, 3, 0.039764911817
5955446.0, 3602886.0, 3, 0.0365142245858
6983766.0, 3460230.0, 3, 0.0354376313938
6823846.0, 3633340.0, 3, 0.0354092255735
4644366.0, 3648950.0, 3, 0.0327530135197
6750700.0, 3851778.0, 3, 0.0300439475454
4527946.0, 3370910.0, 3, 0.0236057146569
11675002.0, 17995262.0, 4, inf
9137916.0, 3677498.0, 4, inf
4825628.0, 5595954.0, 4, inf
12579168.0, 16804674.0, 4, inf
11637340.0, 15440940.0, 4, 0.537554148469
7026166.0, 11485312.0, 4, 0.354219259882
9976844.0, 4368598.0, 4, 0.274527258479
9558382.0, 7197162.0, 4, 0.2347773563
5770440.0, 9751148.0, 4, 0.206720704665
6635880.0, 4672650.0, 4, 0.184611425835
Generacion: 217
2328942.0, 18642252.0, 1, inf
6598854.0, 2417386.0, 1, inf
4544500.0, 2497306.0, 1, 0.640930580468
6564682.0, 2438438.0, 1, 0.486049036944
3266428.0, 3534550.0, 1, 0.477853696311
3956508.0, 2926878.0, 1, 0.363249734288
3250500.0, 7997292.0, 1, 0.316851175799
2613712.0, 14539322.0, 1, 0.235962784869
2669980.0, 12094682.0, 1, 0.151084617304
2484342.0, 16051274.0, 1, 0.124574062398
2851074.0, 10490116.0, 1, 0.124465774221
2521342.0, 15358350.0, 1, 0.123485381863
3094848.0, 8023446.0, 1, 0.121359588729
2710608.0, 10796588.0, 1, 0.105292309794
2671740.0, 11517034.0, 1, 0.0895214044816
3004136.0, 9030198.0, 1, 0.078990806709
2428796.0, 17027890.0, 1, 0.0763081010347
2428796.0, 17027890.0, 1, 0.0630279718948
2359984.0, 17839446.0, 1, 0.0569472845176
2330402.0, 18094754.0, 1, 0.0567499162678
2930040.0, 9610948.0, 1, 0.054598643244
2930040.0, 9610948.0, 1, 0.054092774173
2931800.0, 9033356.0, 1, 0.0525400489646
2669980.0, 12094682.0, 1, 0.048780425246
2359984.0, 17839446.0, 1, 0.0318511545182
3004136.0, 9030198.0, 1, 0.0214391054401
2931800.0, 9033356.0, 1, 0.000606825992627
3004136.0, 9030198.0, 1, 0.0
3004136.0, 9030198.0, 1, 0.0
2669980.0, 12094682.0, 1, 0.0
2930040.0, 9610948.0, 1, 0.0
2361980.0, 18101034.0, 2, inf
2430540.0, 18379838.0, 2, inf
4697672.0, 2501894.0, 2, inf
3531628.0, 7122048.0, 2, 0.374007804208
4358188.0, 3697030.0, 2, 0.264199176366
3299600.0, 3760050.0, 2, 0.243555446719
3696552.0, 13838596.0, 2, 0.23207670213
3956102.0, 3751928.0, 2, 0.213990725794
3150098.0, 8953482.0, 2, 0.212339125117
4436952.0, 10582446.0, 2, 0.202840514319
3044046.0, 10201556.0, 2, 0.199022665226
2760858.0, 14559650.0, 2, 0.197938884281
4639786.0, 2825788.0, 2, 0.18689450534
3284798.0, 16996634.0, 2, 0.185439048122
3565908.0, 14899746.0, 2, 0.171099040393
2661416.0, 16155204.0, 2, 0.142992758755
3110342.0, 12085602.0, 2, 0.141063229555
3867642.0, 9466298.0, 2, 0.120938130318
2581652.0, 16172952.0, 2, 0.12062862518
3744028.0, 11633512.0, 2, 0.104135473186
3112102.0, 11507954.0, 2, 0.0757921650578
3407634.0, 12061444.0, 2, 0.0699260695374
3454736.0, 9798154.0, 2, 0.0671469535282
3456310.0, 9319576.0, 2, 0.0652178169951
3357914.0, 11571050.0, 2, 0.0536790505869
2361980.0, 18101034.0, 2, 0.0469123856258
2737820.0, 11515610.0, 2, 0.0465487770367
2589002.0, 16158518.0, 2, 0.0352678275675
6226686.0, 2509424.0, 3, inf
9026198.0, 2596434.0, 3, inf
4156456.0, 19550018.0, 3, inf
2742406.0, 13305900.0, 3, inf
8381066.0, 14729796.0, 3, 0.272152710825
2752820.0, 11747728.0, 3, 0.242614065385
3659930.0, 7980278.0, 3, 0.223210209761
6566496.0, 10544346.0, 3, 0.210803412938
7007172.0, 16598980.0, 3, 0.210173122708
3660826.0, 18429786.0, 3, 0.147383685792
5436818.0, 5122854.0, 3, 0.146246014693
4542534.0, 6734796.0, 3, 0.136283981712
4788824.0, 8978926.0, 3, 0.1357421862
5207056.0, 7007394.0, 3, 0.12891782864
5086002.0, 8348668.0, 3, 0.121866498111
8149470.0, 2692320.0, 3, 0.115007832287
4687756.0, 11051658.0, 3, 0.101054671838
7299422.0, 3400694.0, 3, 0.0976072487279
7622956.0, 17386950.0, 3, 0.0942723791771
5863384.0, 3762504.0, 3, 0.0893421412482
7733434.0, 3753054.0, 3, 0.0851450364563
7591868.0, 15793048.0, 3, 0.0848026673831
4476720.0, 4576848.0, 3, 0.0824741198361
7470988.0, 3333906.0, 3, 0.0817924944253
6446856.0, 4166428.0, 3, 0.0809212903634
6162972.0, 4537786.0, 3, 0.0801488682283
5508128.0, 15566004.0, 3, 0.0768912668518
6343892.0, 11659784.0, 3, 0.0758855151244
5632520.0, 17931898.0, 3, 0.067191824637
4766218.0, 2799966.0, 3, 0.0537343668554
4809528.0, 5059134.0, 3, 0.0515922791846
5742344.0, 18385008.0, 3, 0.0485497183549
5527908.0, 3739400.0, 3, 0.040473373195
4526308.0, 17821534.0, 3, 0.0404392615633
4489374.0, 5049588.0, 3, 0.0361935957616
5753998.0, 4546998.0, 3, 0.0215545453687
10703110.0, 20090820.0, 4, inf
13447730.0, 11234498.0, 4, inf
12925338.0, 3999176.0, 4, inf
6543782.0, 8969268.0, 4, inf
10231184.0, 16149368.0, 4, 0.619089988361
Generacion: 218
2328942.0, 18642252.0, 1, inf
2328942.0, 18642252.0, 1, inf
7173572.0, 2466546.0, 1, inf
5845218.0, 2501512.0, 1, 0.35812483729
3029654.0, 8025666.0, 1, 0.336283842023
3109740.0, 3943170.0, 1, 0.300320150845
2571668.0, 14970754.0, 1, 0.232444539062
4727934.0, 2889200.0, 1, 0.203331971653
3956508.0, 2926878.0, 1, 0.202163805298
2669980.0, 12094682.0, 1, 0.178165234545
2710608.0, 10796588.0, 1, 0.154663458884
3610668.0, 3492468.0, 1, 0.118797389118
5450980.0, 2507916.0, 1, 0.11754569778
2482346.0, 15789686.0, 1, 0.11717293354
4917700.0, 2847158.0, 1, 0.0958098811074
5179044.0, 2845616.0, 1, 0.0952753239162
2449122.0, 17012570.0, 1, 0.0876006137393
3004136.0, 9030198.0, 1, 0.0824949546365
2930040.0, 9610948.0, 1, 0.0810012364488
5334850.0, 2698832.0, 1, 0.0770084147537
2930040.0, 9610948.0, 1, 0.0736608623714
3266428.0, 3534550.0, 1, 0.0730716092252
3748920.0, 3223908.0, 1, 0.0657503577541
2398982.0, 17552796.0, 1, 0.0643750556156
3843816.0, 3207366.0, 1, 0.0612118151746
2330402.0, 18094754.0, 1, 0.0560378599424
2669980.0, 12094682.0, 1, 0.0560038211706
2708848.0, 11374202.0, 1, 0.0525616706731
2931800.0, 9033356.0, 1, 0.0511970660955
2359984.0, 17839446.0, 1, 0.0476603215937
3149268.0, 3567154.0, 1, 0.0474292015502
2671740.0, 11517034.0, 1, 0.0433704518524
2521342.0, 15358350.0, 1, 0.0370536642442
2428796.0, 17027890.0, 1, 0.0366458415651
2521342.0, 15358350.0, 1, 0.0320109372727
3266428.0, 3534550.0, 1, 0.026785033067
3149268.0, 3567154.0, 1, 0.0101747522929
2671740.0, 11517034.0, 1, 0.00919332073826
2428796.0, 17027890.0, 1, 0.00710112964928
2428796.0, 17027890.0, 1, 0.0
2669980.0, 12094682.0, 1, 0.0
2930040.0, 9610948.0, 1, 0.0
2930040.0, 9610948.0, 1, 0.0
2430540.0, 18379838.0, 2, inf
2361980.0, 18101034.0, 2, inf
6226686.0, 2509424.0, 2, inf
5577392.0, 4157176.0, 2, 0.401304777252
4476720.0, 4576848.0, 2, 0.343116663937
4810072.0, 4358704.0, 2, 0.311244636049
3450006.0, 7948446.0, 2, 0.271565349131
3660714.0, 9804682.0, 2, 0.246865442257
4126372.0, 7949164.0, 2, 0.211705817541
2542708.0, 16604288.0, 2, 0.173303093777
4358188.0, 3697030.0, 2, 0.144535449256
2717988.0, 14991384.0, 2, 0.104191340731
2626464.0, 16005912.0, 2, 0.104048600464
3150098.0, 8953482.0, 2, 0.102044464637
2968596.0, 13364378.0, 2, 0.101958863368
2804228.0, 13561052.0, 2, 0.101779892167
3210792.0, 10457998.0, 2, 0.101464614465
2979224.0, 14533348.0, 2, 0.0996139403942
3180768.0, 12281676.0, 2, 0.0963166992573
4234152.0, 3807156.0, 2, 0.0889767798547
3432408.0, 11740022.0, 2, 0.0811129644288
3294810.0, 11168242.0, 2, 0.0794725352356
2896732.0, 10946654.0, 2, 0.0775429765998
3118436.0, 9317638.0, 2, 0.055062702101
2661416.0, 16155204.0, 2, 0.0538479165575
3114122.0, 11013660.0, 2, 0.0499837014441
2735614.0, 12085032.0, 2, 0.0487565235922
2688856.0, 14544364.0, 2, 0.0434991110248
2788046.0, 11435048.0, 2, 0.0312012225301
2774516.0, 11364856.0, 2, 0.0260817387542
2412022.0, 18268538.0, 2, 0.0235029443847
3119642.0, 11366858.0, 2, 0.0126154234703
2412022.0, 18268538.0, 2, 0.0118046171513
10073842.0, 18789190.0, 3, inf
12042910.0, 18730170.0, 3, inf
2839832.0, 16735376.0, 3, inf
9102018.0, 2918514.0, 3, inf
7466944.0, 7179712.0, 3, 0.253070675109
11537398.0, 2960618.0, 3, 0.237354534678
8102158.0, 5348636.0, 3, 0.194808826297
5483650.0, 12340788.0, 3, 0.176406697702
3744158.0, 13452066.0, 3, 0.170405276924
3304672.0, 15608612.0, 3, 0.141753288474
4038084.0, 11942354.0, 3, 0.139632805263
3402102.0, 14778376.0, 3, 0.112614197816
4180732.0, 10480806.0, 3, 0.112414015531
4605922.0, 9605592.0, 3, 0.108489911999
8981566.0, 3955570.0, 3, 0.108224711009
8181346.0, 4583940.0, 3, 0.10477880285
7294462.0, 8173046.0, 3, 0.0946904985652
3625076.0, 17835318.0, 3, 0.0899864550884
6545152.0, 15025416.0, 3, 0.0859582793428
3779822.0, 9351520.0, 3, 0.0833508518881
6127220.0, 8175326.0, 3, 0.0811017944535
8336266.0, 8309854.0, 3, 0.0795367509001
8604824.0, 3723750.0, 3, 0.0761844424883
5149800.0, 16983348.0, 3, 0.075225375783
Generacion: 219
2328942.0, 18642252.0, 1, inf
5387394.0, 2440766.0, 1, inf
3029654.0, 8025666.0, 1, 0.408492872485
2521342.0, 15358350.0, 1, 0.344311613164
3149268.0, 3567154.0, 1, 0.313498507759
3969316.0, 3454150.0, 1, 0.289031250415
4607100.0, 3314620.0, 1, 0.263639070478
3750382.0, 3459078.0, 1, 0.234780729527
5262274.0, 2631240.0, 1, 0.228372136914
4759030.0, 2812112.0, 1, 0.209902339465
2669980.0, 12094682.0, 1, 0.202017964167
3266428.0, 3534550.0, 1, 0.160247358227
2491168.0, 16725824.0, 1, 0.125716232654
2807700.0, 9788770.0, 1, 0.107901946738
2449122.0, 17012570.0, 1, 0.106633985524
2769594.0, 10509192.0, 1, 0.0939507529021
2669980.0, 12094682.0, 1, 0.0842531086938
4656522.0, 2823130.0, 1, 0.0806916240168
2930040.0, 9610948.0, 1, 0.0756511847607
2931800.0, 9033356.0, 1, 0.0676451738767
2330402.0, 18094754.0, 1, 0.0646950544985
2931800.0, 9033356.0, 1, 0.0627728356648
2369348.0, 17808138.0, 1, 0.0618385243455
2708848.0, 11374202.0, 1, 0.0571762860743
2710608.0, 10796588.0, 1, 0.0549381420425
2671740.0, 11517034.0, 1, 0.0477869486886
2369348.0, 17808138.0, 1, 0.0437738525729
3266428.0, 3534550.0, 1, 0.0429652986449
3149268.0, 3567154.0, 1, 0.0411217351998
2710608.0, 10796588.0, 1, 0.0183143211804
2930040.0, 9610948.0, 1, 0.011551114398
2671740.0, 11517034.0, 1, 0.0093914359586
2931800.0, 9033356.0, 1, 0.0
3149268.0, 3567154.0, 1, 0.0
3266428.0, 3534550.0, 1, 0.0
2671740.0, 11517034.0, 1, 0.0
2930040.0, 9610948.0, 1, 0.0
2930040.0, 9610948.0, 1, 0.0
2930040.0, 9610948.0, 1, 0.0
5465172.0, 2460054.0, 2, inf
2412022.0, 18268538.0, 2, inf
6118648.0, 3587974.0, 2, inf
2400978.0, 17814414.0, 2, inf
4385004.0, 5469430.0, 2, 0.231890970425
5657138.0, 3601178.0, 2, 0.221361476423
4727934.0, 2889200.0, 2, 0.21114869147
3677614.0, 6476250.0, 2, 0.197835012445
4992036.0, 4357410.0, 2, 0.193181147493
2688856.0, 14544364.0, 2, 0.178331550278
4126372.0, 7949164.0, 2, 0.162767040512
2907240.0, 12483392.0, 2, 0.14622635344
3440644.0, 8021498.0, 2, 0.145367159879
4364126.0, 9850788.0, 2, 0.142892223858
5378772.0, 3575004.0, 2, 0.133619980455
4928352.0, 11666726.0, 2, 0.121519386304
3654840.0, 12369058.0, 2, 0.115401519108
3867642.0, 9466298.0, 2, 0.109747686989
5470396.0, 4330830.0, 2, 0.0994732035152
3112164.0, 9024930.0, 2, 0.0974881024962
2626464.0, 16005912.0, 2, 0.0971423885945
2966184.0, 14984380.0, 2, 0.094608473413
2889394.0, 15352376.0, 2, 0.0938542038023
2776722.0, 10795458.0, 2, 0.0914914584855
2622630.0, 17017764.0, 2, 0.088212345665
2582598.0, 18263780.0, 2, 0.085377136715
3294810.0, 11168242.0, 2, 0.0783596646911
3839378.0, 16606440.0, 2, 0.0702376808853
4126372.0, 7949164.0, 2, 0.0685280661312
3807168.0, 9636318.0, 2, 0.0677274317859
3096986.0, 14663608.0, 2, 0.0671006978754
3119642.0, 11366858.0, 2, 0.0657556740856
3838982.0, 3487540.0, 2, 0.0520460507711
2788046.0, 11435048.0, 2, 0.0432237633256
3367400.0, 11172208.0, 2, 0.0348170720443
3357914.0, 11571050.0, 2, 0.0341809658685
2896732.0, 10946654.0, 2, 0.0233279647733
3862146.0, 10875348.0, 2, 0.0171668427725
2907240.0, 12483392.0, 2, 0.0100589471106
11926860.0, 4886300.0, 3, inf
10252752.0, 18656414.0, 3, inf
4082886.0, 15418114.0, 3, inf
5725268.0, 2811268.0, 3, inf
4725016.0, 13298520.0, 3, 0.286553868173
6730972.0, 12192818.0, 3, 0.218679901678
9420120.0, 5312128.0, 3, 0.204268761214
8784416.0, 10693272.0, 3, 0.16966674571
4733958.0, 17550946.0, 3, 0.154555874087
7246792.0, 18286408.0, 3, 0.143058656882
10693690.0, 3525244.0, 3, 0.133543066328
5055122.0, 8258928.0, 3, 0.127396986005
11537398.0, 2960618.0, 3, 0.122167438392
11280228.0, 5656318.0, 3, 0.106237689595
8091686.0, 8584252.0, 3, 0.103398319162
8240098.0, 5085430.0, 3, 0.101037012994
6291380.0, 3998964.0, 3, 0.100522807339
10786238.0, 15636456.0, 3, 0.0981427736627
7704530.0, 9701998.0, 3, 0.0961645882961
7552576.0, 7162988.0, 3, 0.0955360964282
7488616.0, 9329736.0, 3, 0.0951388264032
7814002.0, 4282376.0, 3, 0.0926431445578
Generacion: 220
2328942.0, 18642252.0, 1, inf
6916286.0, 2436520.0, 1, inf
5192412.0, 2619676.0, 1, 0.420722376037
6894184.0, 2614036.0, 1, 0.387091054649
3956508.0, 2926878.0, 1, 0.310497578027
3111134.0, 8006310.0, 1, 0.301194228534
3149268.0, 3567154.0, 1, 0.299464886256
2571668.0, 14970754.0, 1, 0.268908527277
2669980.0, 12094682.0, 1, 0.234931987711
3293530.0, 3231608.0, 1, 0.187928623224
4629468.0, 2919242.0, 1, 0.158998729105
5020204.0, 2811932.0, 1, 0.106347967235
2482346.0, 15789686.0, 1, 0.0949313647093
2904958.0, 10484236.0, 1, 0.0904033429939
2710608.0, 10796588.0, 1, 0.0835217620478
4759030.0, 2812112.0, 1, 0.0799704162546
2449122.0, 17012570.0, 1, 0.07989085325
3029654.0, 8025666.0, 1, 0.0797481276451
3004136.0, 9030198.0, 1, 0.0633499678385
2769594.0, 10509192.0, 1, 0.06164073124
2398982.0, 17552796.0, 1, 0.0611055540578
2367888.0, 18355602.0, 1, 0.0602784538624
2482346.0, 15789686.0, 1, 0.0577760130217
2369348.0, 17808138.0, 1, 0.0563166120427
2930040.0, 9610948.0, 1, 0.0542712640431
2931800.0, 9033356.0, 1, 0.0500460658465
2671740.0, 11517034.0, 1, 0.0448399097544
2428796.0, 17027890.0, 1, 0.0442655609037
3266428.0, 3534550.0, 1, 0.0442333422567
2671740.0, 11517034.0, 1, 0.0441175485774
2930040.0, 9610948.0, 1, 0.0411088682001
4656522.0, 2823130.0, 1, 0.0282765690487
2997880.0, 9031936.0, 1, 0.015963470935
3149268.0, 3567154.0, 1, 0.0103247519733
2449122.0, 17012570.0, 1, 0.00818787963778
3266428.0, 3534550.0, 1, 0.00791987455406
3029654.0, 8025666.0, 1, 0.00675708818038
4656522.0, 2823130.0, 1, 0.0065774131442
3004136.0, 9030198.0, 1, 0.00566994197803
2931800.0, 9033356.0, 1, 0.000471287590312
2930040.0, 9610948.0, 1, 0.0
7461870.0, 2454764.0, 2, inf
2412022.0, 18268538.0, 2, inf
6291380.0, 3998964.0, 2, 0.411882833979
4470768.0, 3999316.0, 2, 0.403079865508
6446780.0, 2828344.0, 2, 0.289892778626
3708236.0, 5791898.0, 2, 0.242914679582
7421568.0, 3673844.0, 2, 0.23257658229
4244338.0, 4409568.0, 2, 0.221711594611
2745052.0, 14314174.0, 2, 0.219728596463
2491168.0, 16725824.0, 2, 0.204831450782
3677614.0, 6476250.0, 2, 0.147670958044
3589630.0, 7996830.0, 2, 0.135840032706
3119642.0, 11366858.0, 2, 0.129937402244
2744402.0, 13567546.0, 2, 0.122533478421
3458830.0, 12449650.0, 2, 0.117588807181
2845458.0, 10712794.0, 2, 0.102421797092
4259612.0, 3499840.0, 2, 0.0983050213872
2622630.0, 17017764.0, 2, 0.0881079397048
3651354.0, 12759826.0, 2, 0.0859384762977
3213694.0, 17609776.0, 2, 0.0810346311848
3044046.0, 10201556.0, 2, 0.0759640418087
3342290.0, 9034188.0, 2, 0.0757894397056
3112164.0, 9024930.0, 2, 0.0751251471682
3440644.0, 8021498.0, 2, 0.0670543343533
2947700.0, 9763362.0, 2, 0.0645433610682
2446948.0, 17988648.0, 2, 0.0573291639034
3293724.0, 4012454.0, 2, 0.0496777419166
3218820.0, 9784642.0, 2, 0.0435576427367
2890148.0, 17003178.0, 2, 0.0381830653393
2976438.0, 18268518.0, 2, 0.036778117456
3440644.0, 8021498.0, 2, 0.0210365317713
3063656.0, 17009468.0, 2, 0.0144114793492
3666626.0, 4010626.0, 2, 0.0060309512432
3670938.0, 16162214.0, 3, inf
8511568.0, 20532520.0, 3, inf
12117212.0, 17636312.0, 3, inf
10328106.0, 3781082.0, 3, inf
10284396.0, 15467598.0, 3, 0.247580375575
9406510.0, 12684156.0, 3, 0.226512263748
7219948.0, 10276942.0, 3, 0.15844887079
9275022.0, 7012756.0, 3, 0.145675546992
11287922.0, 5419712.0, 3, 0.143832111246
7939930.0, 4352526.0, 3, 0.120540198797
5405056.0, 11845062.0, 3, 0.113775545042
3895828.0, 8215094.0, 3, 0.113121521627
8919336.0, 10513864.0, 3, 0.10940414375
9848858.0, 6366418.0, 3, 0.0972853342786
6203208.0, 8477772.0, 3, 0.0947161648131
4605922.0, 9605592.0, 3, 0.0930228896908
9721226.0, 4923664.0, 3, 0.0850789591077
5819454.0, 6188554.0, 3, 0.0844961114588
8340944.0, 3902110.0, 3, 0.0782381499774
6382734.0, 10938350.0, 3, 0.0781260299474
11576612.0, 5502262.0, 3, 0.0779956392113
4387844.0, 17248940.0, 3, 0.0762456293129
11490108.0, 15880994.0, 3, 0.0752577134633
5137932.0, 16700902.0, 3, 0.0738150625112
4136518.0, 12335350.0, 3, 0.0707789840333
8010306.0, 6701292.0, 3, 0.0698410697217
Generacion: 221
2328942.0, 18642252.0, 1, inf
6420046.0, 2568888.0, 1, inf
5634462.0, 2572708.0, 1, 0.323110383659
5102648.0, 2586490.0, 1, 0.312216584852
3109740.0, 3943170.0, 1, 0.290549036077
3956508.0, 2926878.0, 1, 0.280351263511
3094848.0, 8023446.0, 1, 0.273567031104
2742406.0, 13305900.0, 1, 0.264839527677
4361510.0, 2589832.0, 1, 0.20199235432
2769594.0, 10509192.0, 1, 0.193912817285
3293530.0, 3231608.0, 1, 0.180901022645
2482346.0, 15789686.0, 1, 0.135743097571
2851074.0, 10490116.0, 1, 0.131467204657
4352952.0, 2887738.0, 1, 0.119964998147
2931800.0, 9033356.0, 1, 0.106784049273
2709182.0, 14528704.0, 1, 0.0901400796268
2571668.0, 14970754.0, 1, 0.0795942239943
3029654.0, 8025666.0, 1, 0.0784322389362
3004136.0, 9030198.0, 1, 0.0703714240083
2398982.0, 17552796.0, 1, 0.0673106470824
2466980.0, 16741298.0, 1, 0.0635693644758
2330402.0, 18094754.0, 1, 0.0575340413934
3266428.0, 3534550.0, 1, 0.056138268151
3149268.0, 3567154.0, 1, 0.0520314805633
2359984.0, 17839446.0, 1, 0.050480971919
2571668.0, 14970754.0, 1, 0.0483609651209
2428796.0, 17027890.0, 1, 0.0376252260819
2688856.0, 14544364.0, 1, 0.0314960797501
2688856.0, 14544364.0, 1, 0.0296188734703
2449122.0, 17012570.0, 1, 0.0271636658552
3293530.0, 3231608.0, 1, 0.0255833123525
2466980.0, 16741298.0, 1, 0.020633068595
2931800.0, 9033356.0, 1, 0.0198204270146
2997880.0, 9031936.0, 1, 0.0178777650351
3149268.0, 3567154.0, 1, 0.0116903887162
2428796.0, 17027890.0, 1, 0.00824064911907
2769594.0, 10509192.0, 1, 0.00783244711554
3029654.0, 8025666.0, 1, 0.00637555285455
2931800.0, 9033356.0, 1, 0.0
2460334.0, 17034570.0, 2, inf
6894184.0, 2614036.0, 2, inf
7689672.0, 3233348.0, 2, inf
2504438.0, 17700224.0, 2, inf
3708236.0, 5791898.0, 2, 0.278627585623
4347564.0, 6620092.0, 2, 0.259185746013
2922862.0, 15780216.0, 2, 0.225514933289
2802768.0, 14120554.0, 2, 0.206687433563
5380810.0, 3464560.0, 2, 0.180484255781
4887340.0, 4577656.0, 2, 0.173546235824
3221630.0, 11023738.0, 2, 0.167350579519
6449202.0, 2814598.0, 2, 0.162472696473
4650928.0, 7502184.0, 2, 0.128981260155
5683616.0, 2826004.0, 2, 0.128491151983
3340704.0, 9603552.0, 2, 0.122131761249
6118034.0, 3658980.0, 2, 0.117639848541
3386916.0, 11797052.0, 2, 0.111873639177
3342290.0, 9034188.0, 2, 0.0947640069511
3045846.0, 9321344.0, 2, 0.0867075566496
4666590.0, 4586892.0, 2, 0.0845922988545
5907582.0, 4008400.0, 2, 0.0839440931069
3433050.0, 8025034.0, 2, 0.082202718957
4470768.0, 3999316.0, 2, 0.0799942908749
3458830.0, 12449650.0, 2, 0.0767524362129
2814870.0, 13302404.0, 2, 0.0765149616398
2876640.0, 13557660.0, 2, 0.071659169999
2831728.0, 12486888.0, 2, 0.0683376814175
3178926.0, 8000998.0, 2, 0.0667143775265
4672396.0, 3676770.0, 2, 0.0647731994255
3293724.0, 4012454.0, 2, 0.0605039652714
3595296.0, 8001528.0, 2, 0.0492868540607
12920296.0, 3944876.0, 3, inf
6928160.0, 20537756.0, 3, inf
3670938.0, 16162214.0, 3, inf
11148534.0, 2666488.0, 3, inf
7676556.0, 13378542.0, 3, 0.210841810003
3869122.0, 17610636.0, 3, 0.199829819667
7538530.0, 7996528.0, 3, 0.183377567946
10328106.0, 3781082.0, 3, 0.126477647107
9082116.0, 6164970.0, 3, 0.125988257761
7976736.0, 3324070.0, 3, 0.123247399075
5330760.0, 11736640.0, 3, 0.118175751254
6005966.0, 8503060.0, 3, 0.116469971342
9428386.0, 10810870.0, 3, 0.114991865197
10066072.0, 5171142.0, 3, 0.104841386889
11807596.0, 4724660.0, 3, 0.103282363823
6473968.0, 12282938.0, 3, 0.102010763942
12090792.0, 4319670.0, 3, 0.0958077648754
8733858.0, 5149932.0, 3, 0.0944289148359
4994576.0, 10400112.0, 3, 0.0864181051306
4169106.0, 12681066.0, 3, 0.0799091117311
6666614.0, 16899952.0, 3, 0.0762591957999
6211872.0, 9457614.0, 3, 0.0717351552042
8320568.0, 5622916.0, 3, 0.0711107116131
4364126.0, 9850788.0, 3, 0.070762159515
7034328.0, 8424950.0, 3, 0.0697856680575
8239652.0, 9412322.0, 3, 0.0616936355376
9115410.0, 11296878.0, 3, 0.0615216559045
3885782.0, 17035236.0, 3, 0.059792886669
3753984.0, 13116334.0, 3, 0.0568266416686
8962896.0, 5339484.0, 3, 0.0558482614865
Generacion: 222
6253608.0, 2551850.0, 1, inf
2328942.0, 18642252.0, 1, inf
4907154.0, 2563364.0, 1, 0.36794771686
3109740.0, 3943170.0, 1, 0.307568896917
2769594.0, 10509192.0, 1, 0.266419403131
3029654.0, 8025666.0, 1, 0.26022439108
2709182.0, 14528704.0, 1, 0.254987092712
3956508.0, 2926878.0, 1, 0.245351243482
3293530.0, 3231608.0, 1, 0.18775346449
2428796.0, 17027890.0, 1, 0.153314017496
4816894.0, 2582016.0, 1, 0.140674366195
2482346.0, 15789686.0, 1, 0.136711647419
4100770.0, 2593342.0, 1, 0.124141025989
2872928.0, 9786840.0, 1, 0.116301829505
4361510.0, 2589832.0, 1, 0.116249417486
2466980.0, 16741298.0, 1, 0.0905974293642
3029654.0, 8025666.0, 1, 0.0828363226925
2571668.0, 14970754.0, 1, 0.0807550392136
2834788.0, 10506968.0, 1, 0.0712227212482
3004136.0, 9030198.0, 1, 0.0706345000748
4361510.0, 2589832.0, 1, 0.0669219820962
3149268.0, 3567154.0, 1, 0.0653191704869
2931800.0, 9033356.0, 1, 0.0636652665662
3266428.0, 3534550.0, 1, 0.0576115760366
2571668.0, 14970754.0, 1, 0.0492587828256
2688856.0, 14544364.0, 1, 0.0316786881118
2688856.0, 14544364.0, 1, 0.0308326071948
3293530.0, 3231608.0, 1, 0.0258441752178
2997880.0, 9031936.0, 1, 0.0186273886186
2709182.0, 14528704.0, 1, 0.0163661532342
2769594.0, 10509192.0, 1, 0.0155311212692
2931800.0, 9033356.0, 1, 0.0150887635142
3029654.0, 8025666.0, 1, 0.0
3029654.0, 8025666.0, 1, 0.0
3029654.0, 8025666.0, 1, 0.0
6420046.0, 2568888.0, 2, inf
2590462.0, 15611076.0, 2, inf
2770842.0, 18085518.0, 2, inf
11148534.0, 2666488.0, 2, inf
10856616.0, 2685488.0, 2, 0.558656304213
6449202.0, 2814598.0, 2, 0.528359167229
4611570.0, 4547432.0, 2, 0.385781677867
3120396.0, 9035308.0, 2, 0.330219177214
5738114.0, 2842792.0, 2, 0.172734651817
2638314.0, 16752716.0, 2, 0.16557964308
3835222.0, 9933820.0, 2, 0.154017760548
2770336.0, 14527648.0, 2, 0.147919277755
4828752.0, 3694566.0, 2, 0.147610658657
2831728.0, 12486888.0, 2, 0.139296732944
3456310.0, 9319576.0, 2, 0.119572613936
2771878.0, 11804758.0, 2, 0.102208039569
6298054.0, 2856172.0, 2, 0.0852622048102
3256342.0, 10713666.0, 2, 0.0793827760203
2590462.0, 15611076.0, 2, 0.0791667007183
3221824.0, 11010274.0, 2, 0.075364986817
4130032.0, 3558448.0, 2, 0.0729097641445
4005506.0, 2929364.0, 2, 0.0718374922194
2642746.0, 14985810.0, 2, 0.0573037398352
3019144.0, 12485806.0, 2, 0.0565462985345
4074098.0, 3537742.0, 2, 0.0550932734814
3213146.0, 4019520.0, 2, 0.0533512099093
3012692.0, 14961284.0, 2, 0.0492831124067
2837828.0, 14549846.0, 2, 0.0490919490694
3307478.0, 3903500.0, 2, 0.0443083156021
11148534.0, 2666488.0, 2, 0.0404002784748
4665162.0, 2839902.0, 2, 0.0271944630835
3252422.0, 18376078.0, 3, inf
12742532.0, 4852482.0, 3, inf
7550780.0, 3275596.0, 3, inf
2642944.0, 17191386.0, 3, inf
11237544.0, 6042470.0, 3, 0.260834815349
9428386.0, 10810870.0, 3, 0.183153078355
6427472.0, 8192892.0, 3, 0.179334339857
4118644.0, 7067748.0, 3, 0.152496170058
9641680.0, 13419864.0, 3, 0.149749418621
2833582.0, 12094972.0, 3, 0.128598091348
8660286.0, 9788890.0, 3, 0.1255537188
6015444.0, 9215296.0, 3, 0.118153492468
2992886.0, 17834434.0, 3, 0.112820727601
10504396.0, 3468138.0, 3, 0.106863059058
4719922.0, 10195600.0, 3, 0.106781751607
10328106.0, 3781082.0, 3, 0.106020650035
5451050.0, 10537384.0, 3, 0.0941882271691
4016394.0, 12778828.0, 3, 0.0836284495239
8336172.0, 14325078.0, 3, 0.0826292476188
6028996.0, 16920168.0, 3, 0.0820192108023
6336686.0, 13186166.0, 3, 0.0819060389072
7838752.0, 4407790.0, 3, 0.080687979632
5122350.0, 6691688.0, 3, 0.0788277386952
2662876.0, 15607762.0, 3, 0.0786376204698
3732992.0, 5350588.0, 3, 0.0713791347496
3188954.0, 16433164.0, 3, 0.0705238007207
5722070.0, 3948194.0, 3, 0.0698908030074
7236372.0, 4460198.0, 3, 0.0678152954579
3384872.0, 15881268.0, 3, 0.0675711003785
5841810.0, 9697194.0, 3, 0.0654797320178
6811452.0, 3383198.0, 3, 0.0647150167677
8216200.0, 3637128.0, 3, 0.0627210673556
6711554.0, 15909590.0, 3, 0.0619923822747
4921926.0, 18363696.0, 3, 0.0580870565994
Generacion: 223
2328942.0, 18642252.0, 1, inf
8940374.0, 2441290.0, 1, inf
5617578.0, 2482864.0, 1, 0.723099038222
3109740.0, 3943170.0, 1, 0.282271723213
2620044.0, 15355660.0, 1, 0.264997190305
2671740.0, 11517034.0, 1, 0.254840040697
3101228.0, 8022508.0, 1, 0.254106395217
4214954.0, 2576800.0, 1, 0.2362412319
3843816.0, 3207366.0, 1, 0.143202657766
2769594.0, 10509192.0, 1, 0.11715830321
2544168.0, 16044730.0, 1, 0.107884960314
4100770.0, 2593342.0, 1, 0.0950573121947
3407714.0, 3215066.0, 1, 0.0847288287884
2369348.0, 17808138.0, 1, 0.080734295696
2449122.0, 17012570.0, 1, 0.0781356651193
2737820.0, 11515610.0, 1, 0.077009501993
3004136.0, 9030198.0, 1, 0.0770001198341
3029654.0, 8025666.0, 1, 0.0718652648438
3149268.0, 3567154.0, 1, 0.0717197908736
2428796.0, 17027890.0, 1, 0.0611722895433
3293530.0, 3231608.0, 1, 0.0608233115115
2807700.0, 9788770.0, 1, 0.0602165762484
2330402.0, 18094754.0, 1, 0.0575969964642
2930040.0, 9610948.0, 1, 0.0554131724126
2590462.0, 15611076.0, 1, 0.0540091444536
2931800.0, 9033356.0, 1, 0.0470538911051
2872928.0, 9786840.0, 1, 0.0207228274496
3094848.0, 8023446.0, 1, 0.0110207205637
2872928.0, 9786840.0, 1, 0.00875749935661
3029654.0, 8025666.0, 1, 0.00399670710576
3029654.0, 8025666.0, 1, 0.0
3029654.0, 8025666.0, 1, 0.0
3029654.0, 8025666.0, 1, 0.0
3029654.0, 8025666.0, 1, 0.0
3029654.0, 8025666.0, 1, 0.0
3029654.0, 8025666.0, 1, 0.0
5667518.0, 2571464.0, 2, inf
2429040.0, 19229956.0, 2, inf
6706422.0, 2619510.0, 2, inf
3734682.0, 7976312.0, 2, 0.320224474
5300880.0, 3497580.0, 2, 0.317278548795
3932300.0, 3937982.0, 2, 0.311995024731
4361704.0, 3358628.0, 2, 0.235611042233
3114126.0, 17989916.0, 2, 0.20270927866
4109820.0, 13110500.0, 2, 0.150033136531
3093818.0, 14231532.0, 2, 0.134867129287
3365386.0, 16329834.0, 2, 0.12873154108
3578432.0, 15633704.0, 2, 0.122385336072
3525886.0, 9264370.0, 2, 0.11328970461
4353830.0, 10719560.0, 2, 0.113104385697
2902806.0, 12502284.0, 2, 0.111146542758
3444010.0, 10313826.0, 2, 0.107282790588
3216222.0, 8950104.0, 2, 0.106294963907
2589002.0, 16158518.0, 2, 0.0968908139801
4133954.0, 3260992.0, 2, 0.0966900983495
3397102.0, 14820880.0, 2, 0.08359786042
2771878.0, 11804758.0, 2, 0.0831220588838
3905850.0, 11310990.0, 2, 0.0796463627229
3288866.0, 8024772.0, 2, 0.0681554988543
2896598.0, 14534186.0, 2, 0.0653708773492
2774516.0, 11364856.0, 2, 0.0587986404908
3909668.0, 12027050.0, 2, 0.0480557864212
3263624.0, 16046468.0, 2, 0.0340183511366
4130032.0, 3558448.0, 2, 0.0320793231649
3316714.0, 16050980.0, 2, 0.0246157464454
3250500.0, 7997292.0, 2, 0.0137945027373
3440644.0, 8021498.0, 2, 0.0126161302106
2606680.0, 16746040.0, 3, inf
10760210.0, 2669786.0, 3, inf
11689732.0, 2670126.0, 3, inf
7604238.0, 20526684.0, 3, inf
2737374.0, 17802216.0, 3, 0.324850333971
4074414.0, 15586344.0, 3, 0.267708489642
10237648.0, 17611368.0, 3, 0.266648648955
8686592.0, 2831410.0, 3, 0.227370642503
7232926.0, 9988464.0, 3, 0.224427344588
4488302.0, 5137682.0, 3, 0.202193081507
5876810.0, 12768058.0, 3, 0.198300317639
6127220.0, 8175326.0, 3, 0.192602349823
4772708.0, 14127124.0, 3, 0.16438498876
4384418.0, 11370320.0, 3, 0.136141695727
7440676.0, 8940410.0, 3, 0.125479563499
6473056.0, 4461420.0, 3, 0.113249894465
4595566.0, 11045686.0, 3, 0.0988938467717
8348174.0, 3495206.0, 3, 0.0956522592625
5185050.0, 4398324.0, 3, 0.0834782772506
5722070.0, 3948194.0, 3, 0.0805850517504
11237964.0, 3357410.0, 3, 0.0743691558337
4442516.0, 15669548.0, 3, 0.0703257579714
6120972.0, 4737042.0, 3, 0.0593832995111
5015212.0, 8415290.0, 3, 0.0561638910804
4434898.0, 17117344.0, 3, 0.0548553406715
7930664.0, 3665872.0, 3, 0.0516758325643
11084200.0, 3015634.0, 3, 0.0487513560402
6203208.0, 8477772.0, 3, 0.0461332192608
6291380.0, 3998964.0, 3, 0.0444331838495
11019822.0, 3410652.0, 3, 0.0433864104442
7828244.0, 3738100.0, 3, 0.0427473904818
4571402.0, 4360410.0, 3, 0.0317787031979
7884368.0, 3273100.0, 3, 0.0279479912578
Generacion: 224
5614718.0, 2473182.0, 1, inf
2328942.0, 18642252.0, 1, inf
5451514.0, 2478718.0, 1, 0.366783688869
4425044.0, 2549432.0, 1, 0.352545520964
3213358.0, 4289786.0, 1, 0.307868857123
3166456.0, 8020548.0, 1, 0.264981582424
2669980.0, 12094682.0, 1, 0.2434828497
2642746.0, 14985810.0, 1, 0.216877625267
2620044.0, 15355660.0, 1, 0.184275900394
3407714.0, 3215066.0, 1, 0.168974484477
2449122.0, 17012570.0, 1, 0.161626352398
3843816.0, 3207366.0, 1, 0.150071397111
2330402.0, 18094754.0, 1, 0.130232377745
2708848.0, 11374202.0, 1, 0.128373704183
3956508.0, 2926878.0, 1, 0.116177143059
4100770.0, 2593342.0, 1, 0.100307091528
3266428.0, 3534550.0, 1, 0.0898442959233
3029654.0, 8025666.0, 1, 0.081968043751
2807700.0, 9788770.0, 1, 0.0761238132138
2428796.0, 17027890.0, 1, 0.072167836514
3004136.0, 9030198.0, 1, 0.0719044196185
4214954.0, 2576800.0, 1, 0.0656318481927
4310860.0, 2565974.0, 1, 0.0656318481927
2769594.0, 10509192.0, 1, 0.065095080655
2930040.0, 9610948.0, 1, 0.0645175588216
2769594.0, 10509192.0, 1, 0.0630431277451
3293530.0, 3231608.0, 1, 0.0627582388622
2931800.0, 9033356.0, 1, 0.0564564204979
2872928.0, 9786840.0, 1, 0.0482308777652
3843816.0, 3207366.0, 1, 0.0347731388971
2428796.0, 17027890.0, 1, 0.0308929255592
2997880.0, 9031936.0, 1, 0.022210202022
3101228.0, 8022508.0, 1, 0.0219725608824
3094848.0, 8023446.0, 1, 0.0198992914974
3029654.0, 8025666.0, 1, 0.00790350113332
3094848.0, 8023446.0, 1, 0.00207900183696
3843816.0, 3207366.0, 1, 0.0
3029654.0, 8025666.0, 1, 0.0
2661416.0, 16155204.0, 2, inf
5617578.0, 2482864.0, 2, inf
2981470.0, 18096022.0, 2, inf
4571720.0, 2562674.0, 2, 0.387265676729
5490494.0, 3268394.0, 2, 0.362415321731
2720394.0, 14550994.0, 2, 0.315827239771
4484618.0, 3754532.0, 2, 0.250771672955
3833070.0, 7631112.0, 2, 0.226377021003
3515584.0, 10317792.0, 2, 0.223430446575
2737820.0, 11515610.0, 2, 0.222375690569
4131630.0, 5042154.0, 2, 0.204700884806
4118874.0, 6804186.0, 2, 0.176192569969
2926538.0, 16043138.0, 2, 0.14875696807
4146588.0, 3225660.0, 2, 0.120739098267
3216222.0, 8950104.0, 2, 0.116136932954
3288866.0, 8024772.0, 2, 0.11544872341
3114872.0, 9266138.0, 2, 0.0910645422588
3953688.0, 3216706.0, 2, 0.0899403867906
2774516.0, 11364856.0, 2, 0.0878122771062
3034084.0, 10713080.0, 2, 0.0820854969584
4100964.0, 3372178.0, 2, 0.0803400933253
3307772.0, 3237496.0, 2, 0.0794304115669
2845458.0, 10712794.0, 2, 0.0647479440996
3180584.0, 10505074.0, 2, 0.0595836206911
2995338.0, 9791014.0, 2, 0.0506951464415
3973420.0, 9598160.0, 2, 0.043346244521
3973420.0, 9598160.0, 2, 0.0279403958844
2995674.0, 9601300.0, 2, 0.0254588769481
8267058.0, 2597502.0, 3, inf
3013280.0, 19389172.0, 3, inf
11689732.0, 2670126.0, 3, inf
9413996.0, 2685698.0, 3, 0.416860222124
6427472.0, 8192892.0, 3, 0.194766287003
4829642.0, 5810758.0, 3, 0.16884509386
8384428.0, 11401636.0, 3, 0.15914680429
4384418.0, 11370320.0, 3, 0.131879299846
3598200.0, 13553006.0, 3, 0.125331249029
7104042.0, 10183122.0, 3, 0.118767802091
3379832.0, 15843640.0, 3, 0.117335636171
4400406.0, 8947088.0, 3, 0.116170530957
6039356.0, 12217826.0, 3, 0.11411230541
3798560.0, 18151524.0, 3, 0.110329358722
4660724.0, 16889506.0, 3, 0.107895600314
6378564.0, 15802062.0, 3, 0.103104504752
5876810.0, 12768058.0, 3, 0.0988460605388
7353762.0, 14526084.0, 3, 0.0959302574694
5693956.0, 11822974.0, 3, 0.0919717996868
3885782.0, 17035236.0, 3, 0.0807057267331
3648480.0, 17995812.0, 3, 0.0798361191268
5377966.0, 5705748.0, 3, 0.0745168869535
5036226.0, 9608850.0, 3, 0.0704501265607
7679132.0, 3769434.0, 3, 0.0686896788882
5093790.0, 5235520.0, 3, 0.0663885089436
7884368.0, 3273100.0, 3, 0.0645581119703
5020624.0, 17198702.0, 3, 0.0640080574213
7232926.0, 9988464.0, 3, 0.0629811643469
4966476.0, 14863470.0, 3, 0.0614820434838
8206178.0, 4155412.0, 3, 0.0609823591311
5344646.0, 5031452.0, 3, 0.0599028060159
7886932.0, 4150868.0, 3, 0.0497035616689
5833746.0, 4439200.0, 3, 0.0478672832411
6706422.0, 2619510.0, 3, 0.0463691459344
Generacion: 225
2328942.0, 18642252.0, 1, inf
5553966.0, 2467816.0, 1, inf
3748920.0, 3223908.0, 1, 0.356602274959
3213358.0, 4289786.0, 1, 0.35583006533
4702044.0, 2484824.0, 1, 0.324389828374
2669980.0, 12094682.0, 1, 0.264896390277
4310860.0, 2565974.0, 1, 0.251349417347
3101228.0, 8022508.0, 1, 0.232757393262
2571668.0, 14970754.0, 1, 0.21027706031
3293530.0, 3231608.0, 1, 0.206628019253
2466980.0, 16741298.0, 1, 0.164235707068
2571668.0, 14970754.0, 1, 0.139949693119
2359984.0, 17839446.0, 1, 0.130771727331
4512450.0, 2491132.0, 1, 0.0898852851718
3029654.0, 8025666.0, 1, 0.0823211965523
2807700.0, 9788770.0, 1, 0.0767014163177
2708848.0, 11374202.0, 1, 0.0655320752202
2769594.0, 10509192.0, 1, 0.0652957979088
3004136.0, 9030198.0, 1, 0.0640459837167
2708848.0, 11374202.0, 1, 0.0633801950024
2769594.0, 10509192.0, 1, 0.0633766090969
2428796.0, 17027890.0, 1, 0.056477815886
2931800.0, 9033356.0, 1, 0.0561999487028
2930040.0, 9610948.0, 1, 0.053419194203
2872928.0, 9786840.0, 1, 0.0489286169115
4425044.0, 2549432.0, 1, 0.0390100813376
3101228.0, 8022508.0, 1, 0.0348267262526
2449122.0, 17012570.0, 1, 0.0295587368298
4425044.0, 2549432.0, 1, 0.0281251589628
3293530.0, 3231608.0, 1, 0.0253354097601
2428796.0, 17027890.0, 1, 0.0222840691532
2997880.0, 9031936.0, 1, 0.0205972235135
3094848.0, 8023446.0, 1, 0.0202730361095
2930040.0, 9610948.0, 1, 0.0114204237686
3029654.0, 8025666.0, 1, 0.00804975288247
3004136.0, 9030198.0, 1, 0.00801995277074
3094848.0, 8023446.0, 1, 0.00211553347821
2997880.0, 9031936.0, 1, 0.00202762338558
2931800.0, 9033356.0, 1, 0.000633525233133
2769594.0, 10509192.0, 1, 0.0
3004136.0, 9030198.0, 1, 0.0
3029654.0, 8025666.0, 1, 0.0
3029654.0, 8025666.0, 1, 0.0
2429040.0, 19229956.0, 2, inf
2619536.0, 19405034.0, 2, inf
5614718.0, 2473182.0, 2, inf
5186036.0, 3229152.0, 2, 0.372523723095
2865262.0, 13310180.0, 2, 0.215123855632
3089106.0, 18535542.0, 2, 0.195545949028
4693940.0, 6156530.0, 2, 0.18629874671
3620572.0, 12509426.0, 2, 0.185491986516
2642746.0, 14985810.0, 2, 0.165446030058
3948022.0, 5381438.0, 2, 0.162710744611
3908710.0, 7632652.0, 2, 0.155536324019
4320004.0, 10298746.0, 2, 0.15408318295
3124692.0, 17245676.0, 2, 0.123870988511
4136004.0, 7131648.0, 2, 0.122744985312
4953594.0, 2587790.0, 2, 0.120056778742
4924570.0, 5650588.0, 2, 0.10933717377
4243150.0, 11039782.0, 2, 0.10896037213
2734046.0, 16004552.0, 2, 0.0914305412032
3216222.0, 8950104.0, 2, 0.0821926438567
4556154.0, 2586058.0, 2, 0.0804982491327
3528394.0, 16823992.0, 2, 0.0765721688259
3415796.0, 15636198.0, 2, 0.070790068704
2752820.0, 11747728.0, 2, 0.0690191448401
3217284.0, 8027618.0, 2, 0.0670245033573
4171902.0, 5852660.0, 2, 0.0635147352076
3358534.0, 9759234.0, 2, 0.0631923995002
3397270.0, 11842582.0, 2, 0.0629609243223
3971468.0, 10094482.0, 2, 0.0619747479455
3255642.0, 13130722.0, 2, 0.0619696977055
3264040.0, 16599244.0, 2, 0.0588255367987
4043946.0, 9600684.0, 2, 0.0564748093266
3288866.0, 8024772.0, 2, 0.0529889359934
4058604.0, 11356486.0, 2, 0.0484812590019
3187462.0, 9260788.0, 2, 0.0473967754147
3551328.0, 15502868.0, 2, 0.0453324483421
3560152.0, 11371372.0, 2, 0.0448428962451
4571720.0, 2562674.0, 2, 0.0397465251072
3114872.0, 9266138.0, 2, 0.0312449750445
3538106.0, 19358712.0, 2, 0.0175392519802
4571720.0, 2562674.0, 2, 0.0101716669962
11249242.0, 19204958.0, 3, inf
8267058.0, 2597502.0, 3, inf
13916044.0, 4708434.0, 3, inf
4199076.0, 7609778.0, 3, inf
5755856.0, 13497842.0, 3, 0.274827786178
5094552.0, 10508888.0, 3, 0.253453182905
9830188.0, 8603082.0, 3, 0.195508708121
12795262.0, 10127164.0, 3, 0.185454763785
11588686.0, 14969630.0, 3, 0.174818349121
8311884.0, 3719158.0, 3, 0.168591712162
9589780.0, 17577264.0, 3, 0.149463091365
13339534.0, 9795740.0, 3, 0.146156880918
4955716.0, 5926904.0, 3, 0.146062901362
6262308.0, 2930198.0, 3, 0.128719787303
4398700.0, 18639570.0, 3, 0.122846458305
5924476.0, 14749296.0, 3, 0.121364815318
9084508.0, 14895170.0, 3, 0.105270152198
Generacion: 226
2328942.0, 18642252.0, 1, inf
7025754.0, 2417478.0, 1, inf
5503470.0, 2500300.0, 1, 0.391091977551
2669980.0, 12094682.0, 1, 0.330548635999
6569386.0, 2432202.0, 1, 0.32921471871
3109740.0, 3943170.0, 1, 0.311784227649
4753788.0, 2505738.0, 1, 0.292435023569
2620044.0, 15355660.0, 1, 0.26768762075
3101228.0, 8022508.0, 1, 0.26666533848
2482346.0, 15789686.0, 1, 0.208455487139
3843816.0, 3207366.0, 1, 0.176584527544
2359984.0, 17839446.0, 1, 0.174421338814
4146592.0, 2557762.0, 1, 0.153727412962
3407714.0, 3215066.0, 1, 0.118655732956
2769594.0, 10509192.0, 1, 0.105833476108
4051608.0, 2574304.0, 1, 0.104501935622
3266428.0, 3534550.0, 1, 0.0829873099254
3004136.0, 9030198.0, 1, 0.0773145512273
3029654.0, 8025666.0, 1, 0.0771523135222
2807700.0, 9788770.0, 1, 0.0665224252426
2769594.0, 10509192.0, 1, 0.0656114447598
2330402.0, 18094754.0, 1, 0.0560894216164
2931800.0, 9033356.0, 1, 0.0510004712901
2930040.0, 9610948.0, 1, 0.0477591237547
3293530.0, 3231608.0, 1, 0.0429825279421
2872928.0, 9786840.0, 1, 0.0370073612962
2930040.0, 9610948.0, 1, 0.011215674496
3293530.0, 3231608.0, 1, 0.00678984891072
3029654.0, 8025666.0, 1, 0.00562768754194
3004136.0, 9030198.0, 1, 0.00562768754194
3101228.0, 8022508.0, 1, 0.00200693371999
2931800.0, 9033356.0, 1, 0.000569362874058
2930040.0, 9610948.0, 1, 0.0
3029654.0, 8025666.0, 1, 0.0
3029654.0, 8025666.0, 1, 0.0
3029654.0, 8025666.0, 1, 0.0
2769594.0, 10509192.0, 1, 0.0
2361980.0, 18101034.0, 2, inf
6884234.0, 2480530.0, 2, inf
2868972.0, 19221816.0, 2, inf
6520516.0, 2560728.0, 2, 0.55333020012
4310860.0, 2565974.0, 2, 0.527918373589
4054034.0, 5644132.0, 2, 0.313360718622
3582356.0, 13251570.0, 2, 0.1899848117
3670938.0, 16162214.0, 2, 0.184627770358
4281952.0, 3624640.0, 2, 0.169284840959
4199076.0, 7609778.0, 2, 0.160924642524
3094484.0, 9898798.0, 2, 0.151168429402
3748920.0, 3223908.0, 2, 0.147950346466
3087216.0, 11980912.0, 2, 0.13884108782
3163834.0, 11746010.0, 2, 0.134988614143
2873300.0, 17018654.0, 2, 0.134726600075
2688856.0, 14544364.0, 2, 0.117598274316
2817270.0, 13846204.0, 2, 0.111620642905
2618626.0, 17896408.0, 2, 0.101625755998
3315642.0, 7997112.0, 2, 0.0971938887678
6806654.0, 2541890.0, 2, 0.0852189090633
3187462.0, 9260788.0, 2, 0.0816681812967
3217284.0, 8027618.0, 2, 0.0795756024053
2709182.0, 14528704.0, 2, 0.0700989061679
3213694.0, 17609776.0, 2, 0.0590249993763
4089528.0, 7625868.0, 2, 0.0552093985476
3118436.0, 9317638.0, 2, 0.0486173081106
3244034.0, 8000558.0, 2, 0.0219818942119
4310860.0, 2565974.0, 2, 0.0067057445633
3178926.0, 8000998.0, 2, 0.00583908281338
3166456.0, 8020548.0, 2, 0.00492735479934
3114872.0, 9266138.0, 2, 0.00482794050535
3114872.0, 9266138.0, 2, 0.00386432980855
3217284.0, 8027618.0, 2, 0.00121616116934
3114872.0, 9266138.0, 2, 0.0
5476846.0, 21063680.0, 3, inf
2460078.0, 18488074.0, 3, inf
13068582.0, 13910954.0, 3, inf
6924934.0, 2547248.0, 3, inf
8568292.0, 15115072.0, 3, 0.424042645028
3881096.0, 18237694.0, 3, 0.355555867851
11723120.0, 3007172.0, 3, 0.343342241458
9814490.0, 13973500.0, 3, 0.245500385562
6538974.0, 8662994.0, 3, 0.244634812065
4924570.0, 5650588.0, 3, 0.182602998639
9713912.0, 19385680.0, 3, 0.147592009362
7448276.0, 10134722.0, 3, 0.123219169675
5753292.0, 12829704.0, 3, 0.115022274887
9503676.0, 4475842.0, 3, 0.107943474965
7318382.0, 9233458.0, 3, 0.100157862547
4384592.0, 11362104.0, 3, 0.0837817977673
6272720.0, 10402260.0, 3, 0.0786534822646
6015118.0, 3779202.0, 3, 0.0683192521307
5397820.0, 18704416.0, 3, 0.0615581450718
4436952.0, 13254844.0, 3, 0.0611721537139
4320004.0, 10298746.0, 3, 0.0598030164828
6120312.0, 13861700.0, 3, 0.0597165268287
4600234.0, 5157490.0, 3, 0.0573561991217
4893210.0, 11841954.0, 3, 0.0570138020688
5309292.0, 4299418.0, 3, 0.0523863059428
5001134.0, 10083122.0, 3, 0.0520699017584
4473606.0, 3370790.0, 3, 0.0453261069031
6924934.0, 2547248.0, 3, 0.044043287469
4731722.0, 5398590.0, 3, 0.0439633585456
Generacion: 227
7025754.0, 2417478.0, 1, inf
7025754.0, 2417478.0, 1, inf
2330402.0, 18094754.0, 1, inf
2330402.0, 18094754.0, 1, inf
3109740.0, 3943170.0, 1, 0.371924678389
2613712.0, 14539322.0, 1, 0.32988829497
5389738.0, 2496548.0, 1, 0.321692417973
3407714.0, 3215066.0, 1, 0.309195644682
2708848.0, 11374202.0, 1, 0.290267470874
5087238.0, 2548672.0, 1, 0.268665613058
3101228.0, 8022508.0, 1, 0.263438545603
6564682.0, 2438438.0, 1, 0.255341805933
4146592.0, 2557762.0, 1, 0.242262747633
4146592.0, 2557762.0, 1, 0.157943527886
2482346.0, 15789686.0, 1, 0.105981483261
6569386.0, 2432202.0, 1, 0.0995345035855
2449122.0, 17012570.0, 1, 0.0903857084733
2359984.0, 17839446.0, 1, 0.089007235536
2482346.0, 15789686.0, 1, 0.0868323915078
3004136.0, 9030198.0, 1, 0.0794815460534
3029654.0, 8025666.0, 1, 0.0779604673356
2428796.0, 17027890.0, 1, 0.0717279078127
2769594.0, 10509192.0, 1, 0.0632917249803
2807700.0, 9788770.0, 1, 0.059845300029
2769594.0, 10509192.0, 1, 0.0588907390078
2931800.0, 9033356.0, 1, 0.0522484986797
2930040.0, 9610948.0, 1, 0.0490061432609
2872928.0, 9786840.0, 1, 0.0373982137875
3094848.0, 8023446.0, 1, 0.0139446268286
2930040.0, 9610948.0, 1, 0.0115943899283
2807700.0, 9788770.0, 1, 0.00823879359096
3004136.0, 9030198.0, 1, 0.00563617436539
3029654.0, 8025666.0, 1, 0.00557634254256
3094848.0, 8023446.0, 1, 0.00150039679877
2931800.0, 9033356.0, 1, 0.000576276832679
2769594.0, 10509192.0, 1, 0.0
3029654.0, 8025666.0, 1, 0.0
3029654.0, 8025666.0, 1, 0.0
3029654.0, 8025666.0, 1, 0.0
2769594.0, 10509192.0, 1, 0.0
2769594.0, 10509192.0, 1, 0.0
3017774.0, 19229936.0, 2, inf
6716474.0, 2438174.0, 2, inf
2460334.0, 17034570.0, 2, inf
5503470.0, 2500300.0, 2, 0.32635253636
3707756.0, 4284672.0, 2, 0.308461676946
5359180.0, 2804312.0, 2, 0.242752360308
3187026.0, 8003152.0, 2, 0.230257588267
4634754.0, 2563272.0, 2, 0.20269650248
3582356.0, 13251570.0, 2, 0.190072590382
3883706.0, 14541034.0, 2, 0.173188020395
3118436.0, 9317638.0, 2, 0.163857568658
4484618.0, 3754532.0, 2, 0.145536159415
4156956.0, 3212164.0, 2, 0.139682064087
2752820.0, 11747728.0, 2, 0.121004779947
3293724.0, 4012454.0, 2, 0.117346807589
2922862.0, 15780216.0, 2, 0.111139929554
3180584.0, 10505074.0, 2, 0.10852525984
3217284.0, 8027618.0, 2, 0.103162725969
2976438.0, 18268518.0, 2, 0.0974591880712
2688856.0, 14544364.0, 2, 0.0928259995392
4130960.0, 11351604.0, 2, 0.091893873347
2742406.0, 13305900.0, 2, 0.0918201057422
2582578.0, 16437708.0, 2, 0.0895603395169
2876244.0, 11021778.0, 2, 0.068671245835
4573532.0, 10869360.0, 2, 0.0660464348154
2618626.0, 17896408.0, 2, 0.0597946947618
2661416.0, 16155204.0, 2, 0.0556564957965
3093202.0, 11486784.0, 2, 0.0455251503711
2618626.0, 17896408.0, 2, 0.0322139818484
2940978.0, 11747718.0, 2, 0.0281279328909
3111134.0, 8006310.0, 2, 0.00738587031147
3440644.0, 8021498.0, 3, inf
6383644.0, 21932566.0, 3, inf
11388472.0, 2995356.0, 3, inf
6406872.0, 2557438.0, 3, inf
9253214.0, 3322262.0, 3, 0.351821856858
11269490.0, 3922872.0, 3, 0.295463108465
7992416.0, 12226356.0, 3, 0.188243438749
6310278.0, 9661826.0, 3, 0.164012223067
5476846.0, 21063680.0, 3, 0.162118854994
8555706.0, 19494190.0, 3, 0.149899502776
7289922.0, 13539830.0, 3, 0.141186676301
4250076.0, 17355272.0, 3, 0.12096554652
7733434.0, 3753054.0, 3, 0.11764083183
8784084.0, 13244314.0, 3, 0.112975530204
4165486.0, 18477078.0, 3, 0.11173094095
7007256.0, 15777834.0, 3, 0.109956557752
6056664.0, 16282616.0, 3, 0.103209762048
4034586.0, 6194826.0, 3, 0.0974632148099
5833840.0, 19406994.0, 3, 0.0906661848643
3869202.0, 5227024.0, 3, 0.078734810709
8167960.0, 14334760.0, 3, 0.0769907440757
4031936.0, 14993170.0, 3, 0.0756721846268
4395258.0, 16147110.0, 3, 0.0703522392841
5326512.0, 5342322.0, 3, 0.068365466989
8272294.0, 13051292.0, 3, 0.0661036639129
6158536.0, 12249784.0, 3, 0.0630501862957
5084000.0, 9395114.0, 3, 0.0588217534009
4665338.0, 4677256.0, 3, 0.0582186325935
Generacion: 228
2328942.0, 18642252.0, 1, inf
5548712.0, 2500308.0, 1, inf
3149268.0, 3567154.0, 1, 0.356523588838
5087238.0, 2548672.0, 1, 0.314460534543
4042832.0, 3229240.0, 1, 0.301814102166
3293530.0, 3231608.0, 1, 0.2984580808
3101228.0, 8022508.0, 1, 0.292970931345
2669980.0, 12094682.0, 1, 0.284681879381
4548850.0, 2563620.0, 1, 0.242200269523
2521342.0, 15358350.0, 1, 0.214296984905
4310860.0, 2565974.0, 1, 0.129446806443
2769594.0, 10509192.0, 1, 0.128919729466
4260816.0, 3209118.0, 1, 0.124334053975
2482346.0, 15789686.0, 1, 0.102558006093
2428796.0, 17027890.0, 1, 0.101261660575
2466980.0, 16741298.0, 1, 0.0933388644609
2708848.0, 11374202.0, 1, 0.0928278338792
3004136.0, 9030198.0, 1, 0.0846973672109
3029654.0, 8025666.0, 1, 0.0824791963478
2807700.0, 9788770.0, 1, 0.0768435971193
2521342.0, 15358350.0, 1, 0.0728856077442
2930040.0, 9610948.0, 1, 0.0649631762933
2359984.0, 17839446.0, 1, 0.0594638372544
2330402.0, 18094754.0, 1, 0.0593752197317
2931800.0, 9033356.0, 1, 0.0582482604614
2872928.0, 9786840.0, 1, 0.0490126481231
2671740.0, 11517034.0, 1, 0.0473105755024
2359984.0, 17839446.0, 1, 0.0371881473876
3094848.0, 8023446.0, 1, 0.0203061396205
2671740.0, 11517034.0, 1, 0.00939512342299
3004136.0, 9030198.0, 1, 0.00812105020646
3029654.0, 8025666.0, 1, 0.00806294072473
3094848.0, 8023446.0, 1, 0.00211903789937
2931800.0, 9033356.0, 1, 0.000742262280618
2359984.0, 17839446.0, 1, 0.0
3094848.0, 8023446.0, 1, 0.0
2359984.0, 17839446.0, 1, 0.0
6517628.0, 3148840.0, 2, inf
2460078.0, 18488074.0, 2, inf
4686800.0, 2569572.0, 2, inf
4311086.0, 3344810.0, 2, 0.411543300903
3218820.0, 9784642.0, 2, 0.311705860091
3197672.0, 3940842.0, 2, 0.302333685188
2771878.0, 11804758.0, 2, 0.270058437806
3178926.0, 8000998.0, 2, 0.263980367618
2692510.0, 15352242.0, 2, 0.251968366974
2642944.0, 17191386.0, 2, 0.169115960023
2590462.0, 15611076.0, 2, 0.16060307488
3114872.0, 9266138.0, 2, 0.129878964367
2695106.0, 17902796.0, 2, 0.101018488344
3166456.0, 8020548.0, 2, 0.0952624448542
3044046.0, 10201556.0, 2, 0.0716735871381
2776722.0, 10795458.0, 2, 0.0684847072538
2774516.0, 11364856.0, 2, 0.0645980311144
3002376.0, 9607790.0, 2, 0.0539700530842
2957224.0, 10511140.0, 2, 0.0421320059545
2904958.0, 10484236.0, 2, 0.0350516394272
2834788.0, 10506968.0, 2, 0.0332944020115
2904958.0, 10484236.0, 2, 0.0143091959537
4396426.0, 3610048.0, 3, inf
2800502.0, 17830054.0, 3, inf
3972724.0, 18499672.0, 3, inf
7656616.0, 3664154.0, 3, inf
6364138.0, 3721754.0, 3, 0.389528996974
3440644.0, 8021498.0, 3, 0.288692545256
5788180.0, 3867502.0, 3, 0.235923502324
4146338.0, 6199616.0, 3, 0.20634333266
3361582.0, 16437816.0, 3, 0.150355057489
4529996.0, 9609928.0, 3, 0.147581016218
2837828.0, 14549846.0, 3, 0.147403088229
5298178.0, 3768046.0, 3, 0.127537444645
4879532.0, 15779510.0, 3, 0.124652335677
5216378.0, 4082228.0, 3, 0.116635361939
3023966.0, 14984218.0, 3, 0.116019024749
2910516.0, 13126762.0, 3, 0.114303754859
3651264.0, 13114754.0, 3, 0.112319452579
4458148.0, 12139728.0, 3, 0.100748617453
4952848.0, 9865138.0, 3, 0.0982707922254
4386764.0, 4698822.0, 3, 0.0930023375925
3664168.0, 18357784.0, 3, 0.0864459990103
4573532.0, 10869360.0, 3, 0.0857361732297
3872672.0, 11740494.0, 3, 0.0803440140683
3226818.0, 17891396.0, 3, 0.0779681631298
4261946.0, 5349754.0, 3, 0.0768961929733
4628770.0, 12024192.0, 3, 0.0729044619916
4955636.0, 11730702.0, 3, 0.0716545445392
2924858.0, 16041804.0, 3, 0.0675747008112
4261946.0, 5349754.0, 3, 0.0675238448558
3087216.0, 11980912.0, 3, 0.0608258980136
3293724.0, 4012454.0, 3, 0.0421725913163
4008010.0, 11481610.0, 3, 0.0392115910575
4889174.0, 11142006.0, 3, 0.0389341335398
4358188.0, 3697030.0, 3, 0.0295717338045
4130960.0, 11351604.0, 3, 0.0293713616419
4058604.0, 11356486.0, 3, 0.0292524787678
4131284.0, 10996688.0, 3, 0.0214778703091
4577296.0, 11410178.0, 3, 0.0197783747338
8555706.0, 19494190.0, 4, inf
4628284.0, 3913268.0, 4, inf
12073952.0, 17868384.0, 4, inf
Generacion: 229
8383304.0, 2415896.0, 1, inf
2328942.0, 18642252.0, 1, inf
2328942.0, 18642252.0, 1, inf
7269664.0, 2422822.0, 1, 0.404026967415
3149268.0, 3567154.0, 1, 0.327016768816
3101228.0, 8022508.0, 1, 0.283621509656
5941638.0, 2427848.0, 1, 0.276451304645
2669980.0, 12094682.0, 1, 0.245105984693
2620044.0, 15355660.0, 1, 0.223711582785
4641292.0, 2478828.0, 1, 0.190764160454
3956508.0, 2926878.0, 1, 0.162549022067
5271006.0, 2475908.0, 1, 0.161128890207
4146592.0, 2557762.0, 1, 0.140718373887
2482346.0, 15789686.0, 1, 0.130343483002
3407714.0, 3215066.0, 1, 0.128284129368
5614718.0, 2473182.0, 1, 0.113730249357
2449122.0, 17012570.0, 1, 0.0851530614306
3029654.0, 8025666.0, 1, 0.0726755341639
2428796.0, 17027890.0, 1, 0.0656817613962
3004136.0, 9030198.0, 1, 0.0629407346921
2807700.0, 9788770.0, 1, 0.0615848983194
2931800.0, 9033356.0, 1, 0.0573502557983
2872928.0, 9786840.0, 1, 0.0572095308135
2359984.0, 17839446.0, 1, 0.054900743786
2330402.0, 18094754.0, 1, 0.0546026460841
2710608.0, 10796588.0, 1, 0.0541424684074
2769594.0, 10509192.0, 1, 0.0541409893323
2671740.0, 11517034.0, 1, 0.0446904402664
2671740.0, 11517034.0, 1, 0.0420192010198
3293530.0, 3231608.0, 1, 0.0395388636613
2620044.0, 15355660.0, 1, 0.0349961489694
2359984.0, 17839446.0, 1, 0.0270998447052
3293530.0, 3231608.0, 1, 0.0248472315958
2710608.0, 10796588.0, 1, 0.0241315126195
2769594.0, 10509192.0, 1, 0.0240056529501
2997880.0, 9031936.0, 1, 0.0121423710468
3094848.0, 8023446.0, 1, 0.0108259112418
2872928.0, 9786840.0, 1, 0.00984284053428
2931800.0, 9033356.0, 1, 0.00981141018725
3029654.0, 8025666.0, 1, 0.00435162684651
3004136.0, 9030198.0, 1, 0.00432192208717
3094848.0, 8023446.0, 1, 0.00119060013552
3094848.0, 8023446.0, 1, 0.0
3094848.0, 8023446.0, 1, 0.0
2931800.0, 9033356.0, 1, 0.0
3004136.0, 9030198.0, 1, 0.0
5136644.0, 2492712.0, 2, inf
2594328.0, 18498636.0, 2, inf
2582578.0, 16437708.0, 2, inf
4347716.0, 7071930.0, 2, 0.289612411454
4984932.0, 3628390.0, 2, 0.287319278145
3589630.0, 7996830.0, 2, 0.265421510342
2680928.0, 14554532.0, 2, 0.26359121313
4521796.0, 4683218.0, 2, 0.246885694859
3192674.0, 11748512.0, 2, 0.189939429254
4634754.0, 2563272.0, 2, 0.175170411686
3984980.0, 9793354.0, 2, 0.174207757527
4032412.0, 4262616.0, 2, 0.137948008857
4231402.0, 10148568.0, 2, 0.134334193927
3440644.0, 8021498.0, 2, 0.124886976616
3287492.0, 11362072.0, 2, 0.10995504549
4310860.0, 2565974.0, 2, 0.0920968353807
2899212.0, 10798832.0, 2, 0.0856088374456
3029624.0, 9900728.0, 2, 0.0770550085492
3222434.0, 8948132.0, 2, 0.0757434249943
3120396.0, 9035308.0, 2, 0.0730981326765
3045846.0, 9321344.0, 2, 0.0714406514135
3454736.0, 9798154.0, 2, 0.065041261238
2734046.0, 16004552.0, 2, 0.0545312184818
2692510.0, 15352242.0, 2, 0.0543731524368
2904958.0, 10484236.0, 2, 0.0503304854905
2776722.0, 10795458.0, 2, 0.0481696202561
3172990.0, 10508560.0, 2, 0.0477433661829
4282400.0, 9730612.0, 2, 0.0420259776767
3213146.0, 4019520.0, 2, 0.0415413974608
4548850.0, 2563620.0, 2, 0.0411849804427
3210226.0, 15678184.0, 2, 0.0390410923308
2692510.0, 15352242.0, 2, 0.0366265317121
4529996.0, 9609928.0, 2, 0.0361623046726
2752820.0, 11747728.0, 2, 0.0285420120045
2776722.0, 10795458.0, 2, 0.027282899713
3250500.0, 7997292.0, 2, 0.0270135046824
2737820.0, 11515610.0, 2, 0.0264945907575
2740988.0, 15848836.0, 2, 0.0262634388393
2904958.0, 10484236.0, 2, 0.0232212313987
3215122.0, 11367162.0, 2, 0.0118141290965
3218820.0, 9784642.0, 2, 0.00678280972874
2776722.0, 10795458.0, 2, 0.0
5501306.0, 2860872.0, 3, inf
10919058.0, 9722886.0, 3, inf
3265800.0, 16039686.0, 3, inf
3663632.0, 17548702.0, 3, inf
9407344.0, 3784760.0, 3, 0.32166820351
8291456.0, 17183100.0, 3, 0.204582074819
6293104.0, 13105946.0, 3, 0.188575096049
7230510.0, 15473912.0, 3, 0.167454244348
8493462.0, 8163752.0, 3, 0.165533785891
6617442.0, 5925712.0, 3, 0.155967838279
4398306.0, 11227156.0, 3, 0.154988473363
6249812.0, 9970806.0, 3, 0.152650807854
Generacion: 230
2328942.0, 18642252.0, 1, inf
2328942.0, 18642252.0, 1, inf
5553966.0, 2467816.0, 1, inf
3109928.0, 4395008.0, 1, 0.44762750082
3614734.0, 3357768.0, 1, 0.299312011114
4641292.0, 2478828.0, 1, 0.284140003945
2620044.0, 15355660.0, 1, 0.284127733199
2671740.0, 11517034.0, 1, 0.248833000623
3101228.0, 8022508.0, 1, 0.226251942315
2769594.0, 10509192.0, 1, 0.128672407006
4402816.0, 2552114.0, 1, 0.127119157508
2521342.0, 15358350.0, 1, 0.12467295485
3866874.0, 3350110.0, 1, 0.118460355473
3972016.0, 3233612.0, 1, 0.105246383318
2491168.0, 16725824.0, 1, 0.102358393561
2449122.0, 17012570.0, 1, 0.101070859437
4051608.0, 2574304.0, 1, 0.0959167638632
2708848.0, 11374202.0, 1, 0.0926528968919
2931800.0, 9033356.0, 1, 0.0874644648707
2872928.0, 9786840.0, 1, 0.0851845279886
3004136.0, 9030198.0, 1, 0.0845357537153
3029654.0, 8025666.0, 1, 0.0823211965523
4146592.0, 2557762.0, 1, 0.0804714360758
4544500.0, 2497306.0, 1, 0.0784764733739
2359984.0, 17839446.0, 1, 0.0772737342313
2807700.0, 9788770.0, 1, 0.0647663661963
2359984.0, 17839446.0, 1, 0.0607477555319
2466980.0, 16741298.0, 1, 0.0307657684955
4641292.0, 2478828.0, 1, 0.0306936273537
4146592.0, 2557762.0, 1, 0.0298013769322
2671740.0, 11517034.0, 1, 0.0248603733774
3094848.0, 8023446.0, 1, 0.0223885695877
2807700.0, 9788770.0, 1, 0.0119350501213
3004136.0, 9030198.0, 1, 0.00810774563103
3029654.0, 8025666.0, 1, 0.00804975288247
3101228.0, 8022508.0, 1, 0.00275564709159
3029654.0, 8025666.0, 1, 0.0
3101228.0, 8022508.0, 1, 0.0
3101228.0, 8022508.0, 1, 0.0
3101228.0, 8022508.0, 1, 0.0
3101228.0, 8022508.0, 1, 0.0
4146592.0, 2557762.0, 1, 0.0
2671740.0, 11517034.0, 1, 0.0
3029654.0, 8025666.0, 1, 0.0
6254834.0, 3260194.0, 2, inf
3089106.0, 18535542.0, 2, inf
2544168.0, 16044730.0, 2, inf
4210250.0, 2582664.0, 2, inf
5612300.0, 3216438.0, 2, 0.254087448583
5385228.0, 2945374.0, 2, 0.231518786184
4772710.0, 6187006.0, 2, 0.209775482065
3592438.0, 11890624.0, 2, 0.205774311506
4900628.0, 4003384.0, 2, 0.190095743794
3771108.0, 8871626.0, 2, 0.184842931774
4347716.0, 7071930.0, 2, 0.177800847955
4043782.0, 12761636.0, 2, 0.177052926483
4875206.0, 4354414.0, 2, 0.157461791246
3178926.0, 8000998.0, 2, 0.130525433402
2760508.0, 14541050.0, 2, 0.118460541259
3183770.0, 15353212.0, 2, 0.101821417262
3314622.0, 9808930.0, 2, 0.0949368861572
2774516.0, 11364856.0, 2, 0.0914643069971
2911616.0, 10709706.0, 2, 0.0781331917304
3984980.0, 9793354.0, 2, 0.074606901146
4497434.0, 9559646.0, 2, 0.0702429572757
2745176.0, 14969384.0, 2, 0.069374688691
4677946.0, 9603058.0, 2, 0.0685617290721
2680928.0, 14554532.0, 2, 0.0653685169729
4529996.0, 9609928.0, 2, 0.0604287420995
3308294.0, 10483070.0, 2, 0.060209468755
4824254.0, 3514524.0, 2, 0.0591864569042
2770078.0, 12685026.0, 2, 0.0583741145902
3016694.0, 10086280.0, 2, 0.0580079390343
4259612.0, 3499840.0, 2, 0.0529887577349
2834788.0, 10506968.0, 2, 0.0492867581261
3114872.0, 9266138.0, 2, 0.0428536923577
2995338.0, 9791014.0, 2, 0.0398158155933
3180596.0, 9262160.0, 2, 0.0260352584818
2904958.0, 10484236.0, 2, 0.0222026759114
3053780.0, 14548610.0, 2, 0.0201519333025
2688856.0, 14544364.0, 2, 0.017788307704
5412852.0, 19370958.0, 3, inf
2922862.0, 15780216.0, 3, inf
12214844.0, 16719022.0, 3, inf
7698810.0, 3437772.0, 3, inf
10941816.0, 12403946.0, 3, 0.201058078456
4708764.0, 10538376.0, 3, 0.169200600582
3583576.0, 15130402.0, 3, 0.165430632562
5766570.0, 11443338.0, 3, 0.160138604785
6263546.0, 8492218.0, 3, 0.156648533045
4907092.0, 7084010.0, 3, 0.153549482771
11392296.0, 5113400.0, 3, 0.145722886265
3885136.0, 15350132.0, 3, 0.134453886776
8782284.0, 6056138.0, 3, 0.13357270802
5067594.0, 13535708.0, 3, 0.122747476981
3798560.0, 18151524.0, 3, 0.122292249913
6951562.0, 9831242.0, 3, 0.121534613914
10041096.0, 3736424.0, 3, 0.116329861923
9291782.0, 3981422.0, 3, 0.116062003008
6787210.0, 4562192.0, 3, 0.111252680755
Generacion: 231
2328942.0, 18642252.0, 1, inf
2328942.0, 18642252.0, 1, inf
8882256.0, 2410430.0, 1, inf
7025754.0, 2417478.0, 1, 0.40214959508
3225810.0, 3901172.0, 1, 0.352157901884
8383304.0, 2415896.0, 1, 0.283726295829
3178926.0, 8000998.0, 1, 0.270405722732
5755698.0, 2435232.0, 1, 0.227688019581
2669980.0, 12094682.0, 1, 0.21812652198
2642746.0, 14985810.0, 1, 0.208520267027
4641292.0, 2478828.0, 1, 0.176622258551
4146592.0, 2557762.0, 1, 0.153731526861
5271006.0, 2475908.0, 1, 0.139947498661
3653546.0, 3460414.0, 1, 0.108338528542
2544168.0, 16044730.0, 1, 0.104077987221
3933568.0, 3221218.0, 1, 0.0810267621015
2359984.0, 17839446.0, 1, 0.0807410822845
2620044.0, 15355660.0, 1, 0.0802797506677
2710608.0, 10796588.0, 1, 0.0770224905399
2769594.0, 10509192.0, 1, 0.0769047349158
5553966.0, 2467816.0, 1, 0.0764672992902
3029654.0, 8025666.0, 1, 0.0728083853468
3004136.0, 9030198.0, 1, 0.0668421958855
2428796.0, 17027890.0, 1, 0.0645436356045
2807700.0, 9788770.0, 1, 0.0602704182151
2931800.0, 9033356.0, 1, 0.0554368283941
2893498.0, 9769524.0, 1, 0.0554037202429
2491168.0, 16725824.0, 1, 0.0546921964696
2330402.0, 18094754.0, 1, 0.0541956130372
3709718.0, 3341226.0, 1, 0.049819393658
2671740.0, 11517034.0, 1, 0.0446533557432
3917234.0, 3304880.0, 1, 0.0415516682553
2671740.0, 11517034.0, 1, 0.0415184238797
2466980.0, 16741298.0, 1, 0.0240816597693
2449122.0, 17012570.0, 1, 0.0198139935728
2872928.0, 9786840.0, 1, 0.0142780027945
3111134.0, 8006310.0, 1, 0.0131814660452
3101228.0, 8022508.0, 1, 0.0119197186278
2997880.0, 9031936.0, 1, 0.0112326354605
2931800.0, 9033356.0, 1, 0.00593215892652
3029654.0, 8025666.0, 1, 0.00408846382461
2449122.0, 17012570.0, 1, 0.00366885850863
3101228.0, 8022508.0, 1, 0.001706157712
2671740.0, 11517034.0, 1, 0.0
2931800.0, 9033356.0, 1, 0.0
3029654.0, 8025666.0, 1, 0.0
3101228.0, 8022508.0, 1, 0.0
4310860.0, 2565974.0, 2, inf
2429040.0, 19229956.0, 2, inf
5297866.0, 2815834.0, 2, inf
3749360.0, 5033754.0, 2, 0.405096539086
5219180.0, 2832104.0, 2, 0.3691159829
3972016.0, 3233612.0, 2, 0.288797612662
3440644.0, 8021498.0, 2, 0.262645201092
2771878.0, 11804758.0, 2, 0.223310107784
3053780.0, 14548610.0, 2, 0.207730842849
2800502.0, 17830054.0, 2, 0.13738365101
3861380.0, 8160426.0, 2, 0.133219232982
3308294.0, 10483070.0, 2, 0.131370021882
3523498.0, 9252998.0, 2, 0.121838861513
3183770.0, 15353212.0, 2, 0.120564828691
2734046.0, 16004552.0, 2, 0.11359751182
2606680.0, 16746040.0, 2, 0.109433465211
2876244.0, 11021778.0, 2, 0.104445228093
2460334.0, 17034570.0, 2, 0.0936693937216
2680928.0, 14554532.0, 2, 0.0871206900421
3222434.0, 8948132.0, 2, 0.0854335149409
2947700.0, 9763362.0, 2, 0.0808752507117
2767034.0, 17546822.0, 2, 0.0609240053425
2911616.0, 10709706.0, 2, 0.0572354370645
3114872.0, 9266138.0, 2, 0.0538543421275
3211120.0, 9788062.0, 2, 0.0532869472253
3070250.0, 9029038.0, 2, 0.0395900290598
2622630.0, 17017764.0, 2, 0.0348308117656
3212738.0, 16885430.0, 2, 0.0202498400969
3114872.0, 9266138.0, 2, 0.0163426247549
12925338.0, 3999176.0, 3, inf
7227156.0, 18451878.0, 3, inf
2981470.0, 18096022.0, 3, inf
5067880.0, 3614120.0, 3, inf
9664546.0, 4118592.0, 3, 0.489012017063
8386224.0, 9786658.0, 3, 0.236019118769
4223718.0, 6793456.0, 3, 0.231262129644
6802386.0, 8184506.0, 3, 0.216365163407
4346036.0, 12082550.0, 3, 0.148460659677
4418568.0, 5187612.0, 3, 0.147199017981
3221446.0, 16978542.0, 3, 0.142996091336
5245502.0, 10787994.0, 3, 0.136856446739
7255690.0, 13518542.0, 3, 0.125048827334
7679132.0, 3769434.0, 3, 0.119901865825
3583576.0, 15130402.0, 3, 0.114755049346
7140730.0, 14534792.0, 3, 0.11134372267
6436634.0, 3845460.0, 3, 0.108639202695
5850122.0, 9478244.0, 3, 0.107605255423
4833008.0, 8953212.0, 3, 0.103290135485
3631380.0, 16202336.0, 3, 0.0951860878515
7323960.0, 16872714.0, 3, 0.0948961180348
4446724.0, 15627836.0, 3, 0.0868450241224
3867278.0, 12747528.0, 3, 0.0759741690913
5521134.0, 10176690.0, 3, 0.0719435784357
Generacion: 232
7852020.0, 2418432.0, 1, inf
2328942.0, 18642252.0, 1, inf
2328942.0, 18642252.0, 1, inf
5477662.0, 2421724.0, 1, 0.447618007149
3402756.0, 3220954.0, 1, 0.343955096632
3109740.0, 3943170.0, 1, 0.276586563823
2521342.0, 15358350.0, 1, 0.261724510368
3101228.0, 8022508.0, 1, 0.25419541467
4641292.0, 2478828.0, 1, 0.226593478057
2669980.0, 12094682.0, 1, 0.201483863195
4641292.0, 2478828.0, 1, 0.180831067289
5387394.0, 2440766.0, 1, 0.15495162754
2412022.0, 18268538.0, 1, 0.117585076644
2710608.0, 10796588.0, 1, 0.115620475533
2482346.0, 15789686.0, 1, 0.115038465172
3225810.0, 3901172.0, 1, 0.0975688057512
2807700.0, 9788770.0, 1, 0.0916280189605
2449122.0, 17012570.0, 1, 0.0860158073866
2428796.0, 17027890.0, 1, 0.0801509637913
3029654.0, 8025666.0, 1, 0.0737210323435
2872928.0, 9786840.0, 1, 0.0690313853475
3004136.0, 9030198.0, 1, 0.0677771850281
2669980.0, 12094682.0, 1, 0.0625170989687
2931800.0, 9033356.0, 1, 0.0584074125824
2671740.0, 11517034.0, 1, 0.051446156968
2708848.0, 11374202.0, 1, 0.051444061284
3094848.0, 8023446.0, 1, 0.0131537303141
2997880.0, 9031936.0, 1, 0.0120714695061
2931800.0, 9033356.0, 1, 0.0107467993135
3029654.0, 8025666.0, 1, 0.00475708563317
2428796.0, 17027890.0, 1, 0.00398136517222
2997880.0, 9031936.0, 1, 0.0012202273549
2446948.0, 17988648.0, 2, inf
8129768.0, 2418976.0, 2, inf
5755698.0, 2435232.0, 2, 0.45290682013
3852800.0, 5046510.0, 2, 0.334364452691
2760508.0, 14541050.0, 2, 0.263826511528
2752820.0, 11747728.0, 2, 0.23551446518
3653546.0, 3460414.0, 2, 0.200473876282
3178926.0, 8000998.0, 2, 0.199302668985
4365730.0, 3224346.0, 2, 0.190271188492
5179044.0, 2845616.0, 2, 0.175373415267
3221630.0, 11023738.0, 2, 0.138448224678
3124692.0, 17245676.0, 2, 0.133790374242
2581410.0, 15795978.0, 2, 0.133293778341
3938662.0, 9182022.0, 2, 0.120263915751
5701010.0, 2816326.0, 2, 0.119900589664
2544168.0, 16044730.0, 2, 0.116771515161
3070250.0, 9029038.0, 2, 0.105034687905
5219180.0, 2832104.0, 2, 0.0937310424294
2957302.0, 9764258.0, 2, 0.0880460155202
4322164.0, 9177742.0, 2, 0.0849764863948
3695810.0, 10100006.0, 2, 0.0813048575171
3178926.0, 8000998.0, 2, 0.066320122473
2800502.0, 17830054.0, 2, 0.0611910138855
2774516.0, 11364856.0, 2, 0.0535377192975
2904958.0, 10484236.0, 2, 0.0437485943335
3180584.0, 10505074.0, 2, 0.0417877480467
2851074.0, 10490116.0, 2, 0.019719386221
4589216.0, 20029462.0, 3, inf
2644444.0, 16329208.0, 3, inf
8264130.0, 2430008.0, 3, inf
4251226.0, 19386314.0, 3, 0.260828146195
3871008.0, 11051454.0, 3, 0.245544630405
3687346.0, 17034944.0, 3, 0.235122259732
5804692.0, 4862810.0, 3, 0.19544935609
2911616.0, 10709706.0, 3, 0.182513839065
6968394.0, 13265226.0, 3, 0.182129349544
6057464.0, 15739888.0, 3, 0.154883140345
7140066.0, 2654534.0, 3, 0.141756871474
5188418.0, 14389728.0, 3, 0.138912604668
3265800.0, 16039686.0, 3, 0.133946614568
4408916.0, 6736950.0, 3, 0.122053010166
3476178.0, 15507750.0, 3, 0.120588218416
7788592.0, 2638132.0, 3, 0.120492159908
6638988.0, 3304030.0, 3, 0.119945082267
6735590.0, 8135410.0, 3, 0.11685158782
5077126.0, 3758130.0, 3, 0.11569173775
4860636.0, 8018020.0, 3, 0.113610342265
5234560.0, 9434656.0, 3, 0.0991745763105
5498888.0, 3657656.0, 3, 0.0988589740114
3525860.0, 13556008.0, 3, 0.0950343152854
7656616.0, 3664154.0, 3, 0.0922871630165
4380600.0, 4673734.0, 3, 0.0881237213996
6656050.0, 6810532.0, 3, 0.0857725463393
5296914.0, 2977636.0, 3, 0.0824714974369
4567108.0, 9785242.0, 3, 0.078198369447
5938446.0, 3278178.0, 3, 0.0635254262763
4824254.0, 3514524.0, 3, 0.0539002366554
6916286.0, 2436520.0, 3, 0.0532521080006
4670650.0, 9544986.0, 3, 0.0500336178385
4457690.0, 9685530.0, 3, 0.0395350823213
7656616.0, 3664154.0, 3, 0.0288242972564
6711944.0, 9541046.0, 3, 0.0204227601912
3512348.0, 8018080.0, 3, 0.0155108007583
4393718.0, 9745364.0, 3, 0.010704345995
9150944.0, 18420422.0, 4, inf
8966470.0, 2806934.0, 4, inf
12773798.0, 4793090.0, 4, inf
6794750.0, 6830808.0, 4, inf
Generacion: 233
2428796.0, 17027890.0, 1, inf
6949694.0, 2411920.0, 1, inf
2428796.0, 17027890.0, 1, inf
3225810.0, 3901172.0, 1, 0.416230591005
5387394.0, 2440766.0, 1, 0.348177074861
3176174.0, 8000694.0, 1, 0.309531768111
2620044.0, 15355660.0, 1, 0.256172637783
4641292.0, 2478828.0, 1, 0.252974337887
2669980.0, 12094682.0, 1, 0.223499914388
3653546.0, 3460414.0, 1, 0.207832977425
5387394.0, 2440766.0, 1, 0.167007621062
2521342.0, 15358350.0, 1, 0.156714254334
3953688.0, 3216706.0, 1, 0.15151833141
4382750.0, 2890238.0, 1, 0.134124595322
4260816.0, 3209118.0, 1, 0.117242755527
2776722.0, 10795458.0, 1, 0.0904294708926
2807700.0, 9788770.0, 1, 0.0902882267789
3029654.0, 8025666.0, 1, 0.0845601944953
2872928.0, 9786840.0, 1, 0.0791344495575
3004136.0, 9030198.0, 1, 0.0701121799636
2931800.0, 9033356.0, 1, 0.0661686687397
2710608.0, 10796588.0, 1, 0.0639157851677
2669980.0, 12094682.0, 1, 0.0505672944167
2671740.0, 11517034.0, 1, 0.049681002609
2671740.0, 11517034.0, 1, 0.0481191082377
3101228.0, 8022508.0, 1, 0.0341180324216
2997880.0, 9031936.0, 1, 0.0147354761428
2931800.0, 9033356.0, 1, 0.0131193456123
2710608.0, 10796588.0, 1, 0.00867471966824
3029654.0, 8025666.0, 1, 0.00586051885335
3004136.0, 9030198.0, 1, 0.00576336484989
2997880.0, 9031936.0, 1, 0.00148094987765
2997880.0, 9031936.0, 1, 0.0
5387394.0, 2440766.0, 1, 0.0
2428796.0, 17027890.0, 1, 0.0
2428796.0, 17027890.0, 1, 0.0
7927674.0, 2415146.0, 2, inf
2446948.0, 17988648.0, 2, inf
7096106.0, 2446634.0, 2, 0.308117041926
2876640.0, 13557660.0, 2, 0.258311037664
4336240.0, 6796360.0, 2, 0.222149452358
3291696.0, 4267252.0, 2, 0.220850036478
4248114.0, 7603104.0, 2, 0.211299562901
6309502.0, 2842972.0, 2, 0.205336427363
2622040.0, 15617306.0, 2, 0.195147979142
6073530.0, 3107868.0, 2, 0.19229086927
3527456.0, 9794188.0, 2, 0.191807215098
2992886.0, 17834434.0, 2, 0.167904357556
4773170.0, 3503772.0, 2, 0.164607471989
5389824.0, 3240786.0, 2, 0.156449962538
3302500.0, 15615542.0, 2, 0.141484492508
4906658.0, 2615566.0, 2, 0.122452205054
3250830.0, 7997796.0, 2, 0.104858329718
5314408.0, 2815714.0, 2, 0.102759409557
3080644.0, 12087338.0, 2, 0.102701471273
3116636.0, 10197850.0, 2, 0.0980284719328
2810486.0, 11025466.0, 2, 0.0935686592107
4365730.0, 3224346.0, 2, 0.0882560721001
3070250.0, 9029038.0, 2, 0.0825605353482
2984550.0, 11741326.0, 2, 0.0674536410305
2774516.0, 11364856.0, 2, 0.0596275037258
3218820.0, 9784642.0, 2, 0.0583916654037
2735614.0, 12085032.0, 2, 0.0500383975655
3342290.0, 9034188.0, 2, 0.0430027769806
3114872.0, 9266138.0, 2, 0.0403653200956
4322164.0, 9177742.0, 2, 0.020064939913
4262714.0, 9258284.0, 2, 0.0191870353032
4322164.0, 9177742.0, 2, 0.0077400062606
3342290.0, 9034188.0, 2, 0.00759067700092
3553072.0, 19229616.0, 3, inf
2644444.0, 16329208.0, 3, inf
11880796.0, 4643982.0, 3, inf
8129768.0, 2418976.0, 3, inf
10436632.0, 12108546.0, 3, 0.410581413019
6972854.0, 5430324.0, 3, 0.220734191098
5578386.0, 7995260.0, 3, 0.206634464632
9087532.0, 11223440.0, 3, 0.205091789299
11674176.0, 14496456.0, 3, 0.184119994819
4702628.0, 9435406.0, 3, 0.166741234129
3983082.0, 16764172.0, 3, 0.142631207718
3974184.0, 13952432.0, 3, 0.129185818384
3370000.0, 18407048.0, 3, 0.128985911942
8030536.0, 17401124.0, 3, 0.12120406203
3838842.0, 15785294.0, 3, 0.120724917517
3366350.0, 10304898.0, 3, 0.0964205750544
7364752.0, 11062796.0, 3, 0.0922274246622
8868270.0, 10661864.0, 3, 0.090517341799
5892860.0, 14742970.0, 3, 0.079712945988
6422764.0, 8974972.0, 3, 0.0756351901659
8580266.0, 4337986.0, 3, 0.0734160647317
5983710.0, 14689290.0, 3, 0.0720357334185
5570648.0, 3281260.0, 3, 0.0672645764189
7912938.0, 8797494.0, 3, 0.0664953975627
5352156.0, 3760468.0, 3, 0.0612645039183
5077126.0, 3758130.0, 3, 0.0589505760713
6635224.0, 11758122.0, 3, 0.0588786688097
3695810.0, 10100006.0, 3, 0.0549884220945
5713814.0, 9288196.0, 3, 0.0494005101071
8218122.0, 10464392.0, 3, 0.0482148766079
8378968.0, 3403186.0, 3, 0.0480898332849
Generacion: 234
6598854.0, 2417386.0, 1, inf
2359984.0, 17839446.0, 1, inf
5271006.0, 2475908.0, 1, 0.46579626152
3407714.0, 3215066.0, 1, 0.421514530409
4641292.0, 2478828.0, 1, 0.384120478211
3843816.0, 3207366.0, 1, 0.338755043367
3368298.0, 7977936.0, 1, 0.336277714665
2669980.0, 12094682.0, 1, 0.267342847171
2662876.0, 15607762.0, 1, 0.246769899666
2466980.0, 16741298.0, 1, 0.113596318243
2523338.0, 15619968.0, 1, 0.102416935922
2671740.0, 11517034.0, 1, 0.0937558754713
2776722.0, 10795458.0, 1, 0.0882542778299
3029654.0, 8025666.0, 1, 0.0866800379561
2807700.0, 9788770.0, 1, 0.0806639084488
2872928.0, 9786840.0, 1, 0.0782593614617
2710608.0, 10796588.0, 1, 0.0715550674885
3004136.0, 9030198.0, 1, 0.0666119104092
2398982.0, 17552796.0, 1, 0.0646174741182
2931800.0, 9033356.0, 1, 0.0644466059117
2428796.0, 17027890.0, 1, 0.0430441107694
2590462.0, 15611076.0, 1, 0.0337101424554
3187026.0, 8003152.0, 1, 0.0334628487318
3292406.0, 7981642.0, 1, 0.0290450387026
2369348.0, 17808138.0, 1, 0.0277871044949
2428796.0, 17027890.0, 1, 0.0256167284892
3111134.0, 8006310.0, 1, 0.0214958569631
2997880.0, 9031936.0, 1, 0.0172696969285
3094848.0, 8023446.0, 1, 0.0170899320383
3250500.0, 7997292.0, 1, 0.0159890539308
2931800.0, 9033356.0, 1, 0.0139806830017
3250500.0, 7997292.0, 1, 0.0102661004901
2807700.0, 9788770.0, 1, 0.00743322515626
3004136.0, 9030198.0, 1, 0.00613269632328
3101228.0, 8022508.0, 1, 0.00255543175094
3101228.0, 8022508.0, 1, 0.00239776553764
2807700.0, 9788770.0, 1, 0.0
2931800.0, 9033356.0, 1, 0.0
3004136.0, 9030198.0, 1, 0.0
2622040.0, 15617306.0, 2, inf
7375178.0, 2420934.0, 2, inf
2622040.0, 15617306.0, 2, inf
4702044.0, 2484824.0, 2, 0.71284154139
3252786.0, 8001590.0, 2, 0.436625167725
3953688.0, 3216706.0, 2, 0.430942995229
3082230.0, 11517916.0, 2, 0.24917598536
3206608.0, 14309028.0, 2, 0.235586638518
3002376.0, 9607790.0, 2, 0.176088502818
4270836.0, 8645812.0, 2, 0.164556221091
2815636.0, 11083852.0, 2, 0.159806541372
3414756.0, 9030770.0, 2, 0.131859503896
3938662.0, 9182022.0, 2, 0.13055584926
4260816.0, 3209118.0, 2, 0.122184769462
2692510.0, 15352242.0, 2, 0.0828374021077
2688856.0, 14544364.0, 2, 0.0619884602249
2737820.0, 11515610.0, 2, 0.0574006966206
2881414.0, 15501576.0, 2, 0.0510212574684
2688856.0, 14544364.0, 2, 0.0318906259871
3184064.0, 9317658.0, 2, 0.0276358089344
3342290.0, 9034188.0, 2, 0.0264485525374
3222434.0, 8948132.0, 2, 0.0262389167383
3180596.0, 9262160.0, 2, 0.0257341008837
2809000.0, 15507082.0, 2, 0.0251413348776
3342290.0, 9034188.0, 2, 0.0189613008648
3222434.0, 8948132.0, 2, 0.0126478518525
3187462.0, 9260788.0, 2, 0.00789805013807
3192740.0, 9032462.0, 2, 0.00428708635066
7116158.0, 2588816.0, 3, inf
2839832.0, 16735376.0, 3, inf
9949576.0, 2685424.0, 3, inf
5444502.0, 17836938.0, 3, inf
4696228.0, 4301514.0, 3, 0.404607197515
6468652.0, 9228304.0, 3, 0.348596934238
4720780.0, 11713700.0, 3, 0.220961322902
4088142.0, 13237182.0, 3, 0.164131632032
7300988.0, 14193678.0, 3, 0.153812889042
9028586.0, 9601878.0, 3, 0.150819261751
8914360.0, 2856878.0, 3, 0.138487586771
6547560.0, 17363526.0, 3, 0.132179348084
5623550.0, 15880304.0, 3, 0.120225257051
8209592.0, 2706188.0, 3, 0.11646887438
3527456.0, 9794188.0, 3, 0.116242941121
5888652.0, 10090468.0, 3, 0.115917332528
7858166.0, 10984126.0, 3, 0.112622105913
4322438.0, 9599316.0, 3, 0.102759327168
5892860.0, 14742970.0, 3, 0.100897338341
6133984.0, 3061384.0, 3, 0.0945364258107
7841124.0, 9678820.0, 3, 0.088891879159
2992886.0, 17834434.0, 3, 0.0881449290085
8166240.0, 3531114.0, 3, 0.0869455351769
5275586.0, 9762344.0, 3, 0.0854623764176
6408172.0, 17182934.0, 3, 0.0780436823079
3245782.0, 9780996.0, 3, 0.0772767495399
5307238.0, 15700822.0, 3, 0.0754497809271
3927942.0, 15854726.0, 3, 0.0746039656993
3974184.0, 13952432.0, 3, 0.069334919106
5903270.0, 3913120.0, 3, 0.0659623324588
3974910.0, 11110474.0, 3, 0.0638752354646
4097990.0, 9318020.0, 3, 0.0572858625678
5389824.0, 3240786.0, 3, 0.038385957191
Generacion: 235
2330402.0, 18094754.0, 1, inf
6598854.0, 2417386.0, 1, inf
2330402.0, 18094754.0, 1, inf
4641292.0, 2478828.0, 1, 0.695831789977
3407714.0, 3215066.0, 1, 0.410289692638
3843816.0, 3207366.0, 1, 0.335960752728
3390416.0, 7974360.0, 1, 0.313039721241
2669980.0, 12094682.0, 1, 0.256962613922
2620044.0, 15355660.0, 1, 0.214935832234
2671740.0, 11517034.0, 1, 0.0923187105254
2776722.0, 10795458.0, 1, 0.0870313173672
3029654.0, 8025666.0, 1, 0.0854686341928
2466980.0, 16741298.0, 1, 0.0810382177616
3004136.0, 9030198.0, 1, 0.0810219551949
2807700.0, 9788770.0, 1, 0.0794942375783
2590462.0, 15611076.0, 1, 0.0790229672679
2930040.0, 9610948.0, 1, 0.0618542478248
2710608.0, 10796588.0, 1, 0.0614435125965
2931800.0, 9033356.0, 1, 0.0537890676337
2466980.0, 16741298.0, 1, 0.0472096083292
2590462.0, 15611076.0, 1, 0.0452210092225
2428796.0, 17027890.0, 1, 0.0424273999253
2398982.0, 17552796.0, 1, 0.0404243318341
3178926.0, 8000998.0, 1, 0.0315023075984
2620044.0, 15355660.0, 1, 0.0279908752068
2872928.0, 9786840.0, 1, 0.0265009034931
2369348.0, 17808138.0, 1, 0.0254114511293
2428796.0, 17027890.0, 1, 0.0252653531285
2369348.0, 17808138.0, 1, 0.0252247141432
3368298.0, 7977936.0, 1, 0.0234259770368
2398982.0, 17552796.0, 1, 0.0232720338418
3111134.0, 8006310.0, 1, 0.0211294120642
3094848.0, 8023446.0, 1, 0.0203235335133
3292406.0, 7981642.0, 1, 0.0187780020856
3244034.0, 8000558.0, 1, 0.0154616307305
2872928.0, 9786840.0, 1, 0.0135031336944
3292406.0, 7981642.0, 1, 0.0100540024144
3250500.0, 7997292.0, 1, 0.0100259364788
2710608.0, 10796588.0, 1, 0.00917795568489
2807700.0, 9788770.0, 1, 0.00738053936746
3004136.0, 9030198.0, 1, 0.00617971658742
3250500.0, 7997292.0, 1, 0.00251308918509
3244034.0, 8000558.0, 1, 0.00154290082183
2931800.0, 9033356.0, 1, 0.000613764340568
2807700.0, 9788770.0, 1, 0.0
2428796.0, 17027890.0, 1, 0.0
2924642.0, 18318886.0, 2, inf
6771482.0, 2422932.0, 2, inf
2400978.0, 17814414.0, 2, inf
4843716.0, 4008140.0, 2, 0.371463958341
5257730.0, 2829108.0, 2, 0.35788287066
6551092.0, 2729768.0, 2, 0.335924483656
3799282.0, 6368770.0, 2, 0.317153785117
4260816.0, 3209118.0, 2, 0.312848756611
2692510.0, 15352242.0, 2, 0.284290984283
3074872.0, 11517202.0, 2, 0.243763784566
2806766.0, 16000586.0, 2, 0.184765509231
3213694.0, 17609776.0, 2, 0.142448102061
3646594.0, 6815616.0, 2, 0.131294655505
3366350.0, 10304898.0, 2, 0.120939821654
5015572.0, 2833820.0, 2, 0.118635203757
3536086.0, 7498554.0, 2, 0.105308932026
3107382.0, 11455362.0, 2, 0.0931170683822
2504438.0, 17700224.0, 2, 0.0795780253522
3150098.0, 8953482.0, 2, 0.0770686655844
6691006.0, 2702234.0, 2, 0.0697294520026
2947700.0, 9763362.0, 2, 0.0675070625554
3166456.0, 8020548.0, 2, 0.0666169322839
3438118.0, 8001336.0, 2, 0.0540734910924
3342290.0, 9034188.0, 2, 0.0529765577197
2692510.0, 15352242.0, 2, 0.0511539563952
3184064.0, 9317658.0, 2, 0.0407937213644
3076008.0, 18253922.0, 2, 0.0391743757963
3065498.0, 9744116.0, 2, 0.0388822906603
3405652.0, 9607828.0, 2, 0.0379036951828
2737820.0, 11515610.0, 2, 0.0300328208154
3512348.0, 8018080.0, 2, 0.0235100879192
3414756.0, 9030770.0, 2, 0.0125055748965
3187026.0, 8003152.0, 2, 0.0078328882718
2692510.0, 15352242.0, 2, 0.0
2692510.0, 15352242.0, 2, 0.0
5685024.0, 18121798.0, 3, inf
7145256.0, 2729870.0, 3, inf
8474344.0, 4402894.0, 3, inf
3192740.0, 9032462.0, 3, inf
6835912.0, 13272154.0, 3, 0.212124665378
8210908.0, 5920300.0, 3, 0.20605126339
6427472.0, 8192892.0, 3, 0.193812810749
7488594.0, 3215392.0, 3, 0.188970157567
5012330.0, 17359992.0, 3, 0.161974985514
4158250.0, 7598128.0, 3, 0.153689831292
7730404.0, 4930546.0, 3, 0.15328238544
3631606.0, 15612986.0, 3, 0.150814401981
4663568.0, 14290564.0, 3, 0.149787623228
3748448.0, 11662580.0, 3, 0.143510423549
7854208.0, 14891770.0, 3, 0.138849754097
4346036.0, 12082550.0, 3, 0.137090756232
3643968.0, 15923526.0, 3, 0.13493508073
6782558.0, 10384188.0, 3, 0.133112454614
6109428.0, 3933216.0, 3, 0.126559445089
Generacion: 236
5387394.0, 2440766.0, 1, inf
2328942.0, 18642252.0, 1, inf
4660778.0, 2551744.0, 1, 0.434111691684
4091210.0, 4297810.0, 1, 0.296309444296
4259612.0, 3499840.0, 1, 0.293999508663
2669980.0, 12094682.0, 1, 0.253833157377
3759236.0, 5649860.0, 1, 0.247643918953
2620044.0, 15355660.0, 1, 0.223269954558
2552778.0, 16724692.0, 1, 0.135571597311
3659946.0, 6025482.0, 1, 0.133473420279
3382176.0, 7136284.0, 1, 0.123400526455
3315760.0, 7977806.0, 1, 0.119827698766
3570696.0, 6813578.0, 1, 0.109638262131
2620044.0, 15355660.0, 1, 0.10082761096
3004136.0, 9030198.0, 1, 0.085653641163
3029654.0, 8025666.0, 1, 0.0854044955168
2807700.0, 9788770.0, 1, 0.0835324105511
3531628.0, 7122048.0, 1, 0.0815573216158
3178926.0, 8000998.0, 1, 0.0686644327243
2710608.0, 10796588.0, 1, 0.0673973861306
2930040.0, 9610948.0, 1, 0.0657560453959
2359984.0, 17839446.0, 1, 0.0646950544985
2710608.0, 10796588.0, 1, 0.0627807361746
2931800.0, 9033356.0, 1, 0.0593017373932
2671740.0, 11517034.0, 1, 0.0477869486886
2708848.0, 11374202.0, 1, 0.0477848501157
2466980.0, 16741298.0, 1, 0.0457419950762
2428796.0, 17027890.0, 1, 0.0448833802495
2398982.0, 17552796.0, 1, 0.0420878483922
2872928.0, 9786840.0, 1, 0.0321836638991
2807700.0, 9788770.0, 1, 0.0318645961137
2369348.0, 17808138.0, 1, 0.0304437164075
3101228.0, 8022508.0, 1, 0.0278356333822
2428796.0, 17027890.0, 1, 0.0274373102226
3111134.0, 8006310.0, 1, 0.0267320108768
2398982.0, 17552796.0, 1, 0.0255084748059
2872928.0, 9786840.0, 1, 0.0187926237565
2466980.0, 16741298.0, 1, 0.0135097148956
2671740.0, 11517034.0, 1, 0.0093914359586
2708848.0, 11374202.0, 1, 0.0093914359586
3029654.0, 8025666.0, 1, 0.00853835687542
3004136.0, 9030198.0, 1, 0.00853835687542
2931800.0, 9033356.0, 1, 0.000770374902845
3029654.0, 8025666.0, 1, 0.0
2398982.0, 17552796.0, 1, 0.0
2428796.0, 17027890.0, 1, 0.0
2466980.0, 16741298.0, 1, 0.0
6551092.0, 2729768.0, 2, inf
2400978.0, 17814414.0, 2, inf
2930544.0, 18937680.0, 2, inf
5761302.0, 2802508.0, 2, 0.376414483119
3916750.0, 6450828.0, 2, 0.355221754503
5015572.0, 2833820.0, 2, 0.337348431677
4177052.0, 5379052.0, 2, 0.250550132543
4573812.0, 3632582.0, 2, 0.237382086829
3368298.0, 7977936.0, 2, 0.234578144934
2692510.0, 15352242.0, 2, 0.232212532484
3234930.0, 12122030.0, 2, 0.231315783258
4476720.0, 4576848.0, 2, 0.203356356618
2734046.0, 16004552.0, 2, 0.146532813812
2876244.0, 11021778.0, 2, 0.0953486405077
2904958.0, 10484236.0, 2, 0.0892021108558
2662876.0, 15607762.0, 2, 0.0856774344144
2735614.0, 12085032.0, 2, 0.0753958939831
3107382.0, 11455362.0, 2, 0.0692043169895
3338716.0, 8953476.0, 2, 0.0647849807789
2503966.0, 18200964.0, 2, 0.0634252232027
3187026.0, 8003152.0, 2, 0.0618541369516
2982600.0, 18346956.0, 2, 0.0569784431917
3211120.0, 9788062.0, 2, 0.0547121786376
2469766.0, 17980106.0, 2, 0.0460040352905
2995674.0, 9601300.0, 2, 0.0422678448205
3334522.0, 9160096.0, 2, 0.0393065599359
3076874.0, 11368280.0, 2, 0.0343111715364
3187462.0, 9260788.0, 2, 0.0330271436116
3070250.0, 9029038.0, 2, 0.0321051535064
3180552.0, 9782848.0, 2, 0.0286930925561
2412022.0, 18268538.0, 2, 0.0223150024753
3340704.0, 9603552.0, 2, 0.0183291930237
3076008.0, 18253922.0, 2, 0.00576529908563
3180552.0, 9782848.0, 2, 0.0018816518859
9241518.0, 13782832.0, 3, inf
3695320.0, 18330586.0, 3, inf
3252474.0, 12984738.0, 3, inf
6074180.0, 3234876.0, 3, inf
9169644.0, 16170146.0, 3, 0.384039686816
8244654.0, 10819652.0, 3, 0.31032759433
6915502.0, 5976020.0, 3, 0.302028999656
7355982.0, 3249078.0, 3, 0.210804172483
4345862.0, 12090776.0, 3, 0.179168046456
5918780.0, 18024878.0, 3, 0.145364234489
6527932.0, 10799434.0, 3, 0.144586111002
5460778.0, 4703352.0, 3, 0.135193534038
4785056.0, 8020554.0, 3, 0.134178748281
6086660.0, 14740176.0, 3, 0.128140716521
3409382.0, 11370844.0, 3, 0.121437580731
5439654.0, 7595766.0, 3, 0.120683351664
6201098.0, 3761224.0, 3, 0.110714103036
4437888.0, 10912616.0, 3, 0.109846060948
3860086.0, 9364382.0, 3, 0.108327604823
Generacion: 237
2328942.0, 18642252.0, 1, inf
5387394.0, 2440766.0, 1, inf
3434082.0, 3425414.0, 1, 0.52841429473
4113846.0, 3366218.0, 1, 0.40838300423
3368298.0, 7977936.0, 1, 0.342136500142
4660778.0, 2551744.0, 1, 0.291052503601
2613712.0, 14539322.0, 1, 0.289415082762
4649010.0, 3244820.0, 1, 0.229097974349
2669980.0, 12094682.0, 1, 0.205516873081
2482346.0, 15789686.0, 1, 0.183887881607
2428796.0, 17027890.0, 1, 0.0977703119757
2776722.0, 10795458.0, 1, 0.0939507529021
2466980.0, 16741298.0, 1, 0.0939341927277
2807700.0, 9788770.0, 1, 0.0937104420565
3250830.0, 7997796.0, 1, 0.0858343798472
3004136.0, 9030198.0, 1, 0.085653641163
3029654.0, 8025666.0, 1, 0.0833184729145
2359984.0, 17839446.0, 1, 0.0646950544985
2931800.0, 9033356.0, 1, 0.0593017373932
2930040.0, 9610948.0, 1, 0.0579616299485
2710608.0, 10796588.0, 1, 0.0572687328119
2671740.0, 11517034.0, 1, 0.0571783846472
2369348.0, 17808138.0, 1, 0.0512207188074
3111134.0, 8006310.0, 1, 0.0504395795446
2708848.0, 11374202.0, 1, 0.0477848501157
2893498.0, 9769524.0, 1, 0.0295300338928
3094848.0, 8023446.0, 1, 0.0235969551467
2872928.0, 9786840.0, 1, 0.0223959197378
2369348.0, 17808138.0, 1, 0.0213696992946
2708848.0, 11374202.0, 1, 0.0093914359586
3004136.0, 9030198.0, 1, 0.00853835687542
3029654.0, 8025666.0, 1, 0.00848046095156
2872928.0, 9786840.0, 1, 0.00684474947235
3101228.0, 8022508.0, 1, 0.00638259676168
2931800.0, 9033356.0, 1, 0.000770374902845
2710608.0, 10796588.0, 1, 0.000645201199643
2708848.0, 11374202.0, 1, 0.0
2710608.0, 10796588.0, 1, 0.0
2931800.0, 9033356.0, 1, 0.0
2931800.0, 9033356.0, 1, 0.0
2708848.0, 11374202.0, 1, 0.0
6535572.0, 2490912.0, 2, inf
2460078.0, 18488074.0, 2, inf
2367888.0, 18355602.0, 2, inf
3968904.0, 8176320.0, 2, 0.341434907004
4216160.0, 3545000.0, 2, 0.314084275412
5392596.0, 2809062.0, 2, 0.309693691721
3609784.0, 5662636.0, 2, 0.308368726805
4870878.0, 3134416.0, 2, 0.267541055281
3080644.0, 12087338.0, 2, 0.220917859637
3629930.0, 15351340.0, 2, 0.213205790957
5280782.0, 3047314.0, 2, 0.144854870512
3551328.0, 15502868.0, 2, 0.121761667051
3066146.0, 16690596.0, 2, 0.10400347593
3366350.0, 10304898.0, 2, 0.100856826005
3646874.0, 10800926.0, 2, 0.0955189175818
2620044.0, 15355660.0, 2, 0.0912970017795
2845458.0, 10712794.0, 2, 0.0795841770363
3397286.0, 16891808.0, 2, 0.0791918988211
4192830.0, 9304190.0, 2, 0.0773676546999
3433362.0, 9689622.0, 2, 0.0743884022324
3070250.0, 9029038.0, 2, 0.0739830513623
3243510.0, 11027990.0, 2, 0.0713045357707
3181100.0, 11959808.0, 2, 0.0695159399421
3107382.0, 11455362.0, 2, 0.0673168228986
2504438.0, 17700224.0, 2, 0.0588542124114
5389824.0, 3240786.0, 2, 0.0524948619939
2469766.0, 17980106.0, 2, 0.0461697276207
2504438.0, 17700224.0, 2, 0.0452343956318
2412022.0, 18268538.0, 2, 0.0450523917298
3118436.0, 9317638.0, 2, 0.0417817749307
2998652.0, 11025752.0, 2, 0.034240163197
3450106.0, 10795394.0, 2, 0.0336832580496
2899212.0, 10798832.0, 2, 0.0332518569982
2982600.0, 18346956.0, 2, 0.0293022397548
2845458.0, 10712794.0, 2, 0.0180612267314
7263974.0, 3469874.0, 3, inf
3394082.0, 19391858.0, 3, inf
11217964.0, 17108052.0, 3, inf
7476608.0, 13032804.0, 3, 0.298893555695
3771388.0, 6445162.0, 3, 0.263724297935
5678382.0, 13563830.0, 3, 0.256308311865
4660724.0, 16889506.0, 3, 0.216177907473
9043946.0, 4492366.0, 3, 0.205855738944
10002612.0, 3926532.0, 3, 0.167216003058
10549442.0, 18184494.0, 3, 0.154754573864
4382982.0, 8775030.0, 3, 0.136413164729
9043946.0, 4492366.0, 3, 0.135721551895
7222014.0, 18046952.0, 3, 0.122985572118
4785056.0, 8020554.0, 3, 0.116724493132
6539638.0, 12145298.0, 3, 0.114454948542
6104684.0, 5369688.0, 3, 0.113277600856
5069002.0, 10238788.0, 3, 0.112082540598
5502208.0, 13281946.0, 3, 0.111238914623
10970722.0, 3696242.0, 3, 0.105526867286
6761470.0, 11179622.0, 3, 0.102671816039
6427472.0, 8192892.0, 3, 0.101307117429
4753372.0, 11354674.0, 3, 0.0700718917345
6068828.0, 5834000.0, 3, 0.0685782037077
6672242.0, 4702390.0, 3, 0.0672252036653
Generacion: 238
5387394.0, 2440766.0, 1, inf
2330402.0, 18094754.0, 1, inf
4312468.0, 2570766.0, 1, 0.435637148976
3855944.0, 6728242.0, 1, 0.430382536218
4113846.0, 3366218.0, 1, 0.339219494277
2671740.0, 11517034.0, 1, 0.308442644734
2613712.0, 14539322.0, 1, 0.288121056381
3531628.0, 7122048.0, 1, 0.279045248537
3250830.0, 7997796.0, 1, 0.17240494901
2466980.0, 16741298.0, 1, 0.160264997801
2769594.0, 10509192.0, 1, 0.117860605909
4230740.0, 3337328.0, 1, 0.115787674255
2590462.0, 15611076.0, 1, 0.111519754174
3029654.0, 8025666.0, 1, 0.0939864266124
2589002.0, 16158518.0, 1, 0.0834665941765
2552778.0, 16724692.0, 1, 0.0771445598328
3004136.0, 9030198.0, 1, 0.0662174520391
2931800.0, 9033356.0, 1, 0.0585134546291
2851074.0, 10490116.0, 1, 0.0584791626363
2872928.0, 9786840.0, 1, 0.051655151975
2930040.0, 9610948.0, 1, 0.0488510152116
3176174.0, 8000694.0, 1, 0.0462410951996
2893498.0, 9769524.0, 1, 0.0299186593898
3111134.0, 8006310.0, 1, 0.0280567069239
3094848.0, 8023446.0, 1, 0.0278901417184
2834788.0, 10506968.0, 1, 0.0278722549025
2997880.0, 9031936.0, 1, 0.0238642137846
2930040.0, 9610948.0, 1, 0.0107057997137
3004136.0, 9030198.0, 1, 0.0084584472769
2872928.0, 9786840.0, 1, 0.00825502923364
2931800.0, 9033356.0, 1, 0.000666441053136
2931800.0, 9033356.0, 1, 0.0
2931800.0, 9033356.0, 1, 0.0
8551376.0, 2451094.0, 2, inf
2367888.0, 18355602.0, 2, inf
5450676.0, 2453818.0, 2, 0.533348459811
4216160.0, 3545000.0, 2, 0.525243352293
3217284.0, 8027618.0, 2, 0.384571848533
5392596.0, 2809062.0, 2, 0.268255536184
2662876.0, 15607762.0, 2, 0.160129109083
3509148.0, 9860382.0, 2, 0.138476991504
2504438.0, 17700224.0, 2, 0.137171273615
3040370.0, 12070654.0, 2, 0.13365643288
4130312.0, 9600714.0, 2, 0.125894046287
2814870.0, 13302404.0, 2, 0.0943320823145
2709182.0, 14528704.0, 2, 0.0928455735223
3127362.0, 14003916.0, 2, 0.0872206744647
3180596.0, 9262160.0, 2, 0.0858709837312
3076874.0, 11368280.0, 2, 0.0782821616949
2692510.0, 15352242.0, 2, 0.0723924293875
2876244.0, 11021778.0, 2, 0.0665907889161
2469766.0, 17980106.0, 2, 0.0632900646088
2742406.0, 13305900.0, 2, 0.0611997174476
2845458.0, 10712794.0, 2, 0.0549994789933
2504438.0, 17700224.0, 2, 0.0432204074999
3366350.0, 10304898.0, 2, 0.0362444671378
3116636.0, 10197850.0, 2, 0.036114027927
4173674.0, 9314730.0, 2, 0.0351700954754
3002376.0, 9607790.0, 2, 0.0321327376794
3366350.0, 10304898.0, 2, 0.0308377762155
3433362.0, 9689622.0, 2, 0.0209875942233
2673548.0, 15588416.0, 2, 0.0208583259908
3431882.0, 9742852.0, 2, 0.0166988576836
3180552.0, 9782848.0, 2, 0.0114516471842
3211120.0, 9788062.0, 2, 0.0108081909017
8653210.0, 2490426.0, 3, inf
2699650.0, 19025294.0, 3, inf
5041166.0, 14021936.0, 3, 0.253486628283
4908274.0, 6604328.0, 3, 0.22629702929
3754308.0, 12761406.0, 3, 0.192419539146
7637042.0, 17820142.0, 3, 0.19019291828
3116356.0, 17814454.0, 3, 0.183916721448
5446262.0, 5111576.0, 3, 0.157315138111
4383492.0, 16169912.0, 3, 0.151143577985
7045134.0, 9691544.0, 3, 0.144574198927
4782130.0, 8415886.0, 3, 0.142437590279
2837030.0, 17986240.0, 3, 0.125338995428
6615878.0, 3786868.0, 3, 0.117580694778
6100606.0, 11532040.0, 3, 0.116656686534
4693638.0, 4818866.0, 3, 0.108202107108
4455630.0, 16247988.0, 3, 0.10709077039
5221528.0, 4027488.0, 3, 0.103940949471
6291380.0, 3998964.0, 3, 0.101100830715
4042192.0, 9867048.0, 3, 0.0973174551808
6814832.0, 3508570.0, 3, 0.0928736771215
7438916.0, 9710770.0, 3, 0.0914679845327
3365918.0, 11031964.0, 3, 0.0904682422122
4939650.0, 9053528.0, 3, 0.0867815802454
7526502.0, 3228746.0, 3, 0.0854589745959
5666010.0, 3443390.0, 3, 0.0836576343949
4345862.0, 12090776.0, 3, 0.0762969793757
4489626.0, 11557982.0, 3, 0.0669543566871
4202518.0, 8625704.0, 3, 0.0664530965092
3450106.0, 10795394.0, 3, 0.0645919461626
4444190.0, 10357192.0, 3, 0.0559421110888
3591946.0, 11556406.0, 3, 0.0526647418898
5658480.0, 3353222.0, 3, 0.04989164784
4148878.0, 12002466.0, 3, 0.0492838410574
4100942.0, 11364348.0, 3, 0.0481634234236
5364770.0, 10591694.0, 3, 0.0382421624915
Generacion: 239
2330402.0, 18094754.0, 1, inf
2330402.0, 18094754.0, 1, inf
9253750.0, 2411818.0, 1, inf
5560144.0, 2434776.0, 1, 0.463366644509
7822160.0, 2417258.0, 1, 0.462549092358
3226298.0, 4016014.0, 1, 0.41113348315
2688856.0, 14544364.0, 1, 0.287257745731
3176174.0, 8000694.0, 1, 0.271069670193
3969880.0, 3350836.0, 1, 0.249039252472
2708848.0, 11374202.0, 1, 0.211625855524
8754798.0, 2417256.0, 1, 0.207123999574
4641292.0, 2478828.0, 1, 0.174644944508
2590462.0, 15611076.0, 1, 0.158680440308
2491168.0, 16725824.0, 1, 0.119479765451
4312468.0, 2570766.0, 1, 0.113462118293
2776722.0, 10795458.0, 1, 0.105289928019
2552778.0, 16724692.0, 1, 0.0854222181244
3029654.0, 8025666.0, 1, 0.0772964338462
2807700.0, 9788770.0, 1, 0.0765825807692
3004136.0, 9030198.0, 1, 0.068752766467
4402816.0, 2552114.0, 1, 0.0533572354815
2774516.0, 11364856.0, 1, 0.0467064223748
2931800.0, 9033356.0, 1, 0.0463738435541
2930040.0, 9610948.0, 1, 0.0421074106086
2893498.0, 9769524.0, 1, 0.0290092071165
3094848.0, 8023446.0, 1, 0.0105394272307
3111134.0, 8006310.0, 1, 0.0104271411475
2930040.0, 9610948.0, 1, 0.0103655842717
2997880.0, 9031936.0, 1, 0.00965533625415
2807700.0, 9788770.0, 1, 0.00570161848504
2708848.0, 11374202.0, 1, 0.00348355459966
3101228.0, 8022508.0, 1, 0.00344498266467
3111134.0, 8006310.0, 1, 0.0017889068561
2997880.0, 9031936.0, 1, 0.000994153333667
2931800.0, 9033356.0, 1, 0.000344756538937
9036632.0, 2591444.0, 2, inf
7096106.0, 2446634.0, 2, inf
2553268.0, 17797550.0, 2, inf
3531628.0, 7122048.0, 2, 0.473559091731
8117412.0, 2824838.0, 2, 0.396243001751
7213180.0, 4356678.0, 2, 0.286073508228
5804692.0, 4862810.0, 2, 0.263377900539
4967910.0, 2582382.0, 2, 0.244237035561
5053946.0, 5892928.0, 2, 0.190199171652
2661416.0, 16155204.0, 2, 0.180770760599
2771878.0, 11804758.0, 2, 0.155699364361
2709182.0, 14528704.0, 2, 0.141000232307
3150098.0, 8953482.0, 2, 0.133511766222
5262166.0, 4899038.0, 2, 0.125284024984
5431144.0, 4798142.0, 2, 0.116650508238
2692510.0, 15352242.0, 2, 0.113322060868
2814870.0, 13302404.0, 2, 0.104537705636
2742406.0, 13305900.0, 2, 0.0895547722153
2815636.0, 11083852.0, 2, 0.0876137054088
2995338.0, 9791014.0, 2, 0.0721198937607
2904958.0, 10484236.0, 2, 0.0714025502503
3190260.0, 9180252.0, 2, 0.0637709356294
2834788.0, 10506968.0, 2, 0.0484028620511
3002376.0, 9607790.0, 2, 0.0383859685375
3045846.0, 9321344.0, 2, 0.0224239589911
3070250.0, 9029038.0, 2, 0.0164465087459
3180596.0, 9262160.0, 2, 0.0149589214991
3120396.0, 9035308.0, 2, 0.0140233060935
3117916.0, 9183098.0, 2, 0.0127679604168
3045846.0, 9321344.0, 2, 0.00694627142256
2834788.0, 10506968.0, 2, 0.00443484570201
3118436.0, 9317638.0, 2, 0.00423792258155
3120396.0, 9035308.0, 2, 0.000710756876456
3045846.0, 9321344.0, 2, 0.0
9699602.0, 2718140.0, 3, inf
5105780.0, 18932534.0, 3, inf
12053808.0, 3537230.0, 3, inf
2837030.0, 17986240.0, 3, inf
11123302.0, 7056174.0, 3, 0.224051360323
4162752.0, 16484688.0, 3, 0.17031789749
5759938.0, 5756492.0, 3, 0.149813541934
6033680.0, 14360388.0, 3, 0.146140695467
8936338.0, 15045462.0, 3, 0.145964867748
8916608.0, 13046704.0, 3, 0.14112371924
7922166.0, 13505208.0, 3, 0.139239363043
6522342.0, 9660282.0, 3, 0.135170541737
11703324.0, 11601936.0, 3, 0.129151924984
5563230.0, 7928574.0, 3, 0.116867176121
10694740.0, 3874244.0, 3, 0.115877273103
3623958.0, 17940028.0, 3, 0.109693173945
7206844.0, 9056502.0, 3, 0.106763880447
9945672.0, 8987202.0, 3, 0.105739142381
9265434.0, 4747228.0, 3, 0.100628074967
3753658.0, 16743330.0, 3, 0.0993505117026
9423568.0, 2767944.0, 3, 0.0976224929282
7419076.0, 14017120.0, 3, 0.0968540168835
4734972.0, 12692242.0, 3, 0.0915954243631
3076008.0, 18253922.0, 3, 0.0882060575122
10232642.0, 4470438.0, 3, 0.0847150600745
9054414.0, 5452636.0, 3, 0.0793364331937
7798464.0, 13747096.0, 3, 0.0738756622561
10477858.0, 3566462.0, 3, 0.0709214751567
3923418.0, 7615022.0, 3, 0.0697378137046
3180768.0, 12281676.0, 3, 0.0596279855319
3436524.0, 9858896.0, 3, 0.0532685125115
Generacion: 240
2330402.0, 18094754.0, 1, inf
6969892.0, 2418642.0, 1, inf
2330402.0, 18094754.0, 1, inf
3402756.0, 3220954.0, 1, 0.534670275456
3250500.0, 7997292.0, 1, 0.353743656899
5477662.0, 2421724.0, 1, 0.342504413621
2669980.0, 12094682.0, 1, 0.278683111348
4226520.0, 2913560.0, 1, 0.258220056476
2590462.0, 15611076.0, 1, 0.243189089413
2563860.0, 17033084.0, 1, 0.186078356997
4641292.0, 2478828.0, 1, 0.185284920267
5387394.0, 2440766.0, 1, 0.183914709534
2369348.0, 17808138.0, 1, 0.118045094011
2583112.0, 15613428.0, 1, 0.0964455984139
4402816.0, 2552114.0, 1, 0.0950911010357
3029654.0, 8025666.0, 1, 0.0781324056879
2893498.0, 9769524.0, 1, 0.073103699383
3004136.0, 9030198.0, 1, 0.0710398970582
2851074.0, 10490116.0, 1, 0.0596969401101
4544500.0, 2497306.0, 1, 0.0560763506241
2671740.0, 11517034.0, 1, 0.0543380208458
2708848.0, 11374202.0, 1, 0.0543358519406
2710608.0, 10796588.0, 1, 0.051548473484
2931800.0, 9033356.0, 1, 0.0510883054418
2776722.0, 10795458.0, 1, 0.0452411173449
2930040.0, 9610948.0, 1, 0.0447216573835
2834788.0, 10506968.0, 1, 0.0355040710267
3176174.0, 8000694.0, 1, 0.0306143477656
3094848.0, 8023446.0, 1, 0.0156285797018
3111134.0, 8006310.0, 1, 0.0150520741653
2997880.0, 9031936.0, 1, 0.0143538141342
2930040.0, 9610948.0, 1, 0.0104951256459
3029654.0, 8025666.0, 1, 0.00564179025828
3111134.0, 8006310.0, 1, 0.00249340057257
3101228.0, 8022508.0, 1, 0.00240844307659
3101228.0, 8022508.0, 1, 0.00219498474089
2997880.0, 9031936.0, 1, 0.00143900775802
2931800.0, 9033356.0, 1, 0.000469935726396
2931800.0, 9033356.0, 1, 0.0
3111134.0, 8006310.0, 1, 0.0
3111134.0, 8006310.0, 1, 0.0
3111134.0, 8006310.0, 1, 0.0
2930040.0, 9610948.0, 1, 0.0
2367888.0, 18355602.0, 2, inf
7269664.0, 2422822.0, 2, inf
2688856.0, 14544364.0, 2, 0.492131924338
5894262.0, 2792340.0, 2, 0.362850122112
3482994.0, 4254982.0, 2, 0.33626398715
3217284.0, 8027618.0, 2, 0.281167044399
7095234.0, 3252134.0, 2, 0.276588099021
5425094.0, 2799206.0, 2, 0.274652951684
2813836.0, 11964086.0, 2, 0.222872652174
4689432.0, 9231048.0, 2, 0.170427987928
4676554.0, 8964410.0, 2, 0.115139657872
3752866.0, 8393694.0, 2, 0.109090312447
3929204.0, 3452586.0, 2, 0.101020060481
4322438.0, 9599316.0, 2, 0.0923404674596
3581470.0, 11403912.0, 2, 0.0752418945328
4310744.0, 10091804.0, 2, 0.067136895197
4100786.0, 8356576.0, 2, 0.0659737559254
3236744.0, 11405470.0, 2, 0.0603372141389
7096106.0, 2446634.0, 2, 0.058777373114
3976482.0, 10393610.0, 2, 0.0513532556973
3340704.0, 9603552.0, 2, 0.0507687532046
4187246.0, 3299538.0, 2, 0.0490279479637
2947700.0, 9763362.0, 2, 0.0479766140628
2815636.0, 11083852.0, 2, 0.0456106189965
3045846.0, 9321344.0, 2, 0.0413562820601
2916114.0, 10484506.0, 2, 0.0353251512282
2896732.0, 10946654.0, 2, 0.0349390524877
2899212.0, 10798832.0, 2, 0.0329601889806
3120396.0, 9035308.0, 2, 0.0320512609803
3002376.0, 9607790.0, 2, 0.030052803419
3118436.0, 9317638.0, 2, 0.0208760830952
3969880.0, 3350836.0, 2, 0.0192509321858
3120396.0, 9035308.0, 2, 0.00484967487839
9036632.0, 2591444.0, 3, inf
6493326.0, 19531154.0, 3, inf
2704508.0, 15896424.0, 3, inf
12746970.0, 11677780.0, 3, inf
11871972.0, 11996828.0, 3, 0.203341077588
10548110.0, 12363798.0, 3, 0.201875509909
10997232.0, 13163734.0, 3, 0.201622674758
5137064.0, 5774864.0, 3, 0.201493402423
4312112.0, 17145074.0, 3, 0.191769794784
5784836.0, 7641412.0, 3, 0.174626358163
3812102.0, 14544088.0, 3, 0.148991038993
7085498.0, 8425310.0, 3, 0.147378482623
9467780.0, 3253698.0, 3, 0.145649502598
7981440.0, 2683002.0, 3, 0.112346325314
7528872.0, 4476826.0, 3, 0.105882614903
5614462.0, 5341362.0, 3, 0.0993249653018
6417408.0, 10928610.0, 3, 0.0985573277509
5400644.0, 9440958.0, 3, 0.0976772268014
4128004.0, 16996624.0, 3, 0.0945083206245
6715848.0, 4373940.0, 3, 0.0914518755343
7491640.0, 14018976.0, 3, 0.0860963077352
7129056.0, 15269392.0, 3, 0.0839155814165
4605922.0, 9605592.0, 3, 0.0828374289835
8481620.0, 3511750.0, 3, 0.0795136326172
Generacion: 241
4641292.0, 2478828.0, 1, inf
2330402.0, 18094754.0, 1, inf
2330402.0, 18094754.0, 1, inf
3149268.0, 3567154.0, 1, 0.481533657997
3543630.0, 3409324.0, 1, 0.466305445736
4187246.0, 3299538.0, 1, 0.327256855124
3111134.0, 8006310.0, 1, 0.319530213026
2620044.0, 15355660.0, 1, 0.259590105169
2669980.0, 12094682.0, 1, 0.225643357323
2398982.0, 17552796.0, 1, 0.213361365113
4402816.0, 2552114.0, 1, 0.207324840926
2482346.0, 15789686.0, 1, 0.203870932351
3029654.0, 8025666.0, 1, 0.114687029139
4226520.0, 2913560.0, 1, 0.101006167922
2708848.0, 11374202.0, 1, 0.100707395545
2997880.0, 9031936.0, 1, 0.0930337453421
2851074.0, 10490116.0, 1, 0.0726296366196
2776722.0, 10795458.0, 1, 0.0722833225326
2669980.0, 12094682.0, 1, 0.0677465041907
2710608.0, 10796588.0, 1, 0.0655985331284
2931800.0, 9033356.0, 1, 0.0655824113642
2893498.0, 9769524.0, 1, 0.0619576410621
2583112.0, 15613428.0, 1, 0.0582231199191
2930040.0, 9610948.0, 1, 0.0528003230779
2834788.0, 10506968.0, 1, 0.0517278599784
4226520.0, 2913560.0, 1, 0.040141169381
2590462.0, 15611076.0, 1, 0.0324884593852
2893498.0, 9769524.0, 1, 0.0285130560915
3111134.0, 8006310.0, 1, 0.0177413710704
2997880.0, 9031936.0, 1, 0.0138406136668
2930040.0, 9610948.0, 1, 0.0109163725627
2931800.0, 9033356.0, 1, 0.000852544135193
2710608.0, 10796588.0, 1, 0.000833973350469
2710608.0, 10796588.0, 1, 0.0
2930040.0, 9610948.0, 1, 0.0
2997880.0, 9031936.0, 1, 0.0
2997880.0, 9031936.0, 1, 0.0
2710608.0, 10796588.0, 1, 0.0
2745052.0, 14314174.0, 2, inf
3001640.0, 16689316.0, 2, inf
5920080.0, 2494252.0, 2, inf
4673124.0, 5288864.0, 2, 0.525652818318
5058256.0, 2563908.0, 2, 0.453399106282
4199076.0, 7609778.0, 2, 0.286683681307
3929204.0, 3452586.0, 2, 0.223032224923
4319138.0, 3355332.0, 2, 0.211909859486
2926538.0, 16043138.0, 2, 0.199582185986
3807168.0, 9636318.0, 2, 0.192120198516
3361026.0, 9685656.0, 2, 0.185975234196
2804228.0, 13561052.0, 2, 0.156490363918
3342290.0, 9034188.0, 2, 0.125467700887
3080644.0, 12087338.0, 2, 0.123960927021
3176174.0, 8000694.0, 2, 0.109217885864
3082230.0, 11517916.0, 2, 0.0934246383525
3258054.0, 14001206.0, 2, 0.0819651841171
2845458.0, 10712794.0, 2, 0.0689661577068
3116636.0, 10197850.0, 2, 0.0659320196425
3923418.0, 7615022.0, 2, 0.0657354041364
2899212.0, 10798832.0, 2, 0.0592638653552
2813836.0, 11964086.0, 2, 0.0530997969789
3044046.0, 10201556.0, 2, 0.0501992986288
3231482.0, 9472866.0, 2, 0.0455985379533
3045846.0, 9321344.0, 2, 0.0424303866326
3250500.0, 7997292.0, 2, 0.0355385043043
2899212.0, 10798832.0, 2, 0.022991365359
10836614.0, 2850368.0, 3, inf
10655350.0, 16804914.0, 3, inf
6991572.0, 2706234.0, 3, inf
3288866.0, 8024772.0, 3, inf
8531596.0, 12592016.0, 3, 0.300968640302
5310166.0, 5436654.0, 3, 0.228409195944
10291296.0, 14712092.0, 3, 0.215005565483
7032454.0, 6958690.0, 3, 0.190633711858
9144110.0, 16121336.0, 3, 0.17467247898
7219260.0, 14991528.0, 3, 0.171741203134
9298130.0, 2804212.0, 3, 0.162213727579
4369148.0, 14197150.0, 3, 0.155620228536
8332926.0, 4330036.0, 3, 0.137616572205
6318538.0, 3475930.0, 3, 0.130003209509
6940114.0, 4694478.0, 3, 0.127600111926
7994176.0, 11399716.0, 3, 0.127176988137
3411060.0, 8948438.0, 3, 0.120867659025
3752866.0, 8393694.0, 3, 0.115059939116
4070262.0, 15774096.0, 3, 0.110875494045
7760168.0, 3732128.0, 3, 0.108515456559
7888516.0, 7699032.0, 3, 0.10661941621
5006630.0, 10506226.0, 3, 0.0967288623084
6015524.0, 2944112.0, 3, 0.0923705308004
6574890.0, 9586340.0, 3, 0.0914420143886
4313950.0, 11469126.0, 3, 0.0890657011575
5956244.0, 9727326.0, 3, 0.0716665766196
4689432.0, 9231048.0, 3, 0.0692499391745
5140824.0, 14495428.0, 3, 0.0673995631329
5652650.0, 9392440.0, 3, 0.0631855356387
5077126.0, 3758130.0, 3, 0.0585140783749
4286670.0, 8387458.0, 3, 0.0579903950354
5659572.0, 10310118.0, 3, 0.0571435727968
4891080.0, 9469214.0, 3, 0.0557785759955
4500278.0, 8025310.0, 3, 0.047580080297
3979182.0, 9683746.0, 3, 0.0427672699074
Generacion: 242
5553966.0, 2467816.0, 1, inf
2330402.0, 18094754.0, 1, inf
2330402.0, 18094754.0, 1, inf
3538164.0, 3415232.0, 1, 0.550919039522
3111134.0, 8006310.0, 1, 0.432412681191
4641292.0, 2478828.0, 1, 0.408379887014
2571668.0, 14970754.0, 1, 0.294657931699
5333146.0, 2472814.0, 1, 0.283830438299
4187246.0, 3299538.0, 1, 0.277474894326
2482346.0, 15789686.0, 1, 0.21880009382
3917234.0, 3304880.0, 1, 0.208758891945
2669980.0, 12094682.0, 1, 0.184591759977
2398982.0, 17552796.0, 1, 0.124922835984
3029654.0, 8025666.0, 1, 0.0946163466526
2776722.0, 10795458.0, 1, 0.0946118107268
2807700.0, 9788770.0, 1, 0.0943881533117
2997880.0, 9031936.0, 1, 0.0848923432907
2669980.0, 12094682.0, 1, 0.0674628081058
2710608.0, 10796588.0, 1, 0.0574723088927
2931800.0, 9033356.0, 1, 0.0574603537353
2359984.0, 17839446.0, 1, 0.0559555996884
2671740.0, 11517034.0, 1, 0.0484763694932
2708848.0, 11374202.0, 1, 0.048474193763
2930040.0, 9610948.0, 1, 0.04829720388
2398982.0, 17552796.0, 1, 0.0442041422466
2872928.0, 9786840.0, 1, 0.02784747354
3094848.0, 8023446.0, 1, 0.0265150014923
2893498.0, 9769524.0, 1, 0.0165287412826
2893498.0, 9769524.0, 1, 0.0124439868262
2930040.0, 9610948.0, 1, 0.0106935849153
2997880.0, 9031936.0, 1, 0.00994766077693
2671740.0, 11517034.0, 1, 0.00968609387648
2708848.0, 11374202.0, 1, 0.00968609387648
2931800.0, 9033356.0, 1, 0.000636848272509
2710608.0, 10796588.0, 1, 0.000618290574257
2708848.0, 11374202.0, 1, 0.0
2710608.0, 10796588.0, 1, 0.0
2710608.0, 10796588.0, 1, 0.0
2893498.0, 9769524.0, 1, 0.0
2930040.0, 9610948.0, 1, 0.0
2930040.0, 9610948.0, 1, 0.0
2931800.0, 9033356.0, 1, 0.0
2669980.0, 12094682.0, 1, 0.0
2367888.0, 18355602.0, 2, inf
5331758.0, 2481512.0, 2, inf
9229870.0, 2736326.0, 2, inf
4643034.0, 5293046.0, 2, 0.231877566935
4199076.0, 7609778.0, 2, 0.22054496804
3591362.0, 14320032.0, 2, 0.139995974133
3338654.0, 17554370.0, 2, 0.124627971425
3166456.0, 8020548.0, 2, 0.121208253518
2770078.0, 12685026.0, 2, 0.119527593063
4945522.0, 3634764.0, 2, 0.11543416835
5206416.0, 4346296.0, 2, 0.113020070409
2965492.0, 15612206.0, 2, 0.110681304988
2804228.0, 13561052.0, 2, 0.109375282884
2606628.0, 17614730.0, 2, 0.109085546229
2926538.0, 16043138.0, 2, 0.100877959248
4433060.0, 4535360.0, 2, 0.0869573826514
3579560.0, 12120776.0, 2, 0.0765430135334
4797254.0, 4699640.0, 2, 0.0738610478431
3653546.0, 3460414.0, 2, 0.0736391931573
3342290.0, 9034188.0, 2, 0.069625948009
4766218.0, 2799966.0, 2, 0.0680890134548
3923418.0, 7615022.0, 2, 0.0657181847178
3377770.0, 15901558.0, 2, 0.0617243523596
3116636.0, 10197850.0, 2, 0.0554782600489
3002376.0, 9607790.0, 2, 0.0540928213912
2851074.0, 10490116.0, 2, 0.0500388755025
3735810.0, 9697740.0, 2, 0.0496099508902
2899212.0, 10798832.0, 2, 0.0484002426558
3120396.0, 9035308.0, 2, 0.0427762719287
2815636.0, 11083852.0, 2, 0.0408902881706
2813836.0, 11964086.0, 2, 0.0396401034863
3082230.0, 11517916.0, 2, 0.0331208112551
3807168.0, 9636318.0, 2, 0.0307592167206
3751232.0, 11361784.0, 2, 0.0283167878192
3076874.0, 11368280.0, 2, 0.0214728129789
3923418.0, 7615022.0, 2, 0.0172715191208
2926538.0, 16043138.0, 2, 0.0129011678284
3082230.0, 11517916.0, 2, 0.0102069626185
3120396.0, 9035308.0, 2, 0.000618501868349
3923418.0, 7615022.0, 2, 0.0
5940778.0, 2825258.0, 3, inf
9630674.0, 20119630.0, 3, inf
12146846.0, 17570898.0, 3, inf
3440644.0, 8021498.0, 3, inf
7219260.0, 14991528.0, 3, 0.232754974856
8473164.0, 14258020.0, 3, 0.217401013054
8349028.0, 6039918.0, 3, 0.194504557703
4897720.0, 12310656.0, 3, 0.171076538547
10555014.0, 3539392.0, 3, 0.162274589569
4785708.0, 16651858.0, 3, 0.161925859271
9467470.0, 8730502.0, 3, 0.146013244565
4855290.0, 18720528.0, 3, 0.137713001035
6839206.0, 4767530.0, 3, 0.135007866998
4205496.0, 11562006.0, 3, 0.126004751306
6055876.0, 4371282.0, 3, 0.124513306123
4814360.0, 13435124.0, 3, 0.118282720989
4371744.0, 10452508.0, 3, 0.115915382825
Generacion: 243
2330402.0, 18094754.0, 1, inf
2330402.0, 18094754.0, 1, inf
5553966.0, 2467816.0, 1, inf
4788766.0, 2509810.0, 1, 0.472869349566
3259056.0, 4136098.0, 1, 0.423277520342
4051608.0, 2574304.0, 1, 0.301906253311
3176174.0, 8000694.0, 1, 0.293550569188
2571668.0, 14970754.0, 1, 0.254958681772
3610668.0, 3492468.0, 1, 0.221229939486
2669980.0, 12094682.0, 1, 0.184591759977
2491168.0, 16725824.0, 1, 0.178385113417
2521342.0, 15358350.0, 1, 0.137282909684
3839394.0, 3492268.0, 1, 0.126440495527
4011328.0, 3458878.0, 1, 0.124574513907
2398982.0, 17552796.0, 1, 0.111958298877
3029654.0, 8025666.0, 1, 0.0925644193438
2710608.0, 10796588.0, 1, 0.0754852907972
3004136.0, 9030198.0, 1, 0.0742500852186
2669980.0, 12094682.0, 1, 0.0674628081058
2834788.0, 10506968.0, 1, 0.0631865269365
2872928.0, 9786840.0, 1, 0.0627211182286
2708848.0, 11374202.0, 1, 0.0581602876395
2851074.0, 10490116.0, 1, 0.0579141011706
2931800.0, 9033356.0, 1, 0.0574603537353
2930040.0, 9610948.0, 1, 0.0546783397905
2671740.0, 11517034.0, 1, 0.0484763694932
2359984.0, 17839446.0, 1, 0.0284354755038
2359984.0, 17839446.0, 1, 0.0275201241846
2997880.0, 9031936.0, 1, 0.0226418461578
3094848.0, 8023446.0, 1, 0.0213207670447
3111134.0, 8006310.0, 1, 0.0212729938347
2710608.0, 10796588.0, 1, 0.0190793608108
2872928.0, 9786840.0, 1, 0.0180351447384
2930040.0, 9610948.0, 1, 0.0118016714772
2671740.0, 11517034.0, 1, 0.00968609387648
3111134.0, 8006310.0, 1, 0.00541155149339
3094848.0, 8023446.0, 1, 0.00519423444765
2931800.0, 9033356.0, 1, 0.000636848272509
2669980.0, 12094682.0, 1, 0.0
2671740.0, 11517034.0, 1, 0.0
2710608.0, 10796588.0, 1, 0.0
2930040.0, 9610948.0, 1, 0.0
2930040.0, 9610948.0, 1, 0.0
2931800.0, 9033356.0, 1, 0.0
2931800.0, 9033356.0, 1, 0.0
3111134.0, 8006310.0, 1, 0.0
2359984.0, 17839446.0, 1, 0.0
2359984.0, 17839446.0, 1, 0.0
2606628.0, 17614730.0, 2, inf
5614718.0, 2473182.0, 2, inf
3192308.0, 19941866.0, 2, inf
4600006.0, 3211766.0, 2, 0.493660436121
3440644.0, 8021498.0, 2, 0.299708896015
4386764.0, 4698822.0, 2, 0.281795249556
4449002.0, 4327194.0, 2, 0.156016463365
3854534.0, 9856554.0, 2, 0.154756937642
2787684.0, 18723566.0, 2, 0.143094955018
3722118.0, 8381894.0, 2, 0.12784607467
2804228.0, 13561052.0, 2, 0.124919344861
2620044.0, 15355660.0, 2, 0.122834387409
2810486.0, 11025466.0, 2, 0.117832110302
4083780.0, 9854032.0, 2, 0.11742766129
2740988.0, 15848836.0, 2, 0.115867685132
3460070.0, 10457176.0, 2, 0.113730467872
4237492.0, 8669054.0, 2, 0.109985257344
3192740.0, 9032462.0, 2, 0.0961289004114
3581470.0, 11403912.0, 2, 0.0957443722661
3002376.0, 9607790.0, 2, 0.0929812851239
4167356.0, 12406498.0, 2, 0.0853143618649
3114872.0, 9266138.0, 2, 0.0695288069954
2606628.0, 17614730.0, 2, 0.067935618844
2622040.0, 15617306.0, 2, 0.0673850903371
2742406.0, 13305900.0, 2, 0.0540806881241
3061516.0, 12785266.0, 2, 0.0492804021513
2737820.0, 11515610.0, 2, 0.0460688926673
3080644.0, 12087338.0, 2, 0.0384293784925
2771878.0, 11804758.0, 2, 0.0340720861784
3028924.0, 9621878.0, 2, 0.0337565123851
3082230.0, 11517916.0, 2, 0.0279310119845
3070250.0, 9029038.0, 2, 0.0271622511085
2774516.0, 11364856.0, 2, 0.0269187506262
2770078.0, 12685026.0, 2, 0.0251436108659
2770078.0, 12685026.0, 2, 0.00633665490107
2770078.0, 12685026.0, 2, 0.0
2770078.0, 12685026.0, 2, 0.0
2922862.0, 15780216.0, 3, inf
5876096.0, 2791576.0, 3, inf
13257478.0, 18285902.0, 3, inf
4785056.0, 8020554.0, 3, 0.397448529511
4945522.0, 3634764.0, 3, 0.292971742712
7548926.0, 10187590.0, 3, 0.244195444643
9087362.0, 13543628.0, 3, 0.237378661331
6931248.0, 13099546.0, 3, 0.205222559325
10719120.0, 14166014.0, 3, 0.203490054368
12134820.0, 16006356.0, 3, 0.195654419332
5893914.0, 11756212.0, 3, 0.179834621605
4246042.0, 14555832.0, 3, 0.177645727148
9290816.0, 10635504.0, 3, 0.164208052238
4606096.0, 9597364.0, 3, 0.159956460634
13181458.0, 3081530.0, 3, 0.155358524333
Generacion: 244
2330402.0, 18094754.0, 1, inf
2330402.0, 18094754.0, 1, inf
5728974.0, 2490878.0, 1, inf
3407714.0, 3215066.0, 1, 0.598665187644
4471058.0, 2571180.0, 1, 0.429610312574
3315760.0, 7977806.0, 1, 0.33940221265
4305122.0, 3178770.0, 1, 0.299810857603
2571668.0, 14970754.0, 1, 0.252892947284
2669980.0, 12094682.0, 1, 0.184835658423
2428796.0, 17027890.0, 1, 0.176638029781
2521342.0, 15358350.0, 1, 0.173873769177
2769594.0, 10509192.0, 1, 0.0931561397421
3029654.0, 8025666.0, 1, 0.0912105643457
4414590.0, 3159728.0, 1, 0.0877636146993
2807700.0, 9788770.0, 1, 0.0766982364193
3004136.0, 9030198.0, 1, 0.0738376850668
2710608.0, 10796588.0, 1, 0.0733095630224
2669980.0, 12094682.0, 1, 0.0659469636658
2671740.0, 11517034.0, 1, 0.0576097111989
2708848.0, 11374202.0, 1, 0.0576075322531
2931800.0, 9033356.0, 1, 0.0564593915409
2930040.0, 9610948.0, 1, 0.0538206362049
2872928.0, 9786840.0, 1, 0.0473934865619
2398982.0, 17552796.0, 1, 0.0451142818244
3292406.0, 7981642.0, 1, 0.042538771144
3176174.0, 8000694.0, 1, 0.0345601570325
2359984.0, 17839446.0, 1, 0.0278366515741
2398982.0, 17552796.0, 1, 0.0271429436361
2359984.0, 17839446.0, 1, 0.0270746796711
3111134.0, 8006310.0, 1, 0.0253875613957
3176174.0, 8000694.0, 1, 0.0203584281785
3094848.0, 8023446.0, 1, 0.0202809513235
2997880.0, 9031936.0, 1, 0.0195548429531
2930040.0, 9610948.0, 1, 0.0117901920272
3094848.0, 8023446.0, 1, 0.00493428498841
2997880.0, 9031936.0, 1, 0.00193177615499
2931800.0, 9033356.0, 1, 0.000608867592212
2931800.0, 9033356.0, 1, 0.0
2359984.0, 17839446.0, 1, 0.0
2669980.0, 12094682.0, 1, 0.0
2930040.0, 9610948.0, 1, 0.0
2930040.0, 9610948.0, 1, 0.0
2931800.0, 9033356.0, 1, 0.0
2931800.0, 9033356.0, 1, 0.0
2931800.0, 9033356.0, 1, 0.0
2367888.0, 18355602.0, 2, inf
8892136.0, 2841864.0, 2, inf
5681284.0, 3205756.0, 2, 0.713835390171
3440644.0, 8021498.0, 2, 0.395549630277
3610668.0, 3492468.0, 2, 0.353067780471
2620044.0, 15355660.0, 2, 0.339001986563
4508422.0, 10148420.0, 2, 0.260199670967
3080644.0, 12087338.0, 2, 0.238665261972
2460334.0, 17034570.0, 2, 0.166474657315
4143360.0, 10085456.0, 2, 0.10925638848
3361026.0, 9685656.0, 2, 0.0937795921961
3839394.0, 3492268.0, 2, 0.0766567616808
3121228.0, 10797460.0, 2, 0.073714282792
2503966.0, 18200964.0, 2, 0.0701789870872
3990220.0, 9390110.0, 2, 0.0700888535429
3120396.0, 9035308.0, 2, 0.0654647451983
3018438.0, 10465160.0, 2, 0.0607950680979
2834788.0, 10506968.0, 2, 0.0583395455261
2606628.0, 17614730.0, 2, 0.0531319853712
3119642.0, 11366858.0, 2, 0.0471379167211
2606628.0, 17614730.0, 2, 0.0398443849238
2737820.0, 11515610.0, 2, 0.0330093079043
2771878.0, 11804758.0, 2, 0.0237097662636
3082230.0, 11517916.0, 2, 0.023358427718
3114872.0, 9266138.0, 2, 0.019679280049
2776722.0, 10795458.0, 2, 0.019338237255
2771878.0, 11804758.0, 2, 0.0189572845794
3120396.0, 9035308.0, 2, 0.015006594684
2776722.0, 10795458.0, 2, 0.00902907646443
3111440.0, 9321104.0, 2, 0.00802019759937
3111440.0, 9321104.0, 2, 0.00497409522295
13257478.0, 18285902.0, 3, inf
6192582.0, 3252178.0, 3, inf
2810486.0, 11025466.0, 3, inf
5270960.0, 18439836.0, 3, inf
9338756.0, 17930550.0, 3, 0.44857411769
4785056.0, 8020554.0, 3, 0.315966484055
4385004.0, 5469430.0, 3, 0.250305862236
6249812.0, 9970806.0, 3, 0.177956438846
8556086.0, 3892656.0, 3, 0.150076450752
7365762.0, 13432144.0, 3, 0.148479671297
2889394.0, 15352376.0, 3, 0.114063352058
5762864.0, 10143902.0, 3, 0.112078212416
3264040.0, 16599244.0, 3, 0.111828213494
6098764.0, 4470266.0, 3, 0.107139146514
6591124.0, 3702272.0, 3, 0.100010756387
8881834.0, 11390412.0, 3, 0.0958668591004
3349590.0, 16038960.0, 3, 0.0947878018858
4309480.0, 12121152.0, 3, 0.0930257060656
7257054.0, 17834348.0, 3, 0.0820640979613
4482320.0, 14870376.0, 3, 0.0800348527316
6073832.0, 12765320.0, 3, 0.074933585259
3277872.0, 17172606.0, 3, 0.074781979185
4650426.0, 14340352.0, 3, 0.0743895321358
3865744.0, 13667696.0, 3, 0.0718563125625
Generacion: 245
2330402.0, 18094754.0, 1, inf
2330402.0, 18094754.0, 1, inf
5805840.0, 2545652.0, 1, inf
4806930.0, 2594334.0, 1, 0.439801954662
3407714.0, 3215066.0, 1, 0.358823502092
3148862.0, 4390194.0, 1, 0.309391710215
4359356.0, 3200706.0, 1, 0.291502462915
2671740.0, 11517034.0, 1, 0.257721449813
2521342.0, 15358350.0, 1, 0.255726305604
3111134.0, 8006310.0, 1, 0.249204778366
4414590.0, 3159728.0, 1, 0.151019640252
3293724.0, 4012454.0, 1, 0.150055693316
2807700.0, 9788770.0, 1, 0.139389289966
2491168.0, 16725824.0, 1, 0.134000703147
2521342.0, 15358350.0, 1, 0.131220074484
3029654.0, 8025666.0, 1, 0.0833623583671
2428796.0, 17027890.0, 1, 0.0797095524932
3004136.0, 9030198.0, 1, 0.0738580791616
2930040.0, 9610948.0, 1, 0.0723476437448
2398982.0, 17552796.0, 1, 0.0719926293677
2710608.0, 10796588.0, 1, 0.065321600961
2710608.0, 10796588.0, 1, 0.065084362772
2708848.0, 11374202.0, 1, 0.0575172345561
2931800.0, 9033356.0, 1, 0.0561597560599
2671740.0, 11517034.0, 1, 0.0524604136364
2359984.0, 17839446.0, 1, 0.0276405008203
2359984.0, 17839446.0, 1, 0.0269468811259
2997880.0, 9031936.0, 1, 0.021016590255
3094848.0, 8023446.0, 1, 0.0198605561408
4409840.0, 3165974.0, 1, 0.0185280664456
2930040.0, 9610948.0, 1, 0.0119425698118
3029654.0, 8025666.0, 1, 0.00748515741358
3094848.0, 8023446.0, 1, 0.00482880158159
2931800.0, 9033356.0, 1, 0.000597734592338
2930040.0, 9610948.0, 1, 0.0
2930040.0, 9610948.0, 1, 0.0
2930040.0, 9610948.0, 1, 0.0
2931800.0, 9033356.0, 1, 0.0
2931800.0, 9033356.0, 1, 0.0
3029654.0, 8025666.0, 1, 0.0
3029654.0, 8025666.0, 1, 0.0
3029654.0, 8025666.0, 1, 0.0
2930040.0, 9610948.0, 1, 0.0
2930040.0, 9610948.0, 1, 0.0
2430540.0, 18379838.0, 2, inf
10998144.0, 2980978.0, 2, inf
7348516.0, 3391838.0, 2, 0.4837778777
2692510.0, 15352242.0, 2, 0.320712840317
4454006.0, 5119768.0, 2, 0.273757756733
3080644.0, 12087338.0, 2, 0.256446362588
3315760.0, 7977806.0, 2, 0.188326471991
3797312.0, 5042764.0, 2, 0.138535816024
5412986.0, 4581122.0, 2, 0.138106980414
5976524.0, 9759168.0, 2, 0.133082273568
6765404.0, 3793622.0, 2, 0.127189926203
3166456.0, 8020548.0, 2, 0.123300746169
6437284.0, 9813900.0, 2, 0.1205650378
2503966.0, 18200964.0, 2, 0.109997965668
4606096.0, 9597364.0, 2, 0.107619429027
4953150.0, 10343770.0, 2, 0.103170055614
3134968.0, 16605636.0, 2, 0.0961027290689
2460334.0, 17034570.0, 2, 0.0878144709051
5385034.0, 3737584.0, 2, 0.059691277819
7057670.0, 3407790.0, 2, 0.0580513517146
7090796.0, 3700924.0, 2, 0.0553639607685
2845458.0, 10712794.0, 2, 0.050649118845
2815636.0, 11083852.0, 2, 0.0491758892307
3413170.0, 9600134.0, 2, 0.0485465816704
4509764.0, 4857206.0, 2, 0.0477104175735
4649114.0, 10483668.0, 2, 0.0417640346396
3082230.0, 11517916.0, 2, 0.041328884364
3116636.0, 10197850.0, 2, 0.0387763718147
3013976.0, 16970994.0, 2, 0.0305546366293
2498570.0, 16747974.0, 2, 0.0288189741676
2916114.0, 10484506.0, 2, 0.0262473235155
3119642.0, 11366858.0, 2, 0.0249463114096
4605922.0, 9605592.0, 2, 0.0215713979258
3292406.0, 7981642.0, 2, 0.0202022357545
3385962.0, 10463856.0, 2, 0.0192526241865
2788046.0, 11435048.0, 2, 0.0187425218486
2737820.0, 11515610.0, 2, 0.0105202123891
3018438.0, 10465160.0, 2, 0.00846251350339
3315760.0, 7977806.0, 2, 0.00844299879646
2916114.0, 10484506.0, 2, 0.00830129937063
2737820.0, 11515610.0, 2, 0.00601206711052
3018438.0, 10465160.0, 2, 0.000605480640514
3881562.0, 17892280.0, 3, inf
12742532.0, 4852482.0, 3, inf
2606628.0, 17614730.0, 3, inf
7828340.0, 3753160.0, 3, inf
10125482.0, 7760326.0, 3, 0.24067170786
11034672.0, 13241142.0, 3, 0.232795365849
10384690.0, 9683506.0, 3, 0.221329498393
6589312.0, 12178584.0, 3, 0.214803048202
4145970.0, 14554742.0, 3, 0.209545729337
11858460.0, 8476744.0, 3, 0.160371858941
2831728.0, 12486888.0, 3, 0.156684340226
9283030.0, 15743258.0, 3, 0.154722368548
6454346.0, 5771368.0, 3, 0.150463016914
10506550.0, 14789130.0, 3, 0.142914818485
Generacion: 246
2330402.0, 18094754.0, 1, inf
10081014.0, 2707974.0, 1, inf
2330402.0, 18094754.0, 1, inf
8220784.0, 2735350.0, 1, 0.41663137447
6880734.0, 2765284.0, 1, 0.393561285109
5219180.0, 2832104.0, 1, 0.343822255643
3109740.0, 3943170.0, 1, 0.277714370844
3101228.0, 8022508.0, 1, 0.265942828466
2669980.0, 12094682.0, 1, 0.256145513689
2620044.0, 15355660.0, 1, 0.238793032264
2769594.0, 10509192.0, 1, 0.143134036022
3843816.0, 3207366.0, 1, 0.139523423654
4414590.0, 3159728.0, 1, 0.134892031296
3293530.0, 3231608.0, 1, 0.131036069003
2491168.0, 16725824.0, 1, 0.109320273741
2590462.0, 15611076.0, 1, 0.105675979155
2449122.0, 17012570.0, 1, 0.0860579815942
2369348.0, 17808138.0, 1, 0.0856495643676
4359356.0, 3200706.0, 1, 0.0767384770751
3029654.0, 8025666.0, 1, 0.0736968591429
3197672.0, 3940842.0, 1, 0.0699579894755
3004136.0, 9030198.0, 1, 0.0694978956881
2708848.0, 11374202.0, 1, 0.0610054911183
2930040.0, 9610948.0, 1, 0.0586047251075
2930040.0, 9610948.0, 1, 0.0582392733358
2671740.0, 11517034.0, 1, 0.0518394415738
2931800.0, 9033356.0, 1, 0.0463833425844
2708848.0, 11374202.0, 1, 0.0171203485465
3094848.0, 8023446.0, 1, 0.00943986672375
2997880.0, 9031936.0, 1, 0.0086387324588
3029654.0, 8025666.0, 1, 0.00343666486891
3101228.0, 8022508.0, 1, 0.00115919727817
2997880.0, 9031936.0, 1, 0.000899449081903
2997880.0, 9031936.0, 1, 0.0
2997880.0, 9031936.0, 1, 0.0
3101228.0, 8022508.0, 1, 0.0
2330402.0, 18094754.0, 1, 0.0
2330402.0, 18094754.0, 1, 0.0
8025866.0, 4072012.0, 2, inf
5509358.0, 3991882.0, 2, inf
2367888.0, 18355602.0, 2, inf
5577392.0, 4157176.0, 2, 0.461661944787
2784696.0, 14525286.0, 2, 0.259347944986
4146400.0, 5054822.0, 2, 0.23723311385
3178926.0, 8000998.0, 2, 0.222539475669
2768864.0, 12105422.0, 2, 0.178175050574
2692510.0, 15352242.0, 2, 0.174712171477
3973420.0, 9598160.0, 2, 0.165610387289
2498570.0, 16747974.0, 2, 0.142156035072
4783476.0, 8023358.0, 2, 0.138535055864
2737820.0, 11515610.0, 2, 0.137003970127
4498676.0, 9234398.0, 2, 0.128542892919
2622630.0, 17017764.0, 2, 0.127901198869
3342290.0, 9034188.0, 2, 0.125485506309
2474376.0, 18092762.0, 2, 0.116237021738
5115502.0, 4565490.0, 2, 0.106935301396
3044046.0, 10201556.0, 2, 0.096115575954
5409008.0, 4840384.0, 2, 0.0842119386075
3070250.0, 9029038.0, 2, 0.0822310701937
2957302.0, 9764258.0, 2, 0.0795529956205
4147550.0, 5035506.0, 2, 0.0771909595403
4879644.0, 4146404.0, 2, 0.0646119062404
2735614.0, 12085032.0, 2, 0.0490707828801
5471494.0, 4389012.0, 2, 0.0454596985639
3213146.0, 4019520.0, 2, 0.034171538552
3116636.0, 10197850.0, 2, 0.0304983811961
5412986.0, 4581122.0, 2, 0.0301819531211
3002376.0, 9607790.0, 2, 0.026519599313
3114872.0, 9266138.0, 2, 0.0262974872703
3340704.0, 9603552.0, 2, 0.0234955543962
3116636.0, 10197850.0, 2, 0.0112672444898
3111134.0, 8006310.0, 2, 0.00944326280534
3044046.0, 10201556.0, 2, 0.00762283300567
3342290.0, 9034188.0, 2, 0.000638854370001
7561534.0, 18801240.0, 3, inf
6830516.0, 4236214.0, 3, inf
14568110.0, 18209996.0, 3, inf
3234930.0, 12122030.0, 3, inf
11837150.0, 4807094.0, 3, 0.320030903082
13957690.0, 4848278.0, 3, 0.244804984324
6409760.0, 13619464.0, 3, 0.232795114642
10460254.0, 11861504.0, 3, 0.188620178019
9591306.0, 16939186.0, 3, 0.169299552449
10284396.0, 15467598.0, 3, 0.160904880726
3334210.0, 15355272.0, 3, 0.156169934277
9869148.0, 12430586.0, 3, 0.153089751859
7694298.0, 7005066.0, 3, 0.13341321414
5241376.0, 7609462.0, 3, 0.127127569103
7671854.0, 6032272.0, 3, 0.118602536971
7359690.0, 9071768.0, 3, 0.100296013954
3721842.0, 10903408.0, 3, 0.0965949450645
7296026.0, 17546736.0, 3, 0.0957744330241
7956624.0, 7998448.0, 3, 0.0916464932097
9177468.0, 4510398.0, 3, 0.0893310580196
4384418.0, 11370320.0, 3, 0.0888793908262
6203208.0, 8477772.0, 3, 0.0876641661902
8728658.0, 4862946.0, 3, 0.0867024722971
5774094.0, 5346944.0, 3, 0.0835294100957
8259706.0, 12202622.0, 3, 0.0789978966964
7263090.0, 8217652.0, 3, 0.0723158317305
Generacion: 247
4146592.0, 2557762.0, 1, inf
2330402.0, 18094754.0, 1, inf
2330402.0, 18094754.0, 1, inf
3029654.0, 8025666.0, 1, 0.385559853863
3293530.0, 3231608.0, 1, 0.384931176849
3109740.0, 3943170.0, 1, 0.355420823419
3843816.0, 3207366.0, 1, 0.34479937688
2671740.0, 11517034.0, 1, 0.305152446141
2620044.0, 15355660.0, 1, 0.263351596432
2807700.0, 9788770.0, 1, 0.198517953298
3843816.0, 3207366.0, 1, 0.168269706456
2590462.0, 15611076.0, 1, 0.159146747699
2774516.0, 11364856.0, 1, 0.156470629181
2398982.0, 17552796.0, 1, 0.122421003932
3004136.0, 9030198.0, 1, 0.118736194623
2930040.0, 9610948.0, 1, 0.10453607195
2466980.0, 16741298.0, 1, 0.103983909392
3225810.0, 3901172.0, 1, 0.0984278095948
2491168.0, 16725824.0, 1, 0.0850659832919
2931800.0, 9033356.0, 1, 0.0770037102479
3197672.0, 3940842.0, 1, 0.0666116090022
2491168.0, 16725824.0, 1, 0.0556675384058
2708848.0, 11374202.0, 1, 0.0453500378441
2620044.0, 15355660.0, 1, 0.0449032003858
2369348.0, 17808138.0, 1, 0.039921940166
2359984.0, 17839446.0, 1, 0.0398911204746
2708848.0, 11374202.0, 1, 0.0210333151553
2930040.0, 9610948.0, 1, 0.0124141341152
2931800.0, 9033356.0, 1, 0.00117231845362
2931800.0, 9033356.0, 1, 0.0
2931800.0, 9033356.0, 1, 0.0
2330402.0, 18094754.0, 1, 0.0
2620044.0, 15355660.0, 1, 0.0
2930040.0, 9610948.0, 1, 0.0
2931800.0, 9033356.0, 1, 0.0
2784696.0, 14525286.0, 2, inf
5219180.0, 2832104.0, 2, inf
3625612.0, 18644404.0, 2, inf
4666590.0, 4586892.0, 2, 0.369115363542
4474960.0, 5347422.0, 2, 0.265577563946
3277872.0, 17172606.0, 2, 0.255693016837
3082230.0, 11517916.0, 2, 0.232258310803
3781814.0, 9855588.0, 2, 0.187729013369
4359356.0, 3200706.0, 2, 0.178524250069
3178926.0, 8000998.0, 2, 0.177600798338
4142854.0, 9684144.0, 2, 0.172974215239
4020506.0, 10087682.0, 2, 0.170182149902
3155108.0, 15545442.0, 2, 0.15512996118
3581470.0, 11403912.0, 2, 0.152506363927
4554568.0, 3497910.0, 2, 0.123641457816
3342290.0, 9034188.0, 2, 0.116406985049
2896732.0, 10946654.0, 2, 0.112126858886
2916114.0, 10484506.0, 2, 0.107632803711
3178926.0, 8000998.0, 2, 0.10565873003
2784696.0, 14525286.0, 2, 0.098031332696
4562544.0, 5069534.0, 2, 0.0941120463254
3324286.0, 15347698.0, 2, 0.0909772485522
3070250.0, 9029038.0, 2, 0.0802861669986
3044046.0, 10201556.0, 2, 0.0783852276203
3045846.0, 9321344.0, 2, 0.0518681338881
3342290.0, 9034188.0, 2, 0.00772110281292
3342290.0, 9034188.0, 2, 0.0
3585416.0, 15639374.0, 3, inf
9893466.0, 2882444.0, 3, inf
3187026.0, 8003152.0, 3, inf
7429370.0, 13061346.0, 3, 0.248116295242
8193748.0, 3683354.0, 3, 0.227353356608
5050154.0, 8825694.0, 3, 0.191875708317
8925642.0, 3214734.0, 3, 0.188789971303
5182570.0, 7210340.0, 3, 0.168036171276
4720148.0, 9793966.0, 3, 0.163702336124
3824022.0, 11801844.0, 3, 0.145660763547
8810482.0, 3582456.0, 3, 0.144609573031
5362644.0, 5954608.0, 3, 0.134869993192
6057242.0, 10229876.0, 3, 0.128037747527
3447816.0, 14805066.0, 3, 0.126608665547
4578956.0, 5209054.0, 3, 0.123267597134
5432618.0, 6453942.0, 3, 0.121009404626
6874474.0, 12222044.0, 3, 0.119526937777
4273920.0, 11469360.0, 3, 0.114130484948
4234822.0, 14547176.0, 3, 0.0988838691295
5514036.0, 4492312.0, 3, 0.0968463261878
7264408.0, 10654676.0, 3, 0.0968417659273
6233372.0, 8225836.0, 3, 0.0957523046663
6835426.0, 13669050.0, 3, 0.0956777460416
4166588.0, 10900074.0, 3, 0.0825558612179
5827178.0, 4071070.0, 3, 0.0789447797481
4690486.0, 5174480.0, 3, 0.0772377175129
6720524.0, 3989284.0, 3, 0.0751709407476
6444546.0, 3855648.0, 3, 0.0703196217841
5616066.0, 3230782.0, 3, 0.0660709659927
6974894.0, 4214406.0, 3, 0.0647058942742
7132236.0, 14782050.0, 3, 0.0633852293126
6409760.0, 13619464.0, 3, 0.0603870011098
4195876.0, 11000498.0, 3, 0.0548000265445
6359040.0, 8178266.0, 3, 0.0437572104812
5577392.0, 4157176.0, 3, 0.0264496670139
10984864.0, 17639366.0, 4, inf
5946678.0, 7624144.0, 4, inf
12291144.0, 15441644.0, 4, inf
Generacion: 248
4634754.0, 2563272.0, 1, inf
2328942.0, 18642252.0, 1, inf
4401514.0, 2811566.0, 1, 0.345800364587
3094848.0, 8023446.0, 1, 0.288634906088
2671740.0, 11517034.0, 1, 0.286131930435
3109740.0, 3943170.0, 1, 0.270907372398
2620044.0, 15355660.0, 1, 0.251564986065
3843816.0, 3207366.0, 1, 0.242345092016
3407714.0, 3215066.0, 1, 0.240159402789
3843816.0, 3207366.0, 1, 0.213747627115
3293530.0, 3231608.0, 1, 0.133982002108
3149268.0, 3567154.0, 1, 0.123961454151
4548850.0, 2563620.0, 1, 0.116595234895
2491168.0, 16725824.0, 1, 0.109309364388
3004136.0, 9030198.0, 1, 0.105109242438
2807700.0, 9788770.0, 1, 0.0998886762717
2491168.0, 16725824.0, 1, 0.0944943567492
3029654.0, 8025666.0, 1, 0.0907486292816
2590462.0, 15611076.0, 1, 0.0821588421429
2710608.0, 10796588.0, 1, 0.0780310565877
2931800.0, 9033356.0, 1, 0.0672933403654
2398982.0, 17552796.0, 1, 0.0642837411396
2893498.0, 9769524.0, 1, 0.0641165146431
2710608.0, 10796588.0, 1, 0.0634425132714
2708848.0, 11374202.0, 1, 0.0616632326418
2590462.0, 15611076.0, 1, 0.0589475745528
2398982.0, 17552796.0, 1, 0.0558603271983
2930040.0, 9610948.0, 1, 0.0517699585806
2330402.0, 18094754.0, 1, 0.0509409052743
2807700.0, 9788770.0, 1, 0.0433044756727
2620044.0, 15355660.0, 1, 0.0383049549463
2369348.0, 17808138.0, 1, 0.0327708472233
2369348.0, 17808138.0, 1, 0.0306773805371
3109740.0, 3943170.0, 1, 0.0298440253697
2330402.0, 18094754.0, 1, 0.0184586914159
3029654.0, 8025666.0, 1, 0.0112048857023
2930040.0, 9610948.0, 1, 0.0106256057312
2931800.0, 9033356.0, 1, 0.000959694087597
2931800.0, 9033356.0, 1, 0.0
2398982.0, 17552796.0, 1, 0.0
2930040.0, 9610948.0, 1, 0.0
2412022.0, 18268538.0, 2, inf
8607784.0, 3292522.0, 2, inf
6264942.0, 3248044.0, 2, inf
7972136.0, 3569338.0, 2, 0.324074350688
4474960.0, 5347422.0, 2, 0.233565734609
2704508.0, 15896424.0, 2, 0.232586270246
2813836.0, 11964086.0, 2, 0.212480663822
3176174.0, 8000694.0, 2, 0.187068308937
2446948.0, 17988648.0, 2, 0.184056895863
2784696.0, 14525286.0, 2, 0.17934842899
4052068.0, 5018760.0, 2, 0.168122328884
3520544.0, 8004946.0, 2, 0.153967966305
5117262.0, 3738636.0, 2, 0.150947727029
5548208.0, 3900346.0, 2, 0.140051440537
2688856.0, 14544364.0, 2, 0.131805332449
8216200.0, 3637128.0, 2, 0.112591539624
4619982.0, 3719506.0, 2, 0.110141860515
3044046.0, 10201556.0, 2, 0.0953248053609
5480624.0, 3461880.0, 2, 0.0833573058577
3340704.0, 9603552.0, 2, 0.0821875726961
3070250.0, 9029038.0, 2, 0.0796059149358
4244338.0, 4409568.0, 2, 0.0758402848201
4476720.0, 4576848.0, 2, 0.0639640325285
2896732.0, 10946654.0, 2, 0.0611136587914
3121228.0, 10797460.0, 2, 0.0596200131508
3197672.0, 3940842.0, 2, 0.0591836118753
3426594.0, 11489854.0, 2, 0.0580755663263
2879070.0, 11562514.0, 2, 0.0449517985385
4259612.0, 3499840.0, 2, 0.0443766324504
3184064.0, 9317658.0, 2, 0.0413756016795
3342290.0, 9034188.0, 2, 0.0310518120517
3114126.0, 17989916.0, 2, 0.0268617567119
2972112.0, 14530220.0, 2, 0.0245985186926
3520544.0, 8004946.0, 2, 0.0154466707586
3414756.0, 9030770.0, 2, 0.013949585095
2760508.0, 14541050.0, 2, 0.0131296553056
2709182.0, 14528704.0, 2, 0.00936692080891
8555706.0, 19494190.0, 3, inf
7206994.0, 3961808.0, 3, inf
12618926.0, 4812098.0, 3, inf
3252946.0, 15350388.0, 3, inf
9826942.0, 13953438.0, 3, 0.294218717502
10958124.0, 7362278.0, 3, 0.251255319022
12274512.0, 9146338.0, 3, 0.204375336721
9558216.0, 11868708.0, 3, 0.171911987126
5929828.0, 6793682.0, 3, 0.151555423494
10906470.0, 9748184.0, 3, 0.146541785893
7977938.0, 5481252.0, 3, 0.14377268782
3625612.0, 18644404.0, 3, 0.143275071974
3460986.0, 17178884.0, 3, 0.141551364348
4992988.0, 17972190.0, 3, 0.13091168112
8976834.0, 5205780.0, 3, 0.111490847488
8516592.0, 4582566.0, 3, 0.10236182718
3885136.0, 15350132.0, 3, 0.10061350556
4905972.0, 8427538.0, 3, 0.100318309827
7329238.0, 12471070.0, 3, 0.0989807239461
4385192.0, 16068414.0, 3, 0.0989617970883
7522416.0, 10066286.0, 3, 0.0942634965079
8061360.0, 14949162.0, 3, 0.0891974114418
Generacion: 249
2328942.0, 18642252.0, 1, inf
6349256.0, 2471570.0, 1, inf
2328942.0, 18642252.0, 1, inf
5271006.0, 2475908.0, 1, 0.505500551534
3109740.0, 3943170.0, 1, 0.362101705751
4401514.0, 2811566.0, 1, 0.27158262835
3029654.0, 8025666.0, 1, 0.260366184068
2669980.0, 12094682.0, 1, 0.250240521819
3843816.0, 3207366.0, 1, 0.237596403372
2620044.0, 15355660.0, 1, 0.209018024613
2807700.0, 9788770.0, 1, 0.183303001837
4359356.0, 3200706.0, 1, 0.163196405424
2774516.0, 11364856.0, 1, 0.122631736747
2482346.0, 15789686.0, 1, 0.12182528241
3293530.0, 3231608.0, 1, 0.119143273948
3407714.0, 3215066.0, 1, 0.109497574105
2931800.0, 9033356.0, 1, 0.0941076125122
2449122.0, 17012570.0, 1, 0.0880951892385
2997880.0, 9031936.0, 1, 0.086655752614
3029654.0, 8025666.0, 1, 0.0821483840842
2330402.0, 18094754.0, 1, 0.0573670599577
2671740.0, 11517034.0, 1, 0.0449520566381
2398982.0, 17552796.0, 1, 0.0431079810626
2590462.0, 15611076.0, 1, 0.0426874316222
2449122.0, 17012570.0, 1, 0.0416717748359
2398982.0, 17552796.0, 1, 0.0301981877391
3407714.0, 3215066.0, 1, 0.0288779320463
2620044.0, 15355660.0, 1, 0.0282159251678
2359984.0, 17839446.0, 1, 0.0254885634029
2708848.0, 11374202.0, 1, 0.0251668228053
2359984.0, 17839446.0, 1, 0.0250846568059
2590462.0, 15611076.0, 1, 0.018403429632
2708848.0, 11374202.0, 1, 0.00980808435546
2671740.0, 11517034.0, 1, 0.00927055201653
2359984.0, 17839446.0, 1, 0.0
2449122.0, 17012570.0, 1, 0.0
2590462.0, 15611076.0, 1, 0.0
2671740.0, 11517034.0, 1, 0.0
5243068.0, 3095744.0, 2, inf
3130184.0, 18721000.0, 2, inf
2474376.0, 18092762.0, 2, inf
4117330.0, 5042066.0, 2, 0.337957309255
3737262.0, 4017692.0, 2, 0.337029130203
2972112.0, 14530220.0, 2, 0.330130358952
3176174.0, 8000694.0, 2, 0.258988374528
4679604.0, 3234514.0, 2, 0.258055371073
2813836.0, 11964086.0, 2, 0.22139622951
3456310.0, 9319576.0, 2, 0.212213507455
2662876.0, 15607762.0, 2, 0.1682281363
4554568.0, 3497910.0, 2, 0.168173020546
3082230.0, 11517916.0, 2, 0.158202769738
3087616.0, 9740630.0, 2, 0.158011546854
2618626.0, 17896408.0, 2, 0.149500331246
4259612.0, 3499840.0, 2, 0.145616750426
3224656.0, 11560736.0, 2, 0.126884598404
2491168.0, 16725824.0, 2, 0.120951605028
4147550.0, 5035506.0, 2, 0.111129839082
3150098.0, 8953482.0, 2, 0.0950829160136
3160082.0, 16057150.0, 2, 0.080972961336
2813836.0, 11964086.0, 2, 0.0803379183328
4243502.0, 3242340.0, 2, 0.0573317757264
2491168.0, 16725824.0, 2, 0.048859392605
3184064.0, 9317658.0, 2, 0.0409404278404
3252946.0, 15350388.0, 3, inf
3625076.0, 17835318.0, 3, inf
12170410.0, 3528268.0, 3, inf
12031382.0, 3127374.0, 3, inf
8915052.0, 3536230.0, 3, 0.433718556311
4182208.0, 14780148.0, 3, 0.315007356306
3826448.0, 11081288.0, 3, 0.300255337284
7656616.0, 3664154.0, 3, 0.168850734352
5737284.0, 7619528.0, 3, 0.168441434974
6781662.0, 3471858.0, 3, 0.163073500708
5822318.0, 9143370.0, 3, 0.152906028237
8216200.0, 3637128.0, 3, 0.144473408215
4714918.0, 6831286.0, 3, 0.127122902792
4895788.0, 4579092.0, 3, 0.12290187374
5445838.0, 16065456.0, 3, 0.112348008009
4660724.0, 16889506.0, 3, 0.109104094715
5937150.0, 5579804.0, 3, 0.098324197601
6369808.0, 9938898.0, 3, 0.0982429717679
3663632.0, 17548702.0, 3, 0.0868879572127
5448492.0, 10232592.0, 3, 0.0829468127222
4224288.0, 10863986.0, 3, 0.079568659064
5222974.0, 9609132.0, 3, 0.0766687938167
3552418.0, 15329782.0, 3, 0.0686607726093
5624630.0, 6054536.0, 3, 0.0647980143086
3316680.0, 15609054.0, 3, 0.0604583942402
6066696.0, 9538814.0, 3, 0.0594115871731
6184558.0, 4040888.0, 3, 0.0570118442002
4694608.0, 6081626.0, 3, 0.056663588238
3991094.0, 10904106.0, 3, 0.0546692150843
4484618.0, 3754532.0, 3, 0.0510869656687
3358534.0, 9759234.0, 3, 0.0488564874239
4606932.0, 5010564.0, 3, 0.0465631228694
6192582.0, 3252178.0, 3, 0.0441954718009
4680568.0, 5011452.0, 3, 0.0425026291558
5722070.0, 3948194.0, 3, 0.0321024423461
3625076.0, 17835318.0, 3, 0.0276349882206
4507640.0, 3614838.0, 3, 0.0205763336994
Generacion: 250
2330402.0, 18094754.0, 1, inf
4868016.0, 2489370.0, 1, inf
2330402.0, 18094754.0, 1, inf
3293530.0, 3231608.0, 1, 0.517326201513
3217284.0, 8027618.0, 1, 0.514325902278
4359356.0, 3200706.0, 1, 0.40119867442
2620044.0, 15355660.0, 1, 0.294377345998
2671740.0, 11517034.0, 1, 0.260604059695
4796062.0, 2802466.0, 1, 0.246030867155
3748920.0, 3223908.0, 1, 0.218405173752
3843816.0, 3207366.0, 1, 0.204219364521
2931800.0, 9033356.0, 1, 0.14951330982
2807700.0, 9788770.0, 1, 0.136322103964
2776722.0, 10795458.0, 1, 0.114073148107
2491168.0, 16725824.0, 1, 0.0994744899432
2930040.0, 9610948.0, 1, 0.0973114745108
2544168.0, 16044730.0, 1, 0.0761620360481
2931800.0, 9033356.0, 1, 0.0651417066438
2774516.0, 11364856.0, 1, 0.0638333476119
2428796.0, 17027890.0, 1, 0.0543766424019
2708848.0, 11374202.0, 1, 0.0502526720248
2572194.0, 16035566.0, 1, 0.0460318639487
2398982.0, 17552796.0, 1, 0.0453141107102
2590462.0, 15611076.0, 1, 0.0388589167403
3843816.0, 3207366.0, 1, 0.0378225341623
2671740.0, 11517034.0, 1, 0.0295246312196
2398982.0, 17552796.0, 1, 0.0281112615637
2449122.0, 17012570.0, 1, 0.0263846986326
2590462.0, 15611076.0, 1, 0.0235660601448
2369348.0, 17808138.0, 1, 0.0200525103115
2359984.0, 17839446.0, 1, 0.0200503315763
2449122.0, 17012570.0, 1, 0.0175508202966
2369348.0, 17808138.0, 1, 0.0136841296729
2359984.0, 17839446.0, 1, 0.0136636379827
2449122.0, 17012570.0, 1, 0.0
2590462.0, 15611076.0, 1, 0.0
2671740.0, 11517034.0, 1, 0.0
2398982.0, 17552796.0, 1, 0.0
2449122.0, 17012570.0, 1, 0.0
5188616.0, 3274254.0, 2, inf
4146588.0, 3225660.0, 2, inf
2430540.0, 18379838.0, 2, inf
2367888.0, 18355602.0, 2, inf
3735282.0, 6620092.0, 2, 0.477896113567
4117330.0, 5042066.0, 2, 0.351715993735
4679604.0, 3234514.0, 2, 0.332555659558
3315760.0, 7977806.0, 2, 0.327587137967
4259612.0, 3499840.0, 2, 0.305619073867
2662876.0, 15607762.0, 2, 0.243802172452
3080644.0, 12087338.0, 2, 0.203806327453
2972112.0, 14530220.0, 2, 0.201042907302
3124692.0, 17245676.0, 2, 0.166417829235
3180596.0, 9262160.0, 2, 0.146894344904
3119642.0, 11366858.0, 2, 0.121068284765
3301768.0, 9768260.0, 2, 0.118041920436
2688856.0, 14544364.0, 2, 0.0975161877503
2871722.0, 11374826.0, 2, 0.0928767337244
2503966.0, 18200964.0, 2, 0.0770700996571
2737374.0, 17802216.0, 2, 0.0732564913943
3068044.0, 9598402.0, 2, 0.0682936332523
2737820.0, 11515610.0, 2, 0.0570711196179
3082230.0, 11517916.0, 2, 0.0515529263576
3299238.0, 18119988.0, 2, 0.0498826594889
2981470.0, 18096022.0, 2, 0.0358062601687
2474376.0, 18092762.0, 2, 0.0300975057036
3303030.0, 9266132.0, 2, 0.0271484940556
2443560.0, 18275218.0, 2, 0.0257449835458
2474376.0, 18092762.0, 2, 0.0107053218858
4850810.0, 19538378.0, 3, inf
12910236.0, 3805336.0, 3, inf
4854082.0, 3581680.0, 3, inf
3160082.0, 16057150.0, 3, inf
9419378.0, 3832586.0, 3, 0.564221602344
12732092.0, 3850190.0, 3, 0.360063345413
7258252.0, 17513100.0, 3, 0.318240167249
5579180.0, 8232228.0, 3, 0.247349284934
4175596.0, 5393192.0, 3, 0.230008220231
6680320.0, 14787718.0, 3, 0.20773829351
4109820.0, 13110500.0, 3, 0.1524237516
4384418.0, 11370320.0, 3, 0.136315835688
7196308.0, 12634506.0, 3, 0.114493736484
4761066.0, 9301722.0, 3, 0.108094411321
4489400.0, 11959604.0, 3, 0.107564669693
5486846.0, 4263934.0, 3, 0.106042531658
4005136.0, 10298012.0, 3, 0.0966633901152
6845162.0, 18637154.0, 3, 0.0936401801141
3431882.0, 9742852.0, 3, 0.0866822939249
6038164.0, 3895772.0, 3, 0.0819907410233
3228266.0, 18623368.0, 3, 0.079968385327
4660724.0, 16889506.0, 3, 0.0716849766834
3253446.0, 16159476.0, 3, 0.0705155441731
3552418.0, 15329782.0, 3, 0.0639814004852
3252946.0, 15350388.0, 3, 0.0468910638383
5946038.0, 4568924.0, 3, 0.0464870509148
6842408.0, 17183490.0, 3, 0.0443840118463
4719922.0, 10195600.0, 3, 0.0430477340014
5644466.0, 3956796.0, 3, 0.0415200843579
4680568.0, 5011452.0, 3, 0.0372947603903
6707578.0, 4037188.0, 3, 0.034430212569
3885136.0, 15350132.0, 3, 0.0300558386771
Generacion: 251
6743302.0, 2423170.0, 1, inf
2330402.0, 18094754.0, 1, inf
2330402.0, 18094754.0, 1, inf
3109740.0, 3943170.0, 1, 0.365704191865
3029654.0, 8025666.0, 1, 0.348532779782
5553966.0, 2467816.0, 1, 0.285877933969
2642746.0, 14985810.0, 1, 0.2566565458
2671740.0, 11517034.0, 1, 0.245435101836
4226520.0, 2913560.0, 1, 0.13576985599
4352952.0, 2887738.0, 1, 0.129548480558
3407714.0, 3215066.0, 1, 0.126246280201
2769594.0, 10509192.0, 1, 0.123566722904
4766218.0, 2799966.0, 1, 0.121597245344
5309916.0, 2556336.0, 1, 0.118559657018
3843816.0, 3207366.0, 1, 0.117572045952
4857172.0, 2571960.0, 1, 0.11640547216
3293530.0, 3231608.0, 1, 0.113983538164
2544168.0, 16044730.0, 1, 0.0936326511359
3843816.0, 3207366.0, 1, 0.087215258189
3004136.0, 9030198.0, 1, 0.0804908867509
2807700.0, 9788770.0, 1, 0.0740920508621
2428796.0, 17027890.0, 1, 0.0671904066754
2931800.0, 9033356.0, 1, 0.0645947271795
2708848.0, 11374202.0, 1, 0.0636050624877
2398982.0, 17552796.0, 1, 0.0632588502867
2491168.0, 16725824.0, 1, 0.0619392818223
2590462.0, 15611076.0, 1, 0.0611635260896
2807700.0, 9788770.0, 1, 0.0568379232637
5372270.0, 2543216.0, 1, 0.0474365967765
5503470.0, 2500300.0, 1, 0.0459850871047
4806930.0, 2594334.0, 1, 0.035159944056
2466980.0, 16741298.0, 1, 0.0334087748769
2620044.0, 15355660.0, 1, 0.030303567701
2931800.0, 9033356.0, 1, 0.0283236077998
2369348.0, 17808138.0, 1, 0.0251188004196
2369348.0, 17808138.0, 1, 0.0250042098451
2708848.0, 11374202.0, 1, 0.0228796265122
2620044.0, 15355660.0, 1, 0.0214424962592
3004136.0, 9030198.0, 1, 0.00598410316563
2931800.0, 9033356.0, 1, 0.0
2931800.0, 9033356.0, 1, 0.0
2330402.0, 18094754.0, 1, 0.0
2369348.0, 17808138.0, 1, 0.0
2807700.0, 9788770.0, 1, 0.0
2807700.0, 9788770.0, 1, 0.0
6816418.0, 3221930.0, 2, inf
6137626.0, 2789228.0, 2, inf
2430540.0, 18379838.0, 2, inf
2367888.0, 18355602.0, 2, inf
4068176.0, 5038848.0, 2, 0.357144998838
4795956.0, 3292526.0, 2, 0.344771983089
3375628.0, 9261094.0, 2, 0.295901691317
3119642.0, 11366858.0, 2, 0.235983558769
2709182.0, 14528704.0, 2, 0.230990126385
2589002.0, 16158518.0, 2, 0.186847457787
4259612.0, 3499840.0, 2, 0.17649846436
2595442.0, 17039764.0, 2, 0.151080343242
4080596.0, 3944922.0, 2, 0.141747318492
4679604.0, 3234514.0, 2, 0.124967808132
2474376.0, 18092762.0, 2, 0.120020596892
2720394.0, 14550994.0, 2, 0.119127591634
3748920.0, 3223908.0, 2, 0.118419037785
3481936.0, 10453684.0, 2, 0.107222711013
4005136.0, 10298012.0, 2, 0.102686750078
3267240.0, 10792988.0, 2, 0.0996680445803
2774516.0, 11364856.0, 2, 0.0933932291307
3012842.0, 9763212.0, 2, 0.0613376264514
2972112.0, 14530220.0, 2, 0.055003808734
3045846.0, 9321344.0, 2, 0.0344693569781
3413170.0, 9600134.0, 2, 0.0343587575556
4008710.0, 9600112.0, 2, 0.0320528907177
3303030.0, 9266132.0, 2, 0.0198609106522
3119642.0, 11366858.0, 2, 0.0167172613256
3045846.0, 9321344.0, 2, 0.0109604424077
3303030.0, 9266132.0, 2, 0.00836849753337
7026362.0, 18544344.0, 3, inf
2777810.0, 14984440.0, 3, inf
6721522.0, 3238472.0, 3, inf
9906732.0, 3465910.0, 3, inf
6425068.0, 9547266.0, 3, 0.329487810538
5207056.0, 7007394.0, 3, 0.325562202311
9123746.0, 3538396.0, 3, 0.273489489338
8002496.0, 3610850.0, 3, 0.231903776176
7543708.0, 16228184.0, 3, 0.211640481061
5348750.0, 13305956.0, 3, 0.202145497504
4474960.0, 5347422.0, 3, 0.159384753479
3663632.0, 17548702.0, 3, 0.157666905557
5737266.0, 10412804.0, 3, 0.155925524918
5892860.0, 14742970.0, 3, 0.138774583903
4346036.0, 12082550.0, 3, 0.122709223919
5456830.0, 17354436.0, 3, 0.114445835425
3768636.0, 18198870.0, 3, 0.0976081815416
3751232.0, 11361784.0, 3, 0.0952323862561
5944802.0, 4597518.0, 3, 0.0919465604149
6707578.0, 4037188.0, 3, 0.0823351925205
7663162.0, 3269346.0, 3, 0.0743737277455
7258252.0, 17513100.0, 3, 0.0722729301471
6923602.0, 11996360.0, 3, 0.0713497897908
5626416.0, 3951996.0, 3, 0.0671923233125
4773298.0, 4575718.0, 3, 0.062326599003
Generacion: 252
6743302.0, 2423170.0, 1, inf
2328942.0, 18642252.0, 1, inf
3149268.0, 3567154.0, 1, 0.365835858428
5614718.0, 2473182.0, 1, 0.311151638424
3101228.0, 8022508.0, 1, 0.276143567525
2669980.0, 12094682.0, 1, 0.265596933777
2620044.0, 15355660.0, 1, 0.234895437892
4352952.0, 2887738.0, 1, 0.196368966201
3407714.0, 3215066.0, 1, 0.179521329521
4929820.0, 2499956.0, 1, 0.175143015592
5389738.0, 2496548.0, 1, 0.156803047358
3843816.0, 3207366.0, 1, 0.118498581482
3843816.0, 3207366.0, 1, 0.115811060927
2521342.0, 15358350.0, 1, 0.113673236395
2491168.0, 16725824.0, 1, 0.0975815336552
4634754.0, 2563272.0, 1, 0.0932631260636
2708848.0, 11374202.0, 1, 0.0892385851132
3004136.0, 9030198.0, 1, 0.084297103305
2769594.0, 10509192.0, 1, 0.0841323767893
4539858.0, 2579814.0, 1, 0.0838427677684
3029654.0, 8025666.0, 1, 0.0767038133865
2807700.0, 9788770.0, 1, 0.0736731955331
2710608.0, 10796588.0, 1, 0.0670938563697
2398982.0, 17552796.0, 1, 0.0615737495783
2330402.0, 18094754.0, 1, 0.0605812502297
2930040.0, 9610948.0, 1, 0.0540656878339
2931800.0, 9033356.0, 1, 0.0519984002395
2428796.0, 17027890.0, 1, 0.0410134354724
2893498.0, 9769524.0, 1, 0.0386778491698
2466980.0, 16741298.0, 1, 0.0327534535309
2369348.0, 17808138.0, 1, 0.0245658777663
2428796.0, 17027890.0, 1, 0.0244239175483
2369348.0, 17808138.0, 1, 0.024384621274
3094848.0, 8023446.0, 1, 0.0164086108257
3101228.0, 8022508.0, 1, 0.0109404978706
3029654.0, 8025666.0, 1, 0.00591755522984
2931800.0, 9033356.0, 1, 0.000593407715847
3843816.0, 3207366.0, 1, 0.0
2369348.0, 17808138.0, 1, 0.0
8452134.0, 2426744.0, 2, inf
2430540.0, 18379838.0, 2, inf
5503470.0, 2500300.0, 2, 0.560008901294
8022840.0, 2493906.0, 2, 0.494292402833
3217284.0, 8027618.0, 2, 0.308937934297
4386764.0, 4698822.0, 2, 0.301814246631
3871156.0, 11349710.0, 2, 0.290431164982
2804228.0, 13561052.0, 2, 0.213016096021
2503966.0, 18200964.0, 2, 0.200114511483
4766218.0, 2799966.0, 2, 0.182841887946
2590462.0, 15611076.0, 2, 0.179290939247
2720394.0, 14550994.0, 2, 0.12626353487
2851074.0, 10490116.0, 2, 0.118590778718
3070250.0, 9029038.0, 2, 0.115109578167
3375628.0, 9261094.0, 2, 0.10295394566
4519866.0, 3926074.0, 2, 0.0926721265767
4080596.0, 3944922.0, 2, 0.0911626576015
3340704.0, 9603552.0, 2, 0.0886261307542
2692510.0, 15352242.0, 2, 0.0880276065598
4243502.0, 3242340.0, 2, 0.0862521782921
4679604.0, 3234514.0, 2, 0.0537666322695
2776722.0, 10795458.0, 2, 0.0489652101222
4128422.0, 9495758.0, 2, 0.0482040139541
3114872.0, 9266138.0, 2, 0.0377350877847
2590462.0, 15611076.0, 2, 0.0305889925799
3078634.0, 10790666.0, 2, 0.0265503164838
4679604.0, 3234514.0, 2, 0.0148744621613
2590462.0, 15611076.0, 2, 0.0
2606680.0, 16746040.0, 3, inf
13038504.0, 3069430.0, 3, inf
2870472.0, 18371698.0, 3, inf
6699386.0, 2587140.0, 3, inf
8409108.0, 3291732.0, 3, 0.520564352866
5904142.0, 8853272.0, 3, 0.268019560946
5377966.0, 5705748.0, 3, 0.204362980854
5348750.0, 13305956.0, 3, 0.164140705468
2820628.0, 14552710.0, 3, 0.163815970808
2805612.0, 15793578.0, 3, 0.15839354545
3498516.0, 16729154.0, 3, 0.134741215714
3646598.0, 16754626.0, 3, 0.127440010938
4346036.0, 12082550.0, 3, 0.116284621858
7723992.0, 3643914.0, 3, 0.113117264625
6653078.0, 9594224.0, 3, 0.0938175744721
4870564.0, 5060294.0, 3, 0.0863969589636
5952862.0, 10170328.0, 3, 0.0816212758034
4100942.0, 11364348.0, 3, 0.0775940435977
7298692.0, 3259918.0, 3, 0.0698202644667
3753570.0, 12068090.0, 3, 0.0679455894395
4626706.0, 11344218.0, 3, 0.0633876394168
7001666.0, 11672536.0, 3, 0.0572592682493
6400984.0, 4472354.0, 3, 0.0550304994805
6061186.0, 3912550.0, 3, 0.0521572623497
5721844.0, 10930694.0, 3, 0.0518427769287
7142556.0, 10644954.0, 3, 0.0485603493479
6137626.0, 2789228.0, 3, 0.0478367358668
7135252.0, 4328348.0, 3, 0.0478228714976
5429684.0, 5568716.0, 3, 0.0454980558999
5009418.0, 3596954.0, 3, 0.045366813621
4495912.0, 10689528.0, 3, 0.0450076726377
5473248.0, 4713488.0, 3, 0.0447523323517
5507970.0, 11697534.0, 3, 0.0389967150238
Generacion: 253
2328942.0, 18642252.0, 1, inf
4774270.0, 2503974.0, 1, inf
3953688.0, 3216706.0, 1, 0.537098519364
3197672.0, 3940842.0, 1, 0.45274765783
3610668.0, 3492468.0, 1, 0.354038233214
3187026.0, 8003152.0, 1, 0.28730372701
2642746.0, 14985810.0, 1, 0.222485787559
2669980.0, 12094682.0, 1, 0.205987813432
2931800.0, 9033356.0, 1, 0.138967631795
2521342.0, 15358350.0, 1, 0.137604449683
2769594.0, 10509192.0, 1, 0.135579685637
2807700.0, 9788770.0, 1, 0.12127250591
2737820.0, 11515610.0, 1, 0.111541992097
2491168.0, 16725824.0, 1, 0.0946263305294
3029654.0, 8025666.0, 1, 0.0891016226978
2466980.0, 16741298.0, 1, 0.0889417178635
2930040.0, 9610948.0, 1, 0.0858202859877
2330402.0, 18094754.0, 1, 0.0682091947316
2735614.0, 12085032.0, 1, 0.0636245947538
2620044.0, 15355660.0, 1, 0.063281064166
2398982.0, 17552796.0, 1, 0.0624026710414
2398982.0, 17552796.0, 1, 0.0436294467399
3029654.0, 8025666.0, 1, 0.0401542787387
3111134.0, 8006310.0, 1, 0.036285884113
2369348.0, 17808138.0, 1, 0.0317488319512
2369348.0, 17808138.0, 1, 0.029878630992
3094848.0, 8023446.0, 1, 0.0294653768907
2491168.0, 16725824.0, 1, 0.0132982873003
2930040.0, 9610948.0, 1, 0.0117383875612
2669980.0, 12094682.0, 1, 0.0117351134718
2620044.0, 15355660.0, 1, 0.0094505105875
3101228.0, 8022508.0, 1, 0.00410911297858
3101228.0, 8022508.0, 1, 0.00361275758717
3029654.0, 8025666.0, 1, 0.0
3029654.0, 8025666.0, 1, 0.0
2398982.0, 17552796.0, 1, 0.0
2620044.0, 15355660.0, 1, 0.0
2430540.0, 18379838.0, 2, inf
12506260.0, 3026306.0, 2, inf
2367888.0, 18355602.0, 2, inf
4080596.0, 3944922.0, 2, 0.674921437124
7961376.0, 3263226.0, 2, 0.534840196117
7335876.0, 3407972.0, 2, 0.427181324063
3244034.0, 8000558.0, 2, 0.298311925401
3110342.0, 12085602.0, 2, 0.183701884418
2804228.0, 13561052.0, 2, 0.13648646615
3044046.0, 10201556.0, 2, 0.113201114919
2776722.0, 10795458.0, 2, 0.0937161226767
2669312.0, 16730566.0, 2, 0.0870251892596
2929264.0, 13950142.0, 2, 0.0866792045145
3525886.0, 9264370.0, 2, 0.0827735247887
2622040.0, 15617306.0, 2, 0.0790970139552
3166456.0, 8020548.0, 2, 0.0734692385636
2692510.0, 15352242.0, 2, 0.071476775903
3070250.0, 9029038.0, 2, 0.0693191640785
3114872.0, 9266138.0, 2, 0.0665752309561
2606628.0, 17614730.0, 2, 0.0657810636276
2688904.0, 16852264.0, 2, 0.0579474228413
2688856.0, 14544364.0, 2, 0.0526231157177
2709182.0, 14528704.0, 2, 0.0470088901148
3078634.0, 10790666.0, 2, 0.0426362645037
2400978.0, 17814414.0, 2, 0.0381642894085
2590462.0, 15611076.0, 2, 0.0346325096334
3192740.0, 9032462.0, 2, 0.0206742352999
2400978.0, 17814414.0, 2, 0.0162695746773
3187462.0, 9260788.0, 2, 0.0161584221384
2430540.0, 18379838.0, 2, 0.00449438205431
2688856.0, 14544364.0, 2, 0.0029476864234
3180596.0, 9262160.0, 2, 0.00230523165299
2769382.0, 18633016.0, 3, inf
14478336.0, 3040612.0, 3, inf
3091064.0, 19952598.0, 3, inf
11489354.0, 3365024.0, 3, 0.417346942322
8604824.0, 3723750.0, 3, 0.303812203967
13038504.0, 3069430.0, 3, 0.27445555826
4336048.0, 5848092.0, 3, 0.219472233202
7194442.0, 8032042.0, 3, 0.215020100559
5220796.0, 13346500.0, 3, 0.165766558145
3527070.0, 12049036.0, 3, 0.128081506761
3703976.0, 15610088.0, 3, 0.11200109847
4665338.0, 4677256.0, 3, 0.110758891096
6582736.0, 16735726.0, 3, 0.106648577313
2837828.0, 14549846.0, 3, 0.105653415814
5681682.0, 11113468.0, 3, 0.101892542702
4427328.0, 9231844.0, 3, 0.098482614619
8352954.0, 10080760.0, 3, 0.0958192722817
3362596.0, 14986166.0, 3, 0.0950538210412
7882244.0, 16876736.0, 3, 0.0888328818319
6468752.0, 8335044.0, 3, 0.0852037417719
7636364.0, 4114134.0, 3, 0.0799026274563
5987804.0, 10366890.0, 3, 0.0795976950698
5101508.0, 17827722.0, 3, 0.0773208712819
6840536.0, 11371078.0, 3, 0.0703126714661
3493052.0, 17203050.0, 3, 0.0702783366411
4137302.0, 4337174.0, 3, 0.0571850854721
5311034.0, 3972990.0, 3, 0.0544723088518
3725190.0, 18485946.0, 3, 0.0522984841277
4753198.0, 11362890.0, 3, 0.0511605308486
6031526.0, 3979298.0, 3, 0.0448959447416
3114126.0, 17989916.0, 3, 0.0445546084869
Generacion: 254
8311154.0, 2416198.0, 1, inf
2328942.0, 18642252.0, 1, inf
2328942.0, 18642252.0, 1, inf
4402816.0, 2552114.0, 1, 0.682043775201
7653964.0, 2475070.0, 1, 0.661702967157
3197672.0, 3940842.0, 1, 0.295160183835
3176174.0, 8000694.0, 1, 0.256647473743
2708848.0, 11374202.0, 1, 0.234608843844
2688856.0, 14544364.0, 1, 0.200668613048
3843816.0, 3207366.0, 1, 0.190370578144
3610668.0, 3492468.0, 1, 0.111853699064
3296226.0, 3537036.0, 1, 0.0966703054581
2581410.0, 15795978.0, 1, 0.0898797022186
2807700.0, 9788770.0, 1, 0.082748110707
2398982.0, 17552796.0, 1, 0.0820689639142
2776722.0, 10795458.0, 1, 0.0730932198561
3029654.0, 8025666.0, 1, 0.0729136695505
2542708.0, 16604288.0, 1, 0.0723907935378
2466980.0, 16741298.0, 1, 0.0663757065554
2997880.0, 9031936.0, 1, 0.0623844539359
2680928.0, 14554532.0, 1, 0.061502355625
2620044.0, 15355660.0, 1, 0.0558310868315
2995674.0, 9601300.0, 1, 0.0519155861072
2710608.0, 10796588.0, 1, 0.0466496988374
2997880.0, 9031936.0, 1, 0.040400905728
2330402.0, 18094754.0, 1, 0.0386869002801
2620044.0, 15355660.0, 1, 0.0373139868724
2957302.0, 9764258.0, 1, 0.0274474934871
2893498.0, 9769524.0, 1, 0.0265184633501
2359984.0, 17839446.0, 1, 0.0241742381423
2369348.0, 17808138.0, 1, 0.0173018504972
2330402.0, 18094754.0, 1, 0.0159785047014
3166456.0, 8020548.0, 1, 0.0138725228442
2491168.0, 16725824.0, 1, 0.0115334964155
3101228.0, 8022508.0, 1, 0.010961467311
3094848.0, 8023446.0, 1, 0.0109557837946
2491168.0, 16725824.0, 1, 0.00956919366544
2369348.0, 17808138.0, 1, 0.00688317547734
3029654.0, 8025666.0, 1, 0.00544823023459
2776722.0, 10795458.0, 1, 0.00524799317246
3094848.0, 8023446.0, 1, 0.00120331213406
3101228.0, 8022508.0, 1, 0.00118728852166
2710608.0, 10796588.0, 1, 0.000363846639375
3101228.0, 8022508.0, 1, 0.0
2369348.0, 17808138.0, 1, 0.0
2620044.0, 15355660.0, 1, 0.0
2620044.0, 15355660.0, 1, 0.0
2620044.0, 15355660.0, 1, 0.0
2769382.0, 18633016.0, 2, inf
2430540.0, 18379838.0, 2, inf
9694308.0, 2980198.0, 2, inf
4685924.0, 3209926.0, 2, 0.766685216511
4080596.0, 3944922.0, 2, 0.314749070973
3178926.0, 8000998.0, 2, 0.311687390597
2742406.0, 13305900.0, 2, 0.198361310664
2737820.0, 11515610.0, 2, 0.130875203717
4484618.0, 3754532.0, 2, 0.13029140624
2941114.0, 14552510.0, 2, 0.124515347611
3116636.0, 10197850.0, 2, 0.110569769511
3649336.0, 8652836.0, 2, 0.100974353139
3417240.0, 9623402.0, 2, 0.0989949951272
3974910.0, 11110474.0, 2, 0.0974085261615
3885672.0, 16159220.0, 2, 0.0840621149227
3631606.0, 15612986.0, 2, 0.0835073686591
3252590.0, 17665616.0, 2, 0.0788479781454
2606680.0, 16746040.0, 2, 0.0755012296265
3343990.0, 14785476.0, 2, 0.0737591853032
3065856.0, 16227210.0, 2, 0.0616537777594
2692510.0, 15352242.0, 2, 0.0596007649047
2688904.0, 16852264.0, 2, 0.0524584538787
3195930.0, 17810382.0, 2, 0.0428628370615
2848010.0, 18256916.0, 2, 0.0386452764369
4054476.0, 9034040.0, 2, 0.0385569635153
4051670.0, 9268088.0, 2, 0.0383849179977
2774516.0, 11364856.0, 2, 0.0367073087483
3215876.0, 9194028.0, 2, 0.0227528106359
2848010.0, 18256916.0, 2, 0.0206706168371
2688904.0, 16852264.0, 2, 0.0181059988726
4080596.0, 3944922.0, 2, 0.0157592348615
6666614.0, 16899952.0, 3, inf
3440644.0, 8021498.0, 3, inf
8353168.0, 3338806.0, 3, inf
4769208.0, 14994564.0, 3, 0.375014052099
7008088.0, 3439798.0, 3, 0.350471465759
4439142.0, 10908190.0, 3, 0.350228716557
5164502.0, 5229176.0, 3, 0.256846388603
4195472.0, 10160406.0, 3, 0.184324009013
5864886.0, 16198606.0, 3, 0.15304103353
6055256.0, 8772126.0, 3, 0.142347931116
5556566.0, 8382612.0, 3, 0.1304204493
5050154.0, 8825694.0, 3, 0.124053564108
5286414.0, 4280030.0, 3, 0.122138943913
4606096.0, 9597364.0, 3, 0.118391135964
4794250.0, 15788626.0, 3, 0.102760233521
4221232.0, 4991846.0, 3, 0.0922435026408
5241066.0, 3500620.0, 3, 0.0825144969899
4715716.0, 10897942.0, 3, 0.0727048830917
5933908.0, 10236448.0, 3, 0.0687433446709
4364126.0, 9850788.0, 3, 0.0665303646634
4837856.0, 3400560.0, 3, 0.0595393210336
Generacion: 255
2328942.0, 18642252.0, 1, inf
8102096.0, 2412934.0, 1, inf
3197672.0, 3940842.0, 1, 0.353043950978
5465976.0, 2815616.0, 1, 0.350303052607
5725268.0, 2811268.0, 1, 0.338138912704
3843816.0, 3207366.0, 1, 0.314891346385
7380472.0, 2709826.0, 1, 0.302938943379
3176174.0, 8000694.0, 1, 0.26142136745
2671740.0, 11517034.0, 1, 0.260707267612
2620044.0, 15355660.0, 1, 0.241901128731
7431002.0, 2689884.0, 1, 0.143290052226
3610668.0, 3492468.0, 1, 0.12564079484
2997880.0, 9031936.0, 1, 0.102971521079
2930040.0, 9610948.0, 1, 0.0836723955552
2834788.0, 10506968.0, 1, 0.0831387369719
2428796.0, 17027890.0, 1, 0.0826467360346
3029654.0, 8025666.0, 1, 0.0789363757498
2369348.0, 17808138.0, 1, 0.0619248595673
2620044.0, 15355660.0, 1, 0.0584241586934
2708848.0, 11374202.0, 1, 0.051124179098
2589002.0, 16158518.0, 1, 0.0505823446694
3709718.0, 3341226.0, 1, 0.0481823456587
2995674.0, 9601300.0, 1, 0.0474278574535
2466980.0, 16741298.0, 1, 0.0458323640129
2710608.0, 10796588.0, 1, 0.0458080666399
2769594.0, 10509192.0, 1, 0.0393553878855
2330402.0, 18094754.0, 1, 0.0388591827686
2542708.0, 16604288.0, 1, 0.0387296399684
2582578.0, 16437708.0, 1, 0.0354857985623
3796504.0, 3232918.0, 1, 0.0314758938249
2589002.0, 16158518.0, 1, 0.022579774624
2710608.0, 10796588.0, 1, 0.0180133052667
2359984.0, 17839446.0, 1, 0.0173532736845
2330402.0, 18094754.0, 1, 0.0159841780394
3111134.0, 8006310.0, 1, 0.014325922723
3094848.0, 8023446.0, 1, 0.0113504106916
2359984.0, 17839446.0, 1, 0.00705316356314
3176174.0, 8000694.0, 1, 0.004069828144
3101228.0, 8022508.0, 1, 0.00210318544132
3101228.0, 8022508.0, 1, 0.00177366979742
3094848.0, 8023446.0, 1, 0.00124190464074
2620044.0, 15355660.0, 1, 0.0
3094848.0, 8023446.0, 1, 0.0
8311154.0, 2416198.0, 2, inf
2607538.0, 19123364.0, 2, inf
6212850.0, 3416600.0, 2, 0.81882262311
4006950.0, 3488428.0, 2, 0.49118417222
3797312.0, 5042764.0, 2, 0.377388427546
2688856.0, 14544364.0, 2, 0.256971733819
2737820.0, 11515610.0, 2, 0.222524307772
3166456.0, 8020548.0, 2, 0.190497390544
2683668.0, 15793542.0, 2, 0.140229558332
2851954.0, 18269166.0, 2, 0.13879211901
3288866.0, 8024772.0, 2, 0.101963531457
3109246.0, 9799682.0, 2, 0.100129562076
2642944.0, 17191386.0, 2, 0.0927598374519
2776722.0, 10795458.0, 2, 0.0873791794236
3217284.0, 8027618.0, 2, 0.082766522041
2947700.0, 9763362.0, 2, 0.0790976621506
3215876.0, 9194028.0, 2, 0.0790101637642
2638314.0, 16752716.0, 2, 0.0695769759577
3894136.0, 9231850.0, 2, 0.0637363131184
2815636.0, 11083852.0, 2, 0.0421604323594
2688904.0, 16852264.0, 2, 0.0348411274099
3177750.0, 11031600.0, 2, 0.0259263734602
3966476.0, 8025038.0, 2, 0.0199497281281
5293084.0, 21304682.0, 3, inf
4387452.0, 3496358.0, 3, inf
7828244.0, 3738100.0, 3, inf
2818544.0, 11743746.0, 3, inf
4606560.0, 3912916.0, 3, 0.2682297901
3999058.0, 7616014.0, 3, 0.244294330548
7234422.0, 9753554.0, 3, 0.191082702695
6432266.0, 10178564.0, 3, 0.18874769197
3080644.0, 12087338.0, 3, 0.187691608502
5661280.0, 16860248.0, 3, 0.172374862499
2952582.0, 19025186.0, 3, 0.168579286669
3053780.0, 14548610.0, 3, 0.167293856323
4769208.0, 14994564.0, 3, 0.157988473443
7010148.0, 17884334.0, 3, 0.148571084462
3930670.0, 16083214.0, 3, 0.136598618889
3625076.0, 17835318.0, 3, 0.133091393596
6109192.0, 9147928.0, 3, 0.12494690724
3252946.0, 15350388.0, 3, 0.107287023568
7026348.0, 8461952.0, 3, 0.101684142851
3639972.0, 18618238.0, 3, 0.0965275172073
5347236.0, 3659608.0, 3, 0.0811627423009
4162092.0, 10150468.0, 3, 0.0810568550403
3205016.0, 18369296.0, 3, 0.0756049659997
4434850.0, 7815374.0, 3, 0.0732344724666
4516362.0, 8828956.0, 3, 0.0727954695541
4100942.0, 11364348.0, 3, 0.0681041144366
5875228.0, 14673482.0, 3, 0.0670337417105
2970066.0, 10483792.0, 3, 0.0637106258637
2881264.0, 11083902.0, 3, 0.0564188143506
5717894.0, 14977312.0, 3, 0.0542160857768
6006848.0, 10309058.0, 3, 0.0465781145981
3973420.0, 9598160.0, 3, 0.0428388971701
3631606.0, 15612986.0, 3, 0.0406672650557
2846234.0, 15411950.0, 3, 0.0272655126554
Generacion: 256
10035166.0, 2411444.0, 1, inf
10035166.0, 2411444.0, 1, inf
2328942.0, 18642252.0, 1, inf
6949694.0, 2411920.0, 1, 0.682834236324
4807264.0, 2483416.0, 1, 0.302501808636
2688856.0, 14544364.0, 1, 0.292642080117
3148862.0, 4390194.0, 1, 0.26399153017
2710608.0, 10796588.0, 1, 0.259088884926
3101228.0, 8022508.0, 1, 0.224619225492
3843816.0, 3207366.0, 1, 0.206606883703
4681268.0, 2544022.0, 1, 0.169625508052
3407714.0, 3215066.0, 1, 0.122941935489
2931800.0, 9033356.0, 1, 0.110597604073
2482346.0, 15789686.0, 1, 0.0856580357311
2466980.0, 16741298.0, 1, 0.0796547043181
2807700.0, 9788770.0, 1, 0.0761622287566
2769594.0, 10509192.0, 1, 0.0746920704117
3225810.0, 3901172.0, 1, 0.0719721004156
3029654.0, 8025666.0, 1, 0.0705449325775
2428796.0, 17027890.0, 1, 0.0683684085899
2330402.0, 18094754.0, 1, 0.0659202575888
2620044.0, 15355660.0, 1, 0.0538236575194
2930040.0, 9610948.0, 1, 0.0514616313176
2330402.0, 18094754.0, 1, 0.0465001446293
2590462.0, 15611076.0, 1, 0.0446092884097
3197672.0, 3940842.0, 1, 0.0401144211871
2620044.0, 15355660.0, 1, 0.0246658988508
2449122.0, 17012570.0, 1, 0.0226122407278
2428796.0, 17027890.0, 1, 0.0137120049384
3029654.0, 8025666.0, 1, 0.0128348246324
2930040.0, 9610948.0, 1, 0.0111842184714
3094848.0, 8023446.0, 1, 0.00948238547973
3101228.0, 8022508.0, 1, 0.00623902873095
2620044.0, 15355660.0, 1, 0.0
2620044.0, 15355660.0, 1, 0.0
8311154.0, 2416198.0, 2, inf
2412022.0, 18268538.0, 2, inf
2607538.0, 19123364.0, 2, inf
10066790.0, 2543580.0, 2, inf
5791250.0, 2797526.0, 2, 0.379195978919
6557386.0, 3413294.0, 2, 0.370955520855
3177750.0, 11031600.0, 2, 0.359507648104
2846234.0, 15411950.0, 2, 0.275532148811
4053208.0, 3495242.0, 2, 0.261045894438
3315760.0, 7977806.0, 2, 0.239172567972
3948022.0, 5381438.0, 2, 0.161298818841
2995338.0, 9791014.0, 2, 0.12769618559
3948022.0, 5381438.0, 2, 0.106335823261
3993142.0, 4984832.0, 2, 0.0975512474201
3222434.0, 8948132.0, 2, 0.0972751887379
4047368.0, 3968464.0, 2, 0.0970056218098
3045846.0, 9321344.0, 2, 0.0742801812195
2734046.0, 16004552.0, 2, 0.073368787464
2800502.0, 17830054.0, 2, 0.0714212764073
2622630.0, 17017764.0, 2, 0.0712567154955
3315642.0, 7997112.0, 2, 0.0702703100509
2695462.0, 18550404.0, 2, 0.0604251150319
2542708.0, 16604288.0, 2, 0.052969428406
2662876.0, 15607762.0, 2, 0.044984522225
2851954.0, 18269166.0, 2, 0.0363495428118
2837030.0, 17986240.0, 2, 0.0313388224307
2839492.0, 16760336.0, 2, 0.0259508101688
2542708.0, 16604288.0, 2, 0.0178094149305
13729714.0, 2838956.0, 3, inf
2856790.0, 18538706.0, 3, inf
9031720.0, 2822720.0, 3, inf
4251554.0, 13481892.0, 3, 0.222803668885
4434850.0, 7815374.0, 3, 0.186675647054
6870028.0, 5427484.0, 3, 0.186274044208
4938418.0, 15131202.0, 3, 0.155595405638
5828450.0, 12149020.0, 3, 0.137972830549
6442076.0, 15125312.0, 3, 0.137149320414
4071436.0, 15997942.0, 3, 0.133216049997
8294836.0, 3386272.0, 3, 0.105992656085
6751568.0, 10793714.0, 3, 0.10015785313
3748448.0, 11662580.0, 3, 0.0997038978473
3460986.0, 17178884.0, 3, 0.096214266958
7307742.0, 5052452.0, 3, 0.0951896390834
5807980.0, 3701246.0, 3, 0.0870365798803
8104518.0, 4387324.0, 3, 0.0854054822162
6497532.0, 16822802.0, 3, 0.0762549434914
6109192.0, 9147928.0, 3, 0.0748447181946
8925760.0, 3718520.0, 3, 0.0698372896407
7884522.0, 3733698.0, 3, 0.0684658835547
7822798.0, 4596514.0, 3, 0.0666493346407
4719922.0, 10195600.0, 3, 0.0604029167338
3966476.0, 8025038.0, 3, 0.056600844144
6977102.0, 3497452.0, 3, 0.0562190847539
6460224.0, 8767594.0, 3, 0.0552925242577
7584970.0, 5213886.0, 3, 0.0525828720987
4516362.0, 8828956.0, 3, 0.0493741793557
6633796.0, 9696366.0, 3, 0.0483262725647
3340704.0, 9603552.0, 3, 0.0480096594087
6612148.0, 2857288.0, 3, 0.0473578472717
3380842.0, 11748892.0, 3, 0.0392321250807
3973420.0, 9598160.0, 3, 0.0386444547481
6487086.0, 10429956.0, 3, 0.033992259919
7620010.0, 7978516.0, 3, 0.0339220405508
4708562.0, 10313418.0, 3, 0.0336336849975
6110066.0, 9615880.0, 3, 0.032783978317
Generacion: 257
2328942.0, 18642252.0, 1, inf
2328942.0, 18642252.0, 1, inf
10035166.0, 2411444.0, 1, inf
3408120.0, 4266178.0, 1, 0.33799893501
7324218.0, 2465872.0, 1, 0.334106849054
7822160.0, 2417258.0, 1, 0.327108588959
5003136.0, 2545070.0, 1, 0.310074275521
3315760.0, 7977806.0, 1, 0.24392995169
2671740.0, 11517034.0, 1, 0.241546174095
2620044.0, 15355660.0, 1, 0.240341174084
3843816.0, 3207366.0, 1, 0.140149030834
4567290.0, 2853044.0, 1, 0.133708327207
3822488.0, 3559078.0, 1, 0.121772902357
2807700.0, 9788770.0, 1, 0.0928744617097
2776722.0, 10795458.0, 1, 0.0746920704117
3004136.0, 9030198.0, 1, 0.0712771476596
2466980.0, 16741298.0, 1, 0.0707707534948
3029654.0, 8025666.0, 1, 0.0703503643219
7519120.0, 2421398.0, 1, 0.0676107308943
2930040.0, 9610948.0, 1, 0.062645849789
2710608.0, 10796588.0, 1, 0.0580801972403
2330402.0, 18094754.0, 1, 0.0566340814508
2398982.0, 17552796.0, 1, 0.0557863207673
4752796.0, 2682724.0, 1, 0.0535369503359
2671740.0, 11517034.0, 1, 0.0510959060222
2589002.0, 16158518.0, 1, 0.0495627874703
2931800.0, 9033356.0, 1, 0.0453958053776
2369348.0, 17808138.0, 1, 0.0422899975915
4996926.0, 2596898.0, 1, 0.0409664618336
2590462.0, 15611076.0, 1, 0.0375672887669
2589002.0, 16158518.0, 1, 0.0360952482609
2428796.0, 17027890.0, 1, 0.0349777110966
4692768.0, 2825230.0, 1, 0.0345658546702
3250500.0, 7997292.0, 1, 0.0250426301777
2449122.0, 17012570.0, 1, 0.0226122407278
2620044.0, 15355660.0, 1, 0.0224448370182
3111134.0, 8006310.0, 1, 0.0218095990353
2590462.0, 15611076.0, 1, 0.0159259504662
3094848.0, 8023446.0, 1, 0.0117658185972
3292406.0, 7981642.0, 1, 0.00966903587839
2428796.0, 17027890.0, 1, 0.00481270484018
3004136.0, 9030198.0, 1, 0.00350591762725
3029654.0, 8025666.0, 1, 0.0034481262961
3004136.0, 9030198.0, 1, 0.0
2428796.0, 17027890.0, 1, 0.0
2589002.0, 16158518.0, 1, 0.0
2590462.0, 15611076.0, 1, 0.0
2620044.0, 15355660.0, 1, 0.0
8476412.0, 2431158.0, 2, inf
2367888.0, 18355602.0, 2, inf
2472876.0, 18942846.0, 2, inf
5240958.0, 2688064.0, 2, 0.727017516997
8349676.0, 2466760.0, 2, 0.545221196488
3823164.0, 5011746.0, 2, 0.309300213108
3512348.0, 8018080.0, 2, 0.293036470273
4230740.0, 3337328.0, 2, 0.237365969613
2688856.0, 14544364.0, 2, 0.227918201406
2774516.0, 11364856.0, 2, 0.202587776422
3045846.0, 9321344.0, 2, 0.165600559268
3750108.0, 16194722.0, 2, 0.159653019568
4039734.0, 3360400.0, 2, 0.143532787425
2899212.0, 10798832.0, 2, 0.115544672974
3429398.0, 18819190.0, 2, 0.111934373639
2737374.0, 17802216.0, 2, 0.109187256466
2809000.0, 15507082.0, 2, 0.105839388257
3807168.0, 9636318.0, 2, 0.083908943141
2688856.0, 14544364.0, 2, 0.0662479157246
3625076.0, 17835318.0, 2, 0.0566319331256
3973420.0, 9598160.0, 2, 0.0528018113419
2810486.0, 11025466.0, 2, 0.0348934298709
2412022.0, 18268538.0, 2, 0.0329926618483
2748888.0, 18094626.0, 2, 0.0323175280263
3751232.0, 11361784.0, 2, 0.0298955762251
3002376.0, 9607790.0, 2, 0.0263157859297
2810486.0, 11025466.0, 2, 0.0139689377952
2688856.0, 14544364.0, 2, 0.0
10852694.0, 3523552.0, 3, inf
5791250.0, 2797526.0, 3, inf
5621268.0, 18365492.0, 3, inf
2923070.0, 16066142.0, 3, inf
9762664.0, 17222050.0, 3, 0.403989872492
6427472.0, 8192892.0, 3, 0.321292436289
7733434.0, 3753054.0, 3, 0.301246249599
4281368.0, 13837692.0, 3, 0.280565745891
3192674.0, 11748512.0, 3, 0.280163107325
4147026.0, 5803314.0, 3, 0.263845367185
5241666.0, 17539558.0, 3, 0.197435594188
4434850.0, 7815374.0, 3, 0.1749013463
10297624.0, 3719532.0, 3, 0.152204950788
4247036.0, 9856300.0, 3, 0.147566792634
4274354.0, 16016298.0, 3, 0.147472885612
4325316.0, 5222028.0, 3, 0.14328667504
4495074.0, 5777832.0, 3, 0.139085665414
5528776.0, 3848476.0, 3, 0.13302194129
3112102.0, 11507954.0, 3, 0.130883413423
7299422.0, 3826118.0, 3, 0.127635409015
5585466.0, 10240228.0, 3, 0.117757223709
7420854.0, 17321254.0, 3, 0.0751279432618
5788130.0, 3811726.0, 3, 0.0261295524591
11310326.0, 18510864.0, 4, inf
Generacion: 258
2328942.0, 18642252.0, 1, inf
7822160.0, 2417258.0, 1, inf
6598854.0, 2417386.0, 1, 0.416024118891
5553966.0, 2467816.0, 1, 0.356887445578
3482994.0, 4254982.0, 1, 0.333380230017
3187026.0, 8003152.0, 1, 0.298901124313
2669980.0, 12094682.0, 1, 0.261556530429
4681268.0, 2544022.0, 1, 0.210542224186
2620044.0, 15355660.0, 1, 0.206370036782
3978912.0, 3401668.0, 1, 0.176919095585
3666626.0, 4010626.0, 1, 0.142870792178
4146592.0, 2557762.0, 1, 0.133741175756
2911616.0, 10709706.0, 1, 0.12787545261
2552778.0, 16724692.0, 1, 0.120525706576
2931800.0, 9033356.0, 1, 0.116487228076
2398982.0, 17552796.0, 1, 0.10016844208
4425044.0, 2549432.0, 1, 0.0981806812621
2708848.0, 11374202.0, 1, 0.0874018521817
3004136.0, 9030198.0, 1, 0.0799208670324
3029654.0, 8025666.0, 1, 0.0797821505278
2590462.0, 15611076.0, 1, 0.0551337599539
2710608.0, 10796588.0, 1, 0.0476358279206
2369348.0, 17808138.0, 1, 0.045887147998
2776722.0, 10795458.0, 1, 0.0419468551755
2330402.0, 18094754.0, 1, 0.0408339444099
2589002.0, 16158518.0, 1, 0.0403349728326
2589002.0, 16158518.0, 1, 0.0351609569708
2620044.0, 15355660.0, 1, 0.0248326142878
2330402.0, 18094754.0, 1, 0.0179308735575
3111134.0, 8006310.0, 1, 0.0168118701292
3101228.0, 8022508.0, 1, 0.0160258099364
2911616.0, 10709706.0, 1, 0.0089595281383
2931800.0, 9033356.0, 1, 0.0038689869646
2710608.0, 10796588.0, 1, 0.000390040710639
2620044.0, 15355660.0, 1, 0.0
2620044.0, 15355660.0, 1, 0.0
2620044.0, 15355660.0, 1, 0.0
2710608.0, 10796588.0, 1, 0.0
2330402.0, 18094754.0, 1, 0.0
8476412.0, 2431158.0, 2, inf
2367888.0, 18355602.0, 2, inf
2472876.0, 18942846.0, 2, inf
5003136.0, 2545070.0, 2, 0.617761717693
3737262.0, 4017692.0, 2, 0.508628765758
4746912.0, 2550396.0, 2, 0.296417389985
3166456.0, 8020548.0, 2, 0.265198941298
2662876.0, 15607762.0, 2, 0.230789976526
3534958.0, 12663202.0, 2, 0.218906414888
3004424.0, 14553320.0, 2, 0.185881635997
2995674.0, 9601300.0, 2, 0.144310164276
3440644.0, 8021498.0, 2, 0.142703474378
3663632.0, 17548702.0, 2, 0.123861295233
3041792.0, 10461330.0, 2, 0.12233696016
2774516.0, 11364856.0, 2, 0.114836754414
3180552.0, 9782848.0, 2, 0.0969722639911
2774516.0, 11364856.0, 2, 0.0729964903215
2367888.0, 18355602.0, 2, 0.0527524828914
3467458.0, 18314482.0, 2, 0.0469497794099
3625076.0, 17835318.0, 2, 0.0353315216573
3625076.0, 17835318.0, 2, 0.0321111979887
3663632.0, 17548702.0, 2, 0.0294120189399
3565908.0, 14899746.0, 3, inf
4070262.0, 15774096.0, 3, inf
8707042.0, 2590982.0, 3, inf
5728536.0, 2608692.0, 3, 0.670845754003
5106484.0, 12973674.0, 3, 0.398460758968
5295994.0, 4447546.0, 3, 0.370114845485
3585664.0, 9957712.0, 3, 0.289530200404
4248114.0, 7603104.0, 3, 0.279360195349
4927798.0, 14803228.0, 3, 0.203872745661
5082066.0, 3974106.0, 3, 0.168220970015
3752866.0, 8393694.0, 3, 0.134495265726
4785056.0, 8020554.0, 3, 0.12683808093
4479358.0, 7871482.0, 3, 0.110949961447
5240958.0, 2688064.0, 3, 0.108257248402
4109170.0, 15406422.0, 3, 0.0952614537798
4072698.0, 9263212.0, 3, 0.0774548065739
3860086.0, 9364382.0, 3, 0.0629778622952
4221472.0, 9636170.0, 3, 0.054211933674
4377444.0, 9433046.0, 3, 0.0483432763999
4322438.0, 9599316.0, 3, 0.0405638208813
5240958.0, 2688064.0, 3, 0.0321772183774
3792512.0, 9315020.0, 3, 0.0285295321403
9900570.0, 19762732.0, 4, inf
4678120.0, 9594830.0, 4, inf
5868208.0, 2814952.0, 4, inf
12925338.0, 3999176.0, 4, inf
7561322.0, 17593782.0, 4, 0.291242955338
10868844.0, 9448558.0, 4, 0.19882446107
6202098.0, 10776576.0, 4, 0.192728324232
8375428.0, 15092518.0, 4, 0.188749084631
6949910.0, 12552686.0, 4, 0.165481522336
12088804.0, 3006158.0, 4, 0.164159917079
11853792.0, 2966670.0, 4, 0.159205888721
5620430.0, 7109968.0, 4, 0.145556526021
9059024.0, 13071636.0, 4, 0.137778780097
6985480.0, 14365460.0, 4, 0.131208083146
9976844.0, 4368598.0, 4, 0.121870479114
5433470.0, 4899148.0, 4, 0.120633768961
7651716.0, 7611952.0, 4, 0.119778088751
Generacion: 259
8383304.0, 2415896.0, 1, inf
2328942.0, 18642252.0, 1, inf
7025754.0, 2417478.0, 1, 0.470521970665
5553966.0, 2467816.0, 1, 0.437691790938
4425044.0, 2549432.0, 1, 0.328042850595
3198266.0, 3569640.0, 1, 0.312857755851
2671740.0, 11517034.0, 1, 0.295925559623
3178926.0, 8000998.0, 1, 0.284293529339
2620044.0, 15355660.0, 1, 0.261574390474
3843816.0, 3207366.0, 1, 0.228933591769
2466980.0, 16741298.0, 1, 0.179556838618
3293530.0, 3231608.0, 1, 0.128951872841
2521342.0, 15358350.0, 1, 0.110675887643
2359984.0, 17839446.0, 1, 0.105969575697
2893498.0, 9769524.0, 1, 0.09832269805
2776722.0, 10795458.0, 1, 0.0935040075342
3029654.0, 8025666.0, 1, 0.0770271610105
3004136.0, 9030198.0, 1, 0.0672626567793
2710608.0, 10796588.0, 1, 0.0553198013783
2330402.0, 18094754.0, 1, 0.0546026460841
2930040.0, 9610948.0, 1, 0.051695006096
2931800.0, 9033356.0, 1, 0.0468885719525
3111134.0, 8006310.0, 1, 0.0152706058365
3094848.0, 8023446.0, 1, 0.0146509395528
2997880.0, 9031936.0, 1, 0.0121423710468
2710608.0, 10796588.0, 1, 0.00648947395104
3178926.0, 8000998.0, 1, 0.00352175971939
2710608.0, 10796588.0, 1, 0.0
2367888.0, 18355602.0, 2, inf
8476412.0, 2431158.0, 2, inf
2472876.0, 18942846.0, 2, inf
5888958.0, 2947622.0, 2, 0.362945698108
3666626.0, 4010626.0, 2, 0.340125817819
3166456.0, 8020548.0, 2, 0.315735164136
2590462.0, 15611076.0, 2, 0.305411870854
4660778.0, 2551744.0, 2, 0.291023333375
8248606.0, 2522908.0, 2, 0.287453982796
6745880.0, 2474672.0, 2, 0.269771396749
3082230.0, 11517916.0, 2, 0.256120112422
4260816.0, 3209118.0, 2, 0.227127198132
2911616.0, 10709706.0, 2, 0.143011342015
6634644.0, 2543296.0, 2, 0.142029387443
2995674.0, 9601300.0, 2, 0.127376118641
2552778.0, 16724692.0, 2, 0.104703137163
3666626.0, 4010626.0, 2, 0.101637498573
3222434.0, 8948132.0, 2, 0.0898623634652
3342290.0, 9034188.0, 2, 0.0730964789534
2774516.0, 11364856.0, 2, 0.0682505918535
2552778.0, 16724692.0, 2, 0.0473696967334
3120396.0, 9035308.0, 2, 0.042009811845
2737820.0, 11515610.0, 2, 0.0392792327634
2589002.0, 16158518.0, 2, 0.0390848914696
2589002.0, 16158518.0, 2, 0.0345282967487
3070250.0, 9029038.0, 2, 0.0193815310577
3119642.0, 11366858.0, 2, 0.00913232522981
3119642.0, 11366858.0, 2, 0.00624580388554
2589002.0, 16158518.0, 2, 0.0
12484448.0, 4004556.0, 3, inf
3725190.0, 18485946.0, 3, inf
2775676.0, 16742624.0, 3, inf
12390596.0, 2848418.0, 3, inf
8723118.0, 3506980.0, 3, 0.312177033915
10620132.0, 3548314.0, 3, 0.307344618752
6221658.0, 8485970.0, 3, 0.226261004713
4786642.0, 6304654.0, 3, 0.225257996541
11398130.0, 3499998.0, 3, 0.187086542844
7619274.0, 3381726.0, 3, 0.174273387859
3484384.0, 14790046.0, 3, 0.172850418978
3811978.0, 12927324.0, 3, 0.142830631115
7394098.0, 4372296.0, 3, 0.128834770352
5323258.0, 15790706.0, 3, 0.12431545134
5648862.0, 9212498.0, 3, 0.121190305843
6548990.0, 4657950.0, 3, 0.108246504545
3534958.0, 12663202.0, 3, 0.107420080058
3361026.0, 9685656.0, 3, 0.0989519206293
4736258.0, 5131970.0, 3, 0.0957303498684
3581470.0, 11403912.0, 3, 0.0923421804731
4840860.0, 10669976.0, 3, 0.090983093582
4144472.0, 16234024.0, 3, 0.0805982233909
3885136.0, 15350132.0, 3, 0.0771427503404
3625076.0, 17835318.0, 3, 0.0707780676774
4724424.0, 17179948.0, 3, 0.0586038130357
4561796.0, 9375596.0, 3, 0.0578429649472
5984194.0, 16308784.0, 3, 0.0572940871681
4990688.0, 4622858.0, 3, 0.0538232787211
3772890.0, 9960034.0, 3, 0.0520581794077
3752198.0, 11054136.0, 3, 0.0493172877892
3869122.0, 17610636.0, 3, 0.0466497081711
6375536.0, 4907880.0, 3, 0.0450714548663
5981174.0, 3433024.0, 3, 0.0421024183321
3996810.0, 9952200.0, 3, 0.039774063505
4100942.0, 11364348.0, 3, 0.0375768622579
4657496.0, 4265194.0, 3, 0.0364479031879
4566414.0, 4555988.0, 3, 0.0239878154202
4706204.0, 9546324.0, 3, 0.0231715163586
6402276.0, 4593266.0, 3, 0.0221419505201
4691962.0, 4718078.0, 3, 0.0209996115554
3839120.0, 9321408.0, 3, 0.0163157206876
7077828.0, 17959012.0, 4, inf
13339044.0, 17858418.0, 4, inf
Generacion: 260
2330402.0, 18094754.0, 1, inf
2330402.0, 18094754.0, 1, inf
8383304.0, 2415896.0, 1, inf
6924934.0, 2547248.0, 1, 0.62366296427
4660778.0, 2551744.0, 1, 0.461232930556
3149268.0, 3567154.0, 1, 0.401167949595
2620044.0, 15355660.0, 1, 0.326918114755
2710608.0, 10796588.0, 1, 0.313056890567
3111134.0, 8006310.0, 1, 0.293213725088
3822488.0, 3559078.0, 1, 0.227594650283
4275518.0, 2916060.0, 1, 0.202741818367
2498570.0, 16747974.0, 1, 0.155477616093
2590462.0, 15611076.0, 1, 0.108870724065
2398982.0, 17552796.0, 1, 0.0889661926007
2845458.0, 10712794.0, 1, 0.0813360598786
3029654.0, 8025666.0, 1, 0.0791973294542
3004136.0, 9030198.0, 1, 0.0760198383653
2872928.0, 9786840.0, 1, 0.0680985960809
2931800.0, 9033356.0, 1, 0.0589035407369
2893498.0, 9769524.0, 1, 0.0503512793588
2369348.0, 17808138.0, 1, 0.0247254415206
2710608.0, 10796588.0, 1, 0.0203064736894
2359984.0, 17839446.0, 1, 0.0178306104529
3094848.0, 8023446.0, 1, 0.0146958403037
2845458.0, 10712794.0, 1, 0.00988271331794
2893498.0, 9769524.0, 1, 0.00743229097454
2359984.0, 17839446.0, 1, 0.00688407162186
2931800.0, 9033356.0, 1, 0.00652929153415
3004136.0, 9030198.0, 1, 0.0044172467662
2710608.0, 10796588.0, 1, 0.0
2931800.0, 9033356.0, 1, 0.0
5359180.0, 2804312.0, 2, inf
2361980.0, 18101034.0, 2, inf
2840140.0, 18938568.0, 2, inf
5359180.0, 2804312.0, 2, inf
5347236.0, 3659608.0, 2, 0.947579972605
3342290.0, 9034188.0, 2, 0.718322671547
2881414.0, 15501576.0, 2, 0.352365957482
3178926.0, 8000998.0, 2, 0.335538851023
3237850.0, 13253128.0, 2, 0.229103992323
2367888.0, 18355602.0, 2, 0.193696583229
3176012.0, 12076290.0, 2, 0.161820432417
3121228.0, 10797460.0, 2, 0.136015401768
2995674.0, 9601300.0, 2, 0.128031130668
3314622.0, 9808930.0, 2, 0.100154882245
3248634.0, 10713064.0, 2, 0.0868835902831
3150098.0, 8953482.0, 2, 0.0823154333627
3198266.0, 3569640.0, 2, 0.0726708655323
2367888.0, 18355602.0, 2, 0.0177492790082
5608476.0, 2834426.0, 3, inf
12390596.0, 2848418.0, 3, inf
3222434.0, 8948132.0, 3, inf
5434208.0, 18519388.0, 3, inf
11148248.0, 3525136.0, 3, 0.399673350582
8821384.0, 3653512.0, 3, 0.304600665778
3643420.0, 14722248.0, 3, 0.295781364386
4560280.0, 11110604.0, 3, 0.254844310403
8599148.0, 3562668.0, 3, 0.177948888927
7264958.0, 4220988.0, 3, 0.169336356504
4477290.0, 6735390.0, 3, 0.157462022705
4941174.0, 16296144.0, 3, 0.142474784268
5219398.0, 5118816.0, 3, 0.132894060482
6604940.0, 4429044.0, 3, 0.13127715138
4716924.0, 15508070.0, 3, 0.117012165248
7146282.0, 3400042.0, 3, 0.115134602566
4758136.0, 6295428.0, 3, 0.112287667748
3804746.0, 17035606.0, 3, 0.105219060558
3885782.0, 17035236.0, 3, 0.0955615490933
6031526.0, 3979298.0, 3, 0.0900431299461
4311536.0, 9375276.0, 3, 0.0850960632763
3525258.0, 10878686.0, 3, 0.0832774812148
4719922.0, 10195600.0, 3, 0.0647307788366
3414756.0, 9030770.0, 3, 0.0602626659965
4805824.0, 4700770.0, 3, 0.0570249910015
5988150.0, 4440234.0, 3, 0.0530595605408
3735844.0, 6733082.0, 3, 0.039378912804
4411382.0, 9766722.0, 3, 0.0384136867462
5227460.0, 4537524.0, 3, 0.0348569651789
5386684.0, 4288290.0, 3, 0.0341467280028
3867642.0, 9466298.0, 3, 0.0337956197471
3770492.0, 9933892.0, 3, 0.0336778674414
4567108.0, 9785242.0, 3, 0.027743628508
3666626.0, 4010626.0, 3, 0.0189131277085
5418910.0, 4117830.0, 3, 0.0185952904691
10269442.0, 17969606.0, 4, inf
9273768.0, 4385812.0, 4, inf
4538352.0, 7607076.0, 4, inf
14319862.0, 8850156.0, 4, inf
13589466.0, 15312400.0, 4, 0.591010744715
7266374.0, 10918746.0, 4, 0.387440379926
12146846.0, 17570898.0, 4, 0.289400273235
7928752.0, 9478976.0, 4, 0.176821891402
10204138.0, 15929200.0, 4, 0.162251753714
6124594.0, 6907648.0, 4, 0.154954306763
11528938.0, 10135118.0, 4, 0.150053877165
6666614.0, 16899952.0, 4, 0.132917204843
9825550.0, 10888022.0, 4, 0.12089412533
5677620.0, 7004674.0, 4, 0.11320981206
9186106.0, 6076952.0, 4, 0.112919177024
8551136.0, 5359012.0, 4, 0.111717551391
Generacion: 261
2330402.0, 18094754.0, 1, inf
2330402.0, 18094754.0, 1, inf
6598854.0, 2417386.0, 1, inf
2688856.0, 14544364.0, 1, 0.399010853177
6349256.0, 2471570.0, 1, 0.300061777249
3197672.0, 3940842.0, 1, 0.285430232425
3187026.0, 8003152.0, 1, 0.282948641986
2708848.0, 11374202.0, 1, 0.24415244651
3653546.0, 3460414.0, 1, 0.244111187473
5333146.0, 2472814.0, 1, 0.239010510718
2466980.0, 16741298.0, 1, 0.219340797547
4559462.0, 2568108.0, 1, 0.205447826291
5003136.0, 2545070.0, 1, 0.186454797878
4146588.0, 3225660.0, 1, 0.169116360462
4226520.0, 2913560.0, 1, 0.138669624277
3198266.0, 3569640.0, 1, 0.137445464044
2807700.0, 9788770.0, 1, 0.102435842948
3029654.0, 8025666.0, 1, 0.0870231527314
5331758.0, 2481512.0, 1, 0.081922679689
3004136.0, 9030198.0, 1, 0.0716300731942
2428796.0, 17027890.0, 1, 0.0676927530538
2710608.0, 10796588.0, 1, 0.0646972252889
2398982.0, 17552796.0, 1, 0.0636963656759
2930040.0, 9610948.0, 1, 0.0618542478248
2710608.0, 10796588.0, 1, 0.0595902315931
2931800.0, 9033356.0, 1, 0.0523234309111
2872928.0, 9786840.0, 1, 0.0400040371875
3101228.0, 8022508.0, 1, 0.0383047181739
2369348.0, 17808138.0, 1, 0.0274206524191
2359984.0, 17839446.0, 1, 0.0274063012853
2997880.0, 9031936.0, 1, 0.0171480957563
2931800.0, 9033356.0, 1, 0.000502903895116
2330402.0, 18094754.0, 1, 0.0
2710608.0, 10796588.0, 1, 0.0
2931800.0, 9033356.0, 1, 0.0
2931800.0, 9033356.0, 1, 0.0
5032234.0, 2546234.0, 2, inf
2361980.0, 18101034.0, 2, inf
3000944.0, 19107528.0, 2, inf
4047962.0, 3587222.0, 2, 0.457974491521
4443074.0, 10197844.0, 2, 0.42237004828
3150098.0, 8953482.0, 2, 0.385188724335
3643420.0, 14722248.0, 2, 0.272684896023
2510276.0, 17011454.0, 2, 0.265999080474
4057480.0, 12598708.0, 2, 0.213663537298
3338490.0, 15786508.0, 2, 0.21324460787
3867642.0, 9466298.0, 2, 0.183318094325
2810486.0, 11025466.0, 2, 0.172147496982
3488088.0, 9236404.0, 2, 0.138290100717
3625076.0, 17835318.0, 2, 0.123961997957
2844848.0, 12774922.0, 2, 0.117811404502
3287770.0, 11686918.0, 2, 0.117147316705
2947700.0, 9763362.0, 2, 0.102400949034
2845458.0, 10712794.0, 2, 0.0884909530825
3199938.0, 18434262.0, 2, 0.0852947401614
3082230.0, 11517916.0, 2, 0.0601762941879
2430540.0, 18379838.0, 2, 0.0580733950671
2840140.0, 18938568.0, 2, 0.0535214215251
3082230.0, 11517916.0, 2, 0.035620946102
2367888.0, 18355602.0, 2, 0.0249263487036
2367888.0, 18355602.0, 2, 0.0175837862588
2844848.0, 12774922.0, 2, 0.0124032387616
2622630.0, 17017764.0, 3, inf
7094620.0, 2671792.0, 3, inf
11589950.0, 2731930.0, 3, inf
7390456.0, 18758892.0, 3, inf
4177052.0, 5379052.0, 3, 0.357658316675
5213166.0, 9798282.0, 3, 0.351093031999
6706136.0, 12238374.0, 3, 0.280091062928
4916258.0, 14790712.0, 3, 0.253364960353
6672594.0, 15618110.0, 3, 0.208449355016
2896732.0, 10946654.0, 3, 0.190882143071
3660826.0, 18429786.0, 3, 0.145879203291
6064522.0, 2946612.0, 3, 0.127233421981
4805824.0, 4700770.0, 3, 0.0983042974488
5538646.0, 3911700.0, 3, 0.092858830063
5193886.0, 17787914.0, 3, 0.0870013015645
6692344.0, 11006530.0, 3, 0.0840358629146
5980690.0, 3609874.0, 3, 0.0810437469719
4484618.0, 3754532.0, 3, 0.0743581084568
4251548.0, 17260940.0, 3, 0.0662164139001
5788130.0, 3811726.0, 3, 0.0590648111728
3663632.0, 17548702.0, 3, 0.0578437529789
3885782.0, 17035236.0, 3, 0.0465113999723
5359180.0, 2804312.0, 3, 0.0455175783379
5205290.0, 4536032.0, 3, 0.0431934739649
3885782.0, 17035236.0, 3, 0.0258593755048
5250144.0, 4571970.0, 3, 0.0201656778231
5250144.0, 4571970.0, 3, 0.00635760392115
14222456.0, 3924544.0, 4, inf
8628716.0, 2812040.0, 4, inf
4758136.0, 6295428.0, 4, inf
12233688.0, 20029516.0, 4, inf
12044370.0, 17903560.0, 4, 0.517962187354
11887184.0, 11741874.0, 4, 0.502636113811
10237724.0, 11685658.0, 4, 0.223512468768
5118738.0, 7959132.0, 4, 0.211620668769
10705196.0, 5582366.0, 4, 0.191584586935
9157060.0, 10074418.0, 4, 0.183035785223
6189112.0, 6284538.0, 4, 0.167990742677
Generacion: 262
8198806.0, 2439566.0, 1, inf
2328942.0, 18642252.0, 1, inf
4929820.0, 2499956.0, 1, 0.60570057995
2708848.0, 11374202.0, 1, 0.30506852111
2662876.0, 15607762.0, 1, 0.281660516085
3109740.0, 3943170.0, 1, 0.268343287207
3101228.0, 8022508.0, 1, 0.26560773662
3748920.0, 3223908.0, 1, 0.201889265116
4226520.0, 2913560.0, 1, 0.178560082352
3266428.0, 3534550.0, 1, 0.138159394263
2552778.0, 16724692.0, 1, 0.0893945081682
2807700.0, 9788770.0, 1, 0.0832728198684
2398982.0, 17552796.0, 1, 0.0824761573199
4559462.0, 2568108.0, 1, 0.080464897268
2931800.0, 9033356.0, 1, 0.0802828401865
3004136.0, 9030198.0, 1, 0.0788633483324
2776722.0, 10795458.0, 1, 0.078741432643
3029654.0, 8025666.0, 1, 0.0787335327183
2583112.0, 15613428.0, 1, 0.075150242976
4681268.0, 2544022.0, 1, 0.0648773638583
2466980.0, 16741298.0, 1, 0.0647008580508
3197672.0, 3940842.0, 1, 0.0519129091598
2807700.0, 9788770.0, 1, 0.0519002283487
2710608.0, 10796588.0, 1, 0.0469125677708
2330402.0, 18094754.0, 1, 0.0404254769826
2369348.0, 17808138.0, 1, 0.022737911299
2369348.0, 17808138.0, 1, 0.0223941456342
4571720.0, 2562674.0, 1, 0.0222376206775
2330402.0, 18094754.0, 1, 0.0179381408103
2590462.0, 15611076.0, 1, 0.0139384256116
2466980.0, 16741298.0, 1, 0.0126091465618
2710608.0, 10796588.0, 1, 0.000369578112162
2330402.0, 18094754.0, 1, 0.0
2330402.0, 18094754.0, 1, 0.0
2710608.0, 10796588.0, 1, 0.0
2330402.0, 18094754.0, 1, 0.0
2607538.0, 19123364.0, 2, inf
2367888.0, 18355602.0, 2, inf
6293936.0, 2677990.0, 2, inf
5003136.0, 2545070.0, 2, inf
2606628.0, 17614730.0, 2, 0.483810824162
2815636.0, 11083852.0, 2, 0.476924037733
3738026.0, 5795184.0, 2, 0.413402873695
5453108.0, 2847954.0, 2, 0.361813821496
4146588.0, 3225660.0, 2, 0.343616627713
3250500.0, 7997292.0, 2, 0.321511265228
3822488.0, 3559078.0, 2, 0.259057713546
3222434.0, 8948132.0, 2, 0.110023577192
2947700.0, 9763362.0, 2, 0.106257354787
3063854.0, 18092654.0, 2, 0.0950101101769
3199938.0, 18434262.0, 2, 0.0857478170399
2367888.0, 18355602.0, 2, 0.0655539996695
2845458.0, 10712794.0, 2, 0.0648655175719
3000944.0, 19107528.0, 2, 0.0554929932824
2845458.0, 10712794.0, 2, 0.0484241220879
3002376.0, 9607790.0, 2, 0.0401552067368
3002376.0, 9607790.0, 2, 0.0250430814182
2845458.0, 10712794.0, 2, 0.0
3002376.0, 9607790.0, 2, 0.0
11784298.0, 2700274.0, 3, inf
3462816.0, 20519526.0, 3, inf
2967664.0, 10084162.0, 3, inf
13181458.0, 3081530.0, 3, inf
9797336.0, 3790994.0, 3, 0.252670500929
11027984.0, 3952124.0, 3, 0.204251662427
7498718.0, 8740324.0, 3, 0.201204180531
3651264.0, 13114754.0, 3, 0.187792977197
8488716.0, 2842572.0, 3, 0.180023175853
3885136.0, 15350132.0, 3, 0.166651157815
6378564.0, 15802062.0, 3, 0.136454962295
3807948.0, 18537714.0, 3, 0.133168278798
6604672.0, 9605966.0, 3, 0.131345534573
4538352.0, 7607076.0, 3, 0.11943502074
4694608.0, 6081626.0, 3, 0.111360195996
7925714.0, 6903542.0, 3, 0.105176069924
3823164.0, 5011746.0, 3, 0.104218864096
5142098.0, 9631980.0, 3, 0.0800950701148
4803644.0, 9237722.0, 3, 0.0786370981365
8177148.0, 3532522.0, 3, 0.0760806076736
3292596.0, 16743542.0, 3, 0.0727618570989
4713778.0, 12066172.0, 3, 0.069786153526
4326018.0, 8951970.0, 3, 0.0670392330318
3625076.0, 17835318.0, 3, 0.0636355166206
5788130.0, 3811726.0, 3, 0.0616363971559
4493662.0, 17624620.0, 3, 0.0584504260232
4464824.0, 4359188.0, 3, 0.0580105801953
3660826.0, 18429786.0, 3, 0.054758246985
3213484.0, 10718928.0, 3, 0.0515126719204
7888852.0, 11436870.0, 3, 0.0505498425655
5527908.0, 3739400.0, 3, 0.0477843229733
4384592.0, 11362104.0, 3, 0.0475946441205
3984970.0, 10194988.0, 3, 0.0470287002964
6383166.0, 4066298.0, 3, 0.0449815697787
3461132.0, 16922054.0, 3, 0.0430553882963
3267240.0, 10792988.0, 3, 0.0423485356492
4443074.0, 10197844.0, 3, 0.0372582892063
3082230.0, 11517916.0, 3, 0.0348874351017
8088728.0, 11629674.0, 3, 0.0341013376353
5347622.0, 3814064.0, 3, 0.0320093974034
5762246.0, 10129002.0, 3, 0.0316969591865
Generacion: 263
7025754.0, 2417478.0, 1, inf
2330402.0, 18094754.0, 1, inf
2330402.0, 18094754.0, 1, inf
5024716.0, 2483588.0, 1, 0.507392415152
2708848.0, 11374202.0, 1, 0.317054188566
2662876.0, 15607762.0, 1, 0.295469196189
3109740.0, 3943170.0, 1, 0.280895874828
3101228.0, 8022508.0, 1, 0.263438545603
3748920.0, 3223908.0, 1, 0.187505086173
4681268.0, 2544022.0, 1, 0.168849348688
4352952.0, 2887738.0, 1, 0.151909371096
4073668.0, 2896836.0, 1, 0.150087806638
3293530.0, 3231608.0, 1, 0.122574289278
2930040.0, 9610948.0, 1, 0.0896172199471
2911616.0, 10709706.0, 1, 0.0882969855888
2589002.0, 16158518.0, 1, 0.0790595782303
3029654.0, 8025666.0, 1, 0.0779604673356
2449122.0, 17012570.0, 1, 0.0662446727564
2710608.0, 10796588.0, 1, 0.0655639197622
3004136.0, 9030198.0, 1, 0.0644505111065
2552778.0, 16724692.0, 1, 0.0543872740668
3002376.0, 9607790.0, 1, 0.0528247755123
2590462.0, 15611076.0, 1, 0.0503419451191
3197672.0, 3940842.0, 1, 0.0426801700383
3004136.0, 9030198.0, 1, 0.0422773612655
3266428.0, 3534550.0, 1, 0.0418509097938
2398982.0, 17552796.0, 1, 0.0407705230813
3198266.0, 3569640.0, 1, 0.0405593994081
2466980.0, 16741298.0, 1, 0.0355764806611
2845458.0, 10712794.0, 1, 0.0289168644958
2398982.0, 17552796.0, 1, 0.0269660414513
2369348.0, 17808138.0, 1, 0.0245936056117
2369348.0, 17808138.0, 1, 0.0245819816407
2845458.0, 10712794.0, 1, 0.0194350380746
3094848.0, 8023446.0, 1, 0.0154450236274
2552778.0, 16724692.0, 1, 0.00877410368857
2710608.0, 10796588.0, 1, 0.00571977242464
3029654.0, 8025666.0, 1, 0.00557634254256
2466980.0, 16741298.0, 1, 0.00486257586275
2590462.0, 15611076.0, 1, 0.000522334567646
2845458.0, 10712794.0, 1, 0.0
2845458.0, 10712794.0, 1, 0.0
3004136.0, 9030198.0, 1, 0.0
3029654.0, 8025666.0, 1, 0.0
2552778.0, 16724692.0, 1, 0.0
2971142.0, 19306056.0, 2, inf
2510276.0, 17011454.0, 2, inf
4954020.0, 2634854.0, 2, inf
8702750.0, 2694508.0, 2, inf
5296008.0, 3211492.0, 2, 0.593784168802
8488716.0, 2842572.0, 2, 0.581152919312
3433050.0, 8025034.0, 2, 0.353412279201
3293724.0, 4012454.0, 2, 0.277507402942
3489458.0, 15610026.0, 2, 0.194978255529
4373748.0, 12939572.0, 2, 0.192741419407
2909480.0, 14545984.0, 2, 0.17642207185
3112102.0, 11507954.0, 2, 0.132873889127
4298434.0, 9377312.0, 2, 0.13219649359
3213484.0, 10718928.0, 2, 0.112304145001
3932022.0, 16748072.0, 2, 0.111394877797
2975590.0, 19113554.0, 2, 0.107318986012
4741620.0, 3989196.0, 2, 0.103900205165
3822488.0, 3559078.0, 2, 0.103098755956
4384592.0, 11362104.0, 2, 0.0981514418109
2947700.0, 9763362.0, 2, 0.0904326322038
2618626.0, 17896408.0, 2, 0.078517824011
2626644.0, 17072008.0, 2, 0.0610636602388
4859586.0, 3461874.0, 2, 0.0542993376247
4146588.0, 3225660.0, 2, 0.0536273116897
4059352.0, 17858454.0, 2, 0.05154556159
3213694.0, 17609776.0, 2, 0.0455121256965
2847144.0, 16920620.0, 2, 0.0327130721558
2606628.0, 17614730.0, 2, 0.0324136664964
2774516.0, 11364856.0, 2, 0.0240443840603
4319514.0, 16829434.0, 2, 0.022512246216
2774516.0, 11364856.0, 2, 0.0203119745954
12925338.0, 3999176.0, 3, inf
6463090.0, 19319820.0, 3, inf
3853076.0, 5377300.0, 3, inf
11784298.0, 2700274.0, 3, inf
6642986.0, 15873726.0, 3, 0.384186843036
8103306.0, 10976870.0, 3, 0.373230833479
6151746.0, 8710196.0, 3, 0.232170802597
9797336.0, 3790994.0, 3, 0.185226977621
8574076.0, 4568014.0, 3, 0.140517716355
10822136.0, 4376546.0, 3, 0.135348733006
7421924.0, 18536682.0, 3, 0.115905216217
6854196.0, 16924894.0, 3, 0.115480746135
11353490.0, 17487436.0, 3, 0.10916557881
5779840.0, 10214740.0, 3, 0.104520288146
7236208.0, 17357684.0, 3, 0.093516687807
6880596.0, 9308572.0, 3, 0.0905565469977
5114240.0, 5020828.0, 3, 0.0879312495493
9265434.0, 4747228.0, 3, 0.0870530058148
9254750.0, 3611662.0, 3, 0.0867779418794
4418568.0, 5187612.0, 3, 0.0861771597402
7839996.0, 3465130.0, 3, 0.0825900642289
5984546.0, 9841898.0, 3, 0.076121901278
4678120.0, 9594830.0, 3, 0.0733873760394
10914802.0, 3928926.0, 3, 0.0700400268486
Generacion: 264
5327260.0, 2501688.0, 1, inf
2328942.0, 18642252.0, 1, inf
4634754.0, 2563272.0, 1, 0.342972944792
4310860.0, 2565974.0, 1, 0.336373813643
3109740.0, 3943170.0, 1, 0.333152153893
3101228.0, 8022508.0, 1, 0.276609640124
2688856.0, 14544364.0, 1, 0.276291971085
3266428.0, 3534550.0, 1, 0.257741905974
2708848.0, 11374202.0, 1, 0.239450833374
3748920.0, 3223908.0, 1, 0.206664456285
3748920.0, 3223908.0, 1, 0.201683653574
2807700.0, 9788770.0, 1, 0.18301430745
2710608.0, 10796588.0, 1, 0.131195706527
2931800.0, 9033356.0, 1, 0.112513261
2620044.0, 15355660.0, 1, 0.0989052916177
3029654.0, 8025666.0, 1, 0.0948142986108
3004136.0, 9030198.0, 1, 0.0863620132819
2589002.0, 16158518.0, 1, 0.0815632428859
2552778.0, 16724692.0, 1, 0.0768033623247
2369348.0, 17808138.0, 1, 0.0564502132712
2466980.0, 16741298.0, 1, 0.0524070670787
2428796.0, 17027890.0, 1, 0.0501927911614
2330402.0, 18094754.0, 1, 0.0469099064972
2590462.0, 15611076.0, 1, 0.0437833526352
2398982.0, 17552796.0, 1, 0.0424044619546
2449122.0, 17012570.0, 1, 0.0304911491903
2398982.0, 17552796.0, 1, 0.0257634683136
2330402.0, 18094754.0, 1, 0.0182444356361
2590462.0, 15611076.0, 1, 0.0163114176821
3004136.0, 9030198.0, 1, 0.00870642781814
3101228.0, 8022508.0, 1, 0.0030345811361
2398982.0, 17552796.0, 1, 0.0
2398982.0, 17552796.0, 1, 0.0
5480016.0, 3286504.0, 2, inf
2367888.0, 18355602.0, 2, inf
2607538.0, 19123364.0, 2, inf
4651050.0, 2569516.0, 2, inf
4729492.0, 3497400.0, 2, 0.290710844606
3933786.0, 5019448.0, 2, 0.290172645951
3176174.0, 8000694.0, 2, 0.239901324623
4216324.0, 4043214.0, 2, 0.225835387678
2752820.0, 11747728.0, 2, 0.206375719408
3709618.0, 3689500.0, 2, 0.203969040248
3348852.0, 3762526.0, 2, 0.191964666642
2606680.0, 16746040.0, 2, 0.189932641859
2770336.0, 14527648.0, 2, 0.177590159583
3002376.0, 9607790.0, 2, 0.175572956436
2503966.0, 18200964.0, 2, 0.173961386207
3166456.0, 8020548.0, 2, 0.152928315369
4052068.0, 5018760.0, 2, 0.123354264947
2947700.0, 9763362.0, 2, 0.117173540888
2662876.0, 15607762.0, 2, 0.111501329408
2788046.0, 11435048.0, 2, 0.0866577075519
2845458.0, 10712794.0, 2, 0.0764833424761
2692510.0, 15352242.0, 2, 0.0762552667732
2845458.0, 10712794.0, 2, 0.0758019845111
4134148.0, 4029790.0, 2, 0.0697353777193
2699650.0, 19025294.0, 2, 0.0657586925195
2760508.0, 14541050.0, 2, 0.0554411322232
2607538.0, 19123364.0, 2, 0.00619999791448
3873152.0, 19195922.0, 3, inf
2809000.0, 15507082.0, 3, inf
13185008.0, 3930636.0, 3, inf
6262094.0, 2597348.0, 3, inf
9140376.0, 4195040.0, 3, 0.520624675696
8154774.0, 4854722.0, 3, 0.202091454897
3582356.0, 13251570.0, 3, 0.185464635516
4118644.0, 7067748.0, 3, 0.159482364844
7054688.0, 2817622.0, 3, 0.15600214306
4907556.0, 5829678.0, 3, 0.154509525808
6956604.0, 3278896.0, 3, 0.134522554707
4322918.0, 12035384.0, 3, 0.122933261857
2985676.0, 17614770.0, 3, 0.115410932217
5311968.0, 14555194.0, 3, 0.104683800211
3294568.0, 11432788.0, 3, 0.100683077643
2846306.0, 14524334.0, 3, 0.0955656707176
3016694.0, 10086280.0, 3, 0.0949796046894
3092342.0, 16243066.0, 3, 0.0909850072981
3429472.0, 16915578.0, 3, 0.0856080057856
4601360.0, 9470890.0, 3, 0.0723779484592
4309848.0, 8673488.0, 3, 0.0720631868652
5619210.0, 8501208.0, 3, 0.0656617963224
3440644.0, 8021498.0, 3, 0.0647198719216
5815218.0, 4002540.0, 3, 0.0591027641615
4781346.0, 5351950.0, 3, 0.0511662270237
4678120.0, 9594830.0, 3, 0.0449083691088
4181352.0, 9928380.0, 3, 0.0442613848146
3052750.0, 17430358.0, 3, 0.0440266955475
3504648.0, 8021746.0, 3, 0.0425583364631
4157804.0, 11475184.0, 3, 0.0421642506662
4474960.0, 5347422.0, 3, 0.0366658267907
6962140.0, 4597266.0, 3, 0.0343149763553
5393296.0, 4844870.0, 3, 0.0339791080963
4503070.0, 4671214.0, 3, 0.0264696823651
5667190.0, 5021386.0, 3, 0.0236837741766
5814126.0, 5031540.0, 3, 0.0206568659014
3228408.0, 11435832.0, 3, 0.0197311288749
5804692.0, 4862810.0, 3, 0.0190060042
3116340.0, 17552836.0, 3, 0.0171456747207
5379426.0, 4935140.0, 3, 0.016240942052
Generacion: 265
2367888.0, 18355602.0, 1, inf
2367888.0, 18355602.0, 1, inf
7745364.0, 2456430.0, 1, inf
6651776.0, 2496716.0, 1, 0.547312944383
4507746.0, 2496996.0, 1, 0.469705713422
3109740.0, 3943170.0, 1, 0.375437954829
2708848.0, 11374202.0, 1, 0.289899560329
3101228.0, 8022508.0, 1, 0.269885461429
2692510.0, 15352242.0, 1, 0.269181157144
7449694.0, 2493406.0, 1, 0.196169200759
3748920.0, 3223908.0, 1, 0.182788787011
4146592.0, 2557762.0, 1, 0.168144671382
3004136.0, 9030198.0, 1, 0.118232766773
3843816.0, 3207366.0, 1, 0.115849579272
2807700.0, 9788770.0, 1, 0.0862432752939
2776722.0, 10795458.0, 1, 0.0814433915455
3029654.0, 8025666.0, 1, 0.0764913651828
2930040.0, 9610948.0, 1, 0.0670752484845
2449122.0, 17012570.0, 1, 0.0636852337884
7704746.0, 2491024.0, 1, 0.0573086997906
2552778.0, 16724692.0, 1, 0.0538747744282
2590462.0, 15611076.0, 1, 0.0534090402062
2710608.0, 10796588.0, 1, 0.0486244319615
3109740.0, 3943170.0, 1, 0.0468218583566
2589002.0, 16158518.0, 1, 0.0411683533114
2369348.0, 17808138.0, 1, 0.0399442550393
2398982.0, 17552796.0, 1, 0.0394890112065
2589002.0, 16158518.0, 1, 0.0358817849341
2893498.0, 9769524.0, 1, 0.0339348062267
2466980.0, 16741298.0, 1, 0.0258541886563
2398982.0, 17552796.0, 1, 0.0253841585655
2692510.0, 15352242.0, 1, 0.019317944042
2491168.0, 16725824.0, 1, 0.0169995257899
2590462.0, 15611076.0, 1, 0.0165512185373
2369348.0, 17808138.0, 1, 0.0163315844582
3029654.0, 8025666.0, 1, 0.004943975629
3101228.0, 8022508.0, 1, 0.00178152543861
2710608.0, 10796588.0, 1, 0.000398363976986
2590462.0, 15611076.0, 1, 0.0
2710608.0, 10796588.0, 1, 0.0
2710608.0, 10796588.0, 1, 0.0
3101228.0, 8022508.0, 1, 0.0
2367888.0, 18355602.0, 1, 0.0
2398982.0, 17552796.0, 1, 0.0
2590462.0, 15611076.0, 1, 0.0
2590462.0, 15611076.0, 1, 0.0
2503966.0, 18200964.0, 2, inf
3977462.0, 20025468.0, 2, inf
5327260.0, 2501688.0, 2, inf
4600856.0, 9177358.0, 2, 0.376543826424
3213146.0, 4019520.0, 2, 0.341195486659
4686800.0, 2569572.0, 2, 0.325700459888
3692154.0, 12506580.0, 2, 0.240508286151
3305862.0, 14487332.0, 2, 0.181590205955
4210144.0, 3700506.0, 2, 0.180404692952
2873300.0, 17018654.0, 2, 0.160620039751
2607538.0, 19123364.0, 2, 0.159884084144
4384592.0, 11362104.0, 2, 0.136347618574
3506654.0, 16748104.0, 2, 0.131514716137
3279250.0, 10498226.0, 2, 0.125170647187
4266330.0, 11746064.0, 2, 0.111610717466
3334210.0, 15355272.0, 2, 0.111610570292
4500346.0, 9460698.0, 2, 0.108942109483
3065498.0, 9744116.0, 2, 0.106829247803
3744028.0, 11633512.0, 2, 0.102807025665
3160082.0, 16057150.0, 2, 0.0979447305949
3932300.0, 3937982.0, 2, 0.0936951779558
3019928.0, 16239256.0, 2, 0.0874760132831
2775676.0, 16742624.0, 2, 0.0738894351853
2661416.0, 16155204.0, 2, 0.0699457762878
3957160.0, 15347598.0, 2, 0.0655254769126
2788046.0, 11435048.0, 2, 0.0500660322272
3025630.0, 16825552.0, 2, 0.0315797413092
7320644.0, 3438536.0, 3, inf
4503972.0, 4536358.0, 3, inf
12103566.0, 3848698.0, 3, inf
7535264.0, 18155332.0, 3, inf
10879078.0, 16922792.0, 3, 0.402485428238
5760136.0, 5908296.0, 3, 0.325704798893
5070074.0, 9630130.0, 3, 0.318465732929
5311968.0, 14555194.0, 3, 0.300304489219
9320814.0, 4510408.0, 3, 0.289050705447
7354226.0, 11948526.0, 3, 0.205710860981
6325618.0, 15578436.0, 3, 0.202140792602
12103566.0, 3848698.0, 3, 0.171075033731
9819490.0, 3457694.0, 3, 0.157599366157
6021604.0, 10209848.0, 3, 0.15005841006
6591124.0, 3702272.0, 3, 0.145126439031
6166236.0, 11943406.0, 3, 0.139640417747
7248294.0, 4447798.0, 3, 0.126959086206
4990228.0, 17078564.0, 3, 0.1043769314
9712964.0, 3499686.0, 3, 0.0822377391782
4903136.0, 5115556.0, 3, 0.0820770195402
5477820.0, 3985450.0, 3, 0.0700747688514
4907556.0, 5829678.0, 3, 0.0552066790376
6277538.0, 4043928.0, 3, 0.0473479896064
4651766.0, 4690052.0, 3, 0.0439025820455
6204544.0, 4793138.0, 3, 0.0410921498339
5990532.0, 4499626.0, 3, 0.0386598449377
6184980.0, 9972034.0, 3, 0.0352886837956
Generacion: 266
2367888.0, 18355602.0, 1, inf
2367888.0, 18355602.0, 1, inf
5271006.0, 2475908.0, 1, inf
3109740.0, 3943170.0, 1, 0.525286859903
4539858.0, 2579814.0, 1, 0.505383749405
2692510.0, 15352242.0, 1, 0.309471180509
3748920.0, 3223908.0, 1, 0.299193946812
3101228.0, 8022508.0, 1, 0.262078940931
5180658.0, 2494386.0, 1, 0.258392543747
2708848.0, 11374202.0, 1, 0.251117369193
3843816.0, 3207366.0, 1, 0.240798410696
2930040.0, 9610948.0, 1, 0.187228085121
2521342.0, 15358350.0, 1, 0.15585298252
2710608.0, 10796588.0, 1, 0.111959318553
3029654.0, 8025666.0, 1, 0.0946451074986
2491168.0, 16725824.0, 1, 0.0944463632871
2710608.0, 10796588.0, 1, 0.0752701519857
3843816.0, 3207366.0, 1, 0.0722067632245
3004136.0, 9030198.0, 1, 0.0654138260524
2398982.0, 17552796.0, 1, 0.0613105196073
2369348.0, 17808138.0, 1, 0.0612660614596
2466980.0, 16741298.0, 1, 0.0594346055039
2931800.0, 9033356.0, 1, 0.0591347271896
2708848.0, 11374202.0, 1, 0.0420021208089
2398982.0, 17552796.0, 1, 0.0395021839677
2997880.0, 9031936.0, 1, 0.0251155289028
3094848.0, 8023446.0, 1, 0.0248530524895
2466980.0, 16741298.0, 1, 0.0243968551118
2491168.0, 16725824.0, 1, 0.0113681046442
3004136.0, 9030198.0, 1, 0.00889930768296
2692510.0, 15352242.0, 1, 0.00601238448274
2931800.0, 9033356.0, 1, 0.000695667112148
2710608.0, 10796588.0, 1, 0.0
2735914.0, 18349680.0, 2, inf
2503966.0, 18200964.0, 2, inf
6651776.0, 2496716.0, 2, inf
4907556.0, 5829678.0, 2, 0.30295528458
5902284.0, 3429558.0, 2, 0.271890659065
4624564.0, 8496416.0, 2, 0.252442968415
3176174.0, 8000694.0, 2, 0.21903176446
6222348.0, 3585334.0, 2, 0.217910455116
4130134.0, 9031350.0, 2, 0.183611195097
5379426.0, 4935140.0, 2, 0.182023688598
3290330.0, 12695912.0, 2, 0.171267041271
2552778.0, 16724692.0, 2, 0.156197441991
3838568.0, 5793450.0, 2, 0.153879847817
5303656.0, 5471692.0, 2, 0.150374253708
3305862.0, 14487332.0, 2, 0.141394225158
3397270.0, 11842582.0, 2, 0.132070537627
3976482.0, 10393610.0, 2, 0.129875903719
3431882.0, 9742852.0, 2, 0.116206445212
2815636.0, 11083852.0, 2, 0.109397666653
2881414.0, 15501576.0, 2, 0.0999060930355
2709182.0, 14528704.0, 2, 0.0815870040372
5320948.0, 4325816.0, 2, 0.0760244938664
3002376.0, 9607790.0, 2, 0.0643798541862
3213146.0, 4019520.0, 2, 0.0634912404774
2772820.0, 16055360.0, 2, 0.0627581648363
3245782.0, 9780996.0, 2, 0.0576718067591
2590462.0, 15611076.0, 2, 0.0513228607131
4036386.0, 4989560.0, 2, 0.0503067488606
4044760.0, 9595470.0, 2, 0.0488813087906
3287458.0, 9191182.0, 2, 0.0463246382883
2806766.0, 16000586.0, 2, 0.0383478512173
2662876.0, 15607762.0, 2, 0.0355295589084
2947700.0, 9763362.0, 2, 0.0315689710004
2622040.0, 15617306.0, 3, inf
13515782.0, 4666200.0, 3, inf
3664168.0, 18357784.0, 3, inf
7099460.0, 2805884.0, 3, inf
10831690.0, 8457282.0, 3, 0.233752182756
9223596.0, 5346954.0, 3, 0.198215524196
6048490.0, 13261446.0, 3, 0.189969569008
12795262.0, 10127164.0, 3, 0.169181843864
10359992.0, 12753524.0, 3, 0.158658433826
11954594.0, 3889332.0, 3, 0.153203541293
9137764.0, 6825976.0, 3, 0.147386736021
6555340.0, 17831596.0, 3, 0.143455121537
4693802.0, 11457792.0, 3, 0.134218502766
5652650.0, 9392440.0, 3, 0.122802105419
11385054.0, 11984512.0, 3, 0.113506153868
6805712.0, 10414862.0, 3, 0.108340621191
7754158.0, 14505574.0, 3, 0.102921073361
5526796.0, 6726102.0, 3, 0.0975724970229
6845828.0, 3589710.0, 3, 0.0966314393017
8501064.0, 4697262.0, 3, 0.093725392597
2919610.0, 16923230.0, 3, 0.0856633357272
5114432.0, 6076898.0, 3, 0.0837453429247
8682672.0, 6035038.0, 3, 0.0771909863151
8830654.0, 12839866.0, 3, 0.0744353477863
11108680.0, 3959104.0, 3, 0.0730340432743
7354226.0, 11948526.0, 3, 0.0714559821178
3066146.0, 16690596.0, 3, 0.0706289310871
4567108.0, 9785242.0, 3, 0.0676901296588
3885136.0, 15350132.0, 3, 0.0669778352697
5098570.0, 14649464.0, 3, 0.0661561512484
8138504.0, 9622318.0, 3, 0.0659432368176
3476178.0, 15507750.0, 3, 0.065211855992
7791186.0, 4235168.0, 3, 0.0634115422636
4072294.0, 16245846.0, 3, 0.0629634487951
Generacion: 267
5271006.0, 2475908.0, 1, inf
2359984.0, 17839446.0, 1, inf
3109740.0, 3943170.0, 1, 0.418197102634
4312468.0, 2570766.0, 1, 0.402006117713
3843816.0, 3207366.0, 1, 0.352739827554
4890978.0, 2557750.0, 1, 0.335453086957
3407714.0, 3215066.0, 1, 0.30006410526
3101228.0, 8022508.0, 1, 0.270697524142
2671740.0, 11517034.0, 1, 0.238696352535
2613712.0, 14539322.0, 1, 0.205206657652
2589002.0, 16158518.0, 1, 0.163176095915
2613712.0, 14539322.0, 1, 0.125326023013
2776722.0, 10795458.0, 1, 0.121484148883
3004136.0, 9030198.0, 1, 0.0902331631783
3029654.0, 8025666.0, 1, 0.0877797292983
2466980.0, 16741298.0, 1, 0.0854948404429
2872928.0, 9786840.0, 1, 0.0727163594608
2552778.0, 16724692.0, 1, 0.0705336070185
2398982.0, 17552796.0, 1, 0.0629996645563
2931800.0, 9033356.0, 1, 0.0624439911789
2930040.0, 9610948.0, 1, 0.0610741454695
2710608.0, 10796588.0, 1, 0.0603080294694
2708848.0, 11374202.0, 1, 0.0503438313287
2398982.0, 17552796.0, 1, 0.0399788065306
2872928.0, 9786840.0, 1, 0.0341759583832
2893498.0, 9769524.0, 1, 0.0310678915267
3094848.0, 8023446.0, 1, 0.0247927927938
2491168.0, 16725824.0, 1, 0.0221715781948
2369348.0, 17808138.0, 1, 0.0198367395864
2369348.0, 17808138.0, 1, 0.0122177417986
2708848.0, 11374202.0, 1, 0.00990141557793
3004136.0, 9030198.0, 1, 0.0089715451358
3029654.0, 8025666.0, 1, 0.00891049149047
2491168.0, 16725824.0, 1, 0.00838279025448
2931800.0, 9033356.0, 1, 0.000810150271727
2710608.0, 10796588.0, 1, 0.000678149426609
2369348.0, 17808138.0, 1, 0.0
2708848.0, 11374202.0, 1, 0.0
2708848.0, 11374202.0, 1, 0.0
3004136.0, 9030198.0, 1, 0.0
3004136.0, 9030198.0, 1, 0.0
3004136.0, 9030198.0, 1, 0.0
3004136.0, 9030198.0, 1, 0.0
2661416.0, 16155204.0, 2, inf
4800718.0, 2576402.0, 2, inf
4800718.0, 2576402.0, 2, inf
2735914.0, 18349680.0, 2, inf
3176174.0, 8000694.0, 2, 0.35588199245
4244338.0, 4409568.0, 2, 0.340812829511
4679604.0, 3234514.0, 2, 0.244048587831
3940402.0, 9034232.0, 2, 0.227669032329
3556370.0, 11623198.0, 2, 0.222646490841
3737262.0, 4017692.0, 2, 0.217033645006
4474104.0, 11497768.0, 2, 0.183734104898
3469692.0, 13559032.0, 2, 0.165879338161
4130960.0, 11351604.0, 2, 0.160611964177
3078634.0, 10790666.0, 2, 0.155245841938
2947700.0, 9763362.0, 2, 0.153719845557
3334226.0, 15616918.0, 2, 0.149395347174
3023152.0, 17809310.0, 2, 0.123860336351
4319854.0, 11376280.0, 2, 0.116668879233
3523684.0, 13562794.0, 2, 0.102985389201
3861300.0, 11621898.0, 2, 0.102908261978
2815636.0, 11083852.0, 2, 0.101441047608
3397286.0, 16891808.0, 2, 0.101192922844
3217228.0, 18283234.0, 2, 0.0910471893655
2688856.0, 14544364.0, 2, 0.0877041594034
2680928.0, 14554532.0, 2, 0.0771338575859
3340704.0, 9603552.0, 2, 0.0658395422767
2806766.0, 16000586.0, 2, 0.0618407867622
2669312.0, 16730566.0, 2, 0.0554158647212
3431882.0, 9742852.0, 2, 0.0437086288904
2661416.0, 16155204.0, 2, 0.0401679322621
2734046.0, 16004552.0, 2, 0.0317994223619
3212738.0, 16885430.0, 2, 0.0294128502413
3002376.0, 9607790.0, 2, 0.0258265511362
3002376.0, 9607790.0, 2, 0.0182742884897
3773536.0, 5379886.0, 3, inf
10799968.0, 3505508.0, 3, inf
11108680.0, 3959104.0, 3, inf
4475956.0, 16883128.0, 3, inf
6228004.0, 6133630.0, 3, 0.299492876911
8920424.0, 10088940.0, 3, 0.249849358824
10264362.0, 4715190.0, 3, 0.232052517947
6086660.0, 14740176.0, 3, 0.221940261472
5887496.0, 8494256.0, 3, 0.216215243708
4373748.0, 12939572.0, 3, 0.209667879853
5428194.0, 14535104.0, 3, 0.181530916593
6805712.0, 10414862.0, 3, 0.17961053005
8789272.0, 11673488.0, 3, 0.151168985127
3948480.0, 5799140.0, 3, 0.138170541658
8354388.0, 9625122.0, 3, 0.132758464632
7639630.0, 5025308.0, 3, 0.129017661558
4743476.0, 8501820.0, 3, 0.124244043279
7043592.0, 3964286.0, 3, 0.116138231925
4734972.0, 12692242.0, 3, 0.101306301284
7984056.0, 11004256.0, 3, 0.10074871991
5165100.0, 4338206.0, 3, 0.0979210283353
10565414.0, 4615606.0, 3, 0.0777544785254
5722220.0, 11490632.0, 3, 0.0740524873697
Generacion: 268
7295740.0, 2431702.0, 1, inf
2328942.0, 18642252.0, 1, inf
4402816.0, 2552114.0, 1, 0.623348847558
3407714.0, 3215066.0, 1, 0.549967848762
3295582.0, 7853624.0, 1, 0.345015790113
2620044.0, 15355660.0, 1, 0.231981373494
4402816.0, 2552114.0, 1, 0.20777881165
2466980.0, 16741298.0, 1, 0.20176337624
2669980.0, 12094682.0, 1, 0.20151828641
2620044.0, 15355660.0, 1, 0.0955315062766
2776722.0, 10795458.0, 1, 0.0817187079954
2807700.0, 9788770.0, 1, 0.0752335994774
3029654.0, 8025666.0, 1, 0.0750937542152
2369348.0, 17808138.0, 1, 0.0736527314522
3004136.0, 9030198.0, 1, 0.0632273565884
2330402.0, 18094754.0, 1, 0.0595902303602
2930040.0, 9610948.0, 1, 0.0531245028518
2671740.0, 11517034.0, 1, 0.0522706947502
3166456.0, 8020548.0, 1, 0.0495487967324
2710608.0, 10796588.0, 1, 0.0489431720448
2931800.0, 9033356.0, 1, 0.0489349694473
2669980.0, 12094682.0, 1, 0.0456880401388
2708848.0, 11374202.0, 1, 0.0431031922429
2369348.0, 17808138.0, 1, 0.0373377611876
2893498.0, 9769524.0, 1, 0.0223492210081
2872928.0, 9786840.0, 1, 0.0184615598291
2997880.0, 9031936.0, 1, 0.0147587215929
3101228.0, 8022508.0, 1, 0.013190670644
3094848.0, 8023446.0, 1, 0.0131838251875
2708848.0, 11374202.0, 1, 0.00916540510774
2807700.0, 9788770.0, 1, 0.00635607455053
3029654.0, 8025666.0, 1, 0.00527466434446
3004136.0, 9030198.0, 1, 0.00524493062167
3094848.0, 8023446.0, 1, 0.00142147764349
3101228.0, 8022508.0, 1, 0.00140543870588
2931800.0, 9033356.0, 1, 0.000441950320581
2710608.0, 10796588.0, 1, 0.000424060736329
2931800.0, 9033356.0, 1, 0.0
2931800.0, 9033356.0, 1, 0.0
3029654.0, 8025666.0, 1, 0.0
2620044.0, 15355660.0, 1, 0.0
2708848.0, 11374202.0, 1, 0.0
2708848.0, 11374202.0, 1, 0.0
2708848.0, 11374202.0, 1, 0.0
2710608.0, 10796588.0, 1, 0.0
2710608.0, 10796588.0, 1, 0.0
5425094.0, 2799206.0, 2, inf
3065270.0, 19108808.0, 2, inf
2474376.0, 18092762.0, 2, inf
4158250.0, 7598128.0, 2, 0.355945795228
5028024.0, 4679700.0, 2, 0.247941093886
4913646.0, 3210324.0, 2, 0.236524541699
2875180.0, 14117162.0, 2, 0.188646847688
4634642.0, 9415496.0, 2, 0.180361429968
4196222.0, 5488208.0, 2, 0.17478874942
3786530.0, 11364028.0, 2, 0.17037332674
4418568.0, 5187612.0, 2, 0.156982267556
3030758.0, 17547842.0, 2, 0.138056391321
2661416.0, 16155204.0, 2, 0.13344915776
3397286.0, 16891808.0, 2, 0.132111835016
3070250.0, 9029038.0, 2, 0.130987911699
2806766.0, 16000586.0, 2, 0.130552238651
3469692.0, 13559032.0, 2, 0.127141386378
4237894.0, 12651862.0, 2, 0.126262698712
2771878.0, 11804758.0, 2, 0.103606555268
3668840.0, 10146496.0, 2, 0.0977255547518
3646874.0, 10800926.0, 2, 0.0879828096398
3550470.0, 9465950.0, 2, 0.0712617007545
4992342.0, 4862180.0, 2, 0.0699046692618
4284692.0, 9225764.0, 2, 0.0668749005351
3301768.0, 9768260.0, 2, 0.0618609277808
3160082.0, 16057150.0, 2, 0.0486772023197
3785952.0, 16150588.0, 2, 0.0458972488506
2815636.0, 11083852.0, 2, 0.0437474184609
2734046.0, 16004552.0, 2, 0.0409037753474
4255474.0, 14112882.0, 2, 0.0380532330275
3439638.0, 9609482.0, 2, 0.0349530355399
3245782.0, 9780996.0, 2, 0.0319347899029
3211120.0, 9788062.0, 2, 0.0304862179235
3650480.0, 9955860.0, 2, 0.0294211596523
3187462.0, 9260788.0, 2, 0.0269360367826
4251406.0, 11028672.0, 2, 0.0233050763744
4262714.0, 9258284.0, 2, 0.0120494433735
3068044.0, 9598402.0, 2, 0.0104881848171
6705914.0, 3242480.0, 3, inf
12117212.0, 17636312.0, 3, inf
4723210.0, 21077828.0, 3, inf
4351314.0, 16991630.0, 3, inf
11989458.0, 14592244.0, 3, 0.328630835501
5934926.0, 5817438.0, 3, 0.277691359327
6299338.0, 18175648.0, 3, 0.266783690769
10689980.0, 10069026.0, 3, 0.240467006793
4783476.0, 8023358.0, 3, 0.215098255451
4799206.0, 12126382.0, 3, 0.185823650223
7876950.0, 4372234.0, 3, 0.181731038225
4454602.0, 15880294.0, 3, 0.164064623396
9343490.0, 17678340.0, 3, 0.156332546695
8802044.0, 5520872.0, 3, 0.156138218793
7049162.0, 3420876.0, 3, 0.147741259366
6526530.0, 9479256.0, 3, 0.133634903698
Generacion: 269
2328942.0, 18642252.0, 1, inf
7271426.0, 2471098.0, 1, inf
3348258.0, 4133720.0, 1, 0.39602296308
6262094.0, 2597348.0, 1, 0.333865752265
2708848.0, 11374202.0, 1, 0.300249779999
3748920.0, 3223908.0, 1, 0.286201158649
3250500.0, 7997292.0, 1, 0.273945204513
2620044.0, 15355660.0, 1, 0.252192663044
4382750.0, 2890238.0, 1, 0.246471262721
5725268.0, 2811268.0, 1, 0.208600604259
4847604.0, 2832932.0, 1, 0.172827637494
2398982.0, 17552796.0, 1, 0.111329170042
5297866.0, 2815834.0, 1, 0.103683942742
5219180.0, 2832104.0, 1, 0.092157660266
2466980.0, 16741298.0, 1, 0.082325860748
2776722.0, 10795458.0, 1, 0.0756287562634
2807700.0, 9788770.0, 1, 0.0754494941757
3029654.0, 8025666.0, 1, 0.0753092912252
3004136.0, 9030198.0, 1, 0.0633845181759
2552778.0, 16724692.0, 1, 0.0607266399466
2590462.0, 15611076.0, 1, 0.0559281866135
2710608.0, 10796588.0, 1, 0.0490954612369
2931800.0, 9033356.0, 1, 0.0490872216578
2330402.0, 18094754.0, 1, 0.0477320721967
2930040.0, 9610948.0, 1, 0.0472727494207
2589002.0, 16158518.0, 1, 0.0411821034753
2872928.0, 9786840.0, 1, 0.0357489824427
2589002.0, 16158518.0, 1, 0.0353067521906
2330402.0, 18094754.0, 1, 0.0338092709348
2620044.0, 15355660.0, 1, 0.0337620273476
3176174.0, 8000694.0, 1, 0.0287552218425
3111134.0, 8006310.0, 1, 0.0165125754367
3094848.0, 8023446.0, 1, 0.0146766682374
2997880.0, 9031936.0, 1, 0.0134772707538
2930040.0, 9610948.0, 1, 0.0112329947039
2807700.0, 9788770.0, 1, 0.00638704690657
2776722.0, 10795458.0, 1, 0.00633757610195
3029654.0, 8025666.0, 1, 0.00530027239994
3004136.0, 9030198.0, 1, 0.00527046624015
3101228.0, 8022508.0, 1, 0.00229250900951
3101228.0, 8022508.0, 1, 0.00206225986856
2997880.0, 9031936.0, 1, 0.00135357097201
2931800.0, 9033356.0, 1, 0.00044390692454
2710608.0, 10796588.0, 1, 0.000425973757865
3029654.0, 8025666.0, 1, 0.0
3029654.0, 8025666.0, 1, 0.0
2330402.0, 18094754.0, 1, 0.0
2620044.0, 15355660.0, 1, 0.0
2710608.0, 10796588.0, 1, 0.0
2710608.0, 10796588.0, 1, 0.0
2931800.0, 9033356.0, 1, 0.0
2931800.0, 9033356.0, 1, 0.0
3004136.0, 9030198.0, 1, 0.0
3029654.0, 8025666.0, 1, 0.0
7945770.0, 2531000.0, 2, inf
2856790.0, 18538706.0, 2, inf
2806766.0, 16000586.0, 2, inf
4692970.0, 10124588.0, 2, 0.680132332787
4006950.0, 3488428.0, 2, 0.386175734475
3250830.0, 7997796.0, 2, 0.3016729254
4109170.0, 15406422.0, 2, 0.165091326136
2875180.0, 14117162.0, 2, 0.160709077383
3110342.0, 12085602.0, 2, 0.143185475748
3244944.0, 16909248.0, 2, 0.128100858398
2896598.0, 14534186.0, 2, 0.096520099284
4573532.0, 10869360.0, 2, 0.0904687818925
4384592.0, 11362104.0, 2, 0.0865952510081
3341074.0, 16239924.0, 2, 0.0752443937756
3070250.0, 9029038.0, 2, 0.0741736490337
3751508.0, 11370000.0, 2, 0.0737010470526
3845900.0, 8415096.0, 2, 0.0575712125
3647562.0, 8141650.0, 2, 0.0512640819428
2834788.0, 10506968.0, 2, 0.0503926842392
2813836.0, 11964086.0, 2, 0.0501564022181
3846858.0, 16748874.0, 2, 0.0472874437329
3121228.0, 10797460.0, 2, 0.0470211424087
3529030.0, 9315610.0, 2, 0.04684468476
3454736.0, 9798154.0, 2, 0.044899725434
3879634.0, 9637284.0, 2, 0.0409268823615
4678120.0, 9594830.0, 2, 0.0377946526669
4394470.0, 9597094.0, 2, 0.0375754892186
3834582.0, 8145694.0, 2, 0.0354499093457
3397286.0, 16891808.0, 2, 0.0321360651944
2957302.0, 9764258.0, 2, 0.0306329008524
3002376.0, 9607790.0, 2, 0.0244892437507
3512348.0, 8018080.0, 2, 0.0234434338309
3114872.0, 9266138.0, 2, 0.0197118170803
4678120.0, 9594830.0, 2, 0.0030310968841
3119642.0, 11366858.0, 2, 0.00173007797106
12117212.0, 17636312.0, 3, inf
8604824.0, 3723750.0, 3, inf
4050798.0, 3937294.0, 3, inf
7010148.0, 17884334.0, 3, inf
10592136.0, 8482732.0, 3, 0.396929137069
4130256.0, 4258798.0, 3, 0.358247486317
10119426.0, 12010818.0, 3, 0.30918688048
4351314.0, 16991630.0, 3, 0.295022222912
10719120.0, 14166014.0, 3, 0.276412266657
6259800.0, 13678926.0, 3, 0.258034546346
5077126.0, 3758130.0, 3, 0.191958271225
Generacion: 270
2328942.0, 18642252.0, 1, inf
2328942.0, 18642252.0, 1, inf
6632364.0, 2471886.0, 1, inf
6262094.0, 2597348.0, 1, 0.31641158657
4243502.0, 3242340.0, 1, 0.315605843014
5155572.0, 2808116.0, 1, 0.286341999289
3176174.0, 8000694.0, 1, 0.270254006739
5359180.0, 2804312.0, 1, 0.270160286483
3213146.0, 4019520.0, 1, 0.265054745445
2669980.0, 12094682.0, 1, 0.249399229264
3969316.0, 3454150.0, 1, 0.240061788151
2620044.0, 15355660.0, 1, 0.23636967713
3348852.0, 3762526.0, 1, 0.200415398228
2521342.0, 15358350.0, 1, 0.127903959418
2510276.0, 17011454.0, 1, 0.124752101455
2807700.0, 9788770.0, 1, 0.0847301668423
2776722.0, 10795458.0, 1, 0.0776182379639
3029654.0, 8025666.0, 1, 0.0772711242918
3004136.0, 9030198.0, 1, 0.0635755118234
2398982.0, 17552796.0, 1, 0.0620658445062
2428796.0, 17027890.0, 1, 0.0593391561491
2330402.0, 18094754.0, 1, 0.056860071989
2671740.0, 11517034.0, 1, 0.0535874598469
2710608.0, 10796588.0, 1, 0.0515625077131
2931800.0, 9033356.0, 1, 0.0510743887376
2930040.0, 9610948.0, 1, 0.0489904657573
3225810.0, 3901172.0, 1, 0.0474273387307
2708848.0, 11374202.0, 1, 0.044343432504
2369348.0, 17808138.0, 1, 0.0267889620757
2359984.0, 17839446.0, 1, 0.0267747760569
2872928.0, 9786840.0, 1, 0.0260346684835
3111134.0, 8006310.0, 1, 0.0187644537737
3094848.0, 8023446.0, 1, 0.0168271759143
2997880.0, 9031936.0, 1, 0.015462702521
2872928.0, 9786840.0, 1, 0.0133906531123
2930040.0, 9610948.0, 1, 0.0112864053571
2708848.0, 11374202.0, 1, 0.00924192473124
2776722.0, 10795458.0, 1, 0.00726833833039
3029654.0, 8025666.0, 1, 0.00606698783961
3004136.0, 9030198.0, 1, 0.00603718022734
3101228.0, 8022508.0, 1, 0.00248425003188
3101228.0, 8022508.0, 1, 0.00235989639984
2997880.0, 9031936.0, 1, 0.00154154178215
2931800.0, 9033356.0, 1, 0.000496791813404
3029654.0, 8025666.0, 1, 0.0
3029654.0, 8025666.0, 1, 0.0
2776722.0, 10795458.0, 1, 0.0
2931800.0, 9033356.0, 1, 0.0
2997880.0, 9031936.0, 1, 0.0
3004136.0, 9030198.0, 1, 0.0
3029654.0, 8025666.0, 1, 0.0
5725268.0, 2811268.0, 2, inf
2618626.0, 17896408.0, 2, inf
2552778.0, 16724692.0, 2, inf
5297866.0, 2815834.0, 2, 0.396064686104
4606096.0, 9597364.0, 2, 0.31376282303
3749360.0, 5033754.0, 2, 0.298135649855
2876640.0, 13557660.0, 2, 0.218866065889
3250500.0, 7997292.0, 2, 0.198205432135
2709182.0, 14528704.0, 2, 0.190422594277
4438036.0, 3464314.0, 2, 0.171711641453
3224656.0, 11560736.0, 2, 0.164918737455
3647562.0, 8141650.0, 2, 0.148649608607
3084398.0, 16053864.0, 2, 0.138933879126
4130256.0, 4258798.0, 2, 0.129881601308
4199514.0, 8644820.0, 2, 0.12741476427
3973420.0, 9598160.0, 2, 0.0980121439685
3807168.0, 9636318.0, 2, 0.0806504793615
4117528.0, 9782134.0, 2, 0.078512278352
4364806.0, 8949284.0, 2, 0.0755188453362
3413170.0, 9600134.0, 2, 0.0747559045749
2767034.0, 17546822.0, 2, 0.0734467258066
2834788.0, 10506968.0, 2, 0.0716556831481
3182900.0, 11079574.0, 2, 0.0712842857271
3116636.0, 10197850.0, 2, 0.0672519092015
3244944.0, 16909248.0, 2, 0.0626456110512
2904958.0, 10484236.0, 2, 0.0580122422359
3267556.0, 17706540.0, 2, 0.0572275742243
2774516.0, 11364856.0, 2, 0.0532531486769
3019928.0, 16239256.0, 2, 0.0525013248095
3150098.0, 8953482.0, 2, 0.0517700655155
2687886.0, 16164696.0, 2, 0.0408338506782
3358534.0, 9759234.0, 2, 0.0387716547488
2552778.0, 16724692.0, 2, 0.0329902276837
2995674.0, 9601300.0, 2, 0.0312146295082
3411060.0, 8948438.0, 2, 0.0288431156376
3385696.0, 9759012.0, 2, 0.024704862069
3178926.0, 8000998.0, 2, 0.0199090623979
3150098.0, 8953482.0, 2, 0.0108258380863
3019928.0, 16239256.0, 2, 0.0104751751491
3002376.0, 9607790.0, 2, 0.00996645626937
3250500.0, 7997292.0, 2, 0.00562189091105
10537694.0, 19777116.0, 3, inf
2703008.0, 16746486.0, 3, inf
6360318.0, 2895706.0, 3, inf
12438948.0, 3296646.0, 3, inf
4574596.0, 8023088.0, 3, 0.442000774864
10437340.0, 9682666.0, 3, 0.313472314538
8124764.0, 3625372.0, 3, 0.281675823148
6202770.0, 13181318.0, 3, 0.261807374516
Generacion: 271
2328942.0, 18642252.0, 1, inf
7603602.0, 2427624.0, 1, inf
2328942.0, 18642252.0, 1, inf
4857172.0, 2571960.0, 1, 0.391836813154
4807352.0, 3531746.0, 1, 0.360947813008
6535572.0, 2490912.0, 1, 0.342722815955
3266428.0, 3534550.0, 1, 0.322621216075
2669980.0, 12094682.0, 1, 0.298339948628
3225810.0, 3901172.0, 1, 0.292550055761
3176174.0, 8000694.0, 1, 0.265159271293
2620044.0, 15355660.0, 1, 0.233479519487
6632364.0, 2471886.0, 1, 0.206386335503
2428796.0, 17027890.0, 1, 0.134954056652
2552778.0, 16724692.0, 1, 0.100028710274
2583112.0, 15613428.0, 1, 0.0971845795755
2710608.0, 10796588.0, 1, 0.0925912383913
2807700.0, 9788770.0, 1, 0.0854111841763
2776722.0, 10795458.0, 1, 0.0746194415668
3029654.0, 8025666.0, 1, 0.0743120563857
3004136.0, 9030198.0, 1, 0.0631382556099
2931800.0, 9033356.0, 1, 0.0481494838174
2930040.0, 9610948.0, 1, 0.0425495020176
2510276.0, 17011454.0, 1, 0.0422042530944
2893498.0, 9769524.0, 1, 0.0341606761095
3094848.0, 8023446.0, 1, 0.0134166722918
3111134.0, 8006310.0, 1, 0.0133874760971
2997880.0, 9031936.0, 1, 0.012635008863
2930040.0, 9610948.0, 1, 0.0101134819639
3176174.0, 8000694.0, 1, 0.00975662870739
2710608.0, 10796588.0, 1, 0.00777217714373
2776722.0, 10795458.0, 1, 0.00594267533698
3029654.0, 8025666.0, 1, 0.00497476077766
3004136.0, 9030198.0, 1, 0.00494503453294
3111134.0, 8006310.0, 1, 0.00343394629753
3094848.0, 8023446.0, 1, 0.00322450578492
2997880.0, 9031936.0, 1, 0.00127362325446
2931800.0, 9033356.0, 1, 0.000421246039629
2930040.0, 9610948.0, 1, 0.0
2930040.0, 9610948.0, 1, 0.0
2931800.0, 9033356.0, 1, 0.0
2931800.0, 9033356.0, 1, 0.0
2931800.0, 9033356.0, 1, 0.0
2931800.0, 9033356.0, 1, 0.0
2997880.0, 9031936.0, 1, 0.0
2997880.0, 9031936.0, 1, 0.0
3029654.0, 8025666.0, 1, 0.0
3094848.0, 8023446.0, 1, 0.0
3176174.0, 8000694.0, 1, 0.0
2710608.0, 10796588.0, 1, 0.0
8648444.0, 2602386.0, 2, inf
2589002.0, 16158518.0, 2, inf
3725190.0, 18485946.0, 2, inf
5725268.0, 2811268.0, 2, 0.610036090299
3837754.0, 4137958.0, 2, 0.315737902127
3659930.0, 7980278.0, 2, 0.243931305575
4384592.0, 11362104.0, 2, 0.176548154853
4367678.0, 12685238.0, 2, 0.170140480499
5221528.0, 4027488.0, 2, 0.167170492792
5385034.0, 3737584.0, 2, 0.132771822421
2837828.0, 14549846.0, 2, 0.129845746731
2899212.0, 10798832.0, 2, 0.126742757883
2876640.0, 13557660.0, 2, 0.125902347148
3607878.0, 11521456.0, 2, 0.112048009675
2889394.0, 15352376.0, 2, 0.105004153826
4130430.0, 3887604.0, 2, 0.101098805539
3615878.0, 17605854.0, 2, 0.0985277423284
3320552.0, 9759084.0, 2, 0.0901391704226
2766362.0, 18442792.0, 2, 0.0860246792725
2589002.0, 16158518.0, 2, 0.0769331402369
3429472.0, 16915578.0, 2, 0.0683283728384
3647562.0, 8141650.0, 2, 0.0643462718607
3216222.0, 8950104.0, 2, 0.0603281483815
3228514.0, 16981844.0, 2, 0.0489402122435
3340704.0, 9603552.0, 2, 0.0455345654064
5302044.0, 3810764.0, 2, 0.0364286586388
3440644.0, 8021498.0, 2, 0.0313519147592
3190260.0, 9180252.0, 2, 0.0303469637183
3045846.0, 9321344.0, 2, 0.027674927134
3120396.0, 9035308.0, 2, 0.021961567571
2774516.0, 11364856.0, 2, 0.0218266669066
3045846.0, 9321344.0, 2, 0.0217947350861
3114872.0, 9266138.0, 2, 0.0171585747801
3070250.0, 9029038.0, 2, 0.0167557665715
3250500.0, 7997292.0, 2, 0.013084766143
3661334.0, 7992864.0, 2, 0.0117595452319
3217284.0, 8027618.0, 2, 0.00959312064742
3250500.0, 7997292.0, 2, 0.00370998070314
3653860.0, 7995996.0, 2, 0.0023198908492
4202290.0, 5211646.0, 3, inf
12042910.0, 18730170.0, 3, inf
12647780.0, 4718868.0, 3, inf
9039368.0, 2808220.0, 3, inf
10565942.0, 14261960.0, 3, 0.710408056486
4997392.0, 7995608.0, 3, 0.350441985751
5302734.0, 11538406.0, 3, 0.225274046908
7025522.0, 17187028.0, 3, 0.212403238412
6383454.0, 11368142.0, 3, 0.174718871336
7562602.0, 9806656.0, 3, 0.158193372735
8098150.0, 3426882.0, 3, 0.130076424349
8428598.0, 8716742.0, 3, 0.121188049227
Generacion: 272
2328942.0, 18642252.0, 1, inf
2328942.0, 18642252.0, 1, inf
8064494.0, 2460350.0, 1, inf
3266428.0, 3534550.0, 1, 0.368934153126
2590462.0, 15611076.0, 1, 0.331688460466
6632364.0, 2471886.0, 1, 0.321384494217
3244034.0, 8000558.0, 1, 0.291732120645
2669980.0, 12094682.0, 1, 0.224080801513
6253608.0, 2551850.0, 1, 0.208424177407
3917234.0, 3304880.0, 1, 0.186630120587
5546364.0, 2780618.0, 1, 0.166013460554
4629468.0, 2919242.0, 1, 0.158666614965
5392596.0, 2809062.0, 1, 0.157772094967
4656522.0, 2823130.0, 1, 0.139861073947
3750382.0, 3459078.0, 1, 0.127661781017
2369348.0, 17808138.0, 1, 0.12166368312
2510276.0, 17011454.0, 1, 0.111251520557
2708848.0, 11374202.0, 1, 0.0873024145244
2845458.0, 10712794.0, 1, 0.0837601154515
2893498.0, 9769524.0, 1, 0.0828382217292
2449122.0, 17012570.0, 1, 0.0738039826103
3029654.0, 8025666.0, 1, 0.0734441465605
3004136.0, 9030198.0, 1, 0.0677247355729
2669980.0, 12094682.0, 1, 0.0583878678588
2710608.0, 10796588.0, 1, 0.0472221132259
2931800.0, 9033356.0, 1, 0.0472148257438
2930040.0, 9610948.0, 1, 0.0420648419236
2776722.0, 10795458.0, 1, 0.0286895046067
3111134.0, 8006310.0, 1, 0.0123407926235
3176174.0, 8000694.0, 1, 0.0121785223908
2997880.0, 9031936.0, 1, 0.0116285269267
3094848.0, 8023446.0, 1, 0.0114246138751
3176174.0, 8000694.0, 1, 0.0113482022593
2930040.0, 9610948.0, 1, 0.010106447687
3029654.0, 8025666.0, 1, 0.00458628255887
3101228.0, 8022508.0, 1, 0.00389844338858
3111134.0, 8006310.0, 1, 0.00207417672361
3094848.0, 8023446.0, 1, 0.00124955054075
2997880.0, 9031936.0, 1, 0.00117849305386
2931800.0, 9033356.0, 1, 0.000394610351729
2710608.0, 10796588.0, 1, 0.000376689096242
3029654.0, 8025666.0, 1, 0.0
3094848.0, 8023446.0, 1, 0.0
3094848.0, 8023446.0, 1, 0.0
2930040.0, 9610948.0, 1, 0.0
2931800.0, 9033356.0, 1, 0.0
2931800.0, 9033356.0, 1, 0.0
2931800.0, 9033356.0, 1, 0.0
2931800.0, 9033356.0, 1, 0.0
2997880.0, 9031936.0, 1, 0.0
2429040.0, 19229956.0, 2, inf
2446398.0, 20044772.0, 2, inf
8648444.0, 2602386.0, 2, inf
5770040.0, 2800076.0, 2, 0.678975158875
4732906.0, 3464164.0, 2, 0.280864286928
3837754.0, 4137958.0, 2, 0.266719709655
3659930.0, 7980278.0, 2, 0.227290921352
3855702.0, 18369160.0, 2, 0.178278660693
3498516.0, 16729154.0, 2, 0.174353187123
2876640.0, 13557660.0, 2, 0.163516706297
3629930.0, 15351340.0, 2, 0.143537662472
3082230.0, 11517916.0, 2, 0.126946685905
4470502.0, 13353910.0, 2, 0.108288613791
3218820.0, 9784642.0, 2, 0.107586704914
2735614.0, 12085032.0, 2, 0.0986413751416
2720718.0, 19306076.0, 2, 0.0932169148224
4278354.0, 8498084.0, 2, 0.0866286117611
3666106.0, 16240214.0, 2, 0.0784289814803
4500278.0, 8025310.0, 2, 0.0706899196673
3304672.0, 15608612.0, 2, 0.0671729057241
4070262.0, 15774096.0, 2, 0.0503632384375
4351880.0, 11798606.0, 2, 0.0465969019864
3040370.0, 12070654.0, 2, 0.0436274064182
4142854.0, 9684144.0, 2, 0.0419621645713
3807168.0, 9636318.0, 2, 0.039711693023
4054834.0, 9318424.0, 2, 0.0378915962545
3231482.0, 9472866.0, 2, 0.0318618602704
3117916.0, 9183098.0, 2, 0.0286093050792
3216222.0, 8950104.0, 2, 0.0272483577021
3150098.0, 8953482.0, 2, 0.023167541813
3211732.0, 11796774.0, 2, 0.0218206100674
3045846.0, 9321344.0, 2, 0.0145370778273
3180596.0, 9262160.0, 2, 0.0130332388558
3178926.0, 8000998.0, 2, 0.0074854421815
3045846.0, 9321344.0, 2, 0.0010478785079
3661334.0, 7992864.0, 3, inf
4807352.0, 3531746.0, 3, inf
5092204.0, 18373262.0, 3, inf
12964360.0, 14974774.0, 3, inf
11668970.0, 15448368.0, 3, 0.664372649286
7992416.0, 12226356.0, 3, 0.504605927038
4582152.0, 6632030.0, 3, 0.355143352841
4671790.0, 4334022.0, 3, 0.199904843396
4927330.0, 13506266.0, 3, 0.193662810087
7196714.0, 10411634.0, 3, 0.17909066315
7674652.0, 16903116.0, 3, 0.173130203622
5817468.0, 11065674.0, 3, 0.16124604251
7721952.0, 9568100.0, 3, 0.153647007823
6743420.0, 11015442.0, 3, 0.146911155872
4785056.0, 8020554.0, 3, 0.11505122467
Generacion: 273
2328942.0, 18642252.0, 1, inf
6553702.0, 2426070.0, 1, inf
5350206.0, 2496154.0, 1, 0.402332174313
6444102.0, 2445112.0, 1, 0.289189161858
2620044.0, 15355660.0, 1, 0.272271997849
4772480.0, 2553104.0, 1, 0.25091645497
2669980.0, 12094682.0, 1, 0.248952204203
4371670.0, 2809080.0, 1, 0.231434446233
3570696.0, 6813578.0, 1, 0.2185110077
3972016.0, 3233612.0, 1, 0.187142062411
3750382.0, 3459078.0, 1, 0.180492204783
3682844.0, 5050558.0, 1, 0.17966810032
3250500.0, 7997292.0, 1, 0.15051809634
2482346.0, 15789686.0, 1, 0.142633541662
3659946.0, 6025482.0, 1, 0.135265209296
2449122.0, 17012570.0, 1, 0.128457591222
2916114.0, 10484506.0, 1, 0.109335282945
2930040.0, 9610948.0, 1, 0.0932006457832
2359984.0, 17839446.0, 1, 0.0837617182844
2997880.0, 9031936.0, 1, 0.0776945727758
3029654.0, 8025666.0, 1, 0.0774848567209
2398982.0, 17552796.0, 1, 0.0720897442568
2710608.0, 10796588.0, 1, 0.0600767700463
2931800.0, 9033356.0, 1, 0.0517635322273
2671740.0, 11517034.0, 1, 0.0448441887873
2671740.0, 11517034.0, 1, 0.044821751062
2776722.0, 10795458.0, 1, 0.0348245867642
2776722.0, 10795458.0, 1, 0.0330637470485
3111134.0, 8006310.0, 1, 0.0190849054292
3176174.0, 8000694.0, 1, 0.0164087716155
3244034.0, 8000558.0, 1, 0.0162638546431
3094848.0, 8023446.0, 1, 0.0154892525768
3176174.0, 8000694.0, 1, 0.0154033440311
2710608.0, 10796588.0, 1, 0.00926973271393
3029654.0, 8025666.0, 1, 0.0076578008844
2997880.0, 9031936.0, 1, 0.00760846744697
3101228.0, 8022508.0, 1, 0.00250902372928
3101228.0, 8022508.0, 1, 0.00240259203282
3094848.0, 8023446.0, 1, 0.00164704524384
3244034.0, 8000558.0, 1, 0.00153888782526
2710608.0, 10796588.0, 1, 0.0
2997880.0, 9031936.0, 1, 0.0
2997880.0, 9031936.0, 1, 0.0
3029654.0, 8025666.0, 1, 0.0
3176174.0, 8000694.0, 1, 0.0
6632364.0, 2471886.0, 2, inf
2460078.0, 18488074.0, 2, inf
2460078.0, 18488074.0, 2, inf
6632364.0, 2471886.0, 2, inf
5546364.0, 2780618.0, 2, 0.480494220951
3908358.0, 7493390.0, 2, 0.327957338553
6367252.0, 2555182.0, 2, 0.279565211149
4412908.0, 3832984.0, 2, 0.268775715605
4606096.0, 9597364.0, 2, 0.260455873148
2804228.0, 13561052.0, 2, 0.22494864408
3666106.0, 16240214.0, 2, 0.180304981162
3728574.0, 14550874.0, 2, 0.136827689421
3366536.0, 8004730.0, 2, 0.113820711973
4475574.0, 3490304.0, 2, 0.112009070915
4137276.0, 9542492.0, 2, 0.110139144423
4396986.0, 8504600.0, 2, 0.105119827571
3041792.0, 10461330.0, 2, 0.100498353601
3110342.0, 12085602.0, 2, 0.100333383497
3712054.0, 17030042.0, 2, 0.096641430643
3116340.0, 17552836.0, 2, 0.0858392761866
4221472.0, 9636170.0, 2, 0.0828673387628
3835222.0, 9933820.0, 2, 0.081990001703
3560852.0, 8954314.0, 2, 0.0769089237053
3855702.0, 18369160.0, 2, 0.0759222952731
2735614.0, 12085032.0, 2, 0.0751176535183
3150098.0, 8953482.0, 2, 0.0747826096201
3667302.0, 14521562.0, 2, 0.0728140153623
3119642.0, 11366858.0, 2, 0.0658663472227
3349384.0, 10476252.0, 2, 0.0627296275022
3340704.0, 9603552.0, 2, 0.050187146865
3082230.0, 11517916.0, 2, 0.0434689852047
3145842.0, 11948674.0, 2, 0.0425278042149
3120396.0, 9035308.0, 2, 0.0377657758465
2737820.0, 11515610.0, 2, 0.0258767639669
3120396.0, 9035308.0, 2, 0.00523772485038
12042910.0, 18730170.0, 3, inf
9775294.0, 2549166.0, 3, inf
4131698.0, 7820044.0, 3, inf
5356666.0, 22693074.0, 3, inf
4578546.0, 4361958.0, 3, 0.25994290273
11019146.0, 9486424.0, 3, 0.248936803866
5216558.0, 14506206.0, 3, 0.23843474786
6285466.0, 17832206.0, 3, 0.225762770902
11322756.0, 11760846.0, 3, 0.180786720833
8298298.0, 10750420.0, 3, 0.169490118684
7287964.0, 13670364.0, 3, 0.14947139762
9063480.0, 13376548.0, 3, 0.138441968848
7760370.0, 10323890.0, 3, 0.13545221518
8586748.0, 12095208.0, 3, 0.126520329477
5673142.0, 9788944.0, 3, 0.102203686195
7021526.0, 8455626.0, 3, 0.0955207148084
9024510.0, 12484912.0, 3, 0.0949147463169
6643926.0, 8309114.0, 3, 0.0934242349122
6522106.0, 12793284.0, 3, 0.0758157424916
5937680.0, 8714606.0, 3, 0.0629061843397
Generacion: 274
2328942.0, 18642252.0, 1, inf
8383304.0, 2415896.0, 1, inf
2328942.0, 18642252.0, 1, inf
5894434.0, 2423296.0, 1, 0.430819302355
3644398.0, 5038160.0, 1, 0.332576839499
2669980.0, 12094682.0, 1, 0.245105984693
3315760.0, 7977806.0, 1, 0.236655367081
2620044.0, 15355660.0, 1, 0.206095193148
5451514.0, 2478718.0, 1, 0.19112783691
3933568.0, 3221218.0, 1, 0.184578614473
4544500.0, 2497306.0, 1, 0.162647001785
4641292.0, 2478828.0, 1, 0.150957200162
2916114.0, 10484506.0, 1, 0.14519901363
3656514.0, 3494554.0, 1, 0.120679469994
2931800.0, 9033356.0, 1, 0.100346107732
2398982.0, 17552796.0, 1, 0.0923680541016
3112164.0, 9024930.0, 1, 0.0918619534914
2589002.0, 16158518.0, 1, 0.0910539602301
2710608.0, 10796588.0, 1, 0.0890644624384
2589002.0, 16158518.0, 1, 0.0808642740127
2359984.0, 17839446.0, 1, 0.0787096562397
5784834.0, 2442338.0, 1, 0.0765727259387
3176174.0, 8000694.0, 1, 0.0753981888567
3786628.0, 3461164.0, 1, 0.0626062431726
2620044.0, 15355660.0, 1, 0.0577265759365
2708848.0, 11374202.0, 1, 0.05081957493
2398982.0, 17552796.0, 1, 0.0490513395498
2671740.0, 11517034.0, 1, 0.0417285015208
3250500.0, 7997292.0, 1, 0.0232567052183
3004136.0, 9030198.0, 1, 0.0193080743822
2997880.0, 9031936.0, 1, 0.0121423710468
3315642.0, 7997112.0, 1, 0.0119798910546
3176174.0, 8000694.0, 1, 0.0107822014765
2671740.0, 11517034.0, 1, 0.00909316876564
2931800.0, 9033356.0, 1, 0.00267837123121
2931800.0, 9033356.0, 1, 0.0
2931800.0, 9033356.0, 1, 0.0
2620044.0, 15355660.0, 1, 0.0
2620044.0, 15355660.0, 1, 0.0
6444102.0, 2445112.0, 2, inf
2411032.0, 20040198.0, 2, inf
4702044.0, 2484824.0, 2, 0.448235644013
3972016.0, 3233612.0, 2, 0.384496526642
2688856.0, 14544364.0, 2, 0.302411760959
2767034.0, 17546822.0, 2, 0.247962819078
3682844.0, 5050558.0, 2, 0.236051058784
3659946.0, 6025482.0, 2, 0.236044151058
4660778.0, 2551744.0, 2, 0.223567150465
2835278.0, 12283150.0, 2, 0.202349342994
3316714.0, 16050980.0, 2, 0.198442010685
3402038.0, 7978702.0, 2, 0.19103940372
3041792.0, 10461330.0, 2, 0.120329538049
3216222.0, 8950104.0, 2, 0.0928849168949
3045846.0, 9321344.0, 2, 0.0892487942608
3178926.0, 8000998.0, 2, 0.0789687736509
3074872.0, 11517202.0, 2, 0.0706750451676
2899212.0, 10798832.0, 2, 0.0635505661083
3120396.0, 9035308.0, 2, 0.0421204353753
2896732.0, 10946654.0, 2, 0.0398002626573
2774516.0, 11364856.0, 2, 0.0338011586632
3328342.0, 11220196.0, 2, 0.0301096844993
3342290.0, 9034188.0, 2, 0.0231154169715
3798560.0, 18151524.0, 3, inf
5035348.0, 2509080.0, 3, inf
14049538.0, 3061042.0, 3, inf
3356258.0, 10475764.0, 3, inf
5563074.0, 2810478.0, 3, 0.878263258625
3767212.0, 7416898.0, 3, 0.162815575743
3823990.0, 5077262.0, 3, 0.155295329624
3994660.0, 13968818.0, 3, 0.150136613491
3554206.0, 12340070.0, 3, 0.131913859399
3877790.0, 14558136.0, 3, 0.109206745815
3645134.0, 10948748.0, 3, 0.105318049279
3631606.0, 15612986.0, 3, 0.101987141432
4062378.0, 12084498.0, 3, 0.096688488799
3658060.0, 16020452.0, 3, 0.0943523456635
4757296.0, 4577340.0, 3, 0.0808827655887
3438118.0, 8001336.0, 3, 0.0806415629737
4314856.0, 8627112.0, 3, 0.0793516493558
4367774.0, 16910308.0, 3, 0.0783328354591
4724424.0, 17179948.0, 3, 0.0764949566443
3509148.0, 9860382.0, 3, 0.0626417952341
4210148.0, 3911490.0, 3, 0.0612600890109
4459352.0, 5051198.0, 3, 0.0542464093271
4225208.0, 3461852.0, 3, 0.0536898158131
4054476.0, 9034040.0, 3, 0.0424099890649
3841968.0, 7418568.0, 3, 0.0423935172711
3965308.0, 9191448.0, 3, 0.0410960036477
4702416.0, 9517612.0, 3, 0.0335074028834
4810214.0, 3747712.0, 3, 0.0315238863201
4606096.0, 9597364.0, 3, 0.0277651725621
3432360.0, 9621246.0, 3, 0.0244696552456
4810214.0, 3747712.0, 3, 0.0232233533568
3885782.0, 17035236.0, 3, 0.0174893322572
3468514.0, 17034396.0, 3, 0.0146289652594
4137276.0, 9542492.0, 3, 0.0103226389393
4137276.0, 9542492.0, 3, 0.00859475628199
12042910.0, 18730170.0, 4, inf
7828970.0, 3748396.0, 4, inf
4989092.0, 4264018.0, 4, inf
Generacion: 275
2328942.0, 18642252.0, 1, inf
9253750.0, 2411818.0, 1, inf
5894434.0, 2423296.0, 1, 0.502820805069
3644024.0, 4713494.0, 1, 0.318220516822
2620044.0, 15355660.0, 1, 0.205189373642
3540080.0, 7463814.0, 1, 0.202110168857
2669980.0, 12094682.0, 1, 0.20117164492
3933568.0, 3221218.0, 1, 0.174610020299
4214730.0, 3217124.0, 1, 0.147941858121
4641292.0, 2478828.0, 1, 0.136424321657
2872928.0, 9786840.0, 1, 0.115943125122
2845458.0, 10712794.0, 1, 0.111437255857
2510276.0, 17011454.0, 1, 0.110639578824
5271006.0, 2475908.0, 1, 0.100280023314
2590462.0, 15611076.0, 1, 0.0905528827141
5784834.0, 2442338.0, 1, 0.0841056011164
5333146.0, 2472814.0, 1, 0.0762693829989
3070250.0, 9029038.0, 1, 0.0751282245192
3094848.0, 8023446.0, 1, 0.0689169696036
2931800.0, 9033356.0, 1, 0.064555744031
3432338.0, 7497678.0, 1, 0.0640620855533
4641292.0, 2478828.0, 1, 0.0617790175253
2398982.0, 17552796.0, 1, 0.0599391397267
2330402.0, 18094754.0, 1, 0.0539457262172
2671740.0, 11517034.0, 1, 0.0500035430809
2774516.0, 11364856.0, 1, 0.0496582724047
2428796.0, 17027890.0, 1, 0.0494252948693
2669980.0, 12094682.0, 1, 0.042801596953
3315760.0, 7977806.0, 1, 0.0389583902109
2590462.0, 15611076.0, 1, 0.027316382661
2708848.0, 11374202.0, 1, 0.0242178005234
2620044.0, 15355660.0, 1, 0.0229480304988
2359984.0, 17839446.0, 1, 0.0219331526441
3250830.0, 7997796.0, 1, 0.0215675722444
2359984.0, 17839446.0, 1, 0.0213618379544
3315760.0, 7977806.0, 1, 0.0180664718002
3111134.0, 8006310.0, 1, 0.0131459632724
3176174.0, 8000694.0, 1, 0.0111269653534
2774516.0, 11364856.0, 1, 0.0108204479669
3004136.0, 9030198.0, 1, 0.0096544955029
2997880.0, 9031936.0, 1, 0.00964958561948
3176174.0, 8000694.0, 1, 0.00957087162057
2997880.0, 9031936.0, 1, 0.000990908508334
3004136.0, 9030198.0, 1, 0.000974889220125
2620044.0, 15355660.0, 1, 0.0
2620044.0, 15355660.0, 1, 0.0
2620044.0, 15355660.0, 1, 0.0
2620044.0, 15355660.0, 1, 0.0
3176174.0, 8000694.0, 1, 0.0
6244174.0, 2446408.0, 2, inf
2876518.0, 19407950.0, 2, inf
2622040.0, 15617306.0, 2, inf
5547228.0, 3588778.0, 2, 0.498544808478
4702044.0, 2484824.0, 2, 0.323344992659
3659930.0, 7980278.0, 2, 0.267578830101
3976716.0, 10238580.0, 2, 0.206899623577
3644398.0, 5038160.0, 2, 0.196047804711
3384022.0, 15578798.0, 2, 0.179460682182
3523684.0, 13562794.0, 2, 0.165747330831
4509764.0, 4857206.0, 2, 0.159965452853
2767034.0, 17546822.0, 2, 0.159164805972
3249696.0, 19312814.0, 2, 0.156052626145
4619982.0, 3719506.0, 2, 0.127867316079
3460986.0, 17178884.0, 2, 0.121474214997
4255348.0, 9251924.0, 2, 0.120343070864
3084398.0, 16053864.0, 2, 0.117350346129
3074872.0, 11517202.0, 2, 0.106201792521
3166456.0, 8020548.0, 2, 0.0915549104341
4322164.0, 9177742.0, 2, 0.0880336294526
3535210.0, 13115040.0, 2, 0.0803226997308
3216222.0, 8950104.0, 2, 0.0794831317564
3616750.0, 12095580.0, 2, 0.0734139878842
2911616.0, 10709706.0, 2, 0.07181623602
2995674.0, 9601300.0, 2, 0.0652624904472
2695616.0, 17460252.0, 2, 0.0617224786391
2947700.0, 9763362.0, 2, 0.0595370078064
3208916.0, 12343324.0, 2, 0.0594292461276
2622040.0, 15617306.0, 2, 0.0460509953845
2916114.0, 10484506.0, 2, 0.0377382133854
3554206.0, 12340070.0, 2, 0.0371178104084
3645134.0, 10948748.0, 3, inf
7311594.0, 2452572.0, 3, inf
9045024.0, 21871702.0, 3, inf
10885666.0, 17564924.0, 3, inf
9856592.0, 2695106.0, 3, 0.237740971126
7560998.0, 12320576.0, 3, 0.206230497209
3974184.0, 13952432.0, 3, 0.206086905349
6893476.0, 7969988.0, 3, 0.17146539775
8259706.0, 12202622.0, 3, 0.166879406631
10880368.0, 2596232.0, 3, 0.151381846763
5158008.0, 4282672.0, 3, 0.146005671576
5665596.0, 3598614.0, 3, 0.133292476875
7418914.0, 17530706.0, 3, 0.126307323053
6853768.0, 15781048.0, 3, 0.124370773754
4897228.0, 5826464.0, 3, 0.115382986673
9519294.0, 3734716.0, 3, 0.112113153882
4384592.0, 11362104.0, 3, 0.108242125512
4955454.0, 15352084.0, 3, 0.107320064491
4846914.0, 8290940.0, 3, 0.104818408447
8709462.0, 4665416.0, 3, 0.0872818234322
Generacion: 276
2328942.0, 18642252.0, 1, inf
8754798.0, 2417256.0, 1, inf
7245648.0, 2419760.0, 1, 0.510267509359
5477662.0, 2421724.0, 1, 0.300895921293
3907530.0, 3216554.0, 1, 0.292925966271
4641292.0, 2478828.0, 1, 0.267695349383
3644024.0, 4713494.0, 1, 0.240292689126
2620044.0, 15355660.0, 1, 0.205588415129
2669980.0, 12094682.0, 1, 0.201258719599
3615886.0, 6378914.0, 1, 0.185687189231
5333146.0, 2472814.0, 1, 0.133676486109
3540080.0, 7463814.0, 1, 0.105872465234
2428796.0, 17027890.0, 1, 0.0809464845337
3029654.0, 8025666.0, 1, 0.0797567601558
2589002.0, 16158518.0, 1, 0.0745002585498
3004136.0, 9030198.0, 1, 0.0669644488082
3373034.0, 7483504.0, 1, 0.0665879894476
2369348.0, 17808138.0, 1, 0.0607274843223
2552778.0, 16724692.0, 1, 0.0549078739699
2930040.0, 9610948.0, 1, 0.0513330677579
2872928.0, 9786840.0, 1, 0.0510145384786
2708848.0, 11374202.0, 1, 0.05045215071
2851074.0, 10490116.0, 1, 0.0503192590224
2931800.0, 9033356.0, 1, 0.046243766972
2710608.0, 10796588.0, 1, 0.0462325403722
2669980.0, 12094682.0, 1, 0.0433734555787
3315760.0, 7977806.0, 1, 0.0432493207533
2671740.0, 11517034.0, 1, 0.0413771456708
2330402.0, 18094754.0, 1, 0.0383476959327
2590462.0, 15611076.0, 1, 0.0383442444681
2466980.0, 16741298.0, 1, 0.0379813312098
2776722.0, 10795458.0, 1, 0.0371752873162
2834788.0, 10506968.0, 1, 0.0303899883768
3111134.0, 8006310.0, 1, 0.024340738106
2620044.0, 15355660.0, 1, 0.023513234966
3292406.0, 7981642.0, 1, 0.0231332162899
2893498.0, 9769524.0, 1, 0.0197286470191
3176174.0, 8000694.0, 1, 0.0184343063748
2359984.0, 17839446.0, 1, 0.0171927115925
2590462.0, 15611076.0, 1, 0.0159693373126
2330402.0, 18094754.0, 1, 0.0159626809165
2997880.0, 9031936.0, 1, 0.0114516595851
3176174.0, 8000694.0, 1, 0.0112958462785
2671740.0, 11517034.0, 1, 0.00907710057132
2359984.0, 17839446.0, 1, 0.00653320426814
2359984.0, 17839446.0, 1, 0.0
2359984.0, 17839446.0, 1, 0.0
2590462.0, 15611076.0, 1, 0.0
2620044.0, 15355660.0, 1, 0.0
2620044.0, 15355660.0, 1, 0.0
2669980.0, 12094682.0, 1, 0.0
2671740.0, 11517034.0, 1, 0.0
3176174.0, 8000694.0, 1, 0.0
5894434.0, 2423296.0, 2, inf
2619536.0, 19405034.0, 2, inf
2361980.0, 18101034.0, 2, inf
4883818.0, 2485496.0, 2, 0.369850335016
5508012.0, 2486740.0, 2, 0.32917781869
4214730.0, 3217124.0, 2, 0.312256676157
3659930.0, 7980278.0, 2, 0.269800304517
3644398.0, 5038160.0, 2, 0.222771623408
3933568.0, 3221218.0, 2, 0.215360296726
2688856.0, 14544364.0, 2, 0.163650332523
3535210.0, 13115040.0, 2, 0.163569871414
3777734.0, 15934308.0, 2, 0.140379934749
3208916.0, 12343324.0, 2, 0.125689532549
3407292.0, 9030236.0, 2, 0.122692515707
3293760.0, 10300932.0, 2, 0.120583827645
2767034.0, 17546822.0, 2, 0.113631562306
3655088.0, 4773524.0, 2, 0.111390821091
2913044.0, 15507702.0, 2, 0.0997692982331
2879070.0, 11562514.0, 2, 0.0992968433329
2995674.0, 9601300.0, 2, 0.0952796184123
2703008.0, 16746486.0, 2, 0.0859326002713
3263588.0, 11220294.0, 2, 0.0826616205763
3045846.0, 9321344.0, 2, 0.0752054529137
3280818.0, 18570332.0, 2, 0.0673095606433
2622630.0, 17017764.0, 2, 0.0667529677495
3142544.0, 11359012.0, 2, 0.0663156118548
3524444.0, 15678064.0, 2, 0.061333676551
3370000.0, 18407048.0, 2, 0.0597751483363
5414356.0, 18520840.0, 3, inf
3785576.0, 5064800.0, 3, inf
13007890.0, 3937504.0, 3, inf
7421062.0, 2433530.0, 3, inf
10326390.0, 17111312.0, 3, 0.776651338322
6513424.0, 13156036.0, 3, 0.371475371795
12954192.0, 3934040.0, 3, 0.325027186701
8294836.0, 3386272.0, 3, 0.290603043214
4825668.0, 6141412.0, 3, 0.189847005486
8018248.0, 17522534.0, 3, 0.145555488413
6979468.0, 11492168.0, 3, 0.135406815064
5038632.0, 8212318.0, 3, 0.134315683331
4054034.0, 5644132.0, 3, 0.12513643171
4322438.0, 9599316.0, 3, 0.11857938309
5653356.0, 10895634.0, 3, 0.11482119357
6031060.0, 2582186.0, 3, 0.11131299856
4722794.0, 8276394.0, 3, 0.104399321615
7109670.0, 3285318.0, 3, 0.0978658362799
4559676.0, 10172602.0, 3, 0.0919691016421
Generacion: 277
2328942.0, 18642252.0, 1, inf
10194266.0, 2416098.0, 1, inf
2328942.0, 18642252.0, 1, inf
8436770.0, 2425444.0, 1, 0.621539814239
5333146.0, 2472814.0, 1, 0.437393070409
2669980.0, 12094682.0, 1, 0.243142939857
2620044.0, 15355660.0, 1, 0.204731548252
4512450.0, 2491132.0, 1, 0.191326301975
3938290.0, 3684554.0, 1, 0.184105189513
3772324.0, 5991714.0, 1, 0.179657566354
4006950.0, 3488428.0, 1, 0.146548183441
2899212.0, 10798832.0, 1, 0.13678982902
3541596.0, 6377296.0, 1, 0.119667977491
3432338.0, 7497678.0, 1, 0.117646372584
2930040.0, 9610948.0, 1, 0.11294759097
5024716.0, 2483588.0, 1, 0.105472490026
3004136.0, 9030198.0, 1, 0.086096300294
3111134.0, 8006310.0, 1, 0.0853201681761
2552778.0, 16724692.0, 1, 0.0739470848292
2428796.0, 17027890.0, 1, 0.0705888138348
2398982.0, 17552796.0, 1, 0.0556440640747
3659946.0, 6025482.0, 1, 0.0530978313099
2931800.0, 9033356.0, 1, 0.0447931827493
3390416.0, 7974360.0, 1, 0.044411526878
2671740.0, 11517034.0, 1, 0.0403177339248
2708848.0, 11374202.0, 1, 0.0401773432937
2589002.0, 16158518.0, 1, 0.0383437793486
2330402.0, 18094754.0, 1, 0.0375027644013
2590462.0, 15611076.0, 1, 0.037499313183
2589002.0, 16158518.0, 1, 0.0350783049546
2708848.0, 11374202.0, 1, 0.0330055233176
3176174.0, 8000694.0, 1, 0.0277728901831
2620044.0, 15355660.0, 1, 0.0220898869963
3315760.0, 7977806.0, 1, 0.0179593852594
2369348.0, 17808138.0, 1, 0.016926988416
2359984.0, 17839446.0, 1, 0.0169248930335
2590462.0, 15611076.0, 1, 0.0159266316746
2330402.0, 18094754.0, 1, 0.0159199757535
3315760.0, 7977806.0, 1, 0.0109023517627
2671740.0, 11517034.0, 1, 0.00902634585459
2369348.0, 17808138.0, 1, 0.00569715451601
2359984.0, 17839446.0, 1, 0.00569054321812
2931800.0, 9033356.0, 1, 0.000418391067526
2330402.0, 18094754.0, 1, 0.0
2359984.0, 17839446.0, 1, 0.0
2359984.0, 17839446.0, 1, 0.0
2620044.0, 15355660.0, 1, 0.0
2620044.0, 15355660.0, 1, 0.0
2620044.0, 15355660.0, 1, 0.0
2620044.0, 15355660.0, 1, 0.0
5136644.0, 2492712.0, 2, inf
2367888.0, 18355602.0, 2, inf
2619536.0, 19405034.0, 2, inf
5136644.0, 2492712.0, 2, inf
4193644.0, 5043724.0, 2, 0.707891654923
3812884.0, 7838124.0, 2, 0.287449333085
2846306.0, 14524334.0, 2, 0.230846733379
3407634.0, 12061444.0, 2, 0.223799896906
3615886.0, 6378914.0, 2, 0.215571106439
3018438.0, 10465160.0, 2, 0.161296145629
3118436.0, 9317638.0, 2, 0.158495319484
3520544.0, 8004946.0, 2, 0.15429107877
2692510.0, 15352242.0, 2, 0.128880973682
2563860.0, 17033084.0, 2, 0.123522416893
3210984.0, 11626756.0, 2, 0.119621016417
3375266.0, 16166380.0, 2, 0.109964735904
2545766.0, 19400860.0, 2, 0.108049668967
3195930.0, 17810382.0, 2, 0.0844728831089
3659930.0, 7980278.0, 2, 0.0810142973462
2871256.0, 18196634.0, 2, 0.0699173515758
2734046.0, 16004552.0, 2, 0.068938929109
3265800.0, 16039686.0, 2, 0.0689028727634
3000476.0, 18774714.0, 2, 0.0642251050148
2995674.0, 9601300.0, 2, 0.063827027786
2770842.0, 18085518.0, 2, 0.0582971935307
3002376.0, 9607790.0, 2, 0.0575661241963
2618626.0, 17896408.0, 2, 0.0363770449538
3244366.0, 14829072.0, 3, inf
8704470.0, 2528614.0, 3, inf
9752228.0, 3518194.0, 3, inf
6512932.0, 18935420.0, 3, inf
3749942.0, 17371242.0, 3, 0.255534692791
5986438.0, 15703944.0, 3, 0.201654567014
7267912.0, 4468830.0, 3, 0.185279125482
7336724.0, 6471554.0, 3, 0.175369037839
7167864.0, 14397514.0, 3, 0.154378917459
5443968.0, 18628920.0, 3, 0.146440268149
8185530.0, 12630306.0, 3, 0.131156217277
4923082.0, 7998690.0, 3, 0.128323003862
5878284.0, 14957938.0, 3, 0.124827391723
4223734.0, 14199568.0, 3, 0.119551976239
4065880.0, 17825354.0, 3, 0.113591823225
8350756.0, 3857424.0, 3, 0.111707868601
7923356.0, 8785830.0, 3, 0.109350035385
7459174.0, 3541300.0, 3, 0.104616771347
6358706.0, 9760490.0, 3, 0.103725508328
4761848.0, 9302448.0, 3, 0.101327346225
6257248.0, 13239106.0, 3, 0.10130570786
6272720.0, 10402260.0, 3, 0.100215737409
4511488.0, 8860062.0, 3, 0.089457298584
Generacion: 278
2328942.0, 18642252.0, 1, inf
10923682.0, 2410292.0, 1, inf
2328942.0, 18642252.0, 1, inf
8882256.0, 2410430.0, 1, 0.428523405908
7245648.0, 2419760.0, 1, 0.388028385126
3543630.0, 3409324.0, 1, 0.35025651651
3313988.0, 7850944.0, 1, 0.310916101215
2671740.0, 11517034.0, 1, 0.291407228414
2620044.0, 15355660.0, 1, 0.239927546529
5560144.0, 2434776.0, 1, 0.199788173558
2482346.0, 15789686.0, 1, 0.161080744615
2369348.0, 17808138.0, 1, 0.140516113524
5024716.0, 2483588.0, 1, 0.0966166850349
3917234.0, 3304880.0, 1, 0.0932428184149
3166456.0, 8020548.0, 1, 0.0920520295052
2916114.0, 10484506.0, 1, 0.090812520367
4073668.0, 2896836.0, 1, 0.0794945100296
4512450.0, 2491132.0, 1, 0.0765798811088
2931800.0, 9033356.0, 1, 0.0628859066085
2931800.0, 9033356.0, 1, 0.0626006916289
5333146.0, 2472814.0, 1, 0.0625500240294
4214954.0, 2576800.0, 1, 0.0595336845713
2710608.0, 10796588.0, 1, 0.0566687078745
2930040.0, 9610948.0, 1, 0.0540219371223
2776722.0, 10795458.0, 1, 0.0431370613504
4402816.0, 2552114.0, 1, 0.0398914648841
2930040.0, 9610948.0, 1, 0.0372039197188
2330402.0, 18094754.0, 1, 0.0371715022807
5553966.0, 2467816.0, 1, 0.0287546716852
2590462.0, 15611076.0, 1, 0.0283146981521
2620044.0, 15355660.0, 1, 0.0217502180166
2359984.0, 17839446.0, 1, 0.0168182264207
3292406.0, 7981642.0, 1, 0.0163955378196
2330402.0, 18094754.0, 1, 0.0158985941805
3250830.0, 7997796.0, 1, 0.0146973540551
2590462.0, 15611076.0, 1, 0.0144454728918
3176174.0, 8000694.0, 1, 0.0112186137001
2359984.0, 17839446.0, 1, 0.00537065999179
2931800.0, 9033356.0, 1, 0.0
2328942.0, 18642252.0, 1, 0.0
2328942.0, 18642252.0, 1, 0.0
2328942.0, 18642252.0, 1, 0.0
2328942.0, 18642252.0, 1, 0.0
2328942.0, 18642252.0, 1, 0.0
2328942.0, 18642252.0, 1, 0.0
2328942.0, 18642252.0, 1, 0.0
2359984.0, 17839446.0, 1, 0.0
2931800.0, 9033356.0, 1, 0.0
2931800.0, 9033356.0, 1, 0.0
9235748.0, 3122944.0, 2, inf
2367888.0, 18355602.0, 2, inf
5391750.0, 2474970.0, 2, inf
8036790.0, 2534096.0, 2, 0.369674659836
3755718.0, 3691576.0, 2, 0.346588664796
2899212.0, 10798832.0, 2, 0.28544297646
3390416.0, 7974360.0, 2, 0.280944271287
2784696.0, 14525286.0, 2, 0.25990447039
3938290.0, 3684554.0, 2, 0.244879151494
6977102.0, 3497452.0, 2, 0.226360725041
6632566.0, 3238008.0, 2, 0.20078286454
5760116.0, 3585756.0, 2, 0.192451734157
3119050.0, 17008508.0, 2, 0.100373521648
3184724.0, 15653222.0, 2, 0.10005301645
2618626.0, 17896408.0, 2, 0.0993655389463
3252786.0, 8001590.0, 2, 0.0956328346135
2688856.0, 14544364.0, 2, 0.0878317058837
3391590.0, 9307600.0, 2, 0.0866527438582
2995674.0, 9601300.0, 2, 0.0706930269823
3413170.0, 9600134.0, 2, 0.0704129017021
3178296.0, 10214450.0, 2, 0.0649014943938
2552778.0, 16724692.0, 2, 0.062572905312
3315662.0, 10480118.0, 2, 0.045967786895
2734046.0, 16004552.0, 2, 0.0457732374207
2589002.0, 16158518.0, 2, 0.0399652808118
3233962.0, 9325076.0, 2, 0.0283310228899
2552778.0, 16724692.0, 2, 0.0231462559914
2589002.0, 16158518.0, 2, 0.0149696292678
3315760.0, 7977806.0, 2, 0.0125992805317
8571046.0, 3267580.0, 3, inf
5397820.0, 18704416.0, 3, inf
2800502.0, 17830054.0, 3, inf
13360714.0, 4469188.0, 3, inf
6729314.0, 12225396.0, 3, 0.234303867975
8028660.0, 14264910.0, 3, 0.220970105948
11211176.0, 5221772.0, 3, 0.215143643076
6255056.0, 8789632.0, 3, 0.209055394681
4967480.0, 10294976.0, 3, 0.205962826013
4220384.0, 16887854.0, 3, 0.167782473543
5878284.0, 14957938.0, 3, 0.139537245263
9909418.0, 3849374.0, 3, 0.138607263452
4818634.0, 11620444.0, 3, 0.137647776308
12284596.0, 4149052.0, 3, 0.132898344017
7613600.0, 7166070.0, 3, 0.132015868115
4059096.0, 6363196.0, 3, 0.130870412612
9113180.0, 5774052.0, 3, 0.125437651668
5057110.0, 7853822.0, 3, 0.117842262133
11530656.0, 3529980.0, 3, 0.115567726185
9803938.0, 5650046.0, 3, 0.111176573557
12201262.0, 18426342.0, 3, 0.0954181054126
7236208.0, 17357684.0, 3, 0.0861775197339
Generacion: 279
2328942.0, 18642252.0, 1, inf
6949694.0, 2411920.0, 1, inf
2328942.0, 18642252.0, 1, inf
3407714.0, 3215066.0, 1, 0.516920296354
3382176.0, 7136284.0, 1, 0.329105936929
5941638.0, 2427848.0, 1, 0.305500383963
2671740.0, 11517034.0, 1, 0.300497666086
4471058.0, 2571180.0, 1, 0.283685201175
2620044.0, 15355660.0, 1, 0.242911383126
3206978.0, 7851482.0, 1, 0.21435247969
2710608.0, 10796588.0, 1, 0.209307819884
2931800.0, 9033356.0, 1, 0.168190717699
5024716.0, 2483588.0, 1, 0.165100886336
4512450.0, 2491132.0, 1, 0.125216699677
5553966.0, 2467816.0, 1, 0.12190733567
2931800.0, 9033356.0, 1, 0.120688107709
2552778.0, 16724692.0, 1, 0.0882356266984
2428796.0, 17027890.0, 1, 0.0843057599157
5271006.0, 2475908.0, 1, 0.0799626407371
5391750.0, 2474970.0, 1, 0.0617353583731
2398982.0, 17552796.0, 1, 0.0609388850328
2590462.0, 15611076.0, 1, 0.0561844715163
2359984.0, 17839446.0, 1, 0.0514898234753
2589002.0, 16158518.0, 1, 0.0415689792629
2589002.0, 16158518.0, 1, 0.0351996638905
2620044.0, 15355660.0, 1, 0.0269247440807
2369348.0, 17808138.0, 1, 0.0261011280409
2359984.0, 17839446.0, 1, 0.00864693500746
2328942.0, 18642252.0, 1, 0.0
2359984.0, 17839446.0, 1, 0.0
2359984.0, 17839446.0, 1, 0.0
2620044.0, 15355660.0, 1, 0.0
2931800.0, 9033356.0, 1, 0.0
2931800.0, 9033356.0, 1, 0.0
2931800.0, 9033356.0, 1, 0.0
2367888.0, 18355602.0, 2, inf
2769382.0, 18633016.0, 2, inf
7186374.0, 2425948.0, 2, inf
4086114.0, 7596174.0, 2, 0.408014386782
6108142.0, 2795356.0, 2, 0.388943514034
3760244.0, 10471822.0, 2, 0.3634340283
3881196.0, 3658638.0, 2, 0.338153566984
2709182.0, 14528704.0, 2, 0.261047986302
5396084.0, 2477420.0, 2, 0.181816989041
4600006.0, 3211766.0, 2, 0.164049840855
2846234.0, 15411950.0, 2, 0.162063319315
2618626.0, 17896408.0, 2, 0.149364085203
3595296.0, 8001528.0, 2, 0.144872219089
3342290.0, 9034188.0, 2, 0.115066625743
4890978.0, 2557750.0, 2, 0.10663823977
3375266.0, 16166380.0, 2, 0.105625904012
3413170.0, 9600134.0, 2, 0.0995550231674
3119050.0, 17008508.0, 2, 0.0924077681283
3068044.0, 9598402.0, 2, 0.0915383171632
3212738.0, 16885430.0, 2, 0.0885969437344
5143936.0, 2547622.0, 2, 0.0832499517466
5268234.0, 2845232.0, 2, 0.0780224112947
4634754.0, 2563272.0, 2, 0.0750472434166
2688856.0, 14544364.0, 2, 0.0732910359716
2367888.0, 18355602.0, 2, 0.0691535300488
3295582.0, 7853624.0, 2, 0.0518973932173
2735914.0, 18349680.0, 2, 0.0408264979609
2367888.0, 18355602.0, 2, 0.0
2367888.0, 18355602.0, 2, 0.0
13649592.0, 3849654.0, 3, inf
5359850.0, 3173888.0, 3, inf
6224516.0, 21882962.0, 3, inf
2720394.0, 14550994.0, 3, inf
3885136.0, 15350132.0, 3, 0.437657958772
4659416.0, 21851336.0, 3, 0.375629094894
10969370.0, 3928148.0, 3, 0.351071125014
10020774.0, 3504572.0, 3, 0.210654907068
8845138.0, 3733060.0, 3, 0.199342811461
4700452.0, 13534144.0, 3, 0.147500434011
5667846.0, 6225996.0, 3, 0.141378648147
2869410.0, 14556476.0, 3, 0.140773454121
4313950.0, 11469126.0, 3, 0.134511012354
6741838.0, 10301908.0, 3, 0.131587505797
7932464.0, 3888520.0, 3, 0.12453116643
5180860.0, 6832608.0, 3, 0.121125848682
3792106.0, 8247828.0, 3, 0.114616881268
5323324.0, 4832834.0, 3, 0.0918388121284
5325302.0, 12137854.0, 3, 0.08160632574
5736806.0, 9377772.0, 3, 0.065135620468
7104396.0, 4351912.0, 3, 0.0650127513758
6744204.0, 7994656.0, 3, 0.063061811687
4411382.0, 9766722.0, 3, 0.060818378285
4861804.0, 12069892.0, 3, 0.0561137160678
6300544.0, 3646264.0, 3, 0.0533954904501
6134738.0, 8501906.0, 3, 0.0496720814488
4405150.0, 9166466.0, 3, 0.0490675357596
6749868.0, 4278220.0, 3, 0.0462817458365
6126870.0, 3581588.0, 3, 0.0439834282851
7518814.0, 3909058.0, 3, 0.043596932607
4923082.0, 7998690.0, 3, 0.0427250362634
7475526.0, 3921972.0, 3, 0.0389387878119
4386764.0, 4698822.0, 3, 0.0332732651666
5213700.0, 3276782.0, 3, 0.030710233925
7002478.0, 3694994.0, 3, 0.0285039432923
4322438.0, 9599316.0, 3, 0.0274517143701
Generacion: 280
2328942.0, 18642252.0, 1, inf
2328942.0, 18642252.0, 1, inf
6949694.0, 2411920.0, 1, inf
6598854.0, 2417386.0, 1, 0.319173845424
2671740.0, 11517034.0, 1, 0.292790277298
2620044.0, 15355660.0, 1, 0.269836127207
5477662.0, 2421724.0, 1, 0.263996334969
3373034.0, 7483504.0, 1, 0.230409279726
3786628.0, 3461164.0, 1, 0.204679503281
4641292.0, 2478828.0, 1, 0.193455796552
5396084.0, 2477420.0, 1, 0.184521356274
3574084.0, 5401318.0, 1, 0.172512469387
2931800.0, 9033356.0, 1, 0.167327640035
3644024.0, 4713494.0, 1, 0.164824044015
2671740.0, 11517034.0, 1, 0.164214726812
4187246.0, 3299538.0, 1, 0.128489421506
3101228.0, 8022508.0, 1, 0.116522318672
4331586.0, 3289896.0, 1, 0.104596837502
3206978.0, 7851482.0, 1, 0.0920325647633
4496556.0, 2688344.0, 1, 0.0869766395077
3004136.0, 9030198.0, 1, 0.0845599782836
2428796.0, 17027890.0, 1, 0.0662816478123
2369348.0, 17808138.0, 1, 0.0648943758771
3577056.0, 5400194.0, 1, 0.0575149880432
2931800.0, 9033356.0, 1, 0.0563683729277
2590462.0, 15611076.0, 1, 0.0561844715163
2330402.0, 18094754.0, 1, 0.0561812676385
4507746.0, 2496996.0, 1, 0.0442319565251
2552778.0, 16724692.0, 1, 0.044081767929
2589002.0, 16158518.0, 1, 0.0415689792629
2510276.0, 17011454.0, 1, 0.0401697493001
2589002.0, 16158518.0, 1, 0.0351996638905
2552778.0, 16724692.0, 1, 0.0255076935172
2449122.0, 17012570.0, 1, 0.0186461652522
2359984.0, 17839446.0, 1, 0.0177568104969
2997880.0, 9031936.0, 1, 0.0158491687118
2359984.0, 17839446.0, 1, 0.00833096912139
2589002.0, 16158518.0, 1, 0.0
2328942.0, 18642252.0, 1, 0.0
2359984.0, 17839446.0, 1, 0.0
8323928.0, 2424160.0, 2, inf
2367888.0, 18355602.0, 2, inf
3228124.0, 18718166.0, 2, inf
7186374.0, 2425948.0, 2, 0.594073273552
4807264.0, 2483416.0, 2, 0.468330046333
3881196.0, 3658638.0, 2, 0.464478665062
3045846.0, 9321344.0, 2, 0.40439815638
2846234.0, 15411950.0, 2, 0.386697469346
3315760.0, 7977806.0, 2, 0.284396925937
4712430.0, 3288924.0, 2, 0.227609877083
3344170.0, 16908862.0, 2, 0.200462141784
3659930.0, 7980278.0, 2, 0.154997494342
3023152.0, 17809310.0, 2, 0.122303920001
2846234.0, 15411950.0, 2, 0.121572839351
2769382.0, 18633016.0, 2, 0.102564130824
3342290.0, 9034188.0, 2, 0.0870742012959
3045846.0, 9321344.0, 2, 0.0214336629374
4617424.0, 17357190.0, 3, inf
3068044.0, 9598402.0, 3, inf
5419630.0, 4561692.0, 3, inf
5024716.0, 2483588.0, 3, inf
4818384.0, 8471680.0, 3, 0.488403690736
4384418.0, 11370320.0, 3, 0.439718398433
3338176.0, 14695060.0, 3, 0.36034591391
3712054.0, 17030042.0, 3, 0.242962588465
3375266.0, 16166380.0, 3, 0.239226908135
4109170.0, 15406422.0, 3, 0.235577000762
5330104.0, 4016508.0, 3, 0.225657048519
3885136.0, 15350132.0, 3, 0.198334229731
5217536.0, 9957568.0, 3, 0.182540004189
4606096.0, 9597364.0, 3, 0.170683961737
4660724.0, 16889506.0, 3, 0.14352398731
4394186.0, 14968206.0, 3, 0.132141658336
5024716.0, 2483588.0, 3, 0.118375350653
5060724.0, 15696090.0, 3, 0.11755084104
5013084.0, 17278346.0, 3, 0.109736844832
5180994.0, 14786806.0, 3, 0.0850479886207
11338800.0, 18943530.0, 4, inf
6078384.0, 2676838.0, 4, inf
5509490.0, 2964134.0, 4, inf
7932548.0, 16892658.0, 4, 0.438732426217
7893718.0, 12767968.0, 4, 0.373279472418
8830922.0, 2864600.0, 4, 0.321503110025
5620430.0, 7109968.0, 4, 0.320446537941
10854546.0, 18422830.0, 4, 0.29879692019
6725566.0, 4959570.0, 4, 0.235436577065
6934162.0, 9326274.0, 4, 0.222221337651
9760790.0, 18491550.0, 4, 0.211317782402
6155252.0, 11197124.0, 4, 0.155282682015
9998222.0, 2949852.0, 4, 0.155123139992
7572926.0, 9479050.0, 4, 0.15106362412
9985954.0, 17371996.0, 4, 0.134798525452
6307914.0, 4501992.0, 4, 0.126110794758
6751538.0, 11364482.0, 4, 0.11362091842
7334862.0, 9358266.0, 4, 0.107624504981
7728416.0, 3267190.0, 4, 0.0805228383589
7506790.0, 4134404.0, 4, 0.0769043694841
5812626.0, 2821770.0, 4, 0.0726202825587
6845162.0, 18637154.0, 4, 0.0591141916622
5976470.0, 3438918.0, 4, 0.0575367850568
Generacion: 281
2328942.0, 18642252.0, 1, inf
2328942.0, 18642252.0, 1, inf
8882256.0, 2410430.0, 1, inf
6949694.0, 2411920.0, 1, 0.520218282659
3109740.0, 3943170.0, 1, 0.426275120001
3029654.0, 8025666.0, 1, 0.340745689209
2662876.0, 15607762.0, 1, 0.292127380694
2671740.0, 11517034.0, 1, 0.291702766448
2931800.0, 9033356.0, 1, 0.269709755216
5477662.0, 2421724.0, 1, 0.241618108614
3917234.0, 3304880.0, 1, 0.182801355499
2482346.0, 15789686.0, 1, 0.180350169879
4512450.0, 2491132.0, 1, 0.176622258551
2671740.0, 11517034.0, 1, 0.154365488448
2369348.0, 17808138.0, 1, 0.144952114251
5271006.0, 2475908.0, 1, 0.135172086152
4146592.0, 2557762.0, 1, 0.0919501016265
4073668.0, 2896836.0, 1, 0.0607679636128
4033050.0, 3262906.0, 1, 0.0490094969246
2330402.0, 18094754.0, 1, 0.038243968431
5391750.0, 2474970.0, 1, 0.0348727134893
2359984.0, 17839446.0, 1, 0.0171577519284
2330402.0, 18094754.0, 1, 0.0159516446062
2359984.0, 17839446.0, 1, 0.00644285577712
2359984.0, 17839446.0, 1, 0.0
2359984.0, 17839446.0, 1, 0.0
2671740.0, 11517034.0, 1, 0.0
2330402.0, 18094754.0, 1, 0.0
7295740.0, 2431702.0, 2, inf
2460078.0, 18488074.0, 2, inf
11043500.0, 2973604.0, 2, inf
2720718.0, 19306076.0, 2, inf
7397566.0, 2470322.0, 2, 0.452536579429
3394984.0, 7848802.0, 2, 0.338251563231
4304638.0, 4936338.0, 2, 0.274040923344
3112102.0, 11507954.0, 2, 0.257037914674
2814870.0, 13302404.0, 2, 0.206869605075
5841450.0, 3868478.0, 2, 0.184019074888
2491168.0, 16725824.0, 2, 0.153073000899
6751550.0, 3110000.0, 2, 0.152133131536
6154728.0, 3580280.0, 2, 0.139860442461
3644024.0, 4713494.0, 2, 0.132567798416
3002376.0, 9607790.0, 2, 0.125772025093
4756180.0, 4487652.0, 2, 0.124098173494
3068044.0, 9598402.0, 2, 0.117023672447
5036764.0, 2700154.0, 2, 0.1099539024
2661416.0, 16155204.0, 2, 0.106897570986
2720394.0, 14550994.0, 2, 0.0951055701433
4401408.0, 3297610.0, 2, 0.0804757698222
2709182.0, 14528704.0, 2, 0.0772746520717
2959814.0, 18559084.0, 2, 0.0703211244333
5036764.0, 2700154.0, 2, 0.0463092397094
2589002.0, 16158518.0, 2, 0.0420558758623
2589002.0, 16158518.0, 2, 0.0115944106503
2688856.0, 14544364.0, 2, 0.00688585127848
2720394.0, 14550994.0, 2, 0.00169914239776
12594264.0, 3075800.0, 3, inf
3059144.0, 17889208.0, 3, inf
3394082.0, 19391858.0, 3, inf
9062064.0, 3273388.0, 3, 0.26817818407
11713808.0, 4923478.0, 3, 0.207993760154
4666790.0, 13057404.0, 3, 0.194293606762
4923082.0, 7998690.0, 3, 0.186376039061
10414362.0, 4143902.0, 3, 0.185379313719
4101448.0, 14886090.0, 3, 0.182853624351
7977766.0, 4257538.0, 3, 0.169751195946
3460986.0, 17178884.0, 3, 0.159452972494
5917742.0, 10882110.0, 3, 0.153255318808
6075262.0, 5662000.0, 3, 0.151940435303
5335416.0, 12429008.0, 3, 0.148169703937
3807168.0, 9636318.0, 3, 0.145854681035
3972114.0, 14544776.0, 3, 0.142941657638
10750854.0, 3282020.0, 3, 0.137020971696
3520544.0, 8004946.0, 3, 0.110948511089
7260434.0, 18737296.0, 3, 0.102708105022
4176270.0, 17355080.0, 3, 0.0936283250204
7520386.0, 3507132.0, 3, 0.0932379205631
6125016.0, 10601886.0, 3, 0.0914085533003
4792426.0, 9790884.0, 3, 0.0860577390315
6870028.0, 5427484.0, 3, 0.0736971494448
5200324.0, 4674450.0, 3, 0.0587548133216
5667650.0, 4814772.0, 3, 0.0490920096337
6555340.0, 17831596.0, 3, 0.0490254500674
5419630.0, 4561692.0, 3, 0.0461473130591
7244686.0, 5628844.0, 3, 0.0452964042355
6311384.0, 3725482.0, 3, 0.0394177178084
5595176.0, 5590986.0, 3, 0.0383524253304
7345870.0, 4122658.0, 3, 0.0366014808692
6448066.0, 17271338.0, 3, 0.0363839272075
6845314.0, 3285478.0, 3, 0.0354759740285
3625076.0, 17835318.0, 3, 0.0335908209077
6061186.0, 3912550.0, 3, 0.0328257576705
6309140.0, 5054052.0, 3, 0.0286437039163
5341896.0, 5071926.0, 3, 0.025816352625
6663316.0, 4275524.0, 3, 0.0257879928514
5363344.0, 4318208.0, 3, 0.0256914285973
6634878.0, 3991528.0, 3, 0.0242014067402
3520544.0, 8004946.0, 3, 0.00662959799369
11025308.0, 18641504.0, 4, inf
6669124.0, 7507546.0, 4, inf
Generacion: 282
6969892.0, 2418642.0, 1, inf
2328942.0, 18642252.0, 1, inf
2328942.0, 18642252.0, 1, inf
2671740.0, 11517034.0, 1, 0.436672715476
2620044.0, 15355660.0, 1, 0.304169444674
5553966.0, 2467816.0, 1, 0.286310783206
3176174.0, 8000694.0, 1, 0.272369115185
3197672.0, 3940842.0, 1, 0.263383867318
6711770.0, 2444438.0, 1, 0.259021859995
3750382.0, 3459078.0, 1, 0.244596440285
3002376.0, 9607790.0, 1, 0.224907401268
4702044.0, 2484824.0, 1, 0.165761851482
3225810.0, 3901172.0, 1, 0.148789391437
4507746.0, 2496996.0, 1, 0.124180771767
5271006.0, 2475908.0, 1, 0.122653837183
3004136.0, 9030198.0, 1, 0.103397525065
4146592.0, 2557762.0, 1, 0.0987190149904
4073668.0, 2896836.0, 1, 0.0905594786886
2482346.0, 15789686.0, 1, 0.0883262141807
3029654.0, 8025666.0, 1, 0.0830332797738
2466980.0, 16741298.0, 1, 0.0825356910514
5391750.0, 2474970.0, 1, 0.0614690547307
6743302.0, 2423170.0, 1, 0.0572083823607
2359984.0, 17839446.0, 1, 0.0563972712674
2428796.0, 17027890.0, 1, 0.0544028520213
4073668.0, 2896836.0, 1, 0.050368950869
2330402.0, 18094754.0, 1, 0.0401211157138
3101228.0, 8022508.0, 1, 0.0331103604761
2359984.0, 17839446.0, 1, 0.0305639548165
2482346.0, 15789686.0, 1, 0.0300636987959
5271006.0, 2475908.0, 1, 0.0265666564426
2449122.0, 17012570.0, 1, 0.0258927447317
4146592.0, 2557762.0, 1, 0.0194586910686
2330402.0, 18094754.0, 1, 0.0160514088938
2428796.0, 17027890.0, 1, 0.0157714394639
2330402.0, 18094754.0, 1, 0.0
2359984.0, 17839446.0, 1, 0.0
2328942.0, 18642252.0, 1, 0.0
14134922.0, 3092616.0, 2, inf
2361980.0, 18101034.0, 2, inf
2460078.0, 18488074.0, 2, inf
7580062.0, 2434850.0, 2, inf
12729308.0, 3036658.0, 2, 0.459796460027
8001930.0, 3117952.0, 2, 0.441246974142
3659930.0, 7980278.0, 2, 0.429932385178
4087248.0, 11112062.0, 2, 0.247578420768
3022766.0, 13459246.0, 2, 0.230735025936
4531872.0, 5251840.0, 2, 0.214151824776
6171838.0, 3154698.0, 2, 0.144983513858
13059378.0, 3054606.0, 2, 0.122879385672
2735614.0, 12085032.0, 2, 0.112394218204
2692510.0, 15352242.0, 2, 0.102276646271
2677340.0, 17016648.0, 2, 0.0941473104377
4233020.0, 11506990.0, 2, 0.0800810983798
2709182.0, 14528704.0, 2, 0.0712562970153
5420120.0, 3926430.0, 2, 0.0665927218559
4401742.0, 4777072.0, 2, 0.061932865668
5760116.0, 3585756.0, 2, 0.0551522916469
4686800.0, 2569572.0, 2, 0.0536344310202
2589002.0, 16158518.0, 2, 0.0533020619166
2688856.0, 14544364.0, 2, 0.0525890218996
5302276.0, 4132330.0, 2, 0.0522916438624
4346036.0, 12082550.0, 2, 0.0503391819648
5033148.0, 3527062.0, 2, 0.0495692538501
5981174.0, 3433024.0, 2, 0.0471784072421
4810072.0, 4358704.0, 2, 0.0456598065474
2589002.0, 16158518.0, 2, 0.0427720311954
3786628.0, 3461164.0, 2, 0.0421545085585
2552778.0, 16724692.0, 2, 0.0400561572934
4756180.0, 4487652.0, 2, 0.0365320967763
4514736.0, 3647398.0, 2, 0.0322748434831
4114972.0, 3265210.0, 2, 0.0297196529042
2491168.0, 16725824.0, 2, 0.0244205376837
2367888.0, 18355602.0, 2, 0.022654728764
2533468.0, 18258156.0, 2, 0.0210909356005
5331758.0, 2481512.0, 2, 0.0184019408056
2589002.0, 16158518.0, 2, 0.0
10750854.0, 3282020.0, 3, inf
3125010.0, 19475314.0, 3, inf
2760508.0, 14541050.0, 3, inf
12864318.0, 4295474.0, 3, inf
7339866.0, 7887208.0, 3, 0.312073504382
9224780.0, 6113284.0, 3, 0.26188139175
4677946.0, 9603058.0, 3, 0.247146643733
5050850.0, 12030220.0, 3, 0.181919710672
10407926.0, 5846536.0, 3, 0.176466919987
10723474.0, 13579976.0, 3, 0.163681921085
5917742.0, 10882110.0, 3, 0.136815335605
3625612.0, 18644404.0, 3, 0.134936310982
11713808.0, 4923478.0, 3, 0.112105973916
7915426.0, 17355546.0, 3, 0.111501100862
12042910.0, 18730170.0, 3, 0.110996934559
7694894.0, 15033988.0, 3, 0.106944474951
6719208.0, 17353964.0, 3, 0.106103391352
3410510.0, 16740400.0, 3, 0.105785936027
2900088.0, 18479778.0, 3, 0.0962405423112
3252946.0, 15350388.0, 3, 0.0880908186342
11042440.0, 4597124.0, 3, 0.0871354718413
12731308.0, 4798390.0, 3, 0.0870433101459
6490530.0, 5434050.0, 3, 0.0770873891462
Generacion: 283
10447130.0, 2411120.0, 1, inf
2328942.0, 18642252.0, 1, inf
2328942.0, 18642252.0, 1, inf
10244224.0, 2414708.0, 1, 0.456980664475
6743302.0, 2423170.0, 1, 0.454708714972
3101228.0, 8022508.0, 1, 0.344182818982
3225810.0, 3901172.0, 1, 0.320246707467
2671740.0, 11517034.0, 1, 0.256236511196
2620044.0, 15355660.0, 1, 0.255189524019
2769594.0, 10509192.0, 1, 0.171682787288
5553966.0, 2467816.0, 1, 0.153818752799
6564682.0, 2438438.0, 1, 0.149253283144
3402756.0, 3220954.0, 1, 0.145204423104
2931800.0, 9033356.0, 1, 0.119134052823
4146592.0, 2557762.0, 1, 0.0919738385445
2997880.0, 9031936.0, 1, 0.0831485171093
2482346.0, 15789686.0, 1, 0.0810892801724
2428796.0, 17027890.0, 1, 0.0799582396003
2708848.0, 11374202.0, 1, 0.0741468180117
4146592.0, 2557762.0, 1, 0.0724209802696
3307772.0, 3237496.0, 1, 0.0637044723991
4507746.0, 2496996.0, 1, 0.0624152605003
2398982.0, 17552796.0, 1, 0.0553938936083
5024716.0, 2483588.0, 1, 0.0492236065012
4402816.0, 2552114.0, 1, 0.0482308140961
4879114.0, 2491332.0, 1, 0.0462222913508
2521342.0, 15358350.0, 1, 0.0437020075383
2428796.0, 17027890.0, 1, 0.0389357568533
5271006.0, 2475908.0, 1, 0.0386562543818
2330402.0, 18094754.0, 1, 0.0373752669439
5333146.0, 2472814.0, 1, 0.0353536167422
2482346.0, 15789686.0, 1, 0.0331709093984
2369348.0, 17808138.0, 1, 0.0224642870855
4879114.0, 2491332.0, 1, 0.0182842421204
2359984.0, 17839446.0, 1, 0.0168829845792
2330402.0, 18094754.0, 1, 0.0159093682993
2359984.0, 17839446.0, 1, 0.00557280239612
2330402.0, 18094754.0, 1, 0.0
2359984.0, 17839446.0, 1, 0.0
2359984.0, 17839446.0, 1, 0.0
2359984.0, 17839446.0, 1, 0.0
2428796.0, 17027890.0, 1, 0.0
2328942.0, 18642252.0, 1, 0.0
8452134.0, 2426744.0, 2, inf
2361980.0, 18101034.0, 2, inf
2563290.0, 19240518.0, 2, inf
7026554.0, 2492030.0, 2, 0.453542988053
3659930.0, 7980278.0, 2, 0.44180208569
3045846.0, 9321344.0, 2, 0.346682436797
4401742.0, 4777072.0, 2, 0.290646681871
2692510.0, 15352242.0, 2, 0.266344382846
2735614.0, 12085032.0, 2, 0.250012042144
5720390.0, 2560938.0, 2, 0.236080527865
4686800.0, 2569572.0, 2, 0.216659500614
2774516.0, 11364856.0, 2, 0.209525982257
4090498.0, 4264652.0, 2, 0.18899254437
2589002.0, 16158518.0, 2, 0.183779573004
5499210.0, 2477002.0, 2, 0.153484620498
2770842.0, 18085518.0, 2, 0.121918917931
2460078.0, 18488074.0, 2, 0.100825857885
4532200.0, 3582718.0, 2, 0.0697052524675
4514736.0, 3647398.0, 2, 0.0619791899386
5614718.0, 2473182.0, 2, 0.0393067335466
4548850.0, 2563620.0, 2, 0.0258987441202
12910024.0, 3037348.0, 3, inf
2760508.0, 14541050.0, 3, inf
10882766.0, 2858192.0, 3, inf
4878918.0, 19013072.0, 3, inf
4487386.0, 10990866.0, 3, 0.277698200032
3700640.0, 13259370.0, 3, 0.245712586453
8749914.0, 6106818.0, 3, 0.219800484297
12068746.0, 3572818.0, 3, 0.190013127105
10119150.0, 4486360.0, 3, 0.162658255024
5229708.0, 7624270.0, 3, 0.161309710328
5022412.0, 17433156.0, 3, 0.153903279004
5541974.0, 18270632.0, 3, 0.142975706293
7898834.0, 8259926.0, 3, 0.13263046247
11033856.0, 3002114.0, 3, 0.12794079197
2772820.0, 16055360.0, 3, 0.110362973521
6094464.0, 10324924.0, 3, 0.106569730521
6336570.0, 5522618.0, 3, 0.0934340659051
3889026.0, 15317498.0, 3, 0.0909664137854
9312278.0, 3404284.0, 3, 0.0868604785342
10750854.0, 3282020.0, 3, 0.0867714100104
7277306.0, 9469126.0, 3, 0.0813643558191
6955826.0, 9325332.0, 3, 0.0788878308339
6252522.0, 4759108.0, 3, 0.0719560132825
7245116.0, 8977486.0, 3, 0.0604274623093
6753322.0, 8689278.0, 3, 0.0603559664767
5093352.0, 4231618.0, 3, 0.0581146320167
3338176.0, 14695060.0, 3, 0.055653520912
6629822.0, 8860830.0, 3, 0.0539653782075
4923082.0, 7998690.0, 3, 0.0534856291548
2909480.0, 14545984.0, 3, 0.0523818879314
3583576.0, 15130402.0, 3, 0.0487405376171
8951840.0, 3634860.0, 3, 0.0476348927133
3521974.0, 18554298.0, 3, 0.0473152787587
5976470.0, 3438918.0, 3, 0.0470483948561
3324286.0, 15347698.0, 3, 0.0443970493356
4863924.0, 3461612.0, 3, 0.044242572439
Generacion: 284
8882256.0, 2410430.0, 1, inf
2328942.0, 18642252.0, 1, inf
2328942.0, 18642252.0, 1, inf
6949694.0, 2411920.0, 1, 0.520218282659
2742406.0, 13305900.0, 1, 0.330394116438
3655088.0, 4773524.0, 1, 0.32939615011
5477662.0, 2421724.0, 1, 0.260100772664
2769594.0, 10509192.0, 1, 0.24092267011
3520544.0, 8004946.0, 1, 0.221669935266
2662876.0, 15607762.0, 1, 0.192703282595
5271006.0, 2475908.0, 1, 0.151562135591
3029654.0, 8025666.0, 1, 0.139904317986
4146592.0, 2557762.0, 1, 0.125668711287
3748920.0, 3223908.0, 1, 0.125285752741
2482346.0, 15789686.0, 1, 0.1232096953
4512450.0, 2491132.0, 1, 0.117768492531
3843816.0, 3207366.0, 1, 0.101722088525
2428796.0, 17027890.0, 1, 0.0808319562685
2893498.0, 9769524.0, 1, 0.0798216431481
3004136.0, 9030198.0, 1, 0.0770131262184
3512348.0, 8018080.0, 1, 0.076183643467
2398982.0, 17552796.0, 1, 0.0604981737468
2330402.0, 18094754.0, 1, 0.0541956130372
2931800.0, 9033356.0, 1, 0.0466220082617
2359984.0, 17839446.0, 1, 0.0438535458106
4402816.0, 2552114.0, 1, 0.0424940614288
2930040.0, 9610948.0, 1, 0.0411600389436
2428796.0, 17027890.0, 1, 0.0405095207096
4507746.0, 2496996.0, 1, 0.02048649203
4402816.0, 2552114.0, 1, 0.0163597045912
2930040.0, 9610948.0, 1, 0.0100380180442
2931800.0, 9033356.0, 1, 0.000463122508747
2328942.0, 18642252.0, 1, 0.0
10447130.0, 2411120.0, 2, inf
2460078.0, 18488074.0, 2, inf
3007794.0, 19232378.0, 2, inf
9422714.0, 2425234.0, 2, 0.487716757569
6564682.0, 2438438.0, 2, 0.486908904609
4578546.0, 4361958.0, 2, 0.418513681988
3111440.0, 9321104.0, 2, 0.386973621195
2814870.0, 13302404.0, 2, 0.32860516226
3781814.0, 9855588.0, 2, 0.224601119776
4244654.0, 3212366.0, 2, 0.206307763113
2589002.0, 16158518.0, 2, 0.175274561899
2894528.0, 10788112.0, 2, 0.174273548198
2770842.0, 18085518.0, 2, 0.140267683707
5553966.0, 2467816.0, 2, 0.135692483015
2542708.0, 16604288.0, 2, 0.125216426491
4686800.0, 2569572.0, 2, 0.0761818183127
2845458.0, 10712794.0, 2, 0.0654106249884
5499210.0, 2477002.0, 2, 0.0634621938536
5058256.0, 2563908.0, 2, 0.0555453219175
4879114.0, 2491332.0, 2, 0.05167371082
2545212.0, 18539842.0, 2, 0.0500439512665
2589002.0, 16158518.0, 2, 0.0492672442496
3045846.0, 9321344.0, 2, 0.0447510708239
5058256.0, 2563908.0, 2, 0.026743591985
3798560.0, 18151524.0, 3, inf
9455822.0, 2428000.0, 3, inf
2857860.0, 13290846.0, 3, inf
8272764.0, 3554902.0, 3, 0.304674686927
5497866.0, 8824470.0, 3, 0.187169654313
5392176.0, 7294792.0, 3, 0.179773689288
3403408.0, 16519840.0, 3, 0.174102166085
7516712.0, 3334318.0, 3, 0.163216663914
4715716.0, 10897942.0, 3, 0.160113740369
5241972.0, 5781832.0, 3, 0.157667188023
2951138.0, 15607506.0, 3, 0.156455789481
3877396.0, 15353992.0, 3, 0.147366969649
4426724.0, 10910812.0, 3, 0.128938761786
6207630.0, 4754572.0, 3, 0.124625186757
5755096.0, 11949436.0, 3, 0.12210648971
6694334.0, 4145824.0, 3, 0.121421634185
6879530.0, 2486366.0, 3, 0.117852138074
7445348.0, 3389892.0, 3, 0.110601463869
4467526.0, 17262228.0, 3, 0.10858668559
4923082.0, 7998690.0, 3, 0.107456297253
5213168.0, 14497544.0, 3, 0.101888368084
5685024.0, 18121798.0, 3, 0.0883273680419
4626076.0, 14787348.0, 3, 0.0837506804119
5197684.0, 5242300.0, 3, 0.0833518828934
2860336.0, 11518982.0, 3, 0.0801928169233
6108142.0, 2795356.0, 3, 0.0755685975365
5775384.0, 8652858.0, 3, 0.0642035813135
3561900.0, 18137776.0, 3, 0.0617805515725
4660724.0, 16889506.0, 3, 0.0596259173924
5984512.0, 3877476.0, 3, 0.0504227380414
5832192.0, 3899784.0, 3, 0.048762505476
5094278.0, 2549308.0, 3, 0.0453654478707
4707962.0, 4607550.0, 3, 0.0422886609096
6038440.0, 3598468.0, 3, 0.0365395930449
5028024.0, 4679700.0, 3, 0.035297248347
4888908.0, 3559382.0, 3, 0.0341421823831
6711770.0, 2444438.0, 3, 0.0317806850027
5713246.0, 3597566.0, 3, 0.0131060786137
10413798.0, 17989418.0, 4, inf
13185008.0, 3930636.0, 4, inf
6344612.0, 12089584.0, 4, inf
11727008.0, 15123714.0, 4, 0.448711404551
9368734.0, 5418852.0, 4, 0.362130310782
Generacion: 285
2328942.0, 18642252.0, 1, inf
9253750.0, 2411818.0, 1, inf
2328942.0, 18642252.0, 1, inf
5477662.0, 2421724.0, 1, 0.560117599025
3296120.0, 4023080.0, 1, 0.340508292457
3176174.0, 8000694.0, 1, 0.274559374802
2669980.0, 12094682.0, 1, 0.243973241873
2620044.0, 15355660.0, 1, 0.222547790506
4402816.0, 2552114.0, 1, 0.167417996254
5271006.0, 2475908.0, 1, 0.149041715599
3748920.0, 3223908.0, 1, 0.134981603818
3610668.0, 3492468.0, 1, 0.114627196809
2482346.0, 15789686.0, 1, 0.112350042871
2671740.0, 11517034.0, 1, 0.0858460292116
2769594.0, 10509192.0, 1, 0.0856536081296
2449122.0, 17012570.0, 1, 0.0840220923024
4146592.0, 2557762.0, 1, 0.0780438997883
2710608.0, 10796588.0, 1, 0.0762267466397
3004136.0, 9030198.0, 1, 0.0761387258493
3094848.0, 8023446.0, 1, 0.0761073423654
2428796.0, 17027890.0, 1, 0.0638182893144
2872928.0, 9786840.0, 1, 0.0634656738059
2359984.0, 17839446.0, 1, 0.0594000290658
4146592.0, 2557762.0, 1, 0.0577751400009
2359984.0, 17839446.0, 1, 0.0544848368781
2930040.0, 9610948.0, 1, 0.0508883871683
2521342.0, 15358350.0, 1, 0.0466262297507
2931800.0, 9033356.0, 1, 0.0451294748202
5387394.0, 2440766.0, 1, 0.0331812687352
3101228.0, 8022508.0, 1, 0.0131459632724
2893498.0, 9769524.0, 1, 0.0127407665742
2997880.0, 9031936.0, 1, 0.00964958561948
2893498.0, 9769524.0, 1, 0.00634385400671
2997880.0, 9031936.0, 1, 0.000990908508334
2931800.0, 9033356.0, 1, 0.000341648629937
2328942.0, 18642252.0, 1, 0.0
2359984.0, 17839446.0, 1, 0.0
2328942.0, 18642252.0, 1, 0.0
2429040.0, 19229956.0, 2, inf
9755178.0, 2415872.0, 2, inf
2367888.0, 18355602.0, 2, inf
7026554.0, 2492030.0, 2, 0.486080184233
3512348.0, 8018080.0, 2, 0.383477171693
3837386.0, 4286224.0, 2, 0.350363956117
6202668.0, 3047400.0, 2, 0.235896304346
2589002.0, 16158518.0, 2, 0.207483657878
2814870.0, 13302404.0, 2, 0.198587805579
3082230.0, 11517916.0, 2, 0.158715584221
2582578.0, 16437708.0, 2, 0.146941851779
4809246.0, 2555002.0, 2, 0.140663670428
2874970.0, 13124218.0, 2, 0.134626521813
3340704.0, 9603552.0, 2, 0.129283298209
3340704.0, 9603552.0, 2, 0.12857970514
2412022.0, 18268538.0, 2, 0.122342734686
2871722.0, 11374826.0, 2, 0.121853237956
5553966.0, 2467816.0, 2, 0.103900302407
5553966.0, 2467816.0, 2, 0.0892533598738
4532200.0, 3582718.0, 2, 0.0756687400077
2430540.0, 18379838.0, 2, 0.0727853629745
4151906.0, 3218452.0, 2, 0.0680299324668
4556154.0, 2586058.0, 2, 0.0667879169852
4359356.0, 3200706.0, 2, 0.0517299201722
4225208.0, 3461852.0, 2, 0.0497463546079
2737820.0, 11515610.0, 2, 0.0390853452861
7397566.0, 2470322.0, 3, inf
2460078.0, 18488074.0, 3, inf
12007376.0, 3373960.0, 3, inf
2868972.0, 19221816.0, 3, inf
2703008.0, 16746486.0, 3, 0.260952310156
3975756.0, 13235602.0, 3, 0.230256007127
8500420.0, 4142438.0, 3, 0.193954661242
10261130.0, 4440308.0, 3, 0.16885310202
6344612.0, 12089584.0, 3, 0.148937885319
11093128.0, 4163774.0, 3, 0.146850406613
11538042.0, 3836566.0, 3, 0.134334457622
9225652.0, 4672522.0, 3, 0.123846670459
4633220.0, 6953532.0, 3, 0.122840056504
9593374.0, 3351724.0, 3, 0.114409767981
4958610.0, 8424398.0, 3, 0.109000774518
6616792.0, 5665270.0, 3, 0.105618388894
5439412.0, 10265358.0, 3, 0.10105779628
6868930.0, 3465540.0, 3, 0.0948998930746
4371008.0, 4800544.0, 3, 0.090049971857
6615084.0, 6462798.0, 3, 0.0875297194204
6436914.0, 11164898.0, 3, 0.083354708369
3429472.0, 16915578.0, 3, 0.0829977483972
3251304.0, 17559292.0, 3, 0.0793452139407
6515348.0, 8656460.0, 3, 0.0755363934478
4666790.0, 13057404.0, 3, 0.0704360732801
6721522.0, 3238472.0, 3, 0.068191720521
4384592.0, 11362104.0, 3, 0.065309667946
4605922.0, 9605592.0, 3, 0.0645744124851
5101588.0, 18996182.0, 3, 0.064207149659
2992886.0, 17834434.0, 3, 0.062526488384
5981174.0, 3433024.0, 3, 0.0621667868861
5803282.0, 18209528.0, 3, 0.0605745928865
3970102.0, 9642248.0, 3, 0.0601022657861
4065880.0, 17825354.0, 3, 0.057824280234
4467526.0, 17262228.0, 3, 0.0525890840258
4719922.0, 10195600.0, 3, 0.0509923207894
Generacion: 286
2328942.0, 18642252.0, 1, inf
8882256.0, 2410430.0, 1, inf
6350300.0, 2532308.0, 1, 0.381382401294
4402816.0, 2552114.0, 1, 0.344985452005
6949694.0, 2411920.0, 1, 0.310884508985
2571668.0, 14970754.0, 1, 0.25960332346
3176174.0, 8000694.0, 1, 0.25670604421
3213146.0, 4019520.0, 1, 0.253134337762
2671740.0, 11517034.0, 1, 0.253103421793
3843816.0, 3207366.0, 1, 0.162732522584
3307772.0, 3237496.0, 1, 0.144048564573
4359356.0, 3200706.0, 1, 0.125668711287
2491168.0, 16725824.0, 1, 0.112932535881
2776722.0, 10795458.0, 1, 0.102162224129
6853002.0, 2430418.0, 1, 0.0988810466962
2521342.0, 15358350.0, 1, 0.0919259614807
3101228.0, 8022508.0, 1, 0.0795170030292
3070250.0, 9029038.0, 1, 0.077958554299
2807700.0, 9788770.0, 1, 0.0768188220474
2449122.0, 17012570.0, 1, 0.0650146581009
2398982.0, 17552796.0, 1, 0.0645436356045
3226298.0, 4016014.0, 1, 0.0626178603584
2774516.0, 11364856.0, 1, 0.0604740867077
2997880.0, 9031936.0, 1, 0.0461202909669
2995674.0, 9601300.0, 1, 0.0460234256428
2330402.0, 18094754.0, 1, 0.038243968431
2930040.0, 9610948.0, 1, 0.0301610036061
2872928.0, 9786840.0, 1, 0.0296235644724
2521342.0, 15358350.0, 1, 0.0284831613844
2359984.0, 17839446.0, 1, 0.0221738069913
2359984.0, 17839446.0, 1, 0.0216797388193
2330402.0, 18094754.0, 1, 0.0159516446062
3176174.0, 8000694.0, 1, 0.00698562905018
2997880.0, 9031936.0, 1, 0.000515161759607
2521342.0, 15358350.0, 1, 0.0
2359984.0, 17839446.0, 1, 0.0
2359984.0, 17839446.0, 1, 0.0
2430540.0, 18379838.0, 2, inf
9755178.0, 2415872.0, 2, inf
9755178.0, 2415872.0, 2, inf
3244034.0, 8000558.0, 2, 0.380382360652
7433180.0, 3352828.0, 2, 0.345038638938
5769614.0, 3788216.0, 2, 0.31759847996
3296120.0, 4023080.0, 2, 0.313920530301
3920954.0, 3526474.0, 2, 0.298890293542
2735614.0, 12085032.0, 2, 0.225336078587
6187878.0, 3258024.0, 2, 0.163045118102
2995338.0, 9791014.0, 2, 0.160494888385
6861462.0, 3411554.0, 2, 0.160353326943
3068044.0, 9598402.0, 2, 0.144433415239
2692510.0, 15352242.0, 2, 0.1393728191
2742406.0, 13305900.0, 2, 0.139224523473
7298338.0, 2553190.0, 2, 0.130807403367
2503966.0, 18200964.0, 2, 0.102010386632
2622630.0, 17017764.0, 2, 0.101003524474
2581652.0, 16172952.0, 2, 0.0949411624383
3610668.0, 3492468.0, 2, 0.0925044981605
2814870.0, 13302404.0, 2, 0.0861506765677
6034108.0, 3558544.0, 2, 0.0734995098176
2620044.0, 15355660.0, 2, 0.0570046997928
2552778.0, 16724692.0, 2, 0.0465329080363
2957302.0, 9764258.0, 2, 0.036703910094
2703008.0, 16746486.0, 2, 0.0242431412332
2814870.0, 13302404.0, 2, 0.019664595836
9755178.0, 2415872.0, 2, 0.0
2952962.0, 16821742.0, 3, inf
5407496.0, 20615680.0, 3, inf
12059452.0, 3047824.0, 3, inf
12889982.0, 4806662.0, 3, inf
4109170.0, 15406422.0, 3, 0.298059525829
3741340.0, 11730434.0, 3, 0.240770720019
7924480.0, 4254510.0, 3, 0.221510588207
3625076.0, 17835318.0, 3, 0.206023581941
9449644.0, 4579344.0, 3, 0.205372304611
9687574.0, 5226000.0, 3, 0.194794866681
11093128.0, 4163774.0, 3, 0.15665101506
6558426.0, 4844740.0, 3, 0.15096627206
7300972.0, 4803644.0, 3, 0.150410621132
4786642.0, 6304654.0, 3, 0.138085521786
3520544.0, 8004946.0, 3, 0.108876124738
6038010.0, 4219916.0, 3, 0.10541043396
3314622.0, 9808930.0, 3, 0.103606158411
3825002.0, 10907168.0, 3, 0.0958003824749
11538676.0, 3379030.0, 3, 0.0938191630823
4309848.0, 8673488.0, 3, 0.0912407672182
5562284.0, 6044188.0, 3, 0.0874625956406
12045340.0, 3357808.0, 3, 0.0712606185434
4136828.0, 17279098.0, 3, 0.0605233307009
3512348.0, 8018080.0, 3, 0.0587775545282
5345530.0, 5361320.0, 3, 0.0570664499909
5094752.0, 4312702.0, 3, 0.0555737993996
11287858.0, 3666842.0, 3, 0.0514127447801
4977030.0, 4058440.0, 3, 0.0470752844768
3109246.0, 9799682.0, 3, 0.0462206619123
11185288.0, 5743128.0, 3, 0.044015929174
3680512.0, 9055618.0, 3, 0.0405390075043
3993124.0, 5795700.0, 3, 0.0402658457711
3786530.0, 11364028.0, 3, 0.0380852754668
4475324.0, 11177736.0, 3, 0.0335388096073
4155532.0, 11163182.0, 3, 0.0327678848985
Generacion: 287
6949694.0, 2411920.0, 1, inf
2328942.0, 18642252.0, 1, inf
2328942.0, 18642252.0, 1, inf
5406268.0, 3023246.0, 1, 0.351321554686
6331888.0, 2917158.0, 1, 0.350612680096
4773848.0, 3146628.0, 1, 0.336259662381
3226298.0, 4016014.0, 1, 0.30432695134
3166456.0, 8020548.0, 1, 0.289603535044
3907530.0, 3216554.0, 1, 0.283970048501
2669980.0, 12094682.0, 1, 0.247697184226
2620044.0, 15355660.0, 1, 0.233251979334
6858898.0, 2435030.0, 1, 0.164831725751
3538164.0, 3415232.0, 1, 0.112721509046
2521342.0, 15358350.0, 1, 0.112310659652
3029654.0, 8025666.0, 1, 0.0987970568284
2491168.0, 16725824.0, 1, 0.0969723740817
3296226.0, 3537036.0, 1, 0.0839644640279
2776722.0, 10795458.0, 1, 0.0831068891183
2807700.0, 9788770.0, 1, 0.0761414191337
2466980.0, 16741298.0, 1, 0.0709026863988
2997880.0, 9031936.0, 1, 0.0624767593566
3447816.0, 3431322.0, 1, 0.0598637239753
2398982.0, 17552796.0, 1, 0.0584386057955
2330402.0, 18094754.0, 1, 0.0561812676385
2671740.0, 11517034.0, 1, 0.0528025767033
2995674.0, 9601300.0, 1, 0.0503562790899
2710608.0, 10796588.0, 1, 0.0503471249064
2708848.0, 11374202.0, 1, 0.0436192785813
2997880.0, 9031936.0, 1, 0.0419566134903
2930040.0, 9610948.0, 1, 0.0379957567777
2872928.0, 9786840.0, 1, 0.0374323628939
2398982.0, 17552796.0, 1, 0.0323771627643
2359984.0, 17839446.0, 1, 0.0241700523242
2359984.0, 17839446.0, 1, 0.0240633644908
2708848.0, 11374202.0, 1, 0.00918120327884
2807700.0, 9788770.0, 1, 0.00682301673042
2398982.0, 17552796.0, 1, 0.0
2359984.0, 17839446.0, 1, 0.0
2398982.0, 17552796.0, 1, 0.0
2400978.0, 17814414.0, 2, inf
9645618.0, 2437836.0, 2, inf
2870968.0, 19316638.0, 2, inf
7269664.0, 2422822.0, 2, inf
3865060.0, 6735210.0, 2, 0.418318658159
7298338.0, 2553190.0, 2, 0.364109635556
5680506.0, 3449298.0, 2, 0.334843778068
3920954.0, 3526474.0, 2, 0.303450805032
6986446.0, 3230756.0, 2, 0.272399930895
4676978.0, 3502084.0, 2, 0.247444687451
3216222.0, 8950104.0, 2, 0.233518169465
2774516.0, 11364856.0, 2, 0.158324395242
2734046.0, 16004552.0, 2, 0.152631279859
2814870.0, 13302404.0, 2, 0.128210284232
3101262.0, 14985680.0, 2, 0.127136020468
3144750.0, 10789614.0, 2, 0.109310596486
3120396.0, 9035308.0, 2, 0.108491321583
2742406.0, 13305900.0, 2, 0.105224788547
2692510.0, 15352242.0, 2, 0.0920690045303
2460078.0, 18488074.0, 2, 0.0655874607991
2503966.0, 18200964.0, 2, 0.0488430478714
3070250.0, 9029038.0, 2, 0.0368316933024
3113764.0, 10796680.0, 2, 0.0366915728337
3156976.0, 18096702.0, 2, 0.032746654235
2430540.0, 18379838.0, 2, 0.0251527314006
7298338.0, 2553190.0, 2, 0.0107861396653
2806766.0, 16000586.0, 3, inf
7709944.0, 19851612.0, 3, inf
8832638.0, 3352904.0, 3, inf
3214076.0, 16995346.0, 3, 0.314083358375
6351728.0, 3683494.0, 3, 0.248872494822
7971052.0, 4500744.0, 3, 0.235913027573
4997392.0, 7995608.0, 3, 0.21494639054
4771092.0, 5321996.0, 3, 0.205111299478
5257174.0, 5041328.0, 3, 0.196866495157
4349168.0, 19844506.0, 3, 0.177415732167
4620844.0, 12651652.0, 3, 0.176609137662
8808380.0, 3737892.0, 3, 0.164131636659
6025830.0, 4066664.0, 3, 0.162541077599
3567560.0, 11314808.0, 3, 0.153189143152
4321622.0, 14552750.0, 3, 0.126210887492
4394196.0, 9175520.0, 3, 0.117559547913
3967606.0, 14556564.0, 3, 0.107766889994
4482320.0, 14870376.0, 3, 0.0982746452218
4822282.0, 16745574.0, 3, 0.0978479366572
4500278.0, 8025310.0, 3, 0.0942473637451
4345862.0, 12090776.0, 3, 0.0825958224034
4166588.0, 10900074.0, 3, 0.0797461983179
4100942.0, 11364348.0, 3, 0.071569905805
4371744.0, 10452508.0, 3, 0.070970993368
4281068.0, 9790350.0, 3, 0.066756121709
5139486.0, 3586674.0, 3, 0.0631484314748
6195678.0, 4032450.0, 3, 0.0583541031152
4435492.0, 9852430.0, 3, 0.0547582039533
4665308.0, 4156562.0, 3, 0.0512437576429
6265500.0, 4044448.0, 3, 0.0279704050432
4115468.0, 7999836.0, 3, 0.0126942871425
6642954.0, 17240392.0, 4, inf
5695452.0, 15273428.0, 4, inf
14405338.0, 9963016.0, 4, inf
7104396.0, 4351912.0, 4, inf
Generacion: 288
2328942.0, 18642252.0, 1, inf
5941638.0, 2427848.0, 1, inf
2328942.0, 18642252.0, 1, inf
5305824.0, 2495898.0, 1, 0.477570012275
4146592.0, 2557762.0, 1, 0.335919720402
2620044.0, 15355660.0, 1, 0.314551258449
3109740.0, 3943170.0, 1, 0.278426721057
2671740.0, 11517034.0, 1, 0.270131772913
3101228.0, 8022508.0, 1, 0.255767271474
3843816.0, 3207366.0, 1, 0.235569313379
5846734.0, 2444780.0, 1, 0.180191212357
2544168.0, 16044730.0, 1, 0.156070126031
2807700.0, 9788770.0, 1, 0.133861765045
2428796.0, 17027890.0, 1, 0.133195513032
2710608.0, 10796588.0, 1, 0.125141624679
4115266.0, 2599206.0, 1, 0.123872269017
3402756.0, 3220954.0, 1, 0.12274317975
3293530.0, 3231608.0, 1, 0.101165632419
3197672.0, 3940842.0, 1, 0.094757925292
3029654.0, 8025666.0, 1, 0.0871992046698
2359984.0, 17839446.0, 1, 0.0865778121988
3004136.0, 9030198.0, 1, 0.0708553458539
2930040.0, 9610948.0, 1, 0.0694860608505
2398982.0, 17552796.0, 1, 0.069098817829
2931800.0, 9033356.0, 1, 0.0544879506036
2708848.0, 11374202.0, 1, 0.0458950644788
3402756.0, 3220954.0, 1, 0.0310719508787
3094848.0, 8023446.0, 1, 0.0200065621613
2997880.0, 9031936.0, 1, 0.0183982377677
2930040.0, 9610948.0, 1, 0.0114540863892
2708848.0, 11374202.0, 1, 0.00929612856359
2997880.0, 9031936.0, 1, 0.00181924720589
2997880.0, 9031936.0, 1, 0.0
2997880.0, 9031936.0, 1, 0.0
2930040.0, 9610948.0, 1, 0.0
7700848.0, 2560716.0, 2, inf
2460078.0, 18488074.0, 2, inf
5638270.0, 2627182.0, 2, 0.693838320741
3447816.0, 3431322.0, 2, 0.534562993992
4287290.0, 3412806.0, 2, 0.430133529608
3216222.0, 8950104.0, 2, 0.397022951918
2606628.0, 17614730.0, 2, 0.273769462444
3101262.0, 14985680.0, 2, 0.269761196338
3119642.0, 11366858.0, 2, 0.176079942207
2814870.0, 13302404.0, 2, 0.158272980976
2804228.0, 13561052.0, 2, 0.119292050429
3307772.0, 3237496.0, 2, 0.0935162782329
3033838.0, 10079650.0, 2, 0.0935131218231
3113764.0, 10796680.0, 2, 0.0839951985057
2995674.0, 9601300.0, 2, 0.0624426395808
2742406.0, 13305900.0, 2, 0.0539436112601
3117916.0, 9183098.0, 2, 0.0420069656231
3002376.0, 9607790.0, 2, 0.0373153656386
6727252.0, 2705520.0, 3, inf
9357984.0, 3481818.0, 3, inf
4251226.0, 19386314.0, 3, inf
2856546.0, 13954186.0, 3, inf
3315642.0, 7997112.0, 3, 0.236893407028
4082868.0, 5212374.0, 3, 0.221612512724
4624942.0, 11307762.0, 3, 0.20369800704
5222974.0, 9609132.0, 3, 0.155125782345
5680506.0, 3449298.0, 3, 0.136259651243
3366692.0, 18022092.0, 3, 0.134317149141
3750280.0, 11232878.0, 3, 0.131081699272
3553250.0, 8953828.0, 3, 0.115162748993
4683308.0, 4697398.0, 3, 0.112982062851
3192468.0, 16714572.0, 3, 0.107871763638
6195678.0, 4032450.0, 3, 0.103119447694
6201372.0, 3119392.0, 3, 0.100664316472
3417036.0, 15613028.0, 3, 0.0985022989081
4234822.0, 14547176.0, 3, 0.090258961563
4044760.0, 9595470.0, 3, 0.0899306591986
5451052.0, 3831334.0, 3, 0.0891427404132
2896598.0, 14534186.0, 3, 0.0872181439662
4386764.0, 4698822.0, 3, 0.0841000003567
3265800.0, 16039686.0, 3, 0.0802381382632
3581732.0, 10213284.0, 3, 0.0718660948253
4079550.0, 10302394.0, 3, 0.0669853014903
4250076.0, 17355272.0, 3, 0.061787609632
3455978.0, 4215058.0, 3, 0.0608144553634
3284798.0, 16996634.0, 3, 0.035450592903
6201372.0, 3119392.0, 3, 0.0256870952037
4278886.0, 11300946.0, 3, 0.0253366226614
3397286.0, 16891808.0, 3, 0.0246529045921
4676978.0, 3502084.0, 3, 0.0232185671544
4249196.0, 3719372.0, 3, 0.0220845192217
7943412.0, 18301812.0, 4, inf
4574596.0, 8023088.0, 4, inf
6476266.0, 3152848.0, 4, inf
13302594.0, 16720842.0, 4, inf
6645560.0, 10958656.0, 4, 0.265879930686
10088116.0, 14158756.0, 4, 0.256658199491
11376084.0, 8516732.0, 4, 0.238264239803
8792354.0, 9807782.0, 4, 0.204754846609
12458154.0, 6096118.0, 4, 0.199296004112
12214844.0, 16719022.0, 4, 0.189407365427
9348588.0, 7920066.0, 4, 0.175325662831
10518792.0, 15729638.0, 4, 0.152494855599
6845032.0, 6724962.0, 4, 0.144538792981
10662948.0, 14547932.0, 4, 0.132682994442
Generacion: 289
6743302.0, 2423170.0, 1, inf
2328942.0, 18642252.0, 1, inf
2328942.0, 18642252.0, 1, inf
2521342.0, 15358350.0, 1, 0.424422300939
4146592.0, 2557762.0, 1, 0.375059757651
5941638.0, 2427848.0, 1, 0.308534705858
2669980.0, 12094682.0, 1, 0.288122087903
5305824.0, 2495898.0, 1, 0.288005224726
3109928.0, 4395008.0, 1, 0.23474381112
3101228.0, 8022508.0, 1, 0.2271302649
3843816.0, 3207366.0, 1, 0.209393315407
2359984.0, 17839446.0, 1, 0.160005935891
5396084.0, 2477420.0, 1, 0.148228785315
3225810.0, 3901172.0, 1, 0.104205647277
3402756.0, 3220954.0, 1, 0.10057170402
2807700.0, 9788770.0, 1, 0.0917283046917
2359984.0, 17839446.0, 1, 0.0860505997171
2769594.0, 10509192.0, 1, 0.0841323767893
3029654.0, 8025666.0, 1, 0.0826213686163
3293530.0, 3231608.0, 1, 0.0820235448154
2930040.0, 9610948.0, 1, 0.0746884278452
3004136.0, 9030198.0, 1, 0.0692402247336
3148862.0, 4390194.0, 1, 0.0566989831501
2931800.0, 9033356.0, 1, 0.0505812072602
2710608.0, 10796588.0, 1, 0.0489755357148
2708848.0, 11374202.0, 1, 0.0448204484325
2708848.0, 11374202.0, 1, 0.0444181366808
3402756.0, 3220954.0, 1, 0.0255811162642
2710608.0, 10796588.0, 1, 0.0181183206548
3094848.0, 8023446.0, 1, 0.0164086108257
2997880.0, 9031936.0, 1, 0.0150764851064
2997880.0, 9031936.0, 1, 0.0015047441736
2931800.0, 9033356.0, 1, 0.000486249986452
2997880.0, 9031936.0, 1, 0.0
2710608.0, 10796588.0, 1, 0.0
2367888.0, 18355602.0, 2, inf
7322510.0, 2429110.0, 2, inf
2460078.0, 18488074.0, 2, inf
5703264.0, 2497574.0, 2, 0.381747145887
3970822.0, 5423974.0, 2, 0.295279321393
5467660.0, 3656638.0, 2, 0.235881539919
3070250.0, 9029038.0, 2, 0.229778000196
4709790.0, 4143804.0, 2, 0.224482064238
2856546.0, 13954186.0, 2, 0.209753758029
2737820.0, 11515610.0, 2, 0.208051033132
4386764.0, 4698822.0, 2, 0.186450664499
2544168.0, 16044730.0, 2, 0.182984316413
3722350.0, 10650136.0, 2, 0.165325372734
4082868.0, 5212374.0, 2, 0.118396293688
3043004.0, 15503954.0, 2, 0.0987135339494
3334932.0, 9033524.0, 2, 0.0984393405547
3307772.0, 3237496.0, 2, 0.0966928320359
2792098.0, 14547576.0, 2, 0.0901482962644
4676978.0, 3502084.0, 2, 0.0781080701087
3149488.0, 11015624.0, 2, 0.0735519797745
5680506.0, 3449298.0, 2, 0.0640283979593
2544168.0, 16044730.0, 2, 0.0506464327801
3012842.0, 9763212.0, 2, 0.0459341534094
3016870.0, 14314992.0, 2, 0.0430383514918
4007804.0, 9503034.0, 2, 0.0416626512627
3044046.0, 10201556.0, 2, 0.0407426016159
3114872.0, 9266138.0, 2, 0.0392055042151
2967664.0, 10084162.0, 2, 0.0390400001602
3119642.0, 11366858.0, 2, 0.0381209946568
4023884.0, 10081202.0, 2, 0.0351360206607
2776722.0, 10795458.0, 2, 0.033714150338
3070250.0, 9029038.0, 2, 0.00928548163053
7196658.0, 18637112.0, 3, inf
5728536.0, 2608692.0, 3, inf
13041274.0, 3996064.0, 3, inf
2883038.0, 16856938.0, 3, inf
7567326.0, 5502670.0, 3, 0.271223611869
10644738.0, 14968222.0, 3, 0.244275430971
4603640.0, 7999146.0, 3, 0.202793885552
12142764.0, 16992228.0, 3, 0.196284959011
9617628.0, 11728670.0, 3, 0.181436596811
3663632.0, 17548702.0, 3, 0.164956783401
6315206.0, 15345124.0, 3, 0.146093697504
4962914.0, 12094316.0, 3, 0.142845377951
10165114.0, 17352736.0, 3, 0.135829016275
7227824.0, 13946198.0, 3, 0.122791947316
4137464.0, 10091266.0, 3, 0.11948213645
12324428.0, 4180876.0, 3, 0.119207001061
8533586.0, 4497690.0, 3, 0.11655409675
5808822.0, 5172472.0, 3, 0.102923252653
5108496.0, 8682342.0, 3, 0.0923745018949
9002806.0, 3541044.0, 3, 0.0893905044953
7376466.0, 8890082.0, 3, 0.0827235215896
6986446.0, 3230756.0, 3, 0.0824396716351
6629448.0, 11008384.0, 3, 0.07656335127
6462642.0, 9590142.0, 3, 0.0715065891607
4813232.0, 10894996.0, 3, 0.0701126058295
4275464.0, 18017406.0, 3, 0.0611769696099
6868458.0, 8421068.0, 3, 0.0560350814202
4159750.0, 14550258.0, 3, 0.0559110934979
4346036.0, 12082550.0, 3, 0.0551187510595
6167052.0, 3961662.0, 3, 0.0547639956759
6720918.0, 2625374.0, 3, 0.0542084064076
5728806.0, 4519450.0, 3, 0.0500026340626
8780700.0, 3917294.0, 3, 0.0498336308181
Generacion: 290
8452134.0, 2426744.0, 1, inf
2359984.0, 17839446.0, 1, inf
2359984.0, 17839446.0, 1, inf
5941638.0, 2427848.0, 1, 0.50492529043
2590462.0, 15611076.0, 1, 0.357408020793
2671740.0, 11517034.0, 1, 0.294327501969
3109740.0, 3943170.0, 1, 0.292609139786
4146592.0, 2557762.0, 1, 0.271646848584
3029654.0, 8025666.0, 1, 0.269067338579
3402756.0, 3220954.0, 1, 0.238304895223
4774270.0, 2503974.0, 1, 0.208028683423
2491168.0, 16725824.0, 1, 0.103973266644
5389738.0, 2496548.0, 1, 0.103790935893
5396084.0, 2477420.0, 1, 0.0950493538384
2552778.0, 16724692.0, 1, 0.0886252578768
3225810.0, 3901172.0, 1, 0.0803710986012
3029654.0, 8025666.0, 1, 0.0783213630372
2776722.0, 10795458.0, 1, 0.0761678044581
2807700.0, 9788770.0, 1, 0.0760223714008
3004136.0, 9030198.0, 1, 0.0705039219074
2931800.0, 9033356.0, 1, 0.0487028379681
2710608.0, 10796588.0, 1, 0.0483288181467
2708848.0, 11374202.0, 1, 0.0435676090497
2930040.0, 9610948.0, 1, 0.0434732752105
3197672.0, 3940842.0, 1, 0.0217772824376
2893498.0, 9769524.0, 1, 0.0207868327419
2872928.0, 9786840.0, 1, 0.0153320798992
2997880.0, 9031936.0, 1, 0.0109595095363
2930040.0, 9610948.0, 1, 0.0105775530863
2708848.0, 11374202.0, 1, 0.00955605795842
2807700.0, 9788770.0, 1, 0.00521012573618
2776722.0, 10795458.0, 1, 0.00515822049595
2997880.0, 9031936.0, 1, 0.00111902706828
2710608.0, 10796588.0, 1, 0.000362212518469
2708848.0, 11374202.0, 1, 0.0
2359984.0, 17839446.0, 1, 0.0
2498570.0, 16747974.0, 2, inf
7322510.0, 2429110.0, 2, inf
3917234.0, 3304880.0, 2, 0.469459400116
5728536.0, 2608692.0, 2, 0.45063241071
3440644.0, 8021498.0, 2, 0.388561091456
5812856.0, 2479096.0, 2, 0.342971534934
3109928.0, 4395008.0, 2, 0.322871186745
2844848.0, 12774922.0, 2, 0.205634373809
2692510.0, 15352242.0, 2, 0.199416550999
2720394.0, 14550994.0, 2, 0.189387462896
3044046.0, 10201556.0, 2, 0.130092369243
3610668.0, 3492468.0, 2, 0.129571935535
3375628.0, 9261094.0, 2, 0.10702818051
3111440.0, 9321104.0, 2, 0.0797505869705
3750382.0, 3459078.0, 2, 0.0766517162208
3110342.0, 12085602.0, 2, 0.0742677671896
3244972.0, 11715980.0, 2, 0.0680234227601
3319014.0, 10651302.0, 2, 0.065438552371
2899212.0, 10798832.0, 2, 0.0614703716247
3362176.0, 11170206.0, 2, 0.0415773835668
3182900.0, 11079574.0, 2, 0.0397740620192
3178218.0, 11506868.0, 2, 0.0389359217592
2737820.0, 11515610.0, 2, 0.0361802716489
3078634.0, 10790666.0, 2, 0.0239604925284
2737820.0, 11515610.0, 2, 0.00422292311546
11020852.0, 3536980.0, 3, inf
9105398.0, 2432684.0, 3, inf
3304672.0, 15608612.0, 3, inf
3371546.0, 18096660.0, 3, inf
3735282.0, 6620092.0, 3, 0.26648430674
8394142.0, 3650496.0, 3, 0.258830779027
5843070.0, 16219554.0, 3, 0.235959657495
4309848.0, 8673488.0, 3, 0.226013987389
7039814.0, 3407694.0, 3, 0.220339554321
6022384.0, 15258468.0, 3, 0.197782925354
7207032.0, 3479222.0, 3, 0.181400607524
5980112.0, 13088298.0, 3, 0.174495316832
5385034.0, 3737584.0, 3, 0.15921572617
4004204.0, 11486758.0, 3, 0.158845005809
4083780.0, 9854032.0, 3, 0.154105070362
4709066.0, 15411908.0, 3, 0.143626158404
4449272.0, 3842400.0, 3, 0.13357293812
4094224.0, 10904644.0, 3, 0.127021896359
3667610.0, 5039626.0, 3, 0.118802569034
3933786.0, 5019448.0, 3, 0.111283508838
3607068.0, 14465054.0, 3, 0.105192895077
3498406.0, 13856038.0, 3, 0.0858039903995
3304672.0, 15608612.0, 3, 0.0476697201192
4298368.0, 13954216.0, 3, 0.0453905145327
4259612.0, 3499840.0, 3, 0.0301439286701
12985688.0, 5135362.0, 4, inf
10032736.0, 3778984.0, 4, inf
4603640.0, 7999146.0, 4, inf
7243988.0, 18002872.0, 4, inf
11876732.0, 15544964.0, 4, 0.500339563105
7092964.0, 14131928.0, 4, 0.296840004193
7510590.0, 12195858.0, 4, 0.23292429006
7998974.0, 10984892.0, 4, 0.201269454515
7566278.0, 16732938.0, 4, 0.176376321176
6729468.0, 5770386.0, 4, 0.154766405596
8660360.0, 6593814.0, 4, 0.143156997896
9814108.0, 16237700.0, 4, 0.140411702293
5491652.0, 4834026.0, 4, 0.130731628368
9263728.0, 5517836.0, 4, 0.120229544843
Generacion: 291
2369348.0, 17808138.0, 1, inf
5477662.0, 2421724.0, 1, inf
4146592.0, 2557762.0, 1, 0.446691651468
4641292.0, 2478828.0, 1, 0.387256539225
3402756.0, 3220954.0, 1, 0.346648240312
3109740.0, 3943170.0, 1, 0.305019481066
2620044.0, 15355660.0, 1, 0.298042069177
3101228.0, 8022508.0, 1, 0.291096313358
5333146.0, 2472814.0, 1, 0.272786458158
2671740.0, 11517034.0, 1, 0.261419827932
2466980.0, 16741298.0, 1, 0.141408437669
2482346.0, 15789686.0, 1, 0.107370336061
3266428.0, 3534550.0, 1, 0.104051975915
2398982.0, 17552796.0, 1, 0.100746447949
3029654.0, 8025666.0, 1, 0.0967284197636
2776722.0, 10795458.0, 1, 0.0866971227885
2807700.0, 9788770.0, 1, 0.0864120808011
3149268.0, 3567154.0, 1, 0.0769665167791
2521342.0, 15358350.0, 1, 0.07250829236
3004136.0, 9030198.0, 1, 0.0672996139769
2710608.0, 10796588.0, 1, 0.058810573005
2931800.0, 9033356.0, 1, 0.0587982047663
2708848.0, 11374202.0, 1, 0.049478825955
2930040.0, 9610948.0, 1, 0.0492953038368
2893498.0, 9769524.0, 1, 0.0298055915897
2872928.0, 9786840.0, 1, 0.028853589175
2671740.0, 11517034.0, 1, 0.025914519082
2997880.0, 9031936.0, 1, 0.0234770261402
2930040.0, 9610948.0, 1, 0.010872458459
2807700.0, 9788770.0, 1, 0.0100916099239
2776722.0, 10795458.0, 1, 0.0100396160025
2708848.0, 11374202.0, 1, 0.00984921808605
3004136.0, 9030198.0, 1, 0.00832255209251
2931800.0, 9033356.0, 1, 0.000658512571429
2710608.0, 10796588.0, 1, 0.000639664774925
2708848.0, 11374202.0, 1, 0.0
2776722.0, 10795458.0, 1, 0.0
2930040.0, 9610948.0, 1, 0.0
2931800.0, 9033356.0, 1, 0.0
2708848.0, 11374202.0, 1, 0.0
5941638.0, 2427848.0, 2, inf
2503888.0, 19756322.0, 2, inf
2400978.0, 17814414.0, 2, inf
5941638.0, 2427848.0, 2, inf
4313538.0, 3465008.0, 2, 0.459896101879
3302912.0, 16168136.0, 2, 0.431569066141
2959586.0, 15332072.0, 2, 0.356022906571
2815636.0, 11083852.0, 2, 0.346532985508
3197672.0, 3940842.0, 2, 0.250875812803
3178926.0, 8000998.0, 2, 0.250601287715
4651050.0, 2569516.0, 2, 0.217592170523
4883818.0, 2485496.0, 2, 0.215737071366
5396084.0, 2477420.0, 2, 0.174297319181
5499210.0, 2477002.0, 2, 0.156943297246
3118436.0, 9317638.0, 2, 0.129248082795
3292706.0, 10481036.0, 2, 0.0817873487005
3192740.0, 9032462.0, 2, 0.0812757941826
3178926.0, 8000998.0, 2, 0.063425758332
2896732.0, 10946654.0, 2, 0.0517743495582
3256342.0, 10713666.0, 2, 0.0436046120307
2834788.0, 10506968.0, 2, 0.0363289294094
3121228.0, 10797460.0, 2, 0.0305297701436
3197672.0, 3940842.0, 2, 0.0288526203829
5541248.0, 2488726.0, 3, inf
11661694.0, 2858502.0, 3, inf
3266534.0, 4290860.0, 3, inf
3663632.0, 17548702.0, 3, inf
9190618.0, 2626968.0, 3, 0.522067559116
3589630.0, 7996830.0, 3, 0.228047781859
7480624.0, 3351600.0, 3, 0.226114268942
3988804.0, 13131002.0, 3, 0.216504799648
3735208.0, 5016474.0, 3, 0.213395104848
3846858.0, 16748874.0, 3, 0.171453864594
4109170.0, 15406422.0, 3, 0.151537266442
4004204.0, 11486758.0, 3, 0.141878918784
6705914.0, 3242480.0, 3, 0.127666985561
5722070.0, 3948194.0, 3, 0.113591664236
3434512.0, 11174172.0, 3, 0.109776966372
3607068.0, 14465054.0, 3, 0.103377674233
3734332.0, 9895902.0, 3, 0.0949783982673
5348732.0, 4799788.0, 3, 0.0947345843191
4289148.0, 8954166.0, 3, 0.0937457041641
4786052.0, 4341598.0, 3, 0.0921500475631
6265850.0, 4664280.0, 3, 0.0921308583565
7122686.0, 3244096.0, 3, 0.0866457552232
6187878.0, 3258024.0, 3, 0.0719114270821
3743632.0, 8195430.0, 3, 0.067273120807
4783280.0, 14977884.0, 3, 0.0639286439386
7424654.0, 11210232.0, 3, 0.0633923088323
5530932.0, 9573774.0, 3, 0.0613055397144
4428986.0, 3505916.0, 3, 0.049193642977
4567108.0, 9785242.0, 3, 0.0490920128901
3400706.0, 14555116.0, 3, 0.042805888052
3342290.0, 9034188.0, 3, 0.0389814506372
4723920.0, 3495358.0, 3, 0.0359963612557
5385034.0, 3737584.0, 3, 0.0338884759073
5389738.0, 2496548.0, 3, 0.0263617115184
5386684.0, 4288290.0, 3, 0.0233137455673
3712106.0, 8141322.0, 3, 0.0216087910773
3361026.0, 9685656.0, 3, 0.021000017262
Generacion: 292
7681876.0, 2418350.0, 1, inf
2328942.0, 18642252.0, 1, inf
7245648.0, 2419760.0, 1, 0.411984758578
5477662.0, 2421724.0, 1, 0.333432599182
3149268.0, 3567154.0, 1, 0.304638903581
2521342.0, 15358350.0, 1, 0.298736731763
3843816.0, 3207366.0, 1, 0.297087280857
3111134.0, 8006310.0, 1, 0.283591191123
2671740.0, 11517034.0, 1, 0.243701208148
4512450.0, 2491132.0, 1, 0.193884459566
2398982.0, 17552796.0, 1, 0.179538819729
5333146.0, 2472814.0, 1, 0.159764899653
3266428.0, 3534550.0, 1, 0.151927315233
4641292.0, 2478828.0, 1, 0.13000601105
2482346.0, 15789686.0, 1, 0.115958586884
2807700.0, 9788770.0, 1, 0.0849044403869
3029654.0, 8025666.0, 1, 0.0752877790815
2776722.0, 10795458.0, 1, 0.0744006680631
2930040.0, 9610948.0, 1, 0.0697453426249
3004136.0, 9030198.0, 1, 0.0630854989862
2367888.0, 18355602.0, 1, 0.0567585533693
2710608.0, 10796588.0, 1, 0.0479536394753
2931800.0, 9033356.0, 1, 0.0479459317945
2708848.0, 11374202.0, 1, 0.042534928914
2482346.0, 15789686.0, 1, 0.0421599678912
2671740.0, 11517034.0, 1, 0.0369001680513
5477662.0, 2421724.0, 1, 0.027118586658
4641292.0, 2478828.0, 1, 0.0244401045277
2367888.0, 18355602.0, 1, 0.0234771529738
2807700.0, 9788770.0, 1, 0.0167476018599
3101228.0, 8022508.0, 1, 0.0164146134123
2997880.0, 9031936.0, 1, 0.0137079878753
2708848.0, 11374202.0, 1, 0.00913259236288
2776722.0, 10795458.0, 1, 0.00585675698174
3029654.0, 8025666.0, 1, 0.00496175636932
3004136.0, 9030198.0, 1, 0.0048742311858
2931800.0, 9033356.0, 1, 0.000416316833111
2710608.0, 10796588.0, 1, 0.000398441971688
2931800.0, 9033356.0, 1, 0.0
3004136.0, 9030198.0, 1, 0.0
3029654.0, 8025666.0, 1, 0.0
2708848.0, 11374202.0, 1, 0.0
2708848.0, 11374202.0, 1, 0.0
5555440.0, 2441012.0, 2, inf
2503888.0, 19756322.0, 2, inf
5812856.0, 2479096.0, 2, inf
2484342.0, 16051274.0, 2, inf
4083780.0, 9854032.0, 2, 0.303683463109
3953688.0, 3216706.0, 2, 0.273148887931
3291184.0, 4333982.0, 2, 0.252003187502
5136644.0, 2492712.0, 2, 0.249301087351
3178926.0, 8000998.0, 2, 0.229363248195
3307478.0, 3903500.0, 2, 0.224034769059
2803030.0, 14311084.0, 2, 0.222466395484
4685924.0, 3209926.0, 2, 0.218541447712
2959994.0, 11808486.0, 2, 0.184584585829
4686800.0, 2569572.0, 2, 0.176832578785
3032772.0, 18196730.0, 2, 0.14561947231
5499210.0, 2477002.0, 2, 0.128020152426
2808450.0, 17563194.0, 2, 0.108340035609
2590462.0, 15611076.0, 2, 0.099063021809
2769030.0, 17808440.0, 2, 0.087294415837
2786786.0, 15547862.0, 2, 0.0852923732448
3070250.0, 9029038.0, 2, 0.0834029376785
3120396.0, 9035308.0, 2, 0.0670245099043
3178926.0, 8000998.0, 2, 0.0635219355466
2881264.0, 11083902.0, 2, 0.0606180027188
2916114.0, 10484506.0, 2, 0.0595563461413
3225810.0, 3901172.0, 2, 0.0587722003483
3112102.0, 11507954.0, 2, 0.0549195364118
2536068.0, 17706500.0, 2, 0.040173340021
2957224.0, 10511140.0, 2, 0.0260432398744
2845458.0, 10712794.0, 2, 0.0245020687689
3256342.0, 10713666.0, 2, 0.0244852107646
3113764.0, 10796680.0, 2, 0.0238738050496
3192740.0, 9032462.0, 2, 0.0144476722009
2851074.0, 10490116.0, 2, 0.0122955293116
6381636.0, 20748722.0, 3, inf
12831122.0, 3996092.0, 3, inf
2911616.0, 10709706.0, 3, inf
6204794.0, 2783966.0, 3, inf
10807388.0, 19958274.0, 3, 0.370717986599
3846858.0, 16748874.0, 3, 0.23874765649
7385564.0, 7768684.0, 3, 0.215512744534
6777586.0, 14506178.0, 3, 0.200525225168
9501958.0, 4970008.0, 3, 0.186299239195
11459502.0, 11133846.0, 3, 0.177128623557
8314090.0, 6038404.0, 3, 0.152354087909
3590656.0, 12770892.0, 3, 0.139091600467
4482320.0, 14870376.0, 3, 0.106137964808
9072518.0, 9589146.0, 3, 0.100914936881
7838162.0, 8911774.0, 3, 0.0959538300821
3932606.0, 16052358.0, 3, 0.0944992016536
8646426.0, 3747428.0, 3, 0.092810732398
5134368.0, 10471986.0, 3, 0.0832965588849
4346036.0, 12082550.0, 3, 0.0827855859369
8132962.0, 11513458.0, 3, 0.0823064400025
5410586.0, 4691244.0, 3, 0.0710375923568
4848870.0, 3457754.0, 3, 0.068293356363
4694590.0, 12699854.0, 3, 0.0680086405003
Generacion: 293
2330402.0, 18094754.0, 1, inf
7132910.0, 2432178.0, 1, inf
5553966.0, 2467816.0, 1, 0.404453383488
3149268.0, 3567154.0, 1, 0.392208058827
6569386.0, 2432202.0, 1, 0.331050241859
3111134.0, 8006310.0, 1, 0.294461678531
2621114.0, 14561472.0, 1, 0.239323720314
4512450.0, 2491132.0, 1, 0.212568640865
4641292.0, 2478828.0, 1, 0.190826687
2521342.0, 15358350.0, 1, 0.165244154518
3610668.0, 3492468.0, 1, 0.163233126646
2669980.0, 12094682.0, 1, 0.157862279194
3843816.0, 3207366.0, 1, 0.141155188986
2491168.0, 16725824.0, 1, 0.120654063664
2807700.0, 9788770.0, 1, 0.0844291364381
3004136.0, 9030198.0, 1, 0.0791979401362
3029654.0, 8025666.0, 1, 0.0790392730398
2776722.0, 10795458.0, 1, 0.0780400200365
2449122.0, 17012570.0, 1, 0.0719946201022
2398982.0, 17552796.0, 1, 0.0713538224565
3832142.0, 3237582.0, 1, 0.0667498869774
2671740.0, 11517034.0, 1, 0.0540933672908
2931800.0, 9033356.0, 1, 0.0519393333783
2710608.0, 10796588.0, 1, 0.0506451649373
2359984.0, 17839446.0, 1, 0.0488821373384
2930040.0, 9610948.0, 1, 0.0487693230421
3843816.0, 3207366.0, 1, 0.048159817198
2669980.0, 12094682.0, 1, 0.0470558789197
2708848.0, 11374202.0, 1, 0.0446054040457
2872928.0, 9786840.0, 1, 0.0368274945818
4641292.0, 2478828.0, 1, 0.027531142864
3101228.0, 8022508.0, 1, 0.0182019472345
2930040.0, 9610948.0, 1, 0.0115965563654
2708848.0, 11374202.0, 1, 0.00948579246555
2776722.0, 10795458.0, 1, 0.0065225261741
3004136.0, 9030198.0, 1, 0.0055151008242
3029654.0, 8025666.0, 1, 0.0055151008242
2931800.0, 9033356.0, 1, 0.000568102297595
2710608.0, 10796588.0, 1, 0.000438621680869
2710608.0, 10796588.0, 1, 0.0
2710608.0, 10796588.0, 1, 0.0
2931800.0, 9033356.0, 1, 0.0
2931800.0, 9033356.0, 1, 0.0
3004136.0, 9030198.0, 1, 0.0
2361980.0, 18101034.0, 2, inf
9969410.0, 2700538.0, 2, inf
7031258.0, 2486166.0, 2, inf
3270434.0, 18119428.0, 2, inf
3647562.0, 8141650.0, 2, 0.28914389557
3869202.0, 5227024.0, 2, 0.242929377363
5582610.0, 2782704.0, 2, 0.226835601866
3128782.0, 12169966.0, 2, 0.199569595234
4836248.0, 14501336.0, 2, 0.163633356995
4298262.0, 16742286.0, 2, 0.149663188861
2845458.0, 10712794.0, 2, 0.133152987869
2589002.0, 16158518.0, 2, 0.12637792399
4678120.0, 9594830.0, 2, 0.124944264455
2536068.0, 17706500.0, 2, 0.0981617279586
2642746.0, 14985810.0, 2, 0.0980239365727
4859586.0, 3461874.0, 2, 0.0904306343653
4003066.0, 5016674.0, 2, 0.0887210841632
3177750.0, 11031600.0, 2, 0.0864309666309
3592438.0, 11890624.0, 2, 0.0861643159489
5351198.0, 3874784.0, 2, 0.0751492964061
4083780.0, 9854032.0, 2, 0.0748542871874
3213146.0, 4019520.0, 2, 0.0706705521847
3410448.0, 17810344.0, 2, 0.0545245147965
5549700.0, 3202118.0, 2, 0.0453555777993
4600006.0, 3211766.0, 2, 0.0451918969859
4770182.0, 14555834.0, 2, 0.0391391701727
3493238.0, 14831284.0, 2, 0.0385644234996
5446360.0, 3218216.0, 2, 0.0371733696338
3666626.0, 4010626.0, 2, 0.0367049440005
3994024.0, 12064272.0, 2, 0.0354649210756
4081370.0, 3573720.0, 2, 0.0327589468816
5386006.0, 3808136.0, 2, 0.0317669995433
2688856.0, 14544364.0, 2, 0.0301326097394
3494590.0, 9816632.0, 2, 0.0296200443186
4214730.0, 3217124.0, 2, 0.0286063345264
4634754.0, 2563272.0, 2, 0.0239806766954
3225810.0, 3901172.0, 2, 0.01621982603
4398700.0, 18639570.0, 3, inf
10074146.0, 2786232.0, 3, inf
2367888.0, 18355602.0, 3, inf
10639202.0, 17851476.0, 3, inf
7267458.0, 13019752.0, 3, 0.337091070293
6853768.0, 15781048.0, 3, 0.279851403873
3773536.0, 5379886.0, 3, 0.189453746144
9980776.0, 11297818.0, 3, 0.168260858709
2606628.0, 17614730.0, 3, 0.165346687622
8728116.0, 17379384.0, 3, 0.164200160122
9933800.0, 4615414.0, 3, 0.152739414984
6823756.0, 12529510.0, 3, 0.152462974052
8166240.0, 3531114.0, 3, 0.150361800595
4785056.0, 8020554.0, 3, 0.125387569163
6923804.0, 17336432.0, 3, 0.119658274664
8295616.0, 9416428.0, 3, 0.118950779917
7074510.0, 6898640.0, 3, 0.106740649315
6491100.0, 3391310.0, 3, 0.0930184505482
3838568.0, 5793450.0, 3, 0.0916745316906
Generacion: 294
2330402.0, 18094754.0, 1, inf
6553702.0, 2426070.0, 1, inf
3109740.0, 3943170.0, 1, 0.519877696737
6349256.0, 2471570.0, 1, 0.456190719686
4641292.0, 2478828.0, 1, 0.428975640027
3978912.0, 3401668.0, 1, 0.348898287077
3029654.0, 8025666.0, 1, 0.266593495419
2613712.0, 14539322.0, 1, 0.243250187294
2669980.0, 12094682.0, 1, 0.206627129077
4214954.0, 2576800.0, 1, 0.191638669523
2590462.0, 15611076.0, 1, 0.168562160862
4544500.0, 2497306.0, 1, 0.107201747684
2491168.0, 16725824.0, 1, 0.10137081496
2398982.0, 17552796.0, 1, 0.0954202194428
3004136.0, 9030198.0, 1, 0.0874823899683
2807700.0, 9788770.0, 1, 0.0871514002028
3029654.0, 8025666.0, 1, 0.0830737048535
2776722.0, 10795458.0, 1, 0.0799029907524
2466980.0, 16741298.0, 1, 0.0746066051582
2930040.0, 9610948.0, 1, 0.0560526082267
2708848.0, 11374202.0, 1, 0.0551832239375
2931800.0, 9033356.0, 1, 0.053990666211
2710608.0, 10796588.0, 1, 0.0525188147744
2359984.0, 17839446.0, 1, 0.0508270964859
2671740.0, 11517034.0, 1, 0.0456528957726
2893498.0, 9769524.0, 1, 0.0247487778208
2872928.0, 9786840.0, 1, 0.0165499286472
2671740.0, 11517034.0, 1, 0.00953249809833
2776722.0, 10795458.0, 1, 0.00740714074905
2872928.0, 9786840.0, 1, 0.00499377444936
2931800.0, 9033356.0, 1, 0.000618284243483
2710608.0, 10796588.0, 1, 0.000488854101168
2931800.0, 9033356.0, 1, 0.0
3029654.0, 8025666.0, 1, 0.0
2671740.0, 11517034.0, 1, 0.0
2776722.0, 10795458.0, 1, 0.0
2931800.0, 9033356.0, 1, 0.0
2811320.0, 17732230.0, 2, inf
7132910.0, 2432178.0, 2, inf
2621114.0, 14561472.0, 2, inf
4600006.0, 3211766.0, 2, 0.70249817046
6569386.0, 2432202.0, 2, 0.612349240517
3867938.0, 9037728.0, 2, 0.367665840427
3213146.0, 4019520.0, 2, 0.314880205377
3178926.0, 8000998.0, 2, 0.271250660569
2913044.0, 15507702.0, 2, 0.224078237749
3110342.0, 12085602.0, 2, 0.203950527239
3433362.0, 9689622.0, 2, 0.191298207418
2972112.0, 14530220.0, 2, 0.190841391023
3218820.0, 9784642.0, 2, 0.115952768462
3078634.0, 10790666.0, 2, 0.104734389447
3166456.0, 8020548.0, 2, 0.0808996789068
3082230.0, 11517916.0, 2, 0.0528667291907
2815636.0, 11083852.0, 2, 0.0364723315176
3119642.0, 11366858.0, 2, 0.0306172158183
2871722.0, 11374826.0, 2, 0.0227272718014
3114122.0, 11013660.0, 2, 0.0212236819411
2947700.0, 9763362.0, 2, 0.0193023403869
3210430.0, 11384264.0, 2, 0.0169368185735
6716474.0, 2438174.0, 3, inf
3187026.0, 8003152.0, 3, inf
8648444.0, 2602386.0, 3, inf
4498246.0, 19231810.0, 3, inf
3667302.0, 14521562.0, 3, 0.25164660122
7641060.0, 3257122.0, 3, 0.23212795978
6154980.0, 11851604.0, 3, 0.218262580253
5044470.0, 5284134.0, 3, 0.21364742901
4765448.0, 17114744.0, 3, 0.206867848497
3934160.0, 13639360.0, 3, 0.200922658534
3216222.0, 8950104.0, 3, 0.174986748272
3625076.0, 17835318.0, 3, 0.166739142735
5647574.0, 10110396.0, 3, 0.156941947362
5224812.0, 4309682.0, 3, 0.15683659708
7595888.0, 17818706.0, 3, 0.150259663833
5760678.0, 3572178.0, 3, 0.124896395648
7031258.0, 2486166.0, 3, 0.114213742628
6434554.0, 9939450.0, 3, 0.110900409631
4458692.0, 10927310.0, 3, 0.108284456727
3869202.0, 5227024.0, 3, 0.106887477359
7025522.0, 17187028.0, 3, 0.0995561574018
4241442.0, 11139224.0, 3, 0.0915289907415
4678120.0, 9594830.0, 3, 0.0860460088796
5205082.0, 3953812.0, 3, 0.0769367778197
6212850.0, 3416600.0, 3, 0.0695361365078
4100942.0, 11364348.0, 3, 0.068641401847
4941082.0, 3264092.0, 3, 0.0605859974597
4567108.0, 9785242.0, 3, 0.0449499537171
4098234.0, 9796598.0, 3, 0.0397207489045
11709680.0, 16794630.0, 4, inf
5266792.0, 4540170.0, 4, inf
11804982.0, 3898404.0, 4, inf
12749406.0, 10886262.0, 4, inf
7765734.0, 13880860.0, 4, 0.400256463467
9285116.0, 12053316.0, 4, 0.335397455826
9689694.0, 7664292.0, 4, 0.201601595638
8106438.0, 9410616.0, 4, 0.187068554908
10395114.0, 8517336.0, 4, 0.17952665104
6125054.0, 5362346.0, 4, 0.170594001377
5577574.0, 5080644.0, 4, 0.141920416359
7616748.0, 6872916.0, 4, 0.138897373024
Generacion: 295
7681876.0, 2418350.0, 1, inf
2491168.0, 16725824.0, 1, inf
5477662.0, 2421724.0, 1, 0.590001447633
3109740.0, 3943170.0, 1, 0.448381976834
4641292.0, 2478828.0, 1, 0.367495677797
3101228.0, 8022508.0, 1, 0.300768819462
2622040.0, 15617306.0, 1, 0.29963645155
2669980.0, 12094682.0, 1, 0.246547727319
3870588.0, 3249980.0, 1, 0.235781767906
3844696.0, 3656562.0, 1, 0.19502835089
2589002.0, 16158518.0, 1, 0.102690992229
3029654.0, 8025666.0, 1, 0.0839991674997
2776722.0, 10795458.0, 1, 0.083097978343
2807700.0, 9788770.0, 1, 0.0829272887184
3004136.0, 9030198.0, 1, 0.0764530950001
2710608.0, 10796588.0, 1, 0.0531084777505
2931800.0, 9033356.0, 1, 0.0531003899265
2930040.0, 9610948.0, 1, 0.0513726872701
2669980.0, 12094682.0, 1, 0.0496095976549
2671740.0, 11517034.0, 1, 0.0475227917702
2708848.0, 11374202.0, 1, 0.0475204153898
2872928.0, 9786840.0, 1, 0.0248600156274
2997880.0, 9031936.0, 1, 0.0128519155976
2930040.0, 9610948.0, 1, 0.0126327818859
2872928.0, 9786840.0, 1, 0.0111376325008
2708848.0, 11374202.0, 1, 0.0103221014681
2671740.0, 11517034.0, 1, 0.0103221014681
2807700.0, 9788770.0, 1, 0.00610286653054
2776722.0, 10795458.0, 1, 0.0060469516989
3029654.0, 8025666.0, 1, 0.00513681616914
2997880.0, 9031936.0, 1, 0.00130447940358
2931800.0, 9033356.0, 1, 0.000438316252042
2710608.0, 10796588.0, 1, 0.00041804712557
2931800.0, 9033356.0, 1, 0.0
3029654.0, 8025666.0, 1, 0.0
2710608.0, 10796588.0, 1, 0.0
2710608.0, 10796588.0, 1, 0.0
2710608.0, 10796588.0, 1, 0.0
2710608.0, 10796588.0, 1, 0.0
2872928.0, 9786840.0, 1, 0.0
2688856.0, 14544364.0, 2, inf
3435058.0, 17006196.0, 2, inf
6553702.0, 2426070.0, 2, inf
5048744.0, 3404700.0, 2, 0.508654709666
3213146.0, 4019520.0, 2, 0.379232187212
3222434.0, 8948132.0, 2, 0.355819232655
3827172.0, 13492768.0, 2, 0.237684295291
4322438.0, 9599316.0, 2, 0.186948678286
4732906.0, 3464164.0, 2, 0.152899809446
4750398.0, 2850876.0, 2, 0.148841539687
2997180.0, 12676354.0, 2, 0.127849433301
3304672.0, 15608612.0, 2, 0.123997556771
3858506.0, 10080942.0, 2, 0.0987278025102
3010766.0, 16252896.0, 2, 0.088945816005
4100942.0, 11364348.0, 2, 0.0810011732478
4008508.0, 9178538.0, 2, 0.0801231411501
3110342.0, 12085602.0, 2, 0.0733569651157
2813836.0, 11964086.0, 2, 0.0721056094447
3020164.0, 15776460.0, 2, 0.0699537382183
3279250.0, 10498226.0, 2, 0.0698838087698
3210430.0, 11384264.0, 2, 0.058112242106
2881264.0, 11083902.0, 2, 0.0547869673282
3144750.0, 10789614.0, 2, 0.0436037670216
3431882.0, 9742852.0, 2, 0.0421780677902
4086498.0, 8958032.0, 2, 0.0397193503418
3114872.0, 9266138.0, 2, 0.0316763668167
3431882.0, 9742852.0, 2, 0.0240101803957
3121228.0, 10797460.0, 2, 0.0236540282444
2813836.0, 11964086.0, 2, 0.0233119283125
2876244.0, 11021778.0, 2, 0.0221149790704
2871722.0, 11374826.0, 2, 0.0175135722848
3002376.0, 9607790.0, 2, 0.0114342813625
3002376.0, 9607790.0, 2, 0.00192562825305
7257310.0, 18119164.0, 3, inf
7132910.0, 2432178.0, 3, inf
3716534.0, 17116116.0, 3, inf
11415946.0, 15901808.0, 3, inf
8291456.0, 17183100.0, 3, 0.428645737723
5209618.0, 5074886.0, 3, 0.342721577506
4605922.0, 9605592.0, 3, 0.310376205207
4251664.0, 13459606.0, 3, 0.266327091869
7591948.0, 15467408.0, 3, 0.261493474064
6304124.0, 12270356.0, 3, 0.130316965653
4412922.0, 4657892.0, 3, 0.119241297447
6764750.0, 10169874.0, 3, 0.118718263637
8071986.0, 11049358.0, 3, 0.113413446857
4814278.0, 11371162.0, 3, 0.107903686842
4597370.0, 12708378.0, 3, 0.100878098152
6632364.0, 2471886.0, 3, 0.0922319295884
6222348.0, 3585334.0, 3, 0.0922093794135
5106710.0, 9684890.0, 3, 0.0873181240992
8289132.0, 10698764.0, 3, 0.0812889099744
5754548.0, 10997898.0, 3, 0.0772932897677
6169114.0, 11356552.0, 3, 0.075273061323
5317058.0, 17533454.0, 3, 0.0705475165347
5746078.0, 18067458.0, 3, 0.0705424520399
6176160.0, 3908700.0, 3, 0.0607832736003
5498888.0, 3657656.0, 3, 0.056536370841
6569386.0, 2432202.0, 3, 0.043014054613
5347236.0, 3659608.0, 3, 0.0332910641864
Generacion: 296
6553702.0, 2426070.0, 1, inf
2367888.0, 18355602.0, 1, inf
3843816.0, 3207366.0, 1, 0.51533871124
3109740.0, 3943170.0, 1, 0.479683557612
4883818.0, 2485496.0, 1, 0.416663618788
5396084.0, 2477420.0, 1, 0.402669447471
2521342.0, 15358350.0, 1, 0.340195350041
3101228.0, 8022508.0, 1, 0.257610689713
2669980.0, 12094682.0, 1, 0.205302067585
2466980.0, 16741298.0, 1, 0.166991670854
2398982.0, 17552796.0, 1, 0.0902969590184
2769594.0, 10509192.0, 1, 0.0864627582539
3029654.0, 8025666.0, 1, 0.0786359736754
2669980.0, 12094682.0, 1, 0.0717726490872
2807700.0, 9788770.0, 1, 0.0700334339384
3004136.0, 9030198.0, 1, 0.0645555582532
2671740.0, 11517034.0, 1, 0.0545148498068
2931800.0, 9033356.0, 1, 0.0520458491964
2710608.0, 10796588.0, 1, 0.0503524583661
2930040.0, 9610948.0, 1, 0.0499033746383
2708848.0, 11374202.0, 1, 0.0451257569407
2369348.0, 17808138.0, 1, 0.0414474912352
2872928.0, 9786840.0, 1, 0.0266249912049
2710608.0, 10796588.0, 1, 0.0184621780013
3094848.0, 8023446.0, 1, 0.0172974312323
2369348.0, 17808138.0, 1, 0.0163782699571
2997880.0, 9031936.0, 1, 0.0158957601668
2872928.0, 9786840.0, 1, 0.0137653386934
2930040.0, 9610948.0, 1, 0.0114623490044
2708848.0, 11374202.0, 1, 0.00938695846561
3029654.0, 8025666.0, 1, 0.00623566907554
3004136.0, 9030198.0, 1, 0.00620541081058
3101228.0, 8022508.0, 1, 0.00209241951516
2997880.0, 9031936.0, 1, 0.00158371451038
2931800.0, 9033356.0, 1, 0.000509610405419
2930040.0, 9610948.0, 1, 0.0
2931800.0, 9033356.0, 1, 0.0
2931800.0, 9033356.0, 1, 0.0
2931800.0, 9033356.0, 1, 0.0
3029654.0, 8025666.0, 1, 0.0
2710608.0, 10796588.0, 1, 0.0
2710608.0, 10796588.0, 1, 0.0
2710608.0, 10796588.0, 1, 0.0
2710608.0, 10796588.0, 1, 0.0
2930040.0, 9610948.0, 1, 0.0
2760508.0, 14541050.0, 2, inf
6748104.0, 3233776.0, 2, inf
5508012.0, 2486740.0, 2, inf
3838568.0, 5793450.0, 2, 0.459412238736
4168690.0, 9059196.0, 2, 0.369927318088
3978912.0, 3401668.0, 2, 0.272854768403
3288866.0, 8024772.0, 2, 0.214845330711
3213150.0, 12772648.0, 2, 0.147473269523
3431882.0, 9742852.0, 2, 0.10604767137
4079856.0, 9176160.0, 2, 0.104306735319
3358534.0, 9759234.0, 2, 0.102827145336
2845458.0, 10712794.0, 2, 0.100028061958
3217284.0, 8027618.0, 2, 0.0949810732712
3593528.0, 11168782.0, 2, 0.0854280095865
3216222.0, 8950104.0, 2, 0.0844845438865
2902806.0, 12502284.0, 2, 0.0844828010235
3192674.0, 11748512.0, 2, 0.082783648645
3073232.0, 12094850.0, 2, 0.0765071660463
3676296.0, 11008510.0, 2, 0.0719387570077
2993930.0, 10957424.0, 2, 0.0583077798403
2871722.0, 11374826.0, 2, 0.0570725166026
3121228.0, 10797460.0, 2, 0.0433897414073
3213150.0, 12772648.0, 2, 0.0275637476105
2815636.0, 11083852.0, 2, 0.0234918138164
3065498.0, 9744116.0, 2, 0.0212461861013
3334932.0, 9033524.0, 2, 0.0203729761542
2881264.0, 11083902.0, 2, 0.014840785562
2776722.0, 10795458.0, 2, 0.0109237391795
2776722.0, 10795458.0, 2, 0.00992484359607
3342290.0, 9034188.0, 2, 0.00804854905751
2776722.0, 10795458.0, 2, 0.0
2776722.0, 10795458.0, 2, 0.0
2776722.0, 10795458.0, 2, 0.0
8140644.0, 3359420.0, 3, inf
3932022.0, 16748072.0, 3, inf
10214482.0, 3932154.0, 3, inf
7196658.0, 18637112.0, 3, inf
5323958.0, 12488880.0, 3, 0.295394810722
6127220.0, 8175326.0, 3, 0.264889867245
8653106.0, 10395434.0, 3, 0.259893616342
8066158.0, 18166650.0, 3, 0.25379469344
4354672.0, 5124186.0, 3, 0.241647454528
9840772.0, 15767716.0, 3, 0.208383278292
6096944.0, 15243752.0, 3, 0.204751249553
6750776.0, 3721956.0, 3, 0.154097116286
7322996.0, 9528604.0, 3, 0.151922220899
5160952.0, 9351380.0, 3, 0.142590875057
4606096.0, 9597364.0, 3, 0.134803477268
9263084.0, 11557878.0, 3, 0.133917596598
4086498.0, 8958032.0, 3, 0.103866068984
4100942.0, 11364348.0, 3, 0.102821651752
7143944.0, 10123324.0, 3, 0.101818799414
9329756.0, 11471734.0, 3, 0.101746093308
5814812.0, 9924174.0, 3, 0.0919213416699
5720198.0, 9390794.0, 3, 0.0897310410611
Generacion: 297
2369348.0, 17808138.0, 1, inf
7018674.0, 2449110.0, 1, inf
3109740.0, 3943170.0, 1, 0.4189000687
6632364.0, 2471886.0, 1, 0.350837887085
2626464.0, 16005912.0, 1, 0.326660404012
2669980.0, 12094682.0, 1, 0.302001341943
3101228.0, 8022508.0, 1, 0.280993197898
5396084.0, 2477420.0, 1, 0.277218159706
3843816.0, 3207366.0, 1, 0.218345835082
4619316.0, 2837816.0, 1, 0.21515319654
3822488.0, 3559078.0, 1, 0.205795629684
4651050.0, 2569516.0, 1, 0.179583222356
5370700.0, 2561786.0, 1, 0.166241805368
2769594.0, 10509192.0, 1, 0.0865003303028
3029654.0, 8025666.0, 1, 0.080797846994
2552778.0, 16724692.0, 1, 0.0759723689002
2398982.0, 17552796.0, 1, 0.0689562554525
2449122.0, 17012570.0, 1, 0.0674605902173
3004136.0, 9030198.0, 1, 0.0667489289358
2807700.0, 9788770.0, 1, 0.0609350026071
2671740.0, 11517034.0, 1, 0.0552691398905
2931800.0, 9033356.0, 1, 0.0518188383715
2710608.0, 10796588.0, 1, 0.0502944581952
2930040.0, 9610948.0, 1, 0.0498899566369
2708848.0, 11374202.0, 1, 0.0455888298955
2466980.0, 16741298.0, 1, 0.0277130021602
3109740.0, 3943170.0, 1, 0.0268383750962
2872928.0, 9786840.0, 1, 0.0254815871956
2491168.0, 16725824.0, 1, 0.0195350458235
2710608.0, 10796588.0, 1, 0.0190904106863
2997880.0, 9031936.0, 1, 0.0143259709844
2872928.0, 9786840.0, 1, 0.0124095900407
2930040.0, 9610948.0, 1, 0.0118305762749
2708848.0, 11374202.0, 1, 0.00967809631326
2807700.0, 9788770.0, 1, 0.00832168568643
3029654.0, 8025666.0, 1, 0.00569414944805
3004136.0, 9030198.0, 1, 0.00560169568079
3101228.0, 8022508.0, 1, 0.00203641497213
2997880.0, 9031936.0, 1, 0.00143802514685
2931800.0, 9033356.0, 1, 0.000471003260237
2997880.0, 9031936.0, 1, 0.0
3004136.0, 9030198.0, 1, 0.0
3004136.0, 9030198.0, 1, 0.0
3004136.0, 9030198.0, 1, 0.0
3101228.0, 8022508.0, 1, 0.0
3101228.0, 8022508.0, 1, 0.0
3109740.0, 3943170.0, 1, 0.0
2708848.0, 11374202.0, 1, 0.0
2710608.0, 10796588.0, 1, 0.0
2710608.0, 10796588.0, 1, 0.0
2710608.0, 10796588.0, 1, 0.0
2710608.0, 10796588.0, 1, 0.0
2710608.0, 10796588.0, 1, 0.0
2807700.0, 9788770.0, 1, 0.0
2872928.0, 9786840.0, 1, 0.0
2930040.0, 9610948.0, 1, 0.0
2931800.0, 9033356.0, 1, 0.0
2931800.0, 9033356.0, 1, 0.0
2931800.0, 9033356.0, 1, 0.0
8648444.0, 2602386.0, 2, inf
3342086.0, 19409142.0, 2, inf
5500534.0, 2489550.0, 2, inf
2504438.0, 17700224.0, 2, inf
6155252.0, 11197124.0, 2, 0.434257316684
3838568.0, 5793450.0, 2, 0.232013997444
2766494.0, 14028192.0, 2, 0.182134110031
4319488.0, 7605058.0, 2, 0.161953024376
2926538.0, 16043138.0, 2, 0.145915676335
6081406.0, 3963990.0, 2, 0.144034250595
4168246.0, 4360318.0, 2, 0.13178591145
5167108.0, 12117836.0, 2, 0.119607402726
4053574.0, 13705254.0, 2, 0.117368896937
3664168.0, 18357784.0, 2, 0.113224310586
3622656.0, 12502640.0, 2, 0.111886484533
4913646.0, 3210324.0, 2, 0.111433373151
3339772.0, 16088158.0, 2, 0.106600987386
5116798.0, 9853250.0, 2, 0.0813311025965
4531976.0, 3661956.0, 2, 0.0797431662874
4816912.0, 12337282.0, 2, 0.0736528826193
4600856.0, 9177358.0, 2, 0.0633480608423
3631324.0, 8740960.0, 2, 0.0611456403887
3706416.0, 10508614.0, 2, 0.0610304728642
3440644.0, 8021498.0, 2, 0.0558568155369
3288866.0, 8024772.0, 2, 0.0508524901525
4384418.0, 11370320.0, 2, 0.0492450738412
4001104.0, 10638836.0, 2, 0.0470620988515
3045846.0, 9321344.0, 2, 0.0469224239532
3431882.0, 9742852.0, 2, 0.0461018740576
4354216.0, 4295970.0, 2, 0.0339922290348
3753870.0, 9830518.0, 2, 0.0280339554072
3192740.0, 9032462.0, 2, 0.0272043021883
3076874.0, 11368280.0, 2, 0.024231444527
3288592.0, 8945014.0, 2, 0.0241846107311
4384592.0, 11362104.0, 2, 0.0241509095002
3342290.0, 9034188.0, 2, 0.0231790199859
2845458.0, 10712794.0, 2, 0.0227841219873
2993930.0, 10957424.0, 2, 0.020541428748
2776722.0, 10795458.0, 2, 0.0199503346443
3216222.0, 8950104.0, 2, 0.0166465713161
2815636.0, 11083852.0, 2, 0.0158375682443
Generacion: 298
2328942.0, 18642252.0, 1, inf
9004418.0, 2434600.0, 1, inf
7442828.0, 2437870.0, 1, 0.384189171999
6444102.0, 2445112.0, 1, 0.309046655641
3109740.0, 3943170.0, 1, 0.282088498357
2620044.0, 15355660.0, 1, 0.26286631071
2669980.0, 12094682.0, 1, 0.25895600061
3101228.0, 8022508.0, 1, 0.253980828028
5396084.0, 2477420.0, 1, 0.215000875176
5024716.0, 2483588.0, 1, 0.153402148063
4402816.0, 2552114.0, 1, 0.146100349
3843816.0, 3207366.0, 1, 0.142367516982
2369348.0, 17808138.0, 1, 0.137965814886
3402756.0, 3220954.0, 1, 0.126243365679
4226520.0, 2913560.0, 1, 0.124167904893
2589002.0, 16158518.0, 1, 0.0945448347361
2466980.0, 16741298.0, 1, 0.0943259977624
3149268.0, 3567154.0, 1, 0.0884545846988
2708848.0, 11374202.0, 1, 0.0861775861703
2807700.0, 9788770.0, 1, 0.0805083994254
3029654.0, 8025666.0, 1, 0.0757046887361
3004136.0, 9030198.0, 1, 0.0629160343301
2710608.0, 10796588.0, 1, 0.0624452680472
2552778.0, 16724692.0, 1, 0.0542362358346
2930040.0, 9610948.0, 1, 0.0539637771692
2710608.0, 10796588.0, 1, 0.0501829323548
2931800.0, 9033356.0, 1, 0.045535913748
2807700.0, 9788770.0, 1, 0.0255160651244
2930040.0, 9610948.0, 1, 0.0112351359442
2997880.0, 9031936.0, 1, 0.0110309274391
3094848.0, 8023446.0, 1, 0.00982406884808
3004136.0, 9030198.0, 1, 0.00392988205137
3094848.0, 8023446.0, 1, 0.00109270942776
2931800.0, 9033356.0, 1, 0.000351264548157
3004136.0, 9030198.0, 1, 0.0
2710608.0, 10796588.0, 1, 0.0
2710608.0, 10796588.0, 1, 0.0
2710608.0, 10796588.0, 1, 0.0
2710608.0, 10796588.0, 1, 0.0
2710608.0, 10796588.0, 1, 0.0
2710608.0, 10796588.0, 1, 0.0
2807700.0, 9788770.0, 1, 0.0
2807700.0, 9788770.0, 1, 0.0
2931800.0, 9033356.0, 1, 0.0
2931800.0, 9033356.0, 1, 0.0
7018674.0, 2449110.0, 2, inf
3242466.0, 18820402.0, 2, inf
2498570.0, 16747974.0, 2, inf
5370700.0, 2561786.0, 2, 0.426600107708
2770078.0, 12685026.0, 2, 0.398837932118
4907154.0, 2563364.0, 2, 0.342280117673
3338716.0, 8953476.0, 2, 0.340131017986
3213146.0, 4019520.0, 2, 0.338591343171
3822488.0, 3559078.0, 2, 0.268089796782
3585664.0, 9957712.0, 2, 0.133704738566
3822488.0, 3559078.0, 2, 0.113214218998
5094278.0, 2549308.0, 2, 0.109434600773
3119642.0, 11366858.0, 2, 0.107226999784
2815636.0, 11083852.0, 2, 0.0707937755983
3078634.0, 10790666.0, 2, 0.0622211179569
3414756.0, 9030770.0, 2, 0.0522380708563
3045846.0, 9321344.0, 2, 0.0502618699411
3494132.0, 8975900.0, 2, 0.0424261528787
2995338.0, 9791014.0, 2, 0.0402549648749
3002376.0, 9607790.0, 2, 0.0392507880926
3245782.0, 9780996.0, 2, 0.0319867440774
3121228.0, 10797460.0, 2, 0.0277119820258
3221630.0, 11023738.0, 2, 0.0239801254886
3180552.0, 9782848.0, 2, 0.0209472976399
2995338.0, 9791014.0, 2, 0.0117393800708
3070250.0, 9029038.0, 2, 0.0106054140388
4690526.0, 18546570.0, 3, inf
4027402.0, 4330634.0, 3, inf
8651772.0, 3112806.0, 3, inf
10885236.0, 3883118.0, 3, inf
6660450.0, 14351980.0, 3, 0.363639214434
8761052.0, 3337114.0, 3, 0.338899484497
8391710.0, 13506270.0, 3, 0.297387081187
4035910.0, 5382726.0, 3, 0.178046932422
7456922.0, 12303828.0, 3, 0.1667230884
4138622.0, 7620084.0, 3, 0.161901077063
5834400.0, 11492326.0, 3, 0.154005573873
7522416.0, 10066286.0, 3, 0.14695539117
6363420.0, 10132524.0, 3, 0.129723498218
6450628.0, 9108744.0, 3, 0.120312103976
4094964.0, 7994862.0, 3, 0.111269971474
7273932.0, 4289090.0, 3, 0.0829643554313
5361136.0, 10681568.0, 3, 0.0782264582698
7049162.0, 3420876.0, 3, 0.0729945791738
5157606.0, 9407836.0, 3, 0.0723035193937
6560660.0, 4872372.0, 3, 0.0652790072983
4945344.0, 4475248.0, 3, 0.0631432796529
4384418.0, 11370320.0, 3, 0.0623193768958
4531976.0, 3661956.0, 3, 0.0614568017194
5653356.0, 10895634.0, 3, 0.0581749068475
4435492.0, 9852430.0, 3, 0.0540982593112
5722070.0, 3948194.0, 3, 0.0527037363345
4788086.0, 9465362.0, 3, 0.0524382425546
5629156.0, 5024200.0, 3, 0.0493770923415
6849532.0, 3216860.0, 3, 0.0487032711019
Generacion: 299
5941638.0, 2427848.0, 1, inf
2367888.0, 18355602.0, 1, inf
2367888.0, 18355602.0, 1, inf
3293530.0, 3231608.0, 1, 0.589578040739
4907154.0, 2563364.0, 1, 0.567885310253
3109740.0, 3943170.0, 1, 0.35459901083
2613712.0, 14539322.0, 1, 0.279781306097
3101228.0, 8022508.0, 1, 0.276142782626
2671740.0, 11517034.0, 1, 0.262095162809
5333146.0, 2472814.0, 1, 0.174024687203
2398982.0, 17552796.0, 1, 0.129079377635
5161400.0, 2511332.0, 1, 0.123950846576
2590462.0, 15611076.0, 1, 0.108573083204
2466980.0, 16741298.0, 1, 0.095026167346
2769594.0, 10509192.0, 1, 0.0904424330729
3004136.0, 9030198.0, 1, 0.0833089491867
3029654.0, 8025666.0, 1, 0.0830957277806
2807700.0, 9788770.0, 1, 0.0811095233455
2710608.0, 10796588.0, 1, 0.0617374664826
2552778.0, 16724692.0, 1, 0.059554215144
2931800.0, 9033356.0, 1, 0.0565041655368
5331758.0, 2481512.0, 1, 0.0504759370389
2930040.0, 9610948.0, 1, 0.0464883558131
2893498.0, 9769524.0, 1, 0.045397234521
2589002.0, 16158518.0, 1, 0.0445064513977
2589002.0, 16158518.0, 1, 0.0359549146893
2710608.0, 10796588.0, 1, 0.0289196948002
2552778.0, 16724692.0, 1, 0.0111787141662
2930040.0, 9610948.0, 1, 0.0104484347578
3004136.0, 9030198.0, 1, 0.00733866900541
3029654.0, 8025666.0, 1, 0.00733866900541
3101228.0, 8022508.0, 1, 0.00258008208691
2931800.0, 9033356.0, 1, 0.000690750152669
2710608.0, 10796588.0, 1, 0.0
2710608.0, 10796588.0, 1, 0.0
2931800.0, 9033356.0, 1, 0.0
3029654.0, 8025666.0, 1, 0.0
2710608.0, 10796588.0, 1, 0.0
2710608.0, 10796588.0, 1, 0.0
7442828.0, 2437870.0, 2, inf
2469766.0, 17980106.0, 2, inf
5667190.0, 5021386.0, 2, 0.586830124837
4924826.0, 5640900.0, 2, 0.317526983722
5396084.0, 2477420.0, 2, 0.315502548211
2869410.0, 14556476.0, 2, 0.237261569208
3663632.0, 17548702.0, 2, 0.213219361828
3651264.0, 13114754.0, 2, 0.196114683272
3250500.0, 7997292.0, 2, 0.162748436578
4237492.0, 8669054.0, 2, 0.13846633264
2688856.0, 14544364.0, 2, 0.137694436703
3674568.0, 11586124.0, 2, 0.133327573269
4711602.0, 9580934.0, 2, 0.0909261322047
4124352.0, 9365962.0, 2, 0.0838294979469
4547946.0, 5201414.0, 2, 0.0795056250413
4514442.0, 9705816.0, 2, 0.0723803978304
2553268.0, 17797550.0, 2, 0.0718122339314
3279250.0, 10498226.0, 2, 0.0699788423898
3996810.0, 9952200.0, 2, 0.0677885982947
3807168.0, 9636318.0, 2, 0.0609966395431
3166456.0, 8020548.0, 2, 0.0580557518563
2776722.0, 10795458.0, 2, 0.0555593612947
3407292.0, 9030236.0, 2, 0.0541517175154
3226230.0, 11082124.0, 2, 0.0540640002707
3440744.0, 9895416.0, 2, 0.0411603152477
3116636.0, 10197850.0, 2, 0.0365997262625
2995338.0, 9791014.0, 2, 0.0359494594854
3150098.0, 8953482.0, 2, 0.0319919469322
3585664.0, 9957712.0, 2, 0.0294956465776
3676296.0, 11008510.0, 2, 0.0288410185816
3726912.0, 8004672.0, 2, 0.0278124908544
3585664.0, 9957712.0, 2, 0.0253496040892
3070250.0, 9029038.0, 2, 0.0237655925407
3121228.0, 10797460.0, 2, 0.0204365888011
3634892.0, 9869940.0, 2, 0.0199083770856
2995674.0, 9601300.0, 2, 0.0186270076471
3112164.0, 9024930.0, 2, 0.0141887865641
12458718.0, 18416150.0, 3, inf
8146980.0, 2440676.0, 3, inf
5299314.0, 19437632.0, 3, inf
3856172.0, 12338874.0, 3, inf
9586890.0, 12736542.0, 3, 0.316651538933
6416408.0, 15669804.0, 3, 0.274739352908
10990598.0, 10610636.0, 3, 0.261451720103
12042910.0, 18730170.0, 3, 0.213608072792
6815502.0, 7968240.0, 3, 0.191886753886
5380862.0, 6229118.0, 3, 0.190480298084
10228768.0, 2660224.0, 3, 0.172570177229
7819526.0, 5334694.0, 3, 0.164206898621
6820682.0, 8691842.0, 3, 0.149774969415
7814492.0, 3751242.0, 3, 0.146599382625
7438916.0, 9710770.0, 3, 0.145775691317
7222014.0, 18046952.0, 3, 0.131000754269
5670738.0, 16926860.0, 3, 0.112951775095
7972980.0, 17007792.0, 3, 0.103964342171
6225484.0, 3594962.0, 3, 0.100666657004
8725556.0, 11726720.0, 3, 0.0959516292987
5605032.0, 10024266.0, 3, 0.0866393098745
9008774.0, 11026930.0, 3, 0.0809072383936
12311176.0, 10883758.0, 3, 0.0728277258078
8864678.0, 16240514.0, 3, 0.0708143049911
Generacion: 300
5477662.0, 2421724.0, 1, inf
2328942.0, 18642252.0, 1, inf
3149268.0, 3567154.0, 1, 0.494739211157
2688856.0, 14544364.0, 1, 0.305173729277
5271006.0, 2475908.0, 1, 0.30102198239
3111134.0, 8006310.0, 1, 0.289930789387
2521342.0, 15358350.0, 1, 0.277531558859
4544500.0, 2497306.0, 1, 0.265909695382
4305122.0, 3178770.0, 1, 0.238015626392
2708848.0, 11374202.0, 1, 0.23795962227
3786628.0, 3461164.0, 1, 0.237191727401
2398982.0, 17552796.0, 1, 0.199301780753
3832142.0, 3237582.0, 1, 0.182077850179
4453934.0, 2579984.0, 1, 0.118036350633
2807700.0, 9788770.0, 1, 0.113802347625
3004136.0, 9030198.0, 1, 0.0849028179556
3029654.0, 8025666.0, 1, 0.084660814856
2931800.0, 9033356.0, 1, 0.0683581037515
2710608.0, 10796588.0, 1, 0.0664454486
2893498.0, 9769524.0, 1, 0.0651496166278
2359984.0, 17839446.0, 1, 0.0642558729423
2710608.0, 10796588.0, 1, 0.0626912134046
2369348.0, 17808138.0, 1, 0.030057401357
2872928.0, 9786840.0, 1, 0.0284350539157
3101228.0, 8022508.0, 1, 0.0237297526859
2931800.0, 9033356.0, 1, 0.0123589996024
3029654.0, 8025666.0, 1, 0.00829893710084
3004136.0, 9030198.0, 1, 0.00829893710084
3101228.0, 8022508.0, 1, 0.00334073186188
2931800.0, 9033356.0, 1, 0.0
3004136.0, 9030198.0, 1, 0.0
3004136.0, 9030198.0, 1, 0.0
3029654.0, 8025666.0, 1, 0.0
2710608.0, 10796588.0, 1, 0.0
2367888.0, 18355602.0, 2, inf
5396084.0, 2477420.0, 2, inf
3837754.0, 4137958.0, 2, 0.49404939739
2720394.0, 14550994.0, 2, 0.455694849424
4438036.0, 3464314.0, 2, 0.333457425087
3178926.0, 8000998.0, 2, 0.326901289736
2552778.0, 16724692.0, 2, 0.311009190226
5146374.0, 3249674.0, 2, 0.277747006089
3221630.0, 11023738.0, 2, 0.275692153933
4678120.0, 9594830.0, 2, 0.255022521166
3454736.0, 9798154.0, 2, 0.212093472893
3807168.0, 9636318.0, 2, 0.136548641041
5331758.0, 2481512.0, 2, 0.131097809805
2845458.0, 10712794.0, 2, 0.0989034085982
3114872.0, 9266138.0, 2, 0.0913871559559
2400978.0, 17814414.0, 2, 0.0842126064938
2400978.0, 17814414.0, 2, 0.0795574471887
3340704.0, 9603552.0, 2, 0.0791839209059
3150098.0, 8953482.0, 2, 0.0716196367084
2876244.0, 11021778.0, 2, 0.0533464346903
2947700.0, 9763362.0, 2, 0.0490710428892
2995674.0, 9601300.0, 2, 0.0400229740492
2845458.0, 10712794.0, 2, 0.029626107478
3150098.0, 8953482.0, 2, 0.0292107786239
2995338.0, 9791014.0, 2, 0.0180336184068
4352418.0, 19821896.0, 3, inf
8937464.0, 3071796.0, 3, inf
7874916.0, 2859554.0, 3, inf
3187026.0, 8003152.0, 3, inf
6956332.0, 4603530.0, 3, 0.195683984511
3768636.0, 18198870.0, 3, 0.182699588319
5038306.0, 5837534.0, 3, 0.175269497346
8177148.0, 3532522.0, 3, 0.172836310206
5535076.0, 13923392.0, 3, 0.161825030743
7656616.0, 3664154.0, 3, 0.150104449751
5762246.0, 10129002.0, 3, 0.1446246
6659582.0, 15303074.0, 3, 0.138096267468
6109242.0, 16229534.0, 3, 0.130158287688
3425070.0, 17189604.0, 3, 0.126975247734
4237492.0, 8669054.0, 3, 0.107672428492
6410246.0, 9666058.0, 3, 0.101179285422
6288594.0, 5579290.0, 3, 0.0926621573004
4136518.0, 12335350.0, 3, 0.0917759972925
4085456.0, 11573696.0, 3, 0.0900467245024
4605686.0, 11106942.0, 3, 0.0898336281692
4940498.0, 8476532.0, 3, 0.0897391626016
3651264.0, 13114754.0, 3, 0.0848500634596
5472218.0, 3791348.0, 3, 0.0824475918133
3885136.0, 15350132.0, 3, 0.0759432734669
4678520.0, 11245606.0, 3, 0.0741438281197
4969326.0, 16402104.0, 3, 0.0736088763893
5379426.0, 4935140.0, 3, 0.0666794378113
5155484.0, 4995602.0, 3, 0.0644052560109
7961558.0, 3261012.0, 3, 0.0639132370709
6872902.0, 3584552.0, 3, 0.0593650138602
4110410.0, 12755572.0, 3, 0.054828750864
3891262.0, 11454378.0, 3, 0.0541778655852
7749392.0, 3531520.0, 3, 0.0537688693479
5667190.0, 5021386.0, 3, 0.0520320806762
4514442.0, 9705816.0, 3, 0.051543397302
3726912.0, 8004672.0, 3, 0.0483186697955
3407780.0, 11184336.0, 3, 0.0459237157195
6562470.0, 4798848.0, 3, 0.0429243440876
6154082.0, 9814678.0, 3, 0.0408650628805
5660916.0, 3264406.0, 3, 0.0389221597192
3585664.0, 9957712.0, 3, 0.0337190201151
Generacion: 301
5477662.0, 2421724.0, 1, inf
2359984.0, 17839446.0, 1, inf
2359984.0, 17839446.0, 1, inf
5477662.0, 2421724.0, 1, inf
3213146.0, 4019520.0, 1, 0.499975176063
2589002.0, 16158518.0, 1, 0.337897137168
2669980.0, 12094682.0, 1, 0.327586964827
5024716.0, 2483588.0, 1, 0.302113942499
3111134.0, 8006310.0, 1, 0.295533372719
3750382.0, 3459078.0, 1, 0.279212825647
4398266.0, 2507500.0, 1, 0.234313997788
4310860.0, 2565974.0, 1, 0.192504555069
3978912.0, 3401668.0, 1, 0.167158234568
2710608.0, 10796588.0, 1, 0.155705315908
5333146.0, 2472814.0, 1, 0.149295649498
2466980.0, 16741298.0, 1, 0.129108221744
2369348.0, 17808138.0, 1, 0.105545476986
2671740.0, 11517034.0, 1, 0.0972264217178
2807700.0, 9788770.0, 1, 0.0862894847462
3029654.0, 8025666.0, 1, 0.0860654478378
3969316.0, 3454150.0, 1, 0.0770249849842
2552778.0, 16724692.0, 1, 0.0769381020685
3004136.0, 9030198.0, 1, 0.0671609939462
2931800.0, 9033356.0, 1, 0.0586581238874
2930040.0, 9610948.0, 1, 0.0491837650857
2807700.0, 9788770.0, 1, 0.0312675885275
2872928.0, 9786840.0, 1, 0.0287681438239
2997880.0, 9031936.0, 1, 0.0234067121617
3094848.0, 8023446.0, 1, 0.023162299493
2893498.0, 9769524.0, 1, 0.0168831657875
2893498.0, 9769524.0, 1, 0.0128440256612
2930040.0, 9610948.0, 1, 0.0108498294391
3029654.0, 8025666.0, 1, 0.00832892777957
3004136.0, 9030198.0, 1, 0.00829766505477
3101228.0, 8022508.0, 1, 0.00323820377113
3101228.0, 8022508.0, 1, 0.00309700394746
2931800.0, 9033356.0, 1, 0.000656624502632
3029654.0, 8025666.0, 1, 0.0
2807700.0, 9788770.0, 1, 0.0
2893498.0, 9769524.0, 1, 0.0
2893498.0, 9769524.0, 1, 0.0
2931800.0, 9033356.0, 1, 0.0
3004136.0, 9030198.0, 1, 0.0
3004136.0, 9030198.0, 1, 0.0
2769030.0, 17808440.0, 2, inf
8338592.0, 2423868.0, 2, inf
2498570.0, 16747974.0, 2, inf
7186374.0, 2425948.0, 2, 0.479674352372
3786628.0, 3461164.0, 2, 0.433895329261
3250500.0, 7997292.0, 2, 0.368828213789
4591818.0, 2585936.0, 2, 0.325765156746
5553966.0, 2467816.0, 2, 0.309901041452
3255642.0, 13130722.0, 2, 0.221538143405
3867040.0, 10063312.0, 2, 0.195501303117
5396084.0, 2477420.0, 2, 0.172428570878
3387246.0, 8857390.0, 2, 0.138509086941
3119642.0, 11366858.0, 2, 0.119866532165
2498570.0, 16747974.0, 2, 0.115241953759
2791856.0, 14537500.0, 2, 0.0951063748071
2792098.0, 14547576.0, 2, 0.0885656911941
2774074.0, 15786948.0, 2, 0.081423102554
3340704.0, 9603552.0, 2, 0.0743513027377
2774074.0, 15786948.0, 2, 0.062542550803
3078634.0, 10790666.0, 2, 0.0548879951151
2911616.0, 10709706.0, 2, 0.0480344190936
2876244.0, 11021778.0, 2, 0.0476891970184
3150098.0, 8953482.0, 2, 0.0375147558331
2851074.0, 10490116.0, 2, 0.0341092768062
3114872.0, 9266138.0, 2, 0.0265278109209
2774516.0, 11364856.0, 2, 0.0254751147967
2834788.0, 10506968.0, 2, 0.0234103421323
3114872.0, 9266138.0, 2, 0.0227487495932
3150098.0, 8953482.0, 2, 0.0114610464611
2845458.0, 10712794.0, 2, 0.00805110296481
3119642.0, 11366858.0, 2, 0.000946908111983
3664168.0, 18357784.0, 3, inf
6936574.0, 3273450.0, 3, inf
11724096.0, 3345078.0, 3, inf
9533592.0, 3542166.0, 3, 0.443982320969
3982538.0, 16003554.0, 3, 0.419663805011
3957242.0, 5658034.0, 3, 0.379888993901
4384592.0, 11362104.0, 3, 0.369031513672
4606096.0, 9597364.0, 3, 0.262451502464
8278440.0, 17312722.0, 3, 0.234066484364
6090174.0, 11168350.0, 3, 0.152431521279
5706400.0, 18247602.0, 3, 0.152352427638
7932548.0, 16892658.0, 3, 0.152253410688
3837754.0, 4137958.0, 3, 0.144465735193
7443226.0, 11289434.0, 3, 0.136415795956
5243096.0, 10182214.0, 3, 0.131403426966
6714878.0, 17255480.0, 3, 0.103159098074
4859586.0, 3461874.0, 3, 0.0869375888246
5966996.0, 3781078.0, 3, 0.0834501516916
6075032.0, 10187592.0, 3, 0.0690152837793
4567108.0, 9785242.0, 3, 0.0583255379491
8177148.0, 3532522.0, 3, 0.0480761397205
4606096.0, 9597364.0, 3, 0.0439058268493
6060656.0, 16926644.0, 3, 0.037456991469
3795762.0, 18256062.0, 3, 0.0288413163406
6715338.0, 10182544.0, 3, 0.0278624817399
Generacion: 302
2359984.0, 17839446.0, 1, inf
7025754.0, 2417478.0, 1, inf
3109740.0, 3943170.0, 1, 0.435035679134
4857172.0, 2571960.0, 1, 0.367478742835
2613712.0, 14539322.0, 1, 0.344806871139
5477662.0, 2421724.0, 1, 0.333032484737
3907530.0, 3216554.0, 1, 0.294737873593
3101228.0, 8022508.0, 1, 0.27985498258
3750382.0, 3459078.0, 1, 0.218103501073
2669980.0, 12094682.0, 1, 0.158893949387
2466980.0, 16741298.0, 1, 0.157355577519
5387394.0, 2440766.0, 1, 0.142729383454
2708848.0, 11374202.0, 1, 0.141204959698
2807700.0, 9788770.0, 1, 0.138095384568
2398982.0, 17552796.0, 1, 0.094138856271
2466980.0, 16741298.0, 1, 0.0840682278424
3029654.0, 8025666.0, 1, 0.0804766671798
3004136.0, 9030198.0, 1, 0.0664772630086
2930040.0, 9610948.0, 1, 0.0559441719404
2671740.0, 11517034.0, 1, 0.0550482307654
2931800.0, 9033356.0, 1, 0.0516152694749
2669980.0, 12094682.0, 1, 0.0495159251584
5477662.0, 2421724.0, 1, 0.0196221817595
2997880.0, 9031936.0, 1, 0.015708323153
2872928.0, 9786840.0, 1, 0.0151029286483
2893498.0, 9769524.0, 1, 0.0146911792172
2893498.0, 9769524.0, 1, 0.00895474731917
3029654.0, 8025666.0, 1, 0.00567396655161
3004136.0, 9030198.0, 1, 0.00558189010585
2872928.0, 9786840.0, 1, 0.00453385039903
3101228.0, 8022508.0, 1, 0.00202912336388
2931800.0, 9033356.0, 1, 0.000469291782131
3004136.0, 9030198.0, 1, 0.0
3029654.0, 8025666.0, 1, 0.0
3101228.0, 8022508.0, 1, 0.0
5477662.0, 2421724.0, 1, 0.0
3004136.0, 9030198.0, 1, 0.0
3004136.0, 9030198.0, 1, 0.0
7553878.0, 2463006.0, 2, inf
7186374.0, 2425948.0, 2, inf
3030758.0, 17547842.0, 2, inf
2498570.0, 16747974.0, 2, inf
4317882.0, 3294050.0, 2, 0.416547391398
5396084.0, 2477420.0, 2, 0.30625321278
3178926.0, 8000998.0, 2, 0.276896562718
2709182.0, 14528704.0, 2, 0.276490701605
3213146.0, 4019520.0, 2, 0.264414667991
6212670.0, 3047876.0, 2, 0.255397798645
2737820.0, 11515610.0, 2, 0.215810755573
3413170.0, 9600134.0, 2, 0.215296637317
5670562.0, 3609994.0, 2, 0.209505225722
6705914.0, 3242480.0, 2, 0.208889532746
2620044.0, 15355660.0, 2, 0.124868329435
2911616.0, 10709706.0, 2, 0.111608918567
3342290.0, 9034188.0, 2, 0.0976461576822
2734046.0, 16004552.0, 2, 0.0692168965631
3111134.0, 8006310.0, 2, 0.0687122554424
3181870.0, 9796236.0, 2, 0.0679429412433
2876244.0, 11021778.0, 2, 0.0653550784847
2774074.0, 15786948.0, 2, 0.0565894541518
2806970.0, 11384972.0, 2, 0.0528671960218
3114872.0, 9266138.0, 2, 0.0508356661484
3218820.0, 9784642.0, 2, 0.0379745429732
3340704.0, 9603552.0, 2, 0.0366252149776
3213146.0, 4019520.0, 2, 0.033268425024
3111134.0, 8006310.0, 2, 0.016250606742
2767034.0, 17546822.0, 3, inf
10014014.0, 2787574.0, 3, inf
11938200.0, 9883720.0, 3, inf
2742406.0, 13305900.0, 3, inf
8653206.0, 5923694.0, 3, 0.238288747434
3661334.0, 7992864.0, 3, 0.163445621918
3957160.0, 15347598.0, 3, 0.159470983171
6357388.0, 11752912.0, 3, 0.151596778615
6127220.0, 8175326.0, 3, 0.150932540363
10407424.0, 15957444.0, 3, 0.135067116844
5472182.0, 4537902.0, 3, 0.119489596143
3624506.0, 9647756.0, 3, 0.115378297683
6720768.0, 3459962.0, 3, 0.114576805382
3846858.0, 16748874.0, 3, 0.108702906275
4162042.0, 12282616.0, 3, 0.108272532938
8102158.0, 5348636.0, 3, 0.108192946243
11472788.0, 3762758.0, 3, 0.108076667727
9294854.0, 4648128.0, 3, 0.107707244275
11078986.0, 15437886.0, 3, 0.10610442812
5984818.0, 4975860.0, 3, 0.102694791253
3836606.0, 10797740.0, 3, 0.100054555107
7522416.0, 10066286.0, 3, 0.0882289511971
8876686.0, 4135916.0, 3, 0.0857364104463
4997392.0, 7995608.0, 3, 0.0822063900373
7263930.0, 3244544.0, 3, 0.08150240993
4718700.0, 10555652.0, 3, 0.0811875886831
7191870.0, 10573948.0, 3, 0.0754688131183
7656616.0, 3664154.0, 3, 0.0743246419892
9751658.0, 4469370.0, 3, 0.0674301249573
4346036.0, 12082550.0, 3, 0.0637856476009
3547980.0, 17368328.0, 3, 0.0624683316173
8332926.0, 4330036.0, 3, 0.0613447430432
10657410.0, 3596268.0, 3, 0.0596838556535
2878332.0, 15787968.0, 3, 0.0489291710055
Generacion: 303
7025754.0, 2417478.0, 1, inf
2328942.0, 18642252.0, 1, inf
3109740.0, 3943170.0, 1, 0.473418274717
2521342.0, 15358350.0, 1, 0.359484946672
5477662.0, 2421724.0, 1, 0.330778484165
2671740.0, 11517034.0, 1, 0.285481510138
4130896.0, 3898312.0, 1, 0.260842769273
3101228.0, 8022508.0, 1, 0.252784859551
4890978.0, 2557750.0, 1, 0.204496622602
4466354.0, 2577016.0, 1, 0.192489278661
2491168.0, 16725824.0, 1, 0.161304506418
4259612.0, 3499840.0, 1, 0.112196152532
5387394.0, 2440766.0, 1, 0.106865753573
2398982.0, 17552796.0, 1, 0.0926442348943
2834788.0, 10506968.0, 1, 0.0826485589551
3029654.0, 8025666.0, 1, 0.0757939453355
2872928.0, 9786840.0, 1, 0.0755055615082
3004136.0, 9030198.0, 1, 0.0632454337067
2359984.0, 17839446.0, 1, 0.0600127560297
2708848.0, 11374202.0, 1, 0.052679470394
4254104.0, 3664172.0, 1, 0.0519644509388
2710608.0, 10796588.0, 1, 0.0501214677306
2931800.0, 9033356.0, 1, 0.0496685039897
2930040.0, 9610948.0, 1, 0.0477591237547
2776722.0, 10795458.0, 1, 0.0442896900221
5387394.0, 2440766.0, 1, 0.0264292019394
2369348.0, 17808138.0, 1, 0.0259705051383
5477662.0, 2421724.0, 1, 0.0194806922098
2997880.0, 9031936.0, 1, 0.0155957254366
3094848.0, 8023446.0, 1, 0.0154334877315
2930040.0, 9610948.0, 1, 0.011215674496
3029654.0, 8025666.0, 1, 0.00556987471817
3004136.0, 9030198.0, 1, 0.00554016706246
3101228.0, 8022508.0, 1, 0.00187010592812
2931800.0, 9033356.0, 1, 0.000462242737901
3004136.0, 9030198.0, 1, 0.0
3004136.0, 9030198.0, 1, 0.0
2931800.0, 9033356.0, 1, 0.0
2931800.0, 9033356.0, 1, 0.0
2931800.0, 9033356.0, 1, 0.0
3004136.0, 9030198.0, 1, 0.0
3004136.0, 9030198.0, 1, 0.0
2536068.0, 17706500.0, 2, inf
3795762.0, 18256062.0, 2, inf
8732046.0, 2421052.0, 2, inf
2896598.0, 14534186.0, 2, 0.384200537065
3213146.0, 4019520.0, 2, 0.368351409354
3070250.0, 9029038.0, 2, 0.334334248729
7724406.0, 2432072.0, 2, 0.23839252283
6242086.0, 9106184.0, 2, 0.222201953531
7205472.0, 2450744.0, 2, 0.21159243373
5276332.0, 3171122.0, 2, 0.207480858634
4855674.0, 10557136.0, 2, 0.172511750454
3180768.0, 12281676.0, 2, 0.147474374075
5830620.0, 3246330.0, 2, 0.137565979089
4588182.0, 9744564.0, 2, 0.10545733987
3559212.0, 18047834.0, 2, 0.0989103799481
7263930.0, 3244544.0, 2, 0.0885028398786
4543850.0, 10717590.0, 2, 0.0836931134275
4384592.0, 11362104.0, 2, 0.0730180538171
5930426.0, 3751240.0, 2, 0.0667456344675
3397950.0, 11415440.0, 2, 0.0629347268552
2737820.0, 11515610.0, 2, 0.0605560435328
4346036.0, 12082550.0, 2, 0.0527400489728
5941638.0, 2427848.0, 2, 0.0509962985788
4279510.0, 9453152.0, 2, 0.0507061609568
3855034.0, 11480414.0, 2, 0.0493563513845
4062378.0, 12084498.0, 2, 0.0467550829517
4142854.0, 9684144.0, 2, 0.0440913182906
2995674.0, 9601300.0, 2, 0.0426139918925
3082230.0, 11517916.0, 2, 0.0419023861357
3118436.0, 9317638.0, 2, 0.0378149907025
3180768.0, 12281676.0, 2, 0.02233275379
3080644.0, 12087338.0, 2, 0.0133164604971
3076874.0, 11368280.0, 2, 0.0050457726448
10760058.0, 2699510.0, 3, inf
5516356.0, 22787348.0, 3, inf
12861932.0, 4003980.0, 3, inf
3250500.0, 7997292.0, 3, inf
8627218.0, 18068626.0, 3, 0.338193773773
3472440.0, 4782792.0, 3, 0.25918473745
11434778.0, 15563838.0, 3, 0.245580755548
9340938.0, 12518948.0, 3, 0.212339668467
12214844.0, 16719022.0, 3, 0.206028628424
10753568.0, 3780226.0, 3, 0.159853175688
6676982.0, 9601794.0, 3, 0.134654521046
5533908.0, 14826330.0, 3, 0.129188739387
7662058.0, 13983274.0, 3, 0.123166783392
4425534.0, 4040180.0, 3, 0.116874571853
6001792.0, 9909128.0, 3, 0.115151838886
8261912.0, 11398264.0, 3, 0.113581880241
9286132.0, 12596776.0, 3, 0.103796017482
7391478.0, 16719764.0, 3, 0.0916031138271
4476720.0, 4576848.0, 3, 0.0896143455263
7643134.0, 3501212.0, 3, 0.0795570262476
7056580.0, 4362232.0, 3, 0.0777944625162
9043946.0, 4492366.0, 3, 0.0773855552643
5147896.0, 4399466.0, 3, 0.0770604465473
6574036.0, 10533816.0, 3, 0.0687667492382
7760168.0, 3732128.0, 3, 0.0678641414483
Generacion: 304
10035166.0, 2411444.0, 1, inf
2328942.0, 18642252.0, 1, inf
5477662.0, 2421724.0, 1, 0.739550095841
3541552.0, 4527964.0, 1, 0.355291620924
2521342.0, 15358350.0, 1, 0.348444046834
2671740.0, 11517034.0, 1, 0.269800008716
3315760.0, 7977806.0, 1, 0.251517988157
4402816.0, 2552114.0, 1, 0.207856878518
2466980.0, 16741298.0, 1, 0.170657982915
3888652.0, 3417758.0, 1, 0.126146603775
4319138.0, 3355332.0, 1, 0.107350068468
2369348.0, 17808138.0, 1, 0.0815426074966
2807700.0, 9788770.0, 1, 0.0705572308327
3029654.0, 8025666.0, 1, 0.0703503643219
3004136.0, 9030198.0, 1, 0.0627022606592
2710608.0, 10796588.0, 1, 0.0623212906368
3978912.0, 3401668.0, 1, 0.0597082611955
2330402.0, 18094754.0, 1, 0.0534900354493
2710608.0, 10796588.0, 1, 0.0481866740076
2931800.0, 9033356.0, 1, 0.0441610389653
2708848.0, 11374202.0, 1, 0.0404028359047
2930040.0, 9610948.0, 1, 0.0403280333324
3176174.0, 8000694.0, 1, 0.0186404723612
2893498.0, 9769524.0, 1, 0.018248074318
2359984.0, 17839446.0, 1, 0.0169449609036
2807700.0, 9788770.0, 1, 0.0127180762643
2872928.0, 9786840.0, 1, 0.0123193676647
3111134.0, 8006310.0, 1, 0.0110693729214
3250500.0, 7997292.0, 1, 0.0108454875362
2930040.0, 9610948.0, 1, 0.00999844879187
2708848.0, 11374202.0, 1, 0.00902844163018
2997880.0, 9031936.0, 1, 0.00868196731338
3250500.0, 7997292.0, 1, 0.00867808089943
3094848.0, 8023446.0, 1, 0.00851770632973
2359984.0, 17839446.0, 1, 0.00576763960585
3029654.0, 8025666.0, 1, 0.0034481262961
3004136.0, 9030198.0, 1, 0.00341842968457
3101228.0, 8022508.0, 1, 0.00182588088438
3101228.0, 8022508.0, 1, 0.00134324578978
3094848.0, 8023446.0, 1, 0.000964679150002
2997880.0, 9031936.0, 1, 0.000899299278559
2931800.0, 9033356.0, 1, 0.000315874763518
3004136.0, 9030198.0, 1, 0.0
3004136.0, 9030198.0, 1, 0.0
3004136.0, 9030198.0, 1, 0.0
2710608.0, 10796588.0, 1, 0.0
2710608.0, 10796588.0, 1, 0.0
2931800.0, 9033356.0, 1, 0.0
2997880.0, 9031936.0, 1, 0.0
3004136.0, 9030198.0, 1, 0.0
3004136.0, 9030198.0, 1, 0.0
6201372.0, 3119392.0, 2, inf
2590462.0, 15611076.0, 2, inf
2856790.0, 18538706.0, 2, inf
4385004.0, 5469430.0, 2, 0.304835646396
5884160.0, 3158956.0, 2, 0.274029928276
3250830.0, 7997796.0, 2, 0.2671335106
4062378.0, 12084498.0, 2, 0.249982354634
5269618.0, 9957342.0, 2, 0.248460936872
3559212.0, 18047834.0, 2, 0.232192111385
4680040.0, 4559062.0, 2, 0.228610179677
2896598.0, 14534186.0, 2, 0.202748287946
4807350.0, 3365968.0, 2, 0.176232082612
3923302.0, 11418602.0, 2, 0.162585462993
3030758.0, 17547842.0, 2, 0.16212933402
4167040.0, 8667646.0, 2, 0.151005600426
3096986.0, 14663608.0, 2, 0.0887564578996
2662876.0, 15607762.0, 2, 0.0886959189955
5052600.0, 9781802.0, 2, 0.0853484448099
5156810.0, 9514286.0, 2, 0.0792146217977
2800502.0, 17830054.0, 2, 0.0728405345176
2834788.0, 10506968.0, 2, 0.0696324825455
3078634.0, 10790666.0, 2, 0.0692701969628
4384592.0, 11362104.0, 2, 0.0685563730072
4744120.0, 11720440.0, 2, 0.0679568793235
3150098.0, 8953482.0, 2, 0.0611598107952
3187462.0, 9260788.0, 2, 0.0562832161423
4717904.0, 11292260.0, 2, 0.0548061038624
3178926.0, 8000998.0, 2, 0.0537897999941
3012842.0, 9763212.0, 2, 0.0469905638674
2688856.0, 14544364.0, 2, 0.0465074372557
5070074.0, 9630130.0, 2, 0.0450035402719
4486726.0, 7621304.0, 3, inf
12415512.0, 12376634.0, 3, inf
7105906.0, 18720320.0, 3, inf
6986446.0, 3230756.0, 3, inf
9508694.0, 13349102.0, 3, 0.284976690421
5856330.0, 15684000.0, 3, 0.275740420899
10589760.0, 11179896.0, 3, 0.24040708623
11051780.0, 12613808.0, 3, 0.231100748293
11985372.0, 9222722.0, 3, 0.202303532545
5303482.0, 5495988.0, 3, 0.195268975604
9031242.0, 10553074.0, 3, 0.194090525206
7662058.0, 13983274.0, 3, 0.124035865279
5289972.0, 4720498.0, 3, 0.122266382085
8329132.0, 9447444.0, 3, 0.115638437567
6665566.0, 4436256.0, 3, 0.109685552274
7458870.0, 14988168.0, 3, 0.0992271252556
6068050.0, 10690466.0, 3, 0.097832273305
7245744.0, 8642018.0, 3, 0.0844382246169
Generacion: 305
4800718.0, 2576402.0, 1, inf
2328942.0, 18642252.0, 1, inf
3748920.0, 3223908.0, 1, 0.605742135643
3434082.0, 3425414.0, 1, 0.471143225025
3315760.0, 7977806.0, 1, 0.358740343547
2669980.0, 12094682.0, 1, 0.28771127451
2590462.0, 15611076.0, 1, 0.285709767228
2589002.0, 16158518.0, 1, 0.231946164613
2359984.0, 17839446.0, 1, 0.225139870778
2710608.0, 10796588.0, 1, 0.138675653348
2807700.0, 9788770.0, 1, 0.128519961624
3029654.0, 8025666.0, 1, 0.088901284121
3004136.0, 9030198.0, 1, 0.0650568904542
2931800.0, 9033356.0, 1, 0.062685351023
2330402.0, 18094754.0, 1, 0.0625282997379
2671740.0, 11517034.0, 1, 0.0605701588799
2872928.0, 9786840.0, 1, 0.0605630981632
2930040.0, 9610948.0, 1, 0.0590571905424
3250830.0, 7997796.0, 1, 0.053659212266
2708848.0, 11374202.0, 1, 0.0509655935537
3111134.0, 8006310.0, 1, 0.0359158656725
3187026.0, 8003152.0, 1, 0.0310368073784
2997880.0, 9031936.0, 1, 0.0268419938399
3094848.0, 8023446.0, 1, 0.0264337520576
3187026.0, 8003152.0, 1, 0.0260095846634
2930040.0, 9610948.0, 1, 0.0116602299813
3029654.0, 8025666.0, 1, 0.0104619323171
3004136.0, 9030198.0, 1, 0.0104319307921
2708848.0, 11374202.0, 1, 0.00960244903601
3101228.0, 8022508.0, 1, 0.0040660294161
3101228.0, 8022508.0, 1, 0.00358936556042
3094848.0, 8023446.0, 1, 0.00271932133618
2997880.0, 9031936.0, 1, 0.00261935991586
2931800.0, 9033356.0, 1, 0.000800424866732
3004136.0, 9030198.0, 1, 0.0
3004136.0, 9030198.0, 1, 0.0
3004136.0, 9030198.0, 1, 0.0
3004136.0, 9030198.0, 1, 0.0
3004136.0, 9030198.0, 1, 0.0
3004136.0, 9030198.0, 1, 0.0
3004136.0, 9030198.0, 1, 0.0
2708848.0, 11374202.0, 1, 0.0
2931800.0, 9033356.0, 1, 0.0
2997880.0, 9031936.0, 1, 0.0
2469766.0, 17980106.0, 2, inf
8488716.0, 2842572.0, 2, inf
3033534.0, 18938960.0, 2, inf
5179044.0, 2845616.0, 2, 0.676154194418
3166456.0, 8020548.0, 2, 0.33777642198
3563198.0, 3476504.0, 2, 0.30803132889
2694506.0, 15613888.0, 2, 0.234511485347
2688856.0, 14544364.0, 2, 0.230961431973
3888652.0, 3417758.0, 2, 0.177000811268
3123428.0, 12497262.0, 2, 0.157579303788
4443106.0, 9433450.0, 2, 0.136360391114
4634058.0, 9636940.0, 2, 0.107301232467
3080644.0, 12087338.0, 2, 0.0928950776995
2815636.0, 11083852.0, 2, 0.0912781598471
3456938.0, 8831924.0, 2, 0.07564692806
3589834.0, 10412756.0, 2, 0.0651109475641
3613656.0, 10899992.0, 2, 0.0640042045449
3222434.0, 8948132.0, 2, 0.0528863658341
3109246.0, 9799682.0, 2, 0.0432991104831
4606096.0, 9597364.0, 2, 0.0421529400766
3454736.0, 9798154.0, 2, 0.0391750336348
2876244.0, 11021778.0, 2, 0.0363796152919
2845458.0, 10712794.0, 2, 0.0335474684316
2995674.0, 9601300.0, 2, 0.0285911532121
3181870.0, 9796236.0, 2, 0.0169665851687
3180596.0, 9262160.0, 2, 0.0169013961242
3120396.0, 9035308.0, 2, 0.0145970904945
3078634.0, 10790666.0, 2, 0.0133566933654
3070250.0, 9029038.0, 2, 0.0125765019918
3150098.0, 8953482.0, 2, 0.0121751002224
3111440.0, 9321104.0, 2, 0.011329096173
3114872.0, 9266138.0, 2, 0.00514990673096
3120396.0, 9035308.0, 2, 0.00130729643288
12887874.0, 18332256.0, 3, inf
9774628.0, 3485672.0, 3, inf
9900570.0, 19762732.0, 3, inf
3627972.0, 17887228.0, 3, inf
3923418.0, 7615022.0, 3, 0.297949432207
7481994.0, 11255410.0, 3, 0.290684471443
9611864.0, 3750248.0, 3, 0.262694240285
4503520.0, 15352770.0, 3, 0.218794300486
5987234.0, 17218504.0, 3, 0.186999481297
11268178.0, 9778194.0, 3, 0.178431930416
6945520.0, 18397968.0, 3, 0.152078226741
9898486.0, 9771710.0, 3, 0.146497764682
12415512.0, 12376634.0, 3, 0.143060681342
5005372.0, 5950286.0, 3, 0.142411863969
12070000.0, 18214246.0, 3, 0.123084155584
11346092.0, 14233826.0, 3, 0.122075488331
11528938.0, 10135118.0, 3, 0.109426998228
4212974.0, 12777574.0, 3, 0.107649076147
4319032.0, 5903596.0, 3, 0.104509548987
6250330.0, 13433434.0, 3, 0.0988577812818
5075366.0, 4550848.0, 3, 0.0984897549657
6411796.0, 11097930.0, 3, 0.0916212321151
5800638.0, 10625256.0, 3, 0.0808743205246
Generacion: 306
4571720.0, 2562674.0, 1, inf
2328942.0, 18642252.0, 1, inf
3293530.0, 3231608.0, 1, 0.49943520171
3748920.0, 3223908.0, 1, 0.49541781616
4312468.0, 2570766.0, 1, 0.407989045289
3292406.0, 7981642.0, 1, 0.344233134219
2620044.0, 15355660.0, 1, 0.215992353785
2669980.0, 12094682.0, 1, 0.203587202674
2466980.0, 16741298.0, 1, 0.185517264588
2412022.0, 18268538.0, 1, 0.17976941183
2482346.0, 15789686.0, 1, 0.125346894055
2807700.0, 9788770.0, 1, 0.105622554741
2776722.0, 10795458.0, 1, 0.0920852379776
3029654.0, 8025666.0, 1, 0.0915409492992
2710608.0, 10796588.0, 1, 0.0654008312102
2931800.0, 9033356.0, 1, 0.0653843032445
3004136.0, 9030198.0, 1, 0.0652619328294
2590462.0, 15611076.0, 1, 0.0640907834956
2671740.0, 11517034.0, 1, 0.0621374391144
2669980.0, 12094682.0, 1, 0.0581895701388
2708848.0, 11374202.0, 1, 0.0524677633809
2930040.0, 9610948.0, 1, 0.0522140295928
3187026.0, 8003152.0, 1, 0.0471827695553
3111134.0, 8006310.0, 1, 0.039458998183
2872928.0, 9786840.0, 1, 0.0394521572075
2620044.0, 15355660.0, 1, 0.0381497407353
2893498.0, 9769524.0, 1, 0.0364036919037
3187026.0, 8003152.0, 1, 0.0351761131689
3094848.0, 8023446.0, 1, 0.0321094988169
2997880.0, 9031936.0, 1, 0.0295715474619
2590462.0, 15611076.0, 1, 0.0242977707558
2776722.0, 10795458.0, 1, 0.0138826100006
3029654.0, 8025666.0, 1, 0.0115159170401
3004136.0, 9030198.0, 1, 0.0114859411291
2930040.0, 9610948.0, 1, 0.0106466914238
2708848.0, 11374202.0, 1, 0.00966756125012
3101228.0, 8022508.0, 1, 0.00832722973001
2997880.0, 9031936.0, 1, 0.00287770856681
2931800.0, 9033356.0, 1, 0.000873051841979
2710608.0, 10796588.0, 1, 0.000855016542794
2669980.0, 12094682.0, 1, 0.0
2708848.0, 11374202.0, 1, 0.0
2710608.0, 10796588.0, 1, 0.0
2710608.0, 10796588.0, 1, 0.0
2997880.0, 9031936.0, 1, 0.0
2997880.0, 9031936.0, 1, 0.0
3004136.0, 9030198.0, 1, 0.0
3004136.0, 9030198.0, 1, 0.0
2669980.0, 12094682.0, 1, 0.0
4800718.0, 2576402.0, 2, inf
2469766.0, 17980106.0, 2, inf
4083780.0, 9854032.0, 2, 0.463479346076
3315760.0, 7977806.0, 2, 0.406514858731
3434082.0, 3425414.0, 2, 0.303398236996
3475408.0, 11446152.0, 2, 0.265272629755
3586794.0, 14012330.0, 2, 0.250654450609
2720394.0, 14550994.0, 2, 0.242573006919
3753658.0, 16743330.0, 2, 0.212875676812
3813374.0, 8645392.0, 2, 0.207096012653
2809000.0, 15507082.0, 2, 0.134084470464
2899212.0, 10798832.0, 2, 0.124100071273
3434082.0, 3425414.0, 2, 0.105878626581
2846742.0, 15781442.0, 2, 0.0983066766329
3166456.0, 8020548.0, 2, 0.0906787724634
3625076.0, 17835318.0, 2, 0.0860104054116
3181870.0, 9796236.0, 2, 0.0703449343299
3627972.0, 17887228.0, 2, 0.0645624264818
3589834.0, 10412756.0, 2, 0.0577175563915
3070250.0, 9029038.0, 2, 0.0564074173217
2851074.0, 10490116.0, 2, 0.0475739578261
2995674.0, 9601300.0, 2, 0.0448677754272
3002376.0, 9607790.0, 2, 0.0404059910707
3180596.0, 9262160.0, 2, 0.0403722912925
3068044.0, 9598402.0, 2, 0.0325099668246
3452402.0, 9549060.0, 2, 0.0306894032108
3070250.0, 9029038.0, 2, 0.0258524819574
3454736.0, 9798154.0, 2, 0.013621871672
3625076.0, 17835318.0, 2, 0.0046123795038
3002376.0, 9607790.0, 2, 0.00329654731577
4438036.0, 3464314.0, 3, inf
11489410.0, 16214584.0, 3, inf
3659930.0, 7980278.0, 3, inf
9930134.0, 9777588.0, 3, 0.340631515607
9181682.0, 13105736.0, 3, 0.289732181082
7140730.0, 14534792.0, 3, 0.233119217863
8287372.0, 11491234.0, 3, 0.194633967391
3850334.0, 6796284.0, 3, 0.182065767233
5939714.0, 11323332.0, 3, 0.141606148567
7651338.0, 13658400.0, 3, 0.139529361458
8484206.0, 4035216.0, 3, 0.134349811391
4826288.0, 8827464.0, 3, 0.115544989253
4158250.0, 7598128.0, 3, 0.110029824096
8992460.0, 3881986.0, 3, 0.1099285164
7955216.0, 9277306.0, 3, 0.108270324782
5830340.0, 10531170.0, 3, 0.101908406438
5191686.0, 9516238.0, 3, 0.0992797855705
6524604.0, 11353044.0, 3, 0.0976902719681
4721800.0, 14342306.0, 3, 0.0909055642517
4999720.0, 14007988.0, 3, 0.087988979802
5469824.0, 10101258.0, 3, 0.0863967694699
Generacion: 307
2328942.0, 18642252.0, 1, inf
7428410.0, 2425148.0, 1, inf
4412762.0, 2513364.0, 1, 0.620031880313
3293530.0, 3231608.0, 1, 0.316534532525
3292406.0, 7981642.0, 1, 0.302272259168
2669980.0, 12094682.0, 1, 0.217177559856
4051608.0, 2574304.0, 1, 0.217131074316
2590462.0, 15611076.0, 1, 0.217118730189
3407714.0, 3215066.0, 1, 0.189189779895
2369348.0, 17808138.0, 1, 0.119128131754
2769594.0, 10509192.0, 1, 0.0811850075685
2428796.0, 17027890.0, 1, 0.0767619811455
2589002.0, 16158518.0, 1, 0.0760590177198
3029654.0, 8025666.0, 1, 0.0747272196917
4310860.0, 2565974.0, 1, 0.0745796584417
2807700.0, 9788770.0, 1, 0.0699077995016
2552778.0, 16724692.0, 1, 0.0680329215998
3004136.0, 9030198.0, 1, 0.0631695434792
2669980.0, 12094682.0, 1, 0.0512130679187
2590462.0, 15611076.0, 1, 0.0493504665566
2931800.0, 9033356.0, 1, 0.0485744379285
2710608.0, 10796588.0, 1, 0.0471846690153
2510276.0, 17011454.0, 1, 0.0430089186762
2671740.0, 11517034.0, 1, 0.0428965141135
2708848.0, 11374202.0, 1, 0.0428944175616
2930040.0, 9610948.0, 1, 0.0427820689991
2893498.0, 9769524.0, 1, 0.0349558275553
3178926.0, 8000998.0, 1, 0.0279192314012
3250830.0, 7997796.0, 1, 0.0234468563738
2710608.0, 10796588.0, 1, 0.0180669171662
3111134.0, 8006310.0, 1, 0.0165628687212
2997880.0, 9031936.0, 1, 0.0130653852641
3094848.0, 8023446.0, 1, 0.0128423110175
2930040.0, 9610948.0, 1, 0.0101234520445
2708848.0, 11374202.0, 1, 0.00915262519398
2671740.0, 11517034.0, 1, 0.00915262519398
3029654.0, 8025666.0, 1, 0.0051409439086
3004136.0, 9030198.0, 1, 0.00511122220243
3101228.0, 8022508.0, 1, 0.00425032862785
3094848.0, 8023446.0, 1, 0.00138800340579
2997880.0, 9031936.0, 1, 0.00131435651113
2931800.0, 9033356.0, 1, 0.000432695914379
3004136.0, 9030198.0, 1, 0.0
3094848.0, 8023446.0, 1, 0.0
2669980.0, 12094682.0, 1, 0.0
2669980.0, 12094682.0, 1, 0.0
2669980.0, 12094682.0, 1, 0.0
2710608.0, 10796588.0, 1, 0.0
2710608.0, 10796588.0, 1, 0.0
2710608.0, 10796588.0, 1, 0.0
2710608.0, 10796588.0, 1, 0.0
2710608.0, 10796588.0, 1, 0.0
2997880.0, 9031936.0, 1, 0.0
2997880.0, 9031936.0, 1, 0.0
4591818.0, 2585936.0, 2, inf
5616066.0, 3230782.0, 2, inf
2412022.0, 18268538.0, 2, inf
3187026.0, 8003152.0, 2, 0.330959343074
5229666.0, 3757052.0, 2, 0.314573112031
3707756.0, 4284672.0, 2, 0.294979750324
2704508.0, 15896424.0, 2, 0.234106672323
4167040.0, 8667646.0, 2, 0.218187144239
3696876.0, 13483678.0, 2, 0.211981763415
3513660.0, 18208484.0, 2, 0.210815539082
4720148.0, 9793966.0, 2, 0.19694518134
2688856.0, 14544364.0, 2, 0.168166738562
3826682.0, 11961522.0, 2, 0.166632559752
4539780.0, 14943444.0, 2, 0.1249645698
3128782.0, 12169966.0, 2, 0.121335740716
4387776.0, 8678548.0, 2, 0.107623497981
3402792.0, 11117302.0, 2, 0.0862648430405
3293724.0, 4012454.0, 2, 0.0821024119776
4438036.0, 3464314.0, 2, 0.0809988651441
2771878.0, 11804758.0, 2, 0.0763700203023
4606096.0, 9597364.0, 2, 0.0761400150394
3342290.0, 9034188.0, 2, 0.0701695570972
3012842.0, 9763212.0, 2, 0.0657415972867
3109246.0, 9799682.0, 2, 0.0626581187955
3506050.0, 14689360.0, 2, 0.0563157977331
2899212.0, 10798832.0, 2, 0.0557717735429
3070250.0, 9029038.0, 2, 0.0525476367578
2851074.0, 10490116.0, 2, 0.0491084262744
2834788.0, 10506968.0, 2, 0.0426757847207
3414756.0, 9030770.0, 2, 0.0293167553359
2776722.0, 10795458.0, 2, 0.0199073837238
2776722.0, 10795458.0, 2, 0.0183378652793
2851074.0, 10490116.0, 2, 0.0160987048255
2899212.0, 10798832.0, 2, 0.0152392811151
3413170.0, 9600134.0, 2, 0.0143093170306
2776722.0, 10795458.0, 2, 0.0
5289434.0, 15753004.0, 3, inf
12831122.0, 3996092.0, 3, inf
3833070.0, 7631112.0, 3, inf
12860780.0, 12401088.0, 3, inf
11520452.0, 15350780.0, 3, 0.280421452911
8038900.0, 11036464.0, 3, 0.244425265573
9978098.0, 7017630.0, 3, 0.193122369334
7841468.0, 13507862.0, 3, 0.173419111805
10251988.0, 6012176.0, 3, 0.169208022363
6603952.0, 9176164.0, 3, 0.169012425805
Generacion: 308
2328942.0, 18642252.0, 1, inf
4398266.0, 2507500.0, 1, inf
2328942.0, 18642252.0, 1, inf
3266428.0, 3534550.0, 1, 0.407013767955
4011328.0, 3458878.0, 1, 0.387305734169
3148862.0, 4390194.0, 1, 0.315636451546
2620044.0, 15355660.0, 1, 0.291001099674
2669980.0, 12094682.0, 1, 0.289677385639
3101228.0, 8022508.0, 1, 0.251284013158
4073668.0, 2896836.0, 1, 0.22330905576
2369348.0, 17808138.0, 1, 0.148309367896
2510276.0, 17011454.0, 1, 0.131301441949
3225810.0, 3901172.0, 1, 0.109844844634
2769594.0, 10509192.0, 1, 0.10938223566
3029654.0, 8025666.0, 1, 0.106233034627
2807700.0, 9788770.0, 1, 0.105719717637
2589002.0, 16158518.0, 1, 0.0878038582589
2428796.0, 17027890.0, 1, 0.0877334046063
2589002.0, 16158518.0, 1, 0.0678643195644
2931800.0, 9033356.0, 1, 0.0677311428858
3004136.0, 9030198.0, 1, 0.0652821150098
4033050.0, 3262906.0, 1, 0.0649600311451
2710608.0, 10796588.0, 1, 0.0643043337237
2930040.0, 9610948.0, 1, 0.0641356621085
2708848.0, 11374202.0, 1, 0.0545823182249
2893498.0, 9769524.0, 1, 0.0512900760518
2708848.0, 11374202.0, 1, 0.0455044439466
2997880.0, 9031936.0, 1, 0.0320408515197
3094848.0, 8023446.0, 1, 0.0315631099552
2428796.0, 17027890.0, 1, 0.0297468931116
2893498.0, 9769524.0, 1, 0.0188517359609
2710608.0, 10796588.0, 1, 0.0186627546539
3004136.0, 9030198.0, 1, 0.0124392811518
3094848.0, 8023446.0, 1, 0.00322072366944
2997880.0, 9031936.0, 1, 0.00311121830187
2931800.0, 9033356.0, 1, 0.000938528089993
2710608.0, 10796588.0, 1, 0.0
2710608.0, 10796588.0, 1, 0.0
2931800.0, 9033356.0, 1, 0.0
3004136.0, 9030198.0, 1, 0.0
3094848.0, 8023446.0, 1, 0.0
2708848.0, 11374202.0, 1, 0.0
2710608.0, 10796588.0, 1, 0.0
2710608.0, 10796588.0, 1, 0.0
2720718.0, 19306076.0, 2, inf
2412022.0, 18268538.0, 2, inf
4412762.0, 2513364.0, 2, inf
4001948.0, 4387046.0, 2, 0.540585428771
2688856.0, 14544364.0, 2, 0.516819132938
3176174.0, 8000694.0, 2, 0.222399207646
3753536.0, 11957704.0, 2, 0.189673691121
3593528.0, 11168782.0, 2, 0.166863727396
2412022.0, 18268538.0, 2, 0.160748490665
3973420.0, 9598160.0, 2, 0.159082912611
3211666.0, 12180706.0, 2, 0.155987153327
3342290.0, 9034188.0, 2, 0.152648034636
3625612.0, 18644404.0, 2, 0.141759426683
3288866.0, 8024772.0, 2, 0.11836541374
3216222.0, 8950104.0, 2, 0.0983894047842
2957302.0, 9764258.0, 2, 0.0922599081337
2771878.0, 11804758.0, 2, 0.0742238984807
2904958.0, 10484236.0, 2, 0.0731836659232
3018438.0, 10465160.0, 2, 0.0587432531631
3112102.0, 11507954.0, 2, 0.0577407921823
2815636.0, 11083852.0, 2, 0.0563369308818
3984970.0, 10194988.0, 2, 0.0559971879579
2815636.0, 11083852.0, 2, 0.0497020326985
3120396.0, 9035308.0, 2, 0.0419212464488
3180584.0, 10505074.0, 2, 0.0411309116953
3040370.0, 12070654.0, 2, 0.0336160767104
3128782.0, 12169966.0, 2, 0.0285815130937
3080644.0, 12087338.0, 2, 0.0268322543621
3166456.0, 8020548.0, 2, 0.0249746989985
3070250.0, 9029038.0, 2, 0.0196349657435
3187026.0, 8003152.0, 2, 0.0167175505635
3070250.0, 9029038.0, 2, 0.00550175848124
10955322.0, 11904104.0, 3, inf
3696876.0, 13483678.0, 3, inf
5422318.0, 15902282.0, 3, inf
7099460.0, 2805884.0, 3, inf
8111464.0, 14270190.0, 3, 0.622647633136
4661578.0, 5929974.0, 3, 0.343038979222
4857786.0, 8020824.0, 3, 0.259942836629
5229666.0, 3757052.0, 3, 0.215089483316
6660646.0, 8789510.0, 3, 0.203141250812
5319004.0, 15593866.0, 3, 0.151005601628
7481994.0, 11255410.0, 3, 0.127333699091
4313740.0, 13102424.0, 3, 0.11684335261
4345862.0, 12090776.0, 3, 0.108345171664
6172872.0, 9900504.0, 3, 0.106871105772
5653626.0, 11055494.0, 3, 0.103278707474
7605402.0, 10033188.0, 3, 0.100145957936
4088142.0, 13237182.0, 3, 0.0843730542935
7129714.0, 10076304.0, 3, 0.0824531483207
5494604.0, 3173736.0, 3, 0.0815029071938
4133136.0, 10448610.0, 3, 0.078032848873
5886122.0, 3455930.0, 3, 0.0720240339338
6015444.0, 9215296.0, 3, 0.0630708068169
4436010.0, 9797698.0, 3, 0.0568642447346
4596964.0, 10422822.0, 3, 0.0518369893997
Generacion: 309
2328942.0, 18642252.0, 1, inf
4398266.0, 2507500.0, 1, inf
3266428.0, 3534550.0, 1, 0.5931210376
3920954.0, 3526474.0, 1, 0.344653379348
3178926.0, 8000998.0, 1, 0.326344707966
2669980.0, 12094682.0, 1, 0.270651458922
2589002.0, 16158518.0, 1, 0.269373746974
4073668.0, 2896836.0, 1, 0.179550148589
2359984.0, 17839446.0, 1, 0.113670980877
3029654.0, 8025666.0, 1, 0.0937638800693
2552778.0, 16724692.0, 1, 0.0909075935998
4033050.0, 3262906.0, 1, 0.0849692813525
2669980.0, 12094682.0, 1, 0.0837865109405
2807700.0, 9788770.0, 1, 0.0761717349793
2589002.0, 16158518.0, 1, 0.0742229304157
2769594.0, 10509192.0, 1, 0.0731552909618
3969316.0, 3454150.0, 1, 0.0705057704847
2510276.0, 17011454.0, 1, 0.0679338295345
2931800.0, 9033356.0, 1, 0.0677311428858
3004136.0, 9030198.0, 1, 0.0652821150098
2330402.0, 18094754.0, 1, 0.0647573613664
2710608.0, 10796588.0, 1, 0.0643043337237
2930040.0, 9610948.0, 1, 0.0641356621085
2428796.0, 17027890.0, 1, 0.060121166313
2708848.0, 11374202.0, 1, 0.0545823182249
2708848.0, 11374202.0, 1, 0.0455044439466
4073668.0, 2896836.0, 1, 0.0437589071711
3266428.0, 3534550.0, 1, 0.0427858411976
2872928.0, 9786840.0, 1, 0.0426546783711
2449122.0, 17012570.0, 1, 0.0403938483491
3166456.0, 8020548.0, 1, 0.0388806748324
2893498.0, 9769524.0, 1, 0.0385007893742
2769594.0, 10509192.0, 1, 0.0362269446985
2997880.0, 9031936.0, 1, 0.0351520698216
3094848.0, 8023446.0, 1, 0.0347838336246
2428796.0, 17027890.0, 1, 0.0342028749158
3101228.0, 8022508.0, 1, 0.0315795404417
2710608.0, 10796588.0, 1, 0.0186627546539
2807700.0, 9788770.0, 1, 0.0185343269254
3029654.0, 8025666.0, 1, 0.012469154558
3004136.0, 9030198.0, 1, 0.0124392811518
3101228.0, 8022508.0, 1, 0.00320460938395
2931800.0, 9033356.0, 1, 0.000938528089993
2669980.0, 12094682.0, 1, 0.0
2708848.0, 11374202.0, 1, 0.0
2708848.0, 11374202.0, 1, 0.0
2708848.0, 11374202.0, 1, 0.0
2710608.0, 10796588.0, 1, 0.0
2710608.0, 10796588.0, 1, 0.0
2769594.0, 10509192.0, 1, 0.0
3004136.0, 9030198.0, 1, 0.0
3004136.0, 9030198.0, 1, 0.0
3004136.0, 9030198.0, 1, 0.0
8322804.0, 2694864.0, 2, inf
2412022.0, 18268538.0, 2, inf
2720718.0, 19306076.0, 2, inf
7298718.0, 2788062.0, 2, 0.337748821246
5762540.0, 2803070.0, 2, 0.321329469861
4126372.0, 7949164.0, 2, 0.268094887455
5202956.0, 5199774.0, 2, 0.204570549257
3715226.0, 15606200.0, 2, 0.202231137065
7747802.0, 2771882.0, 2, 0.178867825835
2460334.0, 17034570.0, 2, 0.153371903879
5115502.0, 4565490.0, 2, 0.135081694581
3651354.0, 12759826.0, 2, 0.133199680678
4011328.0, 3458878.0, 2, 0.124133786269
3218820.0, 9784642.0, 2, 0.10258101033
4896806.0, 2890088.0, 2, 0.0998644541031
3988804.0, 13131002.0, 2, 0.0996115483372
4581846.0, 17375900.0, 2, 0.0916706296932
3147160.0, 14316566.0, 2, 0.0901616450374
3111440.0, 9321104.0, 2, 0.0895702128303
5406650.0, 2808410.0, 2, 0.0765771983313
3973420.0, 9598160.0, 2, 0.0694410488683
4425754.0, 11804850.0, 2, 0.0682771923651
2688856.0, 14544364.0, 2, 0.065040467834
4510350.0, 4842368.0, 2, 0.0645921008203
3206822.0, 17995080.0, 2, 0.0638930948871
2695462.0, 18550404.0, 2, 0.0624779540783
2957224.0, 10511140.0, 2, 0.0585643549354
4199720.0, 11716558.0, 2, 0.0582861916636
2688856.0, 14544364.0, 2, 0.0523753980914
2774516.0, 11364856.0, 2, 0.051300550808
4129482.0, 10195346.0, 2, 0.0490692454218
3128782.0, 12169966.0, 2, 0.041649264977
2815636.0, 11083852.0, 2, 0.0414342143914
3045846.0, 9321344.0, 2, 0.0387388804431
4710416.0, 12168366.0, 2, 0.0362867321074
4727934.0, 2889200.0, 2, 0.0350245529448
3158790.0, 11977754.0, 2, 0.0319775309174
5271440.0, 11669266.0, 2, 0.0307614843968
3664168.0, 18357784.0, 2, 0.0277744338571
2904958.0, 10484236.0, 2, 0.0275381964079
5314408.0, 2815714.0, 2, 0.0241211716699
3087616.0, 9740630.0, 2, 0.0223236201404
2815636.0, 11083852.0, 2, 0.0201567064212
3976482.0, 10393610.0, 2, 0.019993966911
2834788.0, 10506968.0, 2, 0.0167313349905
2412022.0, 18268538.0, 2, 0.0135461740475
5219180.0, 2832104.0, 2, 0.0128843507637
Generacion: 310
2359984.0, 17839446.0, 1, inf
5583068.0, 2662150.0, 1, inf
4977938.0, 2807228.0, 1, 0.44766814429
4258040.0, 3217070.0, 1, 0.355561251425
3225810.0, 3901172.0, 1, 0.32143336404
2620044.0, 15355660.0, 1, 0.292881960819
3178926.0, 8000998.0, 1, 0.273997847235
2669980.0, 12094682.0, 1, 0.2689582618
3750382.0, 3459078.0, 1, 0.223376716538
3266428.0, 3534550.0, 1, 0.191883319008
3969316.0, 3454150.0, 1, 0.173452305865
2466980.0, 16741298.0, 1, 0.106986895885
2769594.0, 10509192.0, 1, 0.0965269443067
3029654.0, 8025666.0, 1, 0.0965185106569
2589002.0, 16158518.0, 1, 0.0907573903839
3004136.0, 9030198.0, 1, 0.0681274914237
2930040.0, 9610948.0, 1, 0.067911205995
2807700.0, 9788770.0, 1, 0.0677048449058
2428796.0, 17027890.0, 1, 0.0653187503837
2671740.0, 11517034.0, 1, 0.0595301640745
2931800.0, 9033356.0, 1, 0.05855842076
2710608.0, 10796588.0, 1, 0.0563588727397
2872928.0, 9786840.0, 1, 0.0496737508226
2708848.0, 11374202.0, 1, 0.0495709640163
2589002.0, 16158518.0, 1, 0.0480292924793
2428796.0, 17027890.0, 1, 0.0402326803196
3166456.0, 8020548.0, 1, 0.0255239736124
2997880.0, 9031936.0, 1, 0.0226511750343
3101228.0, 8022508.0, 1, 0.0223358218142
3101228.0, 8022508.0, 1, 0.0204458338145
2710608.0, 10796588.0, 1, 0.019481976711
3178926.0, 8000998.0, 1, 0.0158344247467
2807700.0, 9788770.0, 1, 0.0119500016289
2708848.0, 11374202.0, 1, 0.00995695987005
3004136.0, 9030198.0, 1, 0.00803177500406
2931800.0, 9033356.0, 1, 0.000639621656444
2931800.0, 9033356.0, 1, 0.0
3178926.0, 8000998.0, 1, 0.0
2708848.0, 11374202.0, 1, 0.0
2708848.0, 11374202.0, 1, 0.0
8322804.0, 2694864.0, 2, inf
2367888.0, 18355602.0, 2, inf
6389458.0, 2817594.0, 2, 0.668129802567
4543016.0, 3217866.0, 2, 0.440304276415
3292406.0, 7981642.0, 2, 0.336064015473
3307478.0, 3903500.0, 2, 0.29702732597
2792098.0, 14547576.0, 2, 0.261766220877
2966214.0, 12984632.0, 2, 0.214080988892
2703008.0, 16746486.0, 2, 0.201831612592
3786628.0, 3461164.0, 2, 0.125707777388
3074872.0, 11517202.0, 2, 0.110794566739
3976800.0, 8841946.0, 2, 0.104613902813
2899212.0, 10798832.0, 2, 0.100775787327
3397286.0, 16891808.0, 2, 0.0898659991649
4011328.0, 3458878.0, 2, 0.0894315284846
2460334.0, 17034570.0, 2, 0.0850087944255
3116636.0, 10197850.0, 2, 0.0667173479558
3119642.0, 11366858.0, 2, 0.0568915732923
2770842.0, 18085518.0, 2, 0.0550569430972
3184064.0, 9317658.0, 2, 0.0525113995515
3342668.0, 17727666.0, 2, 0.0443203951265
2947700.0, 9763362.0, 2, 0.0439571547831
3361026.0, 9685656.0, 2, 0.0376318792557
3070250.0, 9029038.0, 2, 0.0294171709157
3342668.0, 17727666.0, 2, 0.0259330952039
3114872.0, 9266138.0, 2, 0.0251127675595
2460334.0, 17034570.0, 2, 0.0246402341611
4011328.0, 3458878.0, 2, 0.021187803088
3342290.0, 9034188.0, 2, 0.0210491750855
3118436.0, 9317638.0, 2, 0.00379454858051
3070250.0, 9029038.0, 2, 0.00110501328913
3452246.0, 18270886.0, 3, inf
3407810.0, 18201244.0, 3, inf
9946082.0, 3633196.0, 3, inf
5892314.0, 3273848.0, 3, inf
8547420.0, 16873206.0, 3, 0.568593615673
5364998.0, 11384524.0, 3, 0.38906014163
4160850.0, 7627408.0, 3, 0.312559870254
7656616.0, 3664154.0, 3, 0.192877691621
6601856.0, 17017560.0, 3, 0.178430307238
9541672.0, 3722424.0, 3, 0.171404337742
5202956.0, 5199774.0, 3, 0.164439435204
8918396.0, 3566364.0, 3, 0.160392656203
7073276.0, 4271696.0, 3, 0.142778502984
6241978.0, 17851862.0, 3, 0.131686480261
3871518.0, 9638562.0, 3, 0.131487294839
3972234.0, 9376992.0, 3, 0.123540225912
4195876.0, 11000498.0, 3, 0.12058464189
5169974.0, 10497942.0, 3, 0.110999047369
4786376.0, 9635642.0, 3, 0.109311771656
7325234.0, 3508328.0, 3, 0.0965782120002
5365922.0, 9440652.0, 3, 0.0953981127945
3472440.0, 4782792.0, 3, 0.0912120938064
5984512.0, 3877476.0, 3, 0.0901049394301
5042832.0, 17642358.0, 3, 0.0773090176172
3956202.0, 11000162.0, 3, 0.0464399921316
4892972.0, 4735990.0, 3, 0.0462208873743
5001468.0, 11373786.0, 3, 0.0446029404856
3973420.0, 9598160.0, 3, 0.0418498899688
5028238.0, 4359496.0, 3, 0.037285488929
Generacion: 311
2359984.0, 17839446.0, 1, inf
7269664.0, 2422822.0, 1, inf
2359984.0, 17839446.0, 1, inf
4977938.0, 2807228.0, 1, 0.499530281352
3225810.0, 3901172.0, 1, 0.441134994162
6385580.0, 2783370.0, 1, 0.403156592314
3111134.0, 8006310.0, 1, 0.292705412401
2669980.0, 12094682.0, 1, 0.26715066626
2662876.0, 15607762.0, 1, 0.24428722045
4146950.0, 3455038.0, 1, 0.2391477178
3839394.0, 3492268.0, 1, 0.185874676748
6931442.0, 2726008.0, 1, 0.145185132517
2590462.0, 15611076.0, 1, 0.0948743934318
2552778.0, 16724692.0, 1, 0.0925323071563
7071356.0, 2698474.0, 1, 0.0885549807636
2769594.0, 10509192.0, 1, 0.085147786225
3029654.0, 8025666.0, 1, 0.0797371522766
2449122.0, 17012570.0, 1, 0.0724179519482
2398982.0, 17552796.0, 1, 0.0717909105127
3004136.0, 9030198.0, 1, 0.0664332302287
2807700.0, 9788770.0, 1, 0.060015795919
2930040.0, 9610948.0, 1, 0.055552893094
2931800.0, 9033356.0, 1, 0.0509246563611
2710608.0, 10796588.0, 1, 0.0494811827061
2671740.0, 11517034.0, 1, 0.0450272932193
2708848.0, 11374202.0, 1, 0.0450250878078
2491168.0, 16725824.0, 1, 0.0397857968488
4006950.0, 3488428.0, 1, 0.0371852340977
4011328.0, 3458878.0, 1, 0.0306809405389
2893498.0, 9769524.0, 1, 0.023041772409
2710608.0, 10796588.0, 1, 0.019000429797
2872928.0, 9786840.0, 1, 0.0187236659818
3101228.0, 8022508.0, 1, 0.0178513140825
2997880.0, 9031936.0, 1, 0.0149381869201
2708848.0, 11374202.0, 1, 0.00962327952081
2671740.0, 11517034.0, 1, 0.00962327952081
2807700.0, 9788770.0, 1, 0.00788659150076
3029654.0, 8025666.0, 1, 0.00540233122278
3004136.0, 9030198.0, 1, 0.00531022285976
2931800.0, 9033356.0, 1, 0.000450583864483
2931800.0, 9033356.0, 1, 0.0
2931800.0, 9033356.0, 1, 0.0
3029654.0, 8025666.0, 1, 0.0
3029654.0, 8025666.0, 1, 0.0
2710608.0, 10796588.0, 1, 0.0
2367888.0, 18355602.0, 2, inf
2361980.0, 18101034.0, 2, inf
8322804.0, 2694864.0, 2, inf
5868208.0, 2814952.0, 2, 0.445461460448
4259612.0, 3499840.0, 2, 0.367060551007
5729474.0, 2857722.0, 2, 0.313594152958
2595442.0, 17039764.0, 2, 0.291778308333
2966214.0, 12984632.0, 2, 0.246091483003
3615886.0, 6378914.0, 2, 0.239199723842
2792098.0, 14547576.0, 2, 0.181088375015
2899212.0, 10798832.0, 2, 0.166197506994
3315760.0, 7977806.0, 2, 0.164181418178
3759344.0, 5397180.0, 2, 0.156840336426
4175596.0, 5393192.0, 2, 0.118095070803
2770336.0, 14527648.0, 2, 0.101117091949
4229168.0, 4721122.0, 2, 0.0944828644234
3192740.0, 9032462.0, 2, 0.086645349782
3166456.0, 8020548.0, 2, 0.0819290497993
2770842.0, 18085518.0, 2, 0.0714171203247
3172990.0, 10508560.0, 2, 0.0628622583677
3224058.0, 9875252.0, 2, 0.0511328487248
4250742.0, 4782082.0, 2, 0.0480216725574
3253220.0, 9257070.0, 2, 0.0476851168283
3078634.0, 10790666.0, 2, 0.0443056122815
2760508.0, 14541050.0, 2, 0.0306130559299
3002376.0, 9607790.0, 2, 0.0235755670089
3012842.0, 9763212.0, 2, 0.022727084615
2947700.0, 9763362.0, 2, 0.0126087824421
2995338.0, 9791014.0, 2, 0.0118524174431
3002376.0, 9607790.0, 2, 0.0116801063239
3218820.0, 9784642.0, 2, 0.00701966105713
3250500.0, 7997292.0, 2, 0.00568022197995
3250500.0, 7997292.0, 2, 0.00194130024049
3002376.0, 9607790.0, 2, 0.0
3250500.0, 7997292.0, 2, 0.0
3033316.0, 18945288.0, 3, inf
12271880.0, 3000986.0, 3, inf
10935148.0, 14192030.0, 3, 0.326482052408
9202602.0, 9613934.0, 3, 0.259796691875
9905934.0, 4933058.0, 3, 0.258229598053
7606876.0, 9849918.0, 3, 0.223151678169
11356534.0, 3921226.0, 3, 0.189782768784
3659930.0, 7980278.0, 3, 0.181685013805
4683994.0, 5402744.0, 3, 0.164726048011
4346036.0, 12082550.0, 3, 0.151885165061
12005342.0, 11858238.0, 3, 0.1437486943
4070262.0, 15774096.0, 3, 0.114145425693
5844804.0, 10931744.0, 3, 0.0972402504626
3864950.0, 17796168.0, 3, 0.0937879170489
3140044.0, 18543204.0, 3, 0.0915953506619
7189302.0, 10434926.0, 3, 0.0902013411483
6255056.0, 8789632.0, 3, 0.0847850822861
5479532.0, 9568386.0, 3, 0.0828062939605
3461132.0, 16922054.0, 3, 0.0823477978519
6427472.0, 8192892.0, 3, 0.0807557571835
Generacion: 312
2330402.0, 18094754.0, 1, inf
7168280.0, 2426780.0, 1, inf
6931442.0, 2726008.0, 1, 0.477030387059
4977938.0, 2807228.0, 1, 0.458638115346
3225810.0, 3901172.0, 1, 0.377545959165
3176174.0, 8000694.0, 1, 0.285712002229
2669980.0, 12094682.0, 1, 0.262920719123
2662876.0, 15607762.0, 1, 0.240868497834
4146950.0, 3455038.0, 1, 0.182926038563
4649010.0, 3244820.0, 1, 0.156204973376
3610668.0, 3492468.0, 1, 0.153143837663
3838982.0, 3487540.0, 1, 0.113239615932
2491168.0, 16725824.0, 1, 0.0976598106826
2398982.0, 17552796.0, 1, 0.0882712369459
2590462.0, 15611076.0, 1, 0.0861163232928
2769594.0, 10509192.0, 1, 0.0843925704068
3029654.0, 8025666.0, 1, 0.0843844008757
2466980.0, 16741298.0, 1, 0.071836090914
3004136.0, 9030198.0, 1, 0.0707923961912
2807700.0, 9788770.0, 1, 0.0594633168009
4749732.0, 2846242.0, 1, 0.0569081942093
2930040.0, 9610948.0, 1, 0.0549026334754
2931800.0, 9033356.0, 1, 0.0505233792652
2710608.0, 10796588.0, 1, 0.0490584380345
4727934.0, 2889200.0, 1, 0.0462584845791
2671740.0, 11517034.0, 1, 0.0445383774519
2708848.0, 11374202.0, 1, 0.0445362074202
2369348.0, 17808138.0, 1, 0.0263562540143
2590462.0, 15611076.0, 1, 0.0207358019793
2872928.0, 9786840.0, 1, 0.0189630004776
2710608.0, 10796588.0, 1, 0.0187066907384
2359984.0, 17839446.0, 1, 0.0182304549127
3111134.0, 8006310.0, 1, 0.016883769478
3101228.0, 8022508.0, 1, 0.0158283315031
2997880.0, 9031936.0, 1, 0.0151535676002
2893498.0, 9769524.0, 1, 0.0143728919167
2671740.0, 11517034.0, 1, 0.00947997131703
2708848.0, 11374202.0, 1, 0.00947997131703
2893498.0, 9769524.0, 1, 0.00865849596817
2359984.0, 17839446.0, 1, 0.00811288055579
2807700.0, 9788770.0, 1, 0.00799977503923
3101228.0, 8022508.0, 1, 0.00224914958885
2931800.0, 9033356.0, 1, 0.000454426597593
2590462.0, 15611076.0, 1, 0.0
2807700.0, 9788770.0, 1, 0.0
2807700.0, 9788770.0, 1, 0.0
2807700.0, 9788770.0, 1, 0.0
2931800.0, 9033356.0, 1, 0.0
2931800.0, 9033356.0, 1, 0.0
2931800.0, 9033356.0, 1, 0.0
2931800.0, 9033356.0, 1, 0.0
7808684.0, 2436738.0, 2, inf
10444926.0, 2810878.0, 2, inf
2361980.0, 18101034.0, 2, inf
5630326.0, 2827868.0, 2, 0.3167608539
5257730.0, 2829108.0, 2, 0.214310548982
3334226.0, 15616918.0, 2, 0.203542597488
3472594.0, 5204368.0, 2, 0.198011562082
3315760.0, 7977806.0, 2, 0.18394271507
4225208.0, 3461852.0, 2, 0.176432667733
3663632.0, 17548702.0, 2, 0.168741654531
2770336.0, 14527648.0, 2, 0.157639724789
3839394.0, 3492268.0, 2, 0.151630148024
3995952.0, 12948538.0, 2, 0.144682026335
3609396.0, 5193014.0, 2, 0.129820748583
3192740.0, 9032462.0, 2, 0.114794028893
3218820.0, 9784642.0, 2, 0.105792821324
4173832.0, 10666962.0, 2, 0.0876156368422
3497760.0, 11954016.0, 2, 0.0847135806926
3110342.0, 12085602.0, 2, 0.0844500543263
3221630.0, 11023738.0, 2, 0.0801247421791
3288866.0, 8024772.0, 2, 0.073881053976
3225980.0, 14664286.0, 2, 0.0713105754807
2400978.0, 17814414.0, 2, 0.0639936252371
3209932.0, 12677042.0, 2, 0.0558191429255
2869410.0, 14556476.0, 2, 0.0414936193403
2845458.0, 10712794.0, 2, 0.0350335473256
2400978.0, 17814414.0, 2, 0.0217876332725
3190170.0, 12909428.0, 2, 0.0190411849479
3178926.0, 8000998.0, 2, 0.0115982350365
3250830.0, 7997796.0, 2, 0.00926064860588
12933686.0, 3543334.0, 3, inf
2472876.0, 18942846.0, 3, inf
4859586.0, 3461874.0, 3, inf
3589630.0, 7996830.0, 3, 0.368455058823
11152574.0, 17901904.0, 3, 0.352218660369
9343446.0, 4085748.0, 3, 0.245068236654
5972334.0, 14735438.0, 3, 0.238127491987
8104792.0, 17185524.0, 3, 0.193584244591
4175596.0, 5393192.0, 3, 0.184450865493
11978828.0, 16711394.0, 3, 0.173999844635
9026484.0, 4601310.0, 3, 0.152380247031
4686790.0, 12889284.0, 3, 0.15064269904
4234822.0, 14547176.0, 3, 0.127284606758
7378092.0, 10517570.0, 3, 0.110992161421
7304174.0, 11590954.0, 3, 0.106828465808
5197006.0, 8775246.0, 3, 0.106537067164
12005086.0, 3875544.0, 3, 0.106183650107
6836010.0, 4611656.0, 3, 0.100575814443
7558896.0, 12486980.0, 3, 0.0961111218917
Generacion: 313
5444418.0, 2486294.0, 1, inf
2330402.0, 18094754.0, 1, inf
2330402.0, 18094754.0, 1, inf
3292406.0, 7981642.0, 1, 0.303009708942
4977938.0, 2807228.0, 1, 0.281928172026
4011328.0, 3458878.0, 1, 0.279244521612
3348258.0, 4133720.0, 1, 0.273005722116
2669980.0, 12094682.0, 1, 0.264930508717
2662876.0, 15607762.0, 1, 0.250823210812
4610564.0, 3232422.0, 1, 0.240589534428
3610668.0, 3492468.0, 1, 0.175320329712
4711870.0, 3214990.0, 1, 0.145215598168
2552778.0, 16724692.0, 1, 0.142687780897
3786628.0, 3461164.0, 1, 0.130815474601
2428796.0, 17027890.0, 1, 0.128318665659
3367124.0, 4094954.0, 1, 0.125351007237
2590462.0, 15611076.0, 1, 0.10691490058
3029654.0, 8025666.0, 1, 0.0999584034463
2807700.0, 9788770.0, 1, 0.0737080694405
3004136.0, 9030198.0, 1, 0.066367156318
2769594.0, 10509192.0, 1, 0.06509796596
2369348.0, 17808138.0, 1, 0.0624954676091
3176174.0, 8000694.0, 1, 0.0597920719283
2930040.0, 9610948.0, 1, 0.0594645512183
2931800.0, 9033356.0, 1, 0.0582252464852
2710608.0, 10796588.0, 1, 0.0559485687741
2671740.0, 11517034.0, 1, 0.0489250927481
2708848.0, 11374202.0, 1, 0.0489229144422
3111134.0, 8006310.0, 1, 0.0486516829571
2893498.0, 9769524.0, 1, 0.037711821252
2369348.0, 17808138.0, 1, 0.0374533228698
2769594.0, 10509192.0, 1, 0.030649766436
2997880.0, 9031936.0, 1, 0.0234314939115
2710608.0, 10796588.0, 1, 0.0189780216537
2807700.0, 9788770.0, 1, 0.0134699806019
2893498.0, 9769524.0, 1, 0.0129677352698
2671740.0, 11517034.0, 1, 0.0097161213765
2708848.0, 11374202.0, 1, 0.0097161213765
3004136.0, 9030198.0, 1, 0.00830591277578
2931800.0, 9033356.0, 1, 0.000656162866823
2807700.0, 9788770.0, 1, 0.0
2807700.0, 9788770.0, 1, 0.0
2893498.0, 9769524.0, 1, 0.0
2671740.0, 11517034.0, 1, 0.0
2671740.0, 11517034.0, 1, 0.0
2671740.0, 11517034.0, 1, 0.0
2708848.0, 11374202.0, 1, 0.0
2710608.0, 10796588.0, 1, 0.0
2769594.0, 10509192.0, 1, 0.0
2769594.0, 10509192.0, 1, 0.0
2430540.0, 18379838.0, 2, inf
7285236.0, 2702336.0, 2, inf
3150098.0, 8953482.0, 2, 0.400799029954
4225208.0, 3461852.0, 2, 0.393139043306
5630326.0, 2827868.0, 2, 0.389311360018
2692510.0, 15352242.0, 2, 0.260594432761
3440688.0, 12983862.0, 2, 0.207235357514
4473730.0, 16069784.0, 2, 0.168254771645
3833806.0, 10795604.0, 2, 0.119843501274
4205210.0, 11231216.0, 2, 0.115780001172
2460334.0, 17034570.0, 2, 0.115633567455
4965318.0, 11779400.0, 2, 0.112301454988
3297952.0, 12497542.0, 2, 0.0908778460953
2478526.0, 17994928.0, 2, 0.0894242630055
3342668.0, 17727666.0, 2, 0.0887121465565
3713360.0, 12082206.0, 2, 0.0885331579488
5406650.0, 2808410.0, 2, 0.0825930696733
5227978.0, 2858534.0, 2, 0.0785394607883
4346036.0, 12082550.0, 2, 0.0776845687387
3002376.0, 9607790.0, 2, 0.077001121308
4750318.0, 3227384.0, 2, 0.0751411294886
4720148.0, 9793966.0, 2, 0.0667346697156
4649114.0, 10483668.0, 2, 0.0586827765057
2788046.0, 11435048.0, 2, 0.0491759372762
4641912.0, 11348628.0, 2, 0.0447572634912
5268234.0, 2845232.0, 2, 0.0387006797108
2834788.0, 10506968.0, 2, 0.0373015186411
3121228.0, 10797460.0, 2, 0.0340593174573
3440688.0, 12983862.0, 2, 0.0329668168441
3180584.0, 10505074.0, 2, 0.0290764225359
2813836.0, 11964086.0, 2, 0.028942887479
3431238.0, 9739838.0, 2, 0.0286640482929
3163834.0, 11746010.0, 2, 0.0282444166162
2904958.0, 10484236.0, 2, 0.0266015797812
3087616.0, 9740630.0, 2, 0.0247513094117
2957302.0, 9764258.0, 2, 0.0229232059447
4649010.0, 3244820.0, 2, 0.0164392109841
3119642.0, 11366858.0, 2, 0.0124359632875
5228266.0, 9749184.0, 2, 0.00979930516375
5364598.0, 5369188.0, 3, inf
12954192.0, 3934040.0, 3, inf
8021056.0, 21882248.0, 3, inf
8822394.0, 3098418.0, 3, inf
12759036.0, 10176672.0, 3, 0.649434506299
9722238.0, 4568400.0, 3, 0.466807791805
5638506.0, 17122310.0, 3, 0.309254952331
6159778.0, 14732644.0, 3, 0.296812389961
7145712.0, 6480910.0, 3, 0.272292919495
7107648.0, 16785822.0, 3, 0.235176078667
5952000.0, 12064568.0, 3, 0.187964117502
Generacion: 314
2328942.0, 18642252.0, 1, inf
8322804.0, 2694864.0, 1, inf
5469866.0, 2788042.0, 1, 0.349692627213
7438718.0, 2760488.0, 1, 0.346430289842
2662876.0, 15607762.0, 1, 0.232373233988
3327670.0, 7998744.0, 1, 0.224800884338
2669980.0, 12094682.0, 1, 0.220585508478
4759030.0, 2812112.0, 1, 0.209593753037
3472594.0, 5204368.0, 1, 0.192625149907
4258040.0, 3217070.0, 1, 0.172013543274
7529850.0, 2744218.0, 1, 0.151613588943
3576890.0, 5069404.0, 1, 0.130382631953
3610668.0, 3492468.0, 1, 0.129922357993
5359180.0, 2804312.0, 1, 0.120103326398
3969316.0, 3454150.0, 1, 0.0998717115035
2590462.0, 15611076.0, 1, 0.0884068864625
2552778.0, 16724692.0, 1, 0.0864675509129
2807700.0, 9788770.0, 1, 0.0835364529949
2776722.0, 10795458.0, 1, 0.0793950018014
3029654.0, 8025666.0, 1, 0.0738671717374
3004136.0, 9030198.0, 1, 0.0640341125178
2400978.0, 17814414.0, 1, 0.062369998814
3750382.0, 3459078.0, 1, 0.0622386546986
2930040.0, 9610948.0, 1, 0.0566294761282
2428796.0, 17027890.0, 1, 0.0527110620461
2710608.0, 10796588.0, 1, 0.0472502593144
2931800.0, 9033356.0, 1, 0.0472432073085
2671740.0, 11517034.0, 1, 0.0424131074042
2708848.0, 11374202.0, 1, 0.0424109753936
2330402.0, 18094754.0, 1, 0.0392668978355
2669980.0, 12094682.0, 1, 0.0374073198168
3176174.0, 8000694.0, 1, 0.0366007255896
3472594.0, 5204368.0, 1, 0.0326418135643
2359984.0, 17839446.0, 1, 0.0293537665226
2466980.0, 16741298.0, 1, 0.0249955930528
2449122.0, 17012570.0, 1, 0.024341610487
2807700.0, 9788770.0, 1, 0.0163188279234
2330402.0, 18094754.0, 1, 0.0162529754044
2491168.0, 16725824.0, 1, 0.0153556092576
3111134.0, 8006310.0, 1, 0.0138716642867
2997880.0, 9031936.0, 1, 0.0122663720774
3094848.0, 8023446.0, 1, 0.0121392420233
2930040.0, 9610948.0, 1, 0.0114441744863
2708848.0, 11374202.0, 1, 0.0092500847708
2671740.0, 11517034.0, 1, 0.0092500847708
2428796.0, 17027890.0, 1, 0.00560174004594
3029654.0, 8025666.0, 1, 0.00439656302433
3004136.0, 9030198.0, 1, 0.00436633863899
3101228.0, 8022508.0, 1, 0.00379164627411
2662876.0, 15607762.0, 1, 0.00139302079809
2931800.0, 9033356.0, 1, 0.0003826765156
2710608.0, 10796588.0, 1, 0.000364491719444
2807700.0, 9788770.0, 1, 0.0
2930040.0, 9610948.0, 1, 0.0
2931800.0, 9033356.0, 1, 0.0
2931800.0, 9033356.0, 1, 0.0
2330402.0, 18094754.0, 1, 0.0
2330402.0, 18094754.0, 1, 0.0
2330402.0, 18094754.0, 1, 0.0
2807700.0, 9788770.0, 1, 0.0
2807700.0, 9788770.0, 1, 0.0
2807700.0, 9788770.0, 1, 0.0
3192308.0, 19941866.0, 2, inf
2361980.0, 18101034.0, 2, inf
5219180.0, 2832104.0, 2, inf
3713636.0, 12090432.0, 2, 0.361054287397
4473730.0, 16069784.0, 2, 0.341512749508
3867924.0, 5578196.0, 2, 0.304646878369
3440644.0, 8021498.0, 2, 0.295053778942
4543016.0, 3217866.0, 2, 0.280145067362
2510276.0, 17011454.0, 2, 0.179708986418
3786628.0, 3461164.0, 2, 0.17786573287
3222434.0, 8948132.0, 2, 0.155065416215
4326362.0, 11622940.0, 2, 0.136538401846
4242300.0, 18271974.0, 2, 0.13000653306
4018822.0, 16753616.0, 2, 0.126571539654
2990238.0, 18483774.0, 2, 0.114271752544
3121228.0, 10797460.0, 2, 0.105406792973
3895524.0, 17969324.0, 2, 0.100445590261
2688904.0, 16852264.0, 2, 0.0999583449247
3371546.0, 18096660.0, 2, 0.0815212681338
3044046.0, 10201556.0, 2, 0.0661719809501
2752820.0, 11747728.0, 2, 0.0636640014377
2947700.0, 9763362.0, 2, 0.057147420192
2995674.0, 9601300.0, 2, 0.0555199988793
2813836.0, 11964086.0, 2, 0.0487179613072
2834788.0, 10506968.0, 2, 0.0470589468621
3973696.0, 9606388.0, 2, 0.0456926717129
3180584.0, 10505074.0, 2, 0.0427276630776
4523416.0, 10508624.0, 2, 0.0412277588299
3433362.0, 9689622.0, 2, 0.0322334899544
3065498.0, 9744116.0, 2, 0.0313229800604
4011328.0, 3458878.0, 2, 0.030013619561
2995338.0, 9791014.0, 2, 0.0275133214672
4225208.0, 3461852.0, 3, inf
11003906.0, 20023342.0, 3, inf
5249332.0, 3261778.0, 3, inf
5258672.0, 18750856.0, 3, 0.43912362621
6191464.0, 11660666.0, 3, 0.313094996649
10113796.0, 11096204.0, 3, 0.306011430279
Generacion: 315
7909434.0, 2544160.0, 1, inf
2330402.0, 18094754.0, 1, inf
2330402.0, 18094754.0, 1, inf
4660778.0, 2551744.0, 1, 0.678545077858
3407714.0, 3215066.0, 1, 0.387815968257
2521342.0, 15358350.0, 1, 0.335192575467
3390416.0, 7974360.0, 1, 0.327188611326
2669980.0, 12094682.0, 1, 0.210189636349
4359356.0, 3200706.0, 1, 0.188594939512
2466980.0, 16741298.0, 1, 0.184780413122
3843816.0, 3207366.0, 1, 0.17149818943
2769594.0, 10509192.0, 1, 0.0822119903027
3029654.0, 8025666.0, 1, 0.0809998723086
2369348.0, 17808138.0, 1, 0.0702828806777
2807700.0, 9788770.0, 1, 0.068256154655
3004136.0, 9030198.0, 1, 0.0657190025083
2669980.0, 12094682.0, 1, 0.0637886186027
2930040.0, 9610948.0, 1, 0.0590712965075
2671740.0, 11517034.0, 1, 0.0532981491187
2931800.0, 9033356.0, 1, 0.0489871098601
2710608.0, 10796588.0, 1, 0.0477169778484
2708848.0, 11374202.0, 1, 0.0437955090345
3292406.0, 7981642.0, 1, 0.0265268332247
3250830.0, 7997796.0, 1, 0.022058883895
2369348.0, 17808138.0, 1, 0.0195131093019
2710608.0, 10796588.0, 1, 0.0187968188146
2807700.0, 9788770.0, 1, 0.0182652787219
2359984.0, 17839446.0, 1, 0.0180963211161
3176174.0, 8000694.0, 1, 0.0165865073262
3166456.0, 8020548.0, 1, 0.0148362891941
3094848.0, 8023446.0, 1, 0.0130321863309
3101228.0, 8022508.0, 1, 0.0130215609595
2997880.0, 9031936.0, 1, 0.0119561128448
2930040.0, 9610948.0, 1, 0.0117505284928
2708848.0, 11374202.0, 1, 0.00950045367253
2359984.0, 17839446.0, 1, 0.00731565282561
3004136.0, 9030198.0, 1, 0.00468567596612
2997880.0, 9031936.0, 1, 0.00121265631983
2931800.0, 9033356.0, 1, 0.000406781752346
2330402.0, 18094754.0, 1, 0.0
2330402.0, 18094754.0, 1, 0.0
2330402.0, 18094754.0, 1, 0.0
2669980.0, 12094682.0, 1, 0.0
2708848.0, 11374202.0, 1, 0.0
2708848.0, 11374202.0, 1, 0.0
3004136.0, 9030198.0, 1, 0.0
2367888.0, 18355602.0, 2, inf
3519518.0, 18597518.0, 2, inf
10616630.0, 2690754.0, 2, inf
5469866.0, 2788042.0, 2, 0.639300669998
10250890.0, 2699574.0, 2, 0.630061464305
3327670.0, 7998744.0, 2, 0.253499001328
4136518.0, 12335350.0, 2, 0.239690336978
2985708.0, 15151134.0, 2, 0.223485084826
3869202.0, 5227024.0, 2, 0.221170138059
5117262.0, 3738636.0, 2, 0.15726830115
2661416.0, 16155204.0, 2, 0.109987336732
5385034.0, 3737584.0, 2, 0.102506760544
4683524.0, 5009578.0, 2, 0.0991745331625
4747384.0, 9921508.0, 2, 0.0966756388236
2688904.0, 16852264.0, 2, 0.0781566324374
3460986.0, 17178884.0, 2, 0.074867277231
4333860.0, 11539830.0, 2, 0.0679181518047
3334932.0, 9033524.0, 2, 0.0668669638217
2400978.0, 17814414.0, 2, 0.0655955644948
2813836.0, 11964086.0, 2, 0.0614643270088
3844522.0, 9349508.0, 2, 0.0602612089792
3174352.0, 17701396.0, 2, 0.0591392965747
3664168.0, 18357784.0, 2, 0.0546088052029
4320004.0, 10298746.0, 2, 0.0523751193725
2904958.0, 10484236.0, 2, 0.0520626113084
3217814.0, 11372628.0, 2, 0.0509230152214
4606096.0, 9597364.0, 2, 0.04929394219
4573532.0, 10869360.0, 2, 0.0474630961791
2776722.0, 10795458.0, 2, 0.0389507951703
2662876.0, 15607762.0, 2, 0.0375710639749
2810486.0, 11025466.0, 2, 0.0361379688756
4193644.0, 5043724.0, 2, 0.0359141528678
3342290.0, 9034188.0, 2, 0.0351463598449
3051460.0, 17798804.0, 2, 0.0299744544081
2662876.0, 15607762.0, 2, 0.028883526814
5469866.0, 2788042.0, 2, 0.0158458940351
2400978.0, 17814414.0, 2, 0.00499286432116
4243810.0, 5353002.0, 3, inf
12436848.0, 16830128.0, 3, inf
7761128.0, 2806120.0, 3, inf
4382174.0, 18121198.0, 3, inf
11214964.0, 13269094.0, 3, 0.36952875305
9209760.0, 13215946.0, 3, 0.286692032507
5448602.0, 13589146.0, 3, 0.271508204291
9608934.0, 3804682.0, 3, 0.257875848648
6634958.0, 6778904.0, 3, 0.23643136556
6273286.0, 10426584.0, 3, 0.234903761879
7438834.0, 16721958.0, 3, 0.23300678942
5070074.0, 9630130.0, 3, 0.222265339278
8780700.0, 3917294.0, 3, 0.141749592755
5962288.0, 4663492.0, 3, 0.123816978465
8111004.0, 3679228.0, 3, 0.109012261744
6842408.0, 17183490.0, 3, 0.0920713266255
4648998.0, 5422814.0, 3, 0.091099999701
Generacion: 316
4512450.0, 2491132.0, 1, inf
2328942.0, 18642252.0, 1, inf
3109740.0, 3943170.0, 1, 0.438017823053
3843816.0, 3207366.0, 1, 0.436720800777
2521342.0, 15358350.0, 1, 0.314709313744
2669980.0, 12094682.0, 1, 0.306714959846
3101228.0, 8022508.0, 1, 0.285352434716
4359356.0, 3200706.0, 1, 0.280039726148
3407714.0, 3215066.0, 1, 0.244806108683
3407714.0, 3215066.0, 1, 0.136942471087
2807700.0, 9788770.0, 1, 0.12909580573
2428796.0, 17027890.0, 1, 0.110766993021
2482346.0, 15789686.0, 1, 0.110522151215
3029654.0, 8025666.0, 1, 0.106857399841
2930040.0, 9610948.0, 1, 0.103606764921
2710608.0, 10796588.0, 1, 0.0813776463135
2466980.0, 16741298.0, 1, 0.0764067135772
2769594.0, 10509192.0, 1, 0.0716194074226
4359356.0, 3200706.0, 1, 0.0705261355147
2369348.0, 17808138.0, 1, 0.0661456551031
2931800.0, 9033356.0, 1, 0.0660249582526
3004136.0, 9030198.0, 1, 0.0650609248715
2671740.0, 11517034.0, 1, 0.062409384449
2708848.0, 11374202.0, 1, 0.0527577635512
2330402.0, 18094754.0, 1, 0.0517348897816
2369348.0, 17808138.0, 1, 0.0449718035983
2769594.0, 10509192.0, 1, 0.0352459175651
2997880.0, 9031936.0, 1, 0.0333238703349
2466980.0, 16741298.0, 1, 0.0247817037147
2330402.0, 18094754.0, 1, 0.0184145388665
3004136.0, 9030198.0, 1, 0.0117943072883
2708848.0, 11374202.0, 1, 0.00964951578063
3101228.0, 8022508.0, 1, 0.00409384232488
2931800.0, 9033356.0, 1, 0.000893961986222
3004136.0, 9030198.0, 1, 0.0
2330402.0, 18094754.0, 1, 0.0
2330402.0, 18094754.0, 1, 0.0
2931800.0, 9033356.0, 1, 0.0
9524756.0, 3323634.0, 2, inf
2544168.0, 16044730.0, 2, inf
2930544.0, 18937680.0, 2, inf
4660778.0, 2551744.0, 2, inf
6383318.0, 3580970.0, 2, 0.287427731178
4158250.0, 7598128.0, 2, 0.282668131147
7986142.0, 3481786.0, 2, 0.272519662866
7699836.0, 3505384.0, 2, 0.23566459861
3869202.0, 5227024.0, 2, 0.207459603889
2985708.0, 15151134.0, 2, 0.206657428525
3213316.0, 12811338.0, 2, 0.192398779913
5801330.0, 3887846.0, 2, 0.165825190564
3023152.0, 17809310.0, 2, 0.14364834251
2737820.0, 11515610.0, 2, 0.137973384826
5379426.0, 4935140.0, 2, 0.13793780687
3129074.0, 16743192.0, 2, 0.114567767745
5603456.0, 4674618.0, 2, 0.108832766167
3509148.0, 9860382.0, 2, 0.104183430802
3070250.0, 9029038.0, 2, 0.0873947195153
2834788.0, 10506968.0, 2, 0.0752728175131
3214020.0, 10500112.0, 2, 0.0709823742247
3166456.0, 8020548.0, 2, 0.0695050036186
3844522.0, 9349508.0, 2, 0.0688906314618
3080644.0, 12087338.0, 2, 0.0500335323664
5487772.0, 3758684.0, 2, 0.0434537430488
3110342.0, 12085602.0, 2, 0.0403052554841
3433362.0, 9689622.0, 2, 0.0345949173396
3176174.0, 8000694.0, 2, 0.0324923260509
5388334.0, 3788032.0, 2, 0.0234035334913
3118436.0, 9317638.0, 2, 0.0222410670818
2995674.0, 9601300.0, 2, 0.0181501841441
3462538.0, 9637626.0, 2, 0.0158507173395
3433362.0, 9689622.0, 2, 0.0146007224798
2834788.0, 10506968.0, 2, 0.0143095010056
3002376.0, 9607790.0, 2, 0.00615324574528
3881562.0, 17892280.0, 3, inf
9618516.0, 4098328.0, 3, inf
12932740.0, 10851370.0, 3, inf
3590178.0, 16741174.0, 3, inf
11398424.0, 13764608.0, 3, 0.228253106487
10592136.0, 8482732.0, 3, 0.21419480507
6084416.0, 8784638.0, 3, 0.188082427097
6604672.0, 9605966.0, 3, 0.183618887558
9450898.0, 7172118.0, 3, 0.176353138507
7074510.0, 6898640.0, 3, 0.163714307128
10489446.0, 14110240.0, 3, 0.158744819092
9014526.0, 4563410.0, 3, 0.144016473881
12576196.0, 5550628.0, 3, 0.143366693583
11578588.0, 4731688.0, 3, 0.136493544117
4484148.0, 12418188.0, 3, 0.126615587796
7846062.0, 15509946.0, 3, 0.115646727932
5608260.0, 12106674.0, 3, 0.114477157645
8018202.0, 5993054.0, 3, 0.109618383533
4599478.0, 14675454.0, 3, 0.101165159699
8441670.0, 10697580.0, 3, 0.100712847434
7569086.0, 4675838.0, 3, 0.0947840317073
9589220.0, 16072340.0, 3, 0.0934187579252
5186126.0, 14516812.0, 3, 0.0897280740474
5083428.0, 10435668.0, 3, 0.0866126119921
5082946.0, 11812296.0, 3, 0.0866112701291
4136518.0, 12335350.0, 3, 0.0722992887147
3625076.0, 17835318.0, 3, 0.0701875609723
Generacion: 317
2359984.0, 17839446.0, 1, inf
6949694.0, 2411920.0, 1, inf
5333146.0, 2472814.0, 1, 0.37154171546
6716474.0, 2438174.0, 1, 0.356158460545
2521342.0, 15358350.0, 1, 0.318214830589
3109740.0, 3943170.0, 1, 0.294285493851
3101228.0, 8022508.0, 1, 0.265809519942
2671740.0, 11517034.0, 1, 0.257076099045
4512450.0, 2491132.0, 1, 0.191450784873
5024716.0, 2483588.0, 1, 0.179999527193
4359356.0, 3200706.0, 1, 0.158319203515
3402756.0, 3220954.0, 1, 0.121466939746
3843816.0, 3207366.0, 1, 0.11320594297
2482346.0, 15789686.0, 1, 0.101485913885
3843816.0, 3207366.0, 1, 0.0965292707104
2466980.0, 16741298.0, 1, 0.0919268051034
3225810.0, 3901172.0, 1, 0.0861668088556
3293530.0, 3231608.0, 1, 0.082643953883
3029654.0, 8025666.0, 1, 0.0793173508455
2807700.0, 9788770.0, 1, 0.0693365602555
2710608.0, 10796588.0, 1, 0.0693045210472
2369348.0, 17808138.0, 1, 0.0675970846702
3004136.0, 9030198.0, 1, 0.0664760166435
2769594.0, 10509192.0, 1, 0.0595489750641
2428796.0, 17027890.0, 1, 0.058894536438
2931800.0, 9033356.0, 1, 0.0518364791636
2930040.0, 9610948.0, 1, 0.0498825430761
2708848.0, 11374202.0, 1, 0.0455255237938
2671740.0, 11517034.0, 1, 0.0420267761062
4359356.0, 3200706.0, 1, 0.0337876160089
2428796.0, 17027890.0, 1, 0.0315291184821
2769594.0, 10509192.0, 1, 0.0269312661331
2872928.0, 9786840.0, 1, 0.0256129711018
2997880.0, 9031936.0, 1, 0.0159651719393
3094848.0, 8023446.0, 1, 0.0157991483779
2872928.0, 9786840.0, 1, 0.0125685887843
2930040.0, 9610948.0, 1, 0.0117846464364
2708848.0, 11374202.0, 1, 0.00964172345579
3029654.0, 8025666.0, 1, 0.0057037270381
3004136.0, 9030198.0, 1, 0.00567248418036
3101228.0, 8022508.0, 1, 0.00191538382114
2931800.0, 9033356.0, 1, 0.000475509767347
3004136.0, 9030198.0, 1, 0.0
3029654.0, 8025666.0, 1, 0.0
3029654.0, 8025666.0, 1, 0.0
3029654.0, 8025666.0, 1, 0.0
2769594.0, 10509192.0, 1, 0.0
2769594.0, 10509192.0, 1, 0.0
2931800.0, 9033356.0, 1, 0.0
2931800.0, 9033356.0, 1, 0.0
3004136.0, 9030198.0, 1, 0.0
4922652.0, 2591336.0, 2, inf
9112624.0, 2966664.0, 2, inf
2737820.0, 11515610.0, 2, inf
2873340.0, 19226104.0, 2, inf
5730260.0, 3213350.0, 2, 0.576528388374
3733910.0, 4386846.0, 2, 0.278444674913
3176174.0, 8000694.0, 2, 0.217248241428
3477746.0, 13385162.0, 2, 0.200733327655
4196994.0, 14956448.0, 2, 0.139028083741
4136518.0, 12335350.0, 2, 0.100861952687
3176174.0, 8000694.0, 2, 0.0999755289616
5487772.0, 3758684.0, 2, 0.0923473505524
3176164.0, 15614680.0, 2, 0.0904973443945
3806204.0, 9234430.0, 2, 0.0874870487344
4023430.0, 10711810.0, 2, 0.0812577932197
3798560.0, 18151524.0, 2, 0.0792346477681
4346036.0, 12082550.0, 2, 0.0749089937207
3615878.0, 17605854.0, 2, 0.0731785730015
4732886.0, 9834338.0, 2, 0.0702163669024
5070074.0, 9630130.0, 2, 0.0700251036263
3839378.0, 16606440.0, 2, 0.0697317281311
3899972.0, 11432696.0, 2, 0.0694527476728
3885782.0, 17035236.0, 2, 0.0611895707261
4360382.0, 3845532.0, 2, 0.060929518312
2985708.0, 15151134.0, 2, 0.0596659572879
2737820.0, 11515610.0, 2, 0.0553403223286
5549700.0, 3202118.0, 2, 0.0528680453889
3030758.0, 17547842.0, 2, 0.0516604428212
4501838.0, 9630926.0, 2, 0.0508205328397
4053208.0, 3495242.0, 2, 0.050522623156
3340704.0, 9603552.0, 2, 0.0492765961244
3116636.0, 10197850.0, 2, 0.0459046204081
3156976.0, 18096702.0, 2, 0.0421409948722
4692294.0, 10480854.0, 2, 0.0394877431064
3001450.0, 16674662.0, 2, 0.0328439792369
3844522.0, 9349508.0, 2, 0.0289447485944
4678120.0, 9594830.0, 2, 0.0284215478
5051866.0, 3779856.0, 2, 0.0283466029427
3112102.0, 11507954.0, 2, 0.0184558527093
4606096.0, 9597364.0, 2, 0.0165070304557
4606096.0, 9597364.0, 2, 0.011670221681
10745496.0, 15439544.0, 3, inf
8810482.0, 3582456.0, 3, inf
7257054.0, 17834348.0, 3, inf
4351314.0, 16991630.0, 3, inf
10399664.0, 15268870.0, 3, 0.472790201556
5634846.0, 11670152.0, 3, 0.430702303439
8163752.0, 5237838.0, 3, 0.272533103025
5376624.0, 7875394.0, 3, 0.267509061655
Generacion: 318
8882256.0, 2410430.0, 1, inf
2367888.0, 18355602.0, 1, inf
4512450.0, 2491132.0, 1, 0.823414735308
2484342.0, 16051274.0, 1, 0.382906392772
2671740.0, 11517034.0, 1, 0.29006077742
3176174.0, 8000694.0, 1, 0.275056902848
3225810.0, 3901172.0, 1, 0.267496629077
3843816.0, 3207366.0, 1, 0.216116331238
2428796.0, 17027890.0, 1, 0.150157122619
2412022.0, 18268538.0, 1, 0.0926171305229
3402756.0, 3220954.0, 1, 0.0859929958544
2769594.0, 10509192.0, 1, 0.0781094988848
3029654.0, 8025666.0, 1, 0.0730068567404
3293530.0, 3231608.0, 1, 0.0698222295559
2930040.0, 9610948.0, 1, 0.0664259177101
2807700.0, 9788770.0, 1, 0.0639612256125
3004136.0, 9030198.0, 1, 0.0639594710231
3225810.0, 3901172.0, 1, 0.0496111100267
2931800.0, 9033356.0, 1, 0.0463673608396
2710608.0, 10796588.0, 1, 0.045279763095
2708848.0, 11374202.0, 1, 0.0419213406049
2671740.0, 11517034.0, 1, 0.0377245692551
2710608.0, 10796588.0, 1, 0.0182941858151
2807700.0, 9788770.0, 1, 0.0170016218002
3111134.0, 8006310.0, 1, 0.013910986286
3094848.0, 8023446.0, 1, 0.0137216465097
2997880.0, 9031936.0, 1, 0.0102527300284
2708848.0, 11374202.0, 1, 0.00922786780993
3029654.0, 8025666.0, 1, 0.0040564144583
3004136.0, 9030198.0, 1, 0.00402618587249
2997880.0, 9031936.0, 1, 0.0010493939164
2931800.0, 9033356.0, 1, 0.0003592271957
3004136.0, 9030198.0, 1, 0.0
3029654.0, 8025666.0, 1, 0.0
3029654.0, 8025666.0, 1, 0.0
2931800.0, 9033356.0, 1, 0.0
2688856.0, 14544364.0, 2, inf
10068454.0, 2679760.0, 2, inf
3195930.0, 17810382.0, 2, inf
5327260.0, 2501688.0, 2, inf
8979336.0, 2596486.0, 2, 0.654105290941
3472594.0, 5204368.0, 2, 0.332528562797
3166456.0, 8020548.0, 2, 0.273203739252
3918092.0, 13386388.0, 2, 0.181835017049
4438036.0, 3464314.0, 2, 0.149783959618
3839378.0, 16606440.0, 2, 0.142934972639
3730564.0, 9231794.0, 2, 0.130503895396
4872310.0, 10295964.0, 2, 0.107055721883
4282262.0, 11888784.0, 2, 0.0924164308894
2740988.0, 15848836.0, 2, 0.0923172450723
2709182.0, 14528704.0, 2, 0.0827060650305
2902806.0, 12502284.0, 2, 0.0785530299667
5153690.0, 9828826.0, 2, 0.0752040611375
3057720.0, 15198686.0, 2, 0.0598565455467
2969046.0, 12295624.0, 2, 0.0591668218862
5179044.0, 2845616.0, 2, 0.0576016694232
3503364.0, 11733448.0, 2, 0.054345126063
3839798.0, 10903236.0, 2, 0.0521989201897
2816970.0, 15323244.0, 2, 0.051010176116
2788046.0, 11435048.0, 2, 0.0449555617028
3245782.0, 9780996.0, 2, 0.0417618180753
3045846.0, 9321344.0, 2, 0.0357304694866
4679604.0, 3234514.0, 2, 0.0320010141287
4653998.0, 3201502.0, 2, 0.0291965569216
4375642.0, 10525968.0, 2, 0.0284317587436
3112102.0, 11507954.0, 2, 0.0280980806528
3917234.0, 3304880.0, 2, 0.0256205990252
4565334.0, 3217826.0, 2, 0.0249300199406
4375412.0, 9763436.0, 2, 0.024649081168
2904958.0, 10484236.0, 2, 0.0216585652755
4678120.0, 9594830.0, 2, 0.0215001141397
4606096.0, 9597364.0, 2, 0.0214143081382
2776722.0, 10795458.0, 2, 0.0199254030457
3121228.0, 10797460.0, 2, 0.0144057550285
2851074.0, 10490116.0, 2, 0.0143575605676
4642086.0, 11829542.0, 2, 0.0119799159986
2771878.0, 11804758.0, 2, 0.0111193559185
5616066.0, 3230782.0, 3, inf
4225614.0, 18286034.0, 3, inf
11931518.0, 17865850.0, 3, inf
9094226.0, 3553438.0, 3, 0.416470520414
11151948.0, 11278536.0, 3, 0.370327457735
7076686.0, 11822704.0, 3, 0.320798168996
5742804.0, 8520498.0, 3, 0.320405639526
5027434.0, 5020556.0, 3, 0.282236018284
5550878.0, 15022192.0, 3, 0.279106398523
7165262.0, 10428364.0, 3, 0.203273017848
8025866.0, 4072012.0, 3, 0.180266199027
6255530.0, 8712892.0, 3, 0.147157186431
7475374.0, 17166480.0, 3, 0.142088429194
4464956.0, 15783702.0, 3, 0.129624822746
6410986.0, 4243580.0, 3, 0.124189266617
4327094.0, 17026368.0, 3, 0.122906446664
11604050.0, 15403654.0, 3, 0.11481458557
4685924.0, 10994290.0, 3, 0.0765687427965
6195190.0, 3917608.0, 3, 0.0744743808484
7830500.0, 11666146.0, 3, 0.0718307567251
5298178.0, 3768046.0, 3, 0.0608183909254
4794258.0, 4337396.0, 3, 0.0516854957274
7871958.0, 3498328.0, 3, 0.0467842264137
Generacion: 319
2367888.0, 18355602.0, 1, inf
10180352.0, 2427556.0, 1, inf
2482346.0, 15789686.0, 1, 0.377081410548
5032234.0, 2546234.0, 1, 0.351553972779
7449694.0, 2493406.0, 1, 0.345549325312
7745364.0, 2456430.0, 1, 0.320863697736
2671740.0, 11517034.0, 1, 0.272996936585
3176174.0, 8000694.0, 1, 0.266221411756
3225810.0, 3901172.0, 1, 0.266045784111
4750782.0, 2590434.0, 1, 0.249930356233
3407714.0, 3215066.0, 1, 0.226783519613
2428796.0, 17027890.0, 1, 0.164629642629
2412022.0, 18268538.0, 1, 0.0911531261723
3029654.0, 8025666.0, 1, 0.0714117400491
3004136.0, 9030198.0, 1, 0.0672430760441
3293530.0, 3231608.0, 1, 0.0663591594811
2807700.0, 9788770.0, 1, 0.0611146521672
2931800.0, 9033356.0, 1, 0.0558849375879
2769594.0, 10509192.0, 1, 0.0527800217613
2807700.0, 9788770.0, 1, 0.052304249088
2708848.0, 11374202.0, 1, 0.0502064126713
3225810.0, 3901172.0, 1, 0.0483902319971
2710608.0, 10796588.0, 1, 0.0438142013461
7704746.0, 2491024.0, 1, 0.040167374199
2671740.0, 11517034.0, 1, 0.0332098709009
2769594.0, 10509192.0, 1, 0.0229209838715
2710608.0, 10796588.0, 1, 0.0182686744336
2931800.0, 9033356.0, 1, 0.0159740241203
3166456.0, 8020548.0, 1, 0.0109626661706
3094848.0, 8023446.0, 1, 0.00935978084608
3101228.0, 8022508.0, 1, 0.00934780945772
2997880.0, 9031936.0, 1, 0.00856739468272
3029654.0, 8025666.0, 1, 0.00340569584607
2997880.0, 9031936.0, 1, 0.0008899226128
3029654.0, 8025666.0, 1, 0.0
2931800.0, 9033356.0, 1, 0.0
2997880.0, 9031936.0, 1, 0.0
8638554.0, 2821690.0, 2, inf
3103212.0, 16832524.0, 2, inf
2491168.0, 16725824.0, 2, inf
5179044.0, 2845616.0, 2, 0.765779034589
2688856.0, 14544364.0, 2, 0.329308191541
4155606.0, 4985720.0, 2, 0.303021436673
3315642.0, 7997112.0, 2, 0.246852848278
4147026.0, 5803314.0, 2, 0.226104286105
3076004.0, 11961438.0, 2, 0.204866598095
3981058.0, 3333568.0, 2, 0.197940210928
2589002.0, 16158518.0, 2, 0.187856142081
3807870.0, 9395502.0, 2, 0.108454372818
3150098.0, 8953482.0, 2, 0.0990358301932
3869202.0, 5227024.0, 2, 0.0785883795607
3119642.0, 11366858.0, 2, 0.0748248978372
2851074.0, 10490116.0, 2, 0.0731718549782
3178926.0, 8000998.0, 2, 0.0729673429295
3856672.0, 9856872.0, 2, 0.0604570020127
3002376.0, 9607790.0, 2, 0.0593298880043
2771878.0, 11804758.0, 2, 0.056730389376
3121228.0, 10797460.0, 2, 0.0453361413503
3253220.0, 9257070.0, 2, 0.0367985569029
2834788.0, 10506968.0, 2, 0.0331747270005
2776722.0, 10795458.0, 2, 0.0309670018905
3180552.0, 9782848.0, 2, 0.0234865818621
3045846.0, 9321344.0, 2, 0.0218574773021
3214020.0, 10500112.0, 2, 0.0115294491786
3244034.0, 8000558.0, 2, 0.00621644838962
3250830.0, 7997796.0, 2, 0.00174024619716
3121228.0, 10797460.0, 2, 0.000400885261579
2677340.0, 17016648.0, 3, inf
3590292.0, 18046982.0, 3, inf
9956176.0, 3792536.0, 3, inf
8806522.0, 2822578.0, 3, inf
7987996.0, 5250778.0, 3, 0.254681349142
7834188.0, 7994276.0, 3, 0.223855669765
5262978.0, 13913790.0, 3, 0.211172455634
3838842.0, 15785294.0, 3, 0.194876836577
9094226.0, 3553438.0, 3, 0.177172835486
6369808.0, 9938898.0, 3, 0.171907240922
5494150.0, 3499800.0, 3, 0.159852839036
8025866.0, 4072012.0, 3, 0.111963074801
3440644.0, 8021498.0, 3, 0.109769296909
3187026.0, 8003152.0, 3, 0.105018735906
7522416.0, 10066286.0, 3, 0.104876636696
4400406.0, 8947088.0, 3, 0.0988671317442
3651264.0, 13114754.0, 3, 0.098351453785
4502918.0, 11653350.0, 3, 0.0938175474462
6921398.0, 17827416.0, 3, 0.089964519356
4136518.0, 12335350.0, 3, 0.0895569836093
6520030.0, 3434818.0, 3, 0.0890675367982
6706304.0, 4406210.0, 3, 0.0857458560161
4266330.0, 11746064.0, 3, 0.0810506474226
3839378.0, 16606440.0, 3, 0.077103027713
3534958.0, 12663202.0, 3, 0.0717537162048
4713000.0, 10749030.0, 3, 0.0684692317159
7144328.0, 4026128.0, 3, 0.0675298146919
3911934.0, 10898614.0, 3, 0.0667129015899
4982068.0, 9236644.0, 3, 0.0665917945663
3885782.0, 17035236.0, 3, 0.0632225758147
4678120.0, 9594830.0, 3, 0.0600999054244
5095848.0, 10491948.0, 3, 0.0573523308136
3708266.0, 16860962.0, 3, 0.0527144381571
Generacion: 320
7442828.0, 2437870.0, 1, inf
2328942.0, 18642252.0, 1, inf
5003990.0, 2568494.0, 1, 0.549821643165
6711770.0, 2444438.0, 1, 0.484966067974
3225810.0, 3901172.0, 1, 0.266230857516
3176174.0, 8000694.0, 1, 0.265820143742
4146588.0, 3225660.0, 1, 0.228726371867
2688856.0, 14544364.0, 1, 0.216313911211
2369348.0, 17808138.0, 1, 0.206034244177
3293530.0, 3231608.0, 1, 0.201231459355
2708848.0, 11374202.0, 1, 0.195980254966
2482346.0, 15789686.0, 1, 0.177239987595
4042832.0, 3229240.0, 1, 0.167179148922
2583112.0, 15613428.0, 1, 0.117233147098
2807700.0, 9788770.0, 1, 0.0861472145156
2776722.0, 10795458.0, 1, 0.0811801176647
3029654.0, 8025666.0, 1, 0.0747398064016
2688856.0, 14544364.0, 1, 0.0698831152642
3004136.0, 9030198.0, 1, 0.0632147156976
2930040.0, 9610948.0, 1, 0.0529199838057
3225810.0, 3901172.0, 1, 0.0510260560482
2710608.0, 10796588.0, 1, 0.0489877673538
2931800.0, 9033356.0, 1, 0.0485658659317
2708848.0, 11374202.0, 1, 0.0395548991064
2893498.0, 9769524.0, 1, 0.0348967971431
2997880.0, 9031936.0, 1, 0.0143399016947
3094848.0, 8023446.0, 1, 0.0141908956355
3101228.0, 8022508.0, 1, 0.0141814991572
3166456.0, 8020548.0, 1, 0.0139802992433
3029654.0, 8025666.0, 1, 0.00512694304812
3004136.0, 9030198.0, 1, 0.00509719800755
3166456.0, 8020548.0, 1, 0.00202127105644
2931800.0, 9033356.0, 1, 0.00043179159405
3225810.0, 3901172.0, 1, 0.0
3004136.0, 9030198.0, 1, 0.0
3029654.0, 8025666.0, 1, 0.0
2976102.0, 19227392.0, 2, inf
2412022.0, 18268538.0, 2, inf
7544590.0, 2476490.0, 2, inf
5179044.0, 2845616.0, 2, 0.57347092565
7449694.0, 2493406.0, 2, 0.482925550234
3581470.0, 11403912.0, 2, 0.313031792113
3838842.0, 15785294.0, 2, 0.262266259482
4177052.0, 5379052.0, 2, 0.202250340433
3250500.0, 7997292.0, 2, 0.168482348411
3023152.0, 17809310.0, 2, 0.162590173056
4732906.0, 3464164.0, 2, 0.158187675279
3804056.0, 15852272.0, 2, 0.126024550233
3296226.0, 3537036.0, 2, 0.10995385336
4438036.0, 3464314.0, 2, 0.0959598351953
3593528.0, 11168782.0, 2, 0.0935327282814
4139438.0, 8607158.0, 2, 0.0932750476562
3823164.0, 5011746.0, 2, 0.0917605398785
3796504.0, 3232918.0, 2, 0.0779443137722
4262714.0, 9258284.0, 2, 0.0771954997364
3340704.0, 9603552.0, 2, 0.0750795618725
2774516.0, 11364856.0, 2, 0.0738950670379
2851074.0, 10490116.0, 2, 0.0637152082266
2787684.0, 18723566.0, 2, 0.0601762498342
2904958.0, 10484236.0, 2, 0.0575696488252
3980362.0, 9470372.0, 2, 0.0563300873581
3217284.0, 8027618.0, 2, 0.0562993570389
3835222.0, 9933820.0, 2, 0.0431634961417
3867910.0, 9797086.0, 2, 0.0353146448063
3956112.0, 11355078.0, 2, 0.0336147803832
3221736.0, 19026686.0, 2, 0.0310809408314
3119642.0, 11366858.0, 2, 0.0309788339942
3222434.0, 8948132.0, 2, 0.0293311924319
3823164.0, 5011746.0, 2, 0.0242768469037
3070250.0, 9029038.0, 2, 0.0233088443002
3070250.0, 9029038.0, 2, 0.0140062520272
3243014.0, 9812376.0, 2, 0.0136310021675
3838842.0, 15785294.0, 2, 0.00966191301678
6190184.0, 18978196.0, 3, inf
13337484.0, 17871628.0, 3, inf
7847134.0, 2495138.0, 3, inf
3250830.0, 7997796.0, 3, inf
12076046.0, 11266106.0, 3, 0.297281488812
7542052.0, 5053562.0, 3, 0.259645014029
10928588.0, 9534834.0, 3, 0.205302867669
3932022.0, 16748072.0, 3, 0.17929612675
10198320.0, 13405594.0, 3, 0.161828714348
9525454.0, 2559556.0, 3, 0.155881604499
5075404.0, 14242058.0, 3, 0.150624676376
4947712.0, 15676868.0, 3, 0.144634841373
8670742.0, 8207886.0, 3, 0.111616981213
10137050.0, 2841266.0, 3, 0.107430720458
8386224.0, 9786658.0, 3, 0.100729920608
5422072.0, 9319852.0, 3, 0.0995774604397
6763334.0, 3249146.0, 3, 0.0993860274707
8776536.0, 12218970.0, 3, 0.0957351572377
6423554.0, 10400726.0, 3, 0.0912604109283
7790680.0, 12868114.0, 3, 0.0879740910026
4792200.0, 10192518.0, 3, 0.0860202821201
5216810.0, 4385816.0, 3, 0.0802266909418
6001792.0, 9909128.0, 3, 0.0752477232484
4039290.0, 16163286.0, 3, 0.0736152268443
4100942.0, 11364348.0, 3, 0.0693528452732
4367360.0, 12027716.0, 3, 0.0625672281699
5641230.0, 4681230.0, 3, 0.0600169168436
Generacion: 321
5003990.0, 2568494.0, 1, inf
2359984.0, 17839446.0, 1, inf
5003990.0, 2568494.0, 1, inf
3293530.0, 3231608.0, 1, 0.722788479711
3148862.0, 4390194.0, 1, 0.381650356138
2688856.0, 14544364.0, 1, 0.244808246456
3111134.0, 8006310.0, 1, 0.242956617514
2708848.0, 11374202.0, 1, 0.208259917897
2466980.0, 16741298.0, 1, 0.174913333422
2482346.0, 15789686.0, 1, 0.120713851042
2807700.0, 9788770.0, 1, 0.119503350682
2369348.0, 17808138.0, 1, 0.112378288099
2590462.0, 15611076.0, 1, 0.110743338937
2769594.0, 10509192.0, 1, 0.10271730511
3293530.0, 3231608.0, 1, 0.0981386842902
3029654.0, 8025666.0, 1, 0.0904378561933
2930040.0, 9610948.0, 1, 0.0840936170876
2688856.0, 14544364.0, 1, 0.0774136112434
3004136.0, 9030198.0, 1, 0.0681466813624
2931800.0, 9033356.0, 1, 0.0628152992623
2710608.0, 10796588.0, 1, 0.0601336900188
2590462.0, 15611076.0, 1, 0.0489100470512
2708848.0, 11374202.0, 1, 0.0453856145605
3094848.0, 8023446.0, 1, 0.032084378567
2997880.0, 9031936.0, 1, 0.0251061898368
2710608.0, 10796588.0, 1, 0.019485439397
3111134.0, 8006310.0, 1, 0.0153913870094
2930040.0, 9610948.0, 1, 0.012310117256
3029654.0, 8025666.0, 1, 0.00979663806976
3004136.0, 9030198.0, 1, 0.00976507487711
2997880.0, 9031936.0, 1, 0.00245909358132
2931800.0, 9033356.0, 1, 0.000758643582338
3029654.0, 8025666.0, 1, 0.0
2708848.0, 11374202.0, 1, 0.0
2710608.0, 10796588.0, 1, 0.0
3004136.0, 9030198.0, 1, 0.0
3004136.0, 9030198.0, 1, 0.0
3029654.0, 8025666.0, 1, 0.0
4732906.0, 3464164.0, 2, inf
5351436.0, 3533966.0, 2, inf
2412022.0, 18268538.0, 2, inf
2429040.0, 19229956.0, 2, inf
2837828.0, 14549846.0, 2, 0.2577561539
5177518.0, 4008580.0, 2, 0.250927161844
3948022.0, 5381438.0, 2, 0.236984714114
3732370.0, 13838586.0, 2, 0.220566976534
4573812.0, 3632582.0, 2, 0.215381103336
3244034.0, 8000558.0, 2, 0.183301270452
3264040.0, 16599244.0, 2, 0.157679185299
2876640.0, 13557660.0, 2, 0.155121109301
3340704.0, 9603552.0, 2, 0.153637292846
4188300.0, 9263218.0, 2, 0.13872460904
3210984.0, 11626756.0, 2, 0.133249128283
3885738.0, 11022902.0, 2, 0.132498849346
2881414.0, 15501576.0, 2, 0.116448239805
3823164.0, 5011746.0, 2, 0.114715468496
3207762.0, 18147092.0, 2, 0.112087436819
3029624.0, 9900728.0, 2, 0.103311561651
2976102.0, 19227392.0, 2, 0.0930318616784
4147120.0, 9258590.0, 2, 0.0925533899912
3070250.0, 9029038.0, 2, 0.0917950476478
3217284.0, 8027618.0, 2, 0.0752107112563
3804056.0, 15852272.0, 2, 0.0657363224768
5213350.0, 3531106.0, 2, 0.0635950093536
3119642.0, 11366858.0, 2, 0.0471026937717
3316714.0, 16050980.0, 2, 0.0429370351109
3939284.0, 9794108.0, 2, 0.0400386752281
4177052.0, 5379052.0, 2, 0.0374585915192
3112102.0, 11507954.0, 2, 0.0328779948055
3316714.0, 16050980.0, 2, 0.0305236419187
3192740.0, 9032462.0, 2, 0.0286125919971
2995674.0, 9601300.0, 2, 0.0246507155111
3118436.0, 9317638.0, 2, 0.0240091597356
3166456.0, 8020548.0, 2, 0.0171942387112
2995674.0, 9601300.0, 2, 0.0116927620799
3166456.0, 8020548.0, 2, 0.00939035760895
2976102.0, 19227392.0, 2, 0.0068211006081
3166456.0, 8020548.0, 2, 0.0
12140044.0, 18646904.0, 3, inf
3957698.0, 9937994.0, 3, inf
12549234.0, 3877390.0, 3, inf
7059800.0, 3659496.0, 3, inf
10316724.0, 17514292.0, 3, 0.312963504553
9267956.0, 15033894.0, 3, 0.29455947214
8557296.0, 12703402.0, 3, 0.243917760622
9961532.0, 6742278.0, 3, 0.224932123009
5147828.0, 11243232.0, 3, 0.143629404853
10772094.0, 14172544.0, 3, 0.136654501512
7691844.0, 14149392.0, 3, 0.133865711472
6490614.0, 4562654.0, 3, 0.130982742436
11291360.0, 14497296.0, 3, 0.128235425073
7819104.0, 10213452.0, 3, 0.114410441938
4247036.0, 9856300.0, 3, 0.110355152991
11424976.0, 6140118.0, 3, 0.109761179411
4562874.0, 14955548.0, 3, 0.109352451814
7155916.0, 7681756.0, 3, 0.106055649936
6890860.0, 8475962.0, 3, 0.104517011609
5819692.0, 10281292.0, 3, 0.100334990722
7500618.0, 18310430.0, 3, 0.0972045857398
6667868.0, 7684758.0, 3, 0.0960182571929
Generacion: 322
7357850.0, 2771792.0, 1, inf
2328942.0, 18642252.0, 1, inf
5770040.0, 2800076.0, 1, 0.412403584757
4258040.0, 3217070.0, 1, 0.308216859089
3176174.0, 8000694.0, 1, 0.2714933391
3213146.0, 4019520.0, 1, 0.268181614143
2620044.0, 15355660.0, 1, 0.237380679258
5179044.0, 2845616.0, 1, 0.215379767069
2482346.0, 15789686.0, 1, 0.208209929159
2669980.0, 12094682.0, 1, 0.205824676112
3748920.0, 3223908.0, 1, 0.192709170347
2330402.0, 18094754.0, 1, 0.145532992452
3293530.0, 3231608.0, 1, 0.132743775715
5297866.0, 2815834.0, 1, 0.103702321555
2807700.0, 9788770.0, 1, 0.0885032250459
2769594.0, 10509192.0, 1, 0.0828095351585
3029654.0, 8025666.0, 1, 0.07625955609
3004136.0, 9030198.0, 1, 0.0697234897969
2710608.0, 10796588.0, 1, 0.0665837682604
3225810.0, 3901172.0, 1, 0.0656308347529
2330402.0, 18094754.0, 1, 0.0647120429346
2930040.0, 9610948.0, 1, 0.0607215051861
2671740.0, 11517034.0, 1, 0.0531264644214
2931800.0, 9033356.0, 1, 0.0495341857919
2669980.0, 12094682.0, 1, 0.0463274746818
2708848.0, 11374202.0, 1, 0.0437744803427
2590462.0, 15611076.0, 1, 0.0375927013721
2590462.0, 15611076.0, 1, 0.0171366325299
5219180.0, 2832104.0, 1, 0.0166869083148
5257730.0, 2829108.0, 1, 0.0166719119001
3111134.0, 8006310.0, 1, 0.0162775399261
3293530.0, 3231608.0, 1, 0.0139513222644
2997880.0, 9031936.0, 1, 0.0132495412384
3094848.0, 8023446.0, 1, 0.013022951732
2930040.0, 9610948.0, 1, 0.0115545667385
2708848.0, 11374202.0, 1, 0.00934984173372
3029654.0, 8025666.0, 1, 0.00521414516699
3101228.0, 8022508.0, 1, 0.00228930342913
3101228.0, 8022508.0, 1, 0.00202891485561
3094848.0, 8023446.0, 1, 0.00140854760982
2997880.0, 9031936.0, 1, 0.00133348205257
2931800.0, 9033356.0, 1, 0.000439450982601
3029654.0, 8025666.0, 1, 0.0
3029654.0, 8025666.0, 1, 0.0
3029654.0, 8025666.0, 1, 0.0
2590462.0, 15611076.0, 1, 0.0
2708848.0, 11374202.0, 1, 0.0
2708848.0, 11374202.0, 1, 0.0
2708848.0, 11374202.0, 1, 0.0
2931800.0, 9033356.0, 1, 0.0
2367888.0, 18355602.0, 2, inf
5616066.0, 3230782.0, 2, inf
5616066.0, 3230782.0, 2, inf
2429040.0, 19229956.0, 2, inf
4474960.0, 5347422.0, 2, 0.335911215303
4761082.0, 3499240.0, 2, 0.273097525049
3166456.0, 8020548.0, 2, 0.195367742796
4484618.0, 3754532.0, 2, 0.193841305753
3975756.0, 13235602.0, 2, 0.166912462461
2904958.0, 10484236.0, 2, 0.153024669701
4259612.0, 3499840.0, 2, 0.145298623363
3111440.0, 9321104.0, 2, 0.137492164691
2662876.0, 15607762.0, 2, 0.124567260626
2491168.0, 16725824.0, 2, 0.123150603198
3123428.0, 12497262.0, 2, 0.121917437447
2770842.0, 18085518.0, 2, 0.113163794277
3313712.0, 14489510.0, 2, 0.110827350933
3656514.0, 3494554.0, 2, 0.0984321716808
2737820.0, 11515610.0, 2, 0.0958755083403
3222434.0, 8948132.0, 2, 0.087608286918
3560852.0, 8954314.0, 2, 0.0863351974044
4729492.0, 3497400.0, 2, 0.0854064522467
2837828.0, 14549846.0, 2, 0.0779501016641
4054834.0, 9318424.0, 2, 0.0761477005247
2589002.0, 16158518.0, 2, 0.0760044838106
3826448.0, 11081288.0, 2, 0.0743827210102
3316714.0, 16050980.0, 2, 0.0711640087547
2552778.0, 16724692.0, 2, 0.0655781103154
3217284.0, 8027618.0, 2, 0.0599477117469
4023430.0, 10711810.0, 2, 0.0532479577778
3885738.0, 11022902.0, 2, 0.0496862597347
3440644.0, 8021498.0, 2, 0.0396261396156
3433050.0, 8025034.0, 2, 0.0385362169895
2774516.0, 11364856.0, 2, 0.0383083013137
2896732.0, 10946654.0, 2, 0.0266685511587
3114872.0, 9266138.0, 2, 0.0252831578064
3215122.0, 11367162.0, 2, 0.0249456371955
2881264.0, 11083902.0, 2, 0.0240314510989
2837828.0, 14549846.0, 2, 0.0198341853322
2876244.0, 11021778.0, 2, 0.0181381658929
2688856.0, 14544364.0, 2, 0.0154169397256
2688856.0, 14544364.0, 2, 0.0114268821398
3119642.0, 11366858.0, 2, 0.00277822453801
5616066.0, 3230782.0, 2, 0.0
2916114.0, 10484506.0, 3, inf
7364760.0, 18173876.0, 3, inf
8239886.0, 3439868.0, 3, inf
13382704.0, 5300606.0, 3, inf
11180020.0, 8168900.0, 3, 0.406853608361
3778522.0, 14553778.0, 3, 0.300884189697
Generacion: 323
5503470.0, 2500300.0, 1, inf
2328942.0, 18642252.0, 1, inf
3293530.0, 3231608.0, 1, 0.58831114283
4051608.0, 2574304.0, 1, 0.471939946327
3250500.0, 7997292.0, 1, 0.332414687528
4774270.0, 2503974.0, 1, 0.269512444212
2669980.0, 12094682.0, 1, 0.254088950648
2620044.0, 15355660.0, 1, 0.233110680337
4661498.0, 2569468.0, 1, 0.232000890571
2521342.0, 15358350.0, 1, 0.156487902904
2449122.0, 17012570.0, 1, 0.13258131152
2359984.0, 17839446.0, 1, 0.0970874701781
2769594.0, 10509192.0, 1, 0.0930194085492
3004136.0, 9030198.0, 1, 0.0850175149485
3029654.0, 8025666.0, 1, 0.0827677316736
2428796.0, 17027890.0, 1, 0.0793044142358
2807700.0, 9788770.0, 1, 0.0773009590007
2931800.0, 9033356.0, 1, 0.0585684213073
2710608.0, 10796588.0, 1, 0.0543644346329
2671740.0, 11517034.0, 1, 0.0474748077494
2708848.0, 11374202.0, 1, 0.0474727014366
2930040.0, 9610948.0, 1, 0.0472930443063
3176174.0, 8000694.0, 1, 0.0444599980766
2330402.0, 18094754.0, 1, 0.0432362577659
2872928.0, 9786840.0, 1, 0.0282193069411
3111134.0, 8006310.0, 1, 0.0249599345582
3094848.0, 8023446.0, 1, 0.0227419831857
2710608.0, 10796588.0, 1, 0.0183587034646
2893498.0, 9769524.0, 1, 0.0163035463055
2330402.0, 18094754.0, 1, 0.0162763375533
2620044.0, 15355660.0, 1, 0.0158968590036
2893498.0, 9769524.0, 1, 0.0125837352959
2930040.0, 9610948.0, 1, 0.0103782559946
2671740.0, 11517034.0, 1, 0.00940290927073
2708848.0, 11374202.0, 1, 0.00940290927073
3004136.0, 9030198.0, 1, 0.00823399963661
3029654.0, 8025666.0, 1, 0.00817589018367
3101228.0, 8022508.0, 1, 0.00619179313103
2931800.0, 9033356.0, 1, 0.000750052416738
3029654.0, 8025666.0, 1, 0.0
3029654.0, 8025666.0, 1, 0.0
3029654.0, 8025666.0, 1, 0.0
3029654.0, 8025666.0, 1, 0.0
3029654.0, 8025666.0, 1, 0.0
2671740.0, 11517034.0, 1, 0.0
2708848.0, 11374202.0, 1, 0.0
2710608.0, 10796588.0, 1, 0.0
2710608.0, 10796588.0, 1, 0.0
3004136.0, 9030198.0, 1, 0.0
4453934.0, 2579984.0, 2, inf
2412022.0, 18268538.0, 2, inf
2917958.0, 19242438.0, 2, inf
3866874.0, 3350110.0, 2, 0.372641616583
2760508.0, 14541050.0, 2, 0.30943311882
3250830.0, 7997796.0, 2, 0.307582452475
2589002.0, 16158518.0, 2, 0.238915845349
3476178.0, 15507750.0, 2, 0.206252639503
2553268.0, 17797550.0, 2, 0.204972528995
3276930.0, 11976078.0, 2, 0.167650635026
3150098.0, 8953482.0, 2, 0.166546349779
4258040.0, 3217070.0, 2, 0.15404955044
2995674.0, 9601300.0, 2, 0.140142850259
4054834.0, 9318424.0, 2, 0.132540953615
4364126.0, 9850788.0, 2, 0.130974273834
2429040.0, 19229956.0, 2, 0.127622175696
3751232.0, 11361784.0, 2, 0.121317216229
4023430.0, 10711810.0, 2, 0.109692918847
3358534.0, 9759234.0, 2, 0.108370866496
3646874.0, 10800926.0, 2, 0.10174152651
3581470.0, 11403912.0, 2, 0.0857693081794
2834788.0, 10506968.0, 2, 0.0822378922788
3848386.0, 9307312.0, 2, 0.0785362302082
3217284.0, 8027618.0, 2, 0.0767010593124
2876244.0, 11021778.0, 2, 0.0743914200073
3277362.0, 11796868.0, 2, 0.0717148090643
4275014.0, 11398838.0, 2, 0.0544825658619
2788046.0, 11435048.0, 2, 0.0497000193871
3178926.0, 8000998.0, 2, 0.0346932471653
2813836.0, 11964086.0, 2, 0.0336466086385
3218820.0, 9784642.0, 2, 0.0219233485713
12044370.0, 17903560.0, 3, inf
4386764.0, 4698822.0, 3, inf
8053340.0, 2822398.0, 3, inf
9641680.0, 13419864.0, 3, 0.692489775343
11013698.0, 16251882.0, 3, 0.611069575636
6786050.0, 10434758.0, 3, 0.322206029122
6423010.0, 9558576.0, 3, 0.257572216696
4474960.0, 5347422.0, 3, 0.246516709578
6605816.0, 11638566.0, 3, 0.245345146914
4783476.0, 8023358.0, 3, 0.216178253898
5219180.0, 2832104.0, 3, 0.158103047977
4940498.0, 8476532.0, 3, 0.133454476675
5077126.0, 3758130.0, 3, 0.0937452564479
4693638.0, 4818866.0, 3, 0.0803717152369
5070074.0, 9630130.0, 3, 0.0759399076495
4827654.0, 3283638.0, 3, 0.0638457911603
5179044.0, 2845616.0, 3, 0.0484909721934
4433022.0, 3499644.0, 3, 0.0286838868058
4761082.0, 3499240.0, 3, 0.0260547666679
5219180.0, 2832104.0, 3, 0.00588490912953
Generacion: 324
2367888.0, 18355602.0, 1, inf
5444418.0, 2486294.0, 1, inf
3293530.0, 3231608.0, 1, 0.658407135555
4398266.0, 2507500.0, 1, 0.359307263021
3292406.0, 7981642.0, 1, 0.314294779584
2669980.0, 12094682.0, 1, 0.26065724753
2662876.0, 15607762.0, 1, 0.258656312441
4929820.0, 2499956.0, 1, 0.187695890308
4774270.0, 2503974.0, 1, 0.173252505325
5350206.0, 2496154.0, 1, 0.1681266253
4398266.0, 2507500.0, 1, 0.167846376071
2428796.0, 17027890.0, 1, 0.133933929235
2769594.0, 10509192.0, 1, 0.0950663007209
2589002.0, 16158518.0, 1, 0.091295128906
3004136.0, 9030198.0, 1, 0.0868125063815
3029654.0, 8025666.0, 1, 0.0844910598167
2491168.0, 16725824.0, 1, 0.076385935362
2710608.0, 10796588.0, 1, 0.0742533353558
2931800.0, 9033356.0, 1, 0.0699016240671
2807700.0, 9788770.0, 1, 0.0665989991332
2661416.0, 16155204.0, 1, 0.0580344612618
2893498.0, 9769524.0, 1, 0.0530755245328
2671740.0, 11517034.0, 1, 0.0484619678454
2708848.0, 11374202.0, 1, 0.0484598253449
3293530.0, 3231608.0, 1, 0.045994809533
3178926.0, 8000998.0, 1, 0.0458680037862
2466980.0, 16741298.0, 1, 0.0393080943458
2872928.0, 9786840.0, 1, 0.0291006939817
3111134.0, 8006310.0, 1, 0.0266105229629
3250500.0, 7997292.0, 1, 0.0242507024105
3094848.0, 8023446.0, 1, 0.0234635225284
3250500.0, 7997292.0, 1, 0.0138547226593
2893498.0, 9769524.0, 1, 0.0135409033456
2931800.0, 9033356.0, 1, 0.0126487409401
2807700.0, 9788770.0, 1, 0.0125076507252
2708848.0, 11374202.0, 1, 0.00957259156745
2671740.0, 11517034.0, 1, 0.00957259156745
3004136.0, 9030198.0, 1, 0.00849341009655
3029654.0, 8025666.0, 1, 0.0084343022892
3101228.0, 8022508.0, 1, 0.00637344650244
2661416.0, 16155204.0, 1, 0.000683391407155
3004136.0, 9030198.0, 1, 0.0
3029654.0, 8025666.0, 1, 0.0
3029654.0, 8025666.0, 1, 0.0
3029654.0, 8025666.0, 1, 0.0
3029654.0, 8025666.0, 1, 0.0
3029654.0, 8025666.0, 1, 0.0
2807700.0, 9788770.0, 1, 0.0
2893498.0, 9769524.0, 1, 0.0
3004136.0, 9030198.0, 1, 0.0
2703008.0, 16746486.0, 2, inf
5503470.0, 2500300.0, 2, inf
8724266.0, 2586028.0, 2, inf
3013280.0, 19389172.0, 2, inf
5625980.0, 2804240.0, 2, 0.598355889213
3885136.0, 15350132.0, 2, 0.178941725115
3495802.0, 7838868.0, 2, 0.164217246308
3609784.0, 5662636.0, 2, 0.151930177703
3934160.0, 13639360.0, 2, 0.147030020922
3625076.0, 17835318.0, 2, 0.118120546411
5498888.0, 3657656.0, 2, 0.100542356009
3979704.0, 15880102.0, 2, 0.0952424255057
4168246.0, 4360318.0, 2, 0.09020689254
3453526.0, 18637376.0, 2, 0.0901430694765
4813232.0, 10894996.0, 2, 0.0889876330551
5216378.0, 4082228.0, 2, 0.0881540310328
3078634.0, 10790666.0, 2, 0.0866287742809
5184066.0, 9788708.0, 2, 0.086499792533
4274646.0, 8627346.0, 2, 0.0856807004775
3969112.0, 5295294.0, 2, 0.0830702723365
3440644.0, 8021498.0, 2, 0.0662676401558
5117262.0, 3738636.0, 2, 0.0649921893767
3061698.0, 12989416.0, 2, 0.0619520486353
3222434.0, 8948132.0, 2, 0.0612740827316
2770078.0, 12685026.0, 2, 0.060250708464
4661498.0, 2569468.0, 2, 0.0588199237056
2810486.0, 11025466.0, 2, 0.0547526628896
3646874.0, 10800926.0, 2, 0.0493677504527
3276930.0, 11976078.0, 2, 0.0481022306358
4044760.0, 9595470.0, 2, 0.0475635426147
3451496.0, 19233460.0, 2, 0.0466537013912
3002376.0, 9607790.0, 2, 0.0451214080448
4489626.0, 11557982.0, 2, 0.0442258175403
4163972.0, 9179208.0, 2, 0.0426064400006
3040370.0, 12070654.0, 2, 0.0417503476896
4484618.0, 3754532.0, 2, 0.0378170441778
2752820.0, 11747728.0, 2, 0.0358945772891
4353786.0, 11218538.0, 2, 0.0342935165414
4384418.0, 11370320.0, 2, 0.0322936874775
3925454.0, 5635536.0, 2, 0.0298923551061
3045846.0, 9321344.0, 2, 0.0281892336987
3250830.0, 7997796.0, 2, 0.0198642296242
3028802.0, 11496930.0, 2, 0.0117780539521
4367360.0, 12027716.0, 2, 0.00995613287154
2788046.0, 11435048.0, 2, 0.00739086541545
4358188.0, 3697030.0, 2, 0.00704921940073
2788046.0, 11435048.0, 2, 0.0068166768015
4389176.0, 19456374.0, 3, inf
8630168.0, 3719250.0, 3, inf
12617466.0, 5582672.0, 3, inf
Generacion: 325
7629502.0, 2450648.0, 1, inf
2328942.0, 18642252.0, 1, inf
6602370.0, 2455106.0, 1, 0.414437954293
3213358.0, 4289786.0, 1, 0.316180563655
3293530.0, 3231608.0, 1, 0.25728227783
2669980.0, 12094682.0, 1, 0.254317288947
4310860.0, 2565974.0, 1, 0.253139935536
5444418.0, 2486294.0, 1, 0.248580935301
3178926.0, 8000998.0, 1, 0.241995543473
2662876.0, 15607762.0, 1, 0.232175724227
4544500.0, 2497306.0, 1, 0.148415461953
5180658.0, 2494386.0, 1, 0.130852805351
2359984.0, 17839446.0, 1, 0.0844528956527
2589002.0, 16158518.0, 1, 0.0758868112483
3029654.0, 8025666.0, 1, 0.0755434034341
2893498.0, 9769524.0, 1, 0.0691954418118
2428796.0, 17027890.0, 1, 0.0678849092965
2710608.0, 10796588.0, 1, 0.0648836653609
3004136.0, 9030198.0, 1, 0.0632205545275
3293530.0, 3231608.0, 1, 0.0562350188924
2330402.0, 18094754.0, 1, 0.0554379850197
2552778.0, 16724692.0, 1, 0.053494342674
2671740.0, 11517034.0, 1, 0.0518299457942
2931800.0, 9033356.0, 1, 0.0481389224104
2851074.0, 10490116.0, 1, 0.0475765583878
2590462.0, 15611076.0, 1, 0.0474718143169
2708848.0, 11374202.0, 1, 0.0426744435674
2930040.0, 9610948.0, 1, 0.0425663036682
2769594.0, 10509192.0, 1, 0.0413147614251
5296846.0, 2492050.0, 1, 0.0396052104731
4398266.0, 2507500.0, 1, 0.0311997836008
2449122.0, 17012570.0, 1, 0.0249038047736
5236474.0, 2492360.0, 1, 0.0220642203841
2466980.0, 16741298.0, 1, 0.0213171596652
2491168.0, 16725824.0, 1, 0.0172121848697
4398266.0, 2507500.0, 1, 0.0171195413338
2834788.0, 10506968.0, 1, 0.01655010216
3101228.0, 8022508.0, 1, 0.0145034965786
2997880.0, 9031936.0, 1, 0.0138418993094
3111134.0, 8006310.0, 1, 0.0137899870626
2930040.0, 9610948.0, 1, 0.0101257581693
2708848.0, 11374202.0, 1, 0.00915340237308
2851074.0, 10490116.0, 1, 0.00904446895334
3178926.0, 8000998.0, 1, 0.00682398867709
3029654.0, 8025666.0, 1, 0.00500924766503
3004136.0, 9030198.0, 1, 0.00492154789174
2466980.0, 16741298.0, 1, 0.00432475847146
3111134.0, 8006310.0, 1, 0.002196930404
3101228.0, 8022508.0, 1, 0.00206389849438
2590462.0, 15611076.0, 1, 0.00048011657269
2931800.0, 9033356.0, 1, 0.000419740161475
3004136.0, 9030198.0, 1, 0.0
3004136.0, 9030198.0, 1, 0.0
3029654.0, 8025666.0, 1, 0.0
3101228.0, 8022508.0, 1, 0.0
3101228.0, 8022508.0, 1, 0.0
4398266.0, 2507500.0, 1, 0.0
2708848.0, 11374202.0, 1, 0.0
2930040.0, 9610948.0, 1, 0.0
2931800.0, 9033356.0, 1, 0.0
2931800.0, 9033356.0, 1, 0.0
2931800.0, 9033356.0, 1, 0.0
2931800.0, 9033356.0, 1, 0.0
3004136.0, 9030198.0, 1, 0.0
8200814.0, 9691810.0, 2, inf
2367888.0, 18355602.0, 2, inf
5350206.0, 2496154.0, 2, inf
3134388.0, 18433582.0, 2, inf
7027926.0, 10692842.0, 2, 0.500580851446
5394768.0, 9702884.0, 2, 0.293454006851
3723410.0, 6366680.0, 2, 0.285688080819
2770078.0, 12685026.0, 2, 0.232530454653
3979704.0, 15880102.0, 2, 0.231664443545
3367124.0, 4094954.0, 2, 0.163845221939
2460334.0, 17034570.0, 2, 0.146098639026
4774270.0, 2503974.0, 2, 0.136258741221
4446180.0, 12278888.0, 2, 0.128416027209
2661416.0, 16155204.0, 2, 0.119933423089
5177518.0, 4008580.0, 2, 0.115091319976
3250500.0, 7997292.0, 2, 0.107744608418
4157804.0, 11475184.0, 2, 0.0975166653355
3543630.0, 3409324.0, 2, 0.0910419379371
3250500.0, 7997292.0, 2, 0.0896898992297
3866874.0, 3350110.0, 2, 0.0896555678001
3190260.0, 9180252.0, 2, 0.0846545710881
4929820.0, 2499956.0, 2, 0.0696237249173
2916114.0, 10484506.0, 2, 0.0690185156028
2737374.0, 17802216.0, 2, 0.0688168440988
3781814.0, 9855588.0, 2, 0.0685087797219
2896732.0, 10946654.0, 2, 0.0620873659992
3163520.0, 11919438.0, 2, 0.0583801264723
2412022.0, 18268538.0, 2, 0.0485498774127
2992886.0, 17834434.0, 2, 0.0440483559018
3045846.0, 9321344.0, 2, 0.0385570633495
3973420.0, 9598160.0, 2, 0.0370415987589
3433362.0, 9689622.0, 2, 0.0355321514147
2788046.0, 11435048.0, 2, 0.0325858605602
4054654.0, 9603404.0, 2, 0.0308718837834
3180768.0, 12281676.0, 2, 0.0295879132295
2788046.0, 11435048.0, 2, 0.021151535475
Generacion: 326
2367888.0, 18355602.0, 1, inf
9717714.0, 2416730.0, 1, inf
3407714.0, 3215066.0, 1, 0.495000030776
7742540.0, 2438542.0, 1, 0.358565972529
3178926.0, 8000998.0, 1, 0.340953172552
2571668.0, 14970754.0, 1, 0.306431652407
6459918.0, 2451244.0, 1, 0.227213032181
2669980.0, 12094682.0, 1, 0.180683347317
5444418.0, 2486294.0, 1, 0.176759816041
7096106.0, 2446634.0, 1, 0.175307445459
4310860.0, 2565974.0, 1, 0.123568295752
2552778.0, 16724692.0, 1, 0.121065200275
4310860.0, 2565974.0, 1, 0.10853305974
4809246.0, 2555002.0, 1, 0.0883561878585
3029654.0, 8025666.0, 1, 0.078796318551
2769594.0, 10509192.0, 1, 0.0764403046111
3004136.0, 9030198.0, 1, 0.0728658989635
5180658.0, 2494386.0, 1, 0.0708721405717
2807700.0, 9788770.0, 1, 0.063264632374
2428796.0, 17027890.0, 1, 0.0607675576635
4929820.0, 2499956.0, 1, 0.0543364706739
2708848.0, 11374202.0, 1, 0.0504888522113
2669980.0, 12094682.0, 1, 0.0496175594714
2369348.0, 17808138.0, 1, 0.0491511672729
2931800.0, 9033356.0, 1, 0.046079812721
2710608.0, 10796588.0, 1, 0.0442648234639
2369348.0, 17808138.0, 1, 0.0424360802299
2671740.0, 11517034.0, 1, 0.0412902875061
2930040.0, 9610948.0, 1, 0.0412097654573
2893498.0, 9769524.0, 1, 0.0278017904131
2466980.0, 16741298.0, 1, 0.0237110368055
3111134.0, 8006310.0, 1, 0.0218572592908
2449122.0, 17012570.0, 1, 0.019785030734
2710608.0, 10796588.0, 1, 0.0182705994138
2491168.0, 16725824.0, 1, 0.0127153290391
2930040.0, 9610948.0, 1, 0.0101884716446
2671740.0, 11517034.0, 1, 0.00920069785488
3004136.0, 9030198.0, 1, 0.00367005089023
2449122.0, 17012570.0, 1, 0.00339088954202
2931800.0, 9033356.0, 1, 0.000437593414362
2369348.0, 17808138.0, 1, 0.0
2671740.0, 11517034.0, 1, 0.0
2710608.0, 10796588.0, 1, 0.0
2710608.0, 10796588.0, 1, 0.0
2710608.0, 10796588.0, 1, 0.0
2931800.0, 9033356.0, 1, 0.0
7629502.0, 2450648.0, 2, inf
3090244.0, 18443964.0, 2, inf
2460334.0, 17034570.0, 2, inf
4386764.0, 4698822.0, 2, 0.340835594075
6602370.0, 2455106.0, 2, 0.271394851581
6239696.0, 2491116.0, 2, 0.268449916041
3187026.0, 8003152.0, 2, 0.249370441241
5251670.0, 3207680.0, 2, 0.247969868426
2766450.0, 14538070.0, 2, 0.19236935694
2662876.0, 15607762.0, 2, 0.1775160512
3440688.0, 12983862.0, 2, 0.175811329597
4661498.0, 2569468.0, 2, 0.166031415682
5143148.0, 2836164.0, 2, 0.154076485221
3973420.0, 9598160.0, 2, 0.143223872414
4396426.0, 3610048.0, 2, 0.133775898862
4054476.0, 9034040.0, 2, 0.12027256611
2815636.0, 11083852.0, 2, 0.114260556474
3543630.0, 3409324.0, 2, 0.113863307335
2669312.0, 16730566.0, 2, 0.109238769299
3349384.0, 10476252.0, 2, 0.0859242587164
2992886.0, 17834434.0, 2, 0.0774465948543
3514890.0, 8164818.0, 2, 0.0739519933942
3150098.0, 8953482.0, 2, 0.0718257796402
3040370.0, 12070654.0, 2, 0.0701537775433
3073232.0, 12094850.0, 2, 0.0618865840045
3029624.0, 9900728.0, 2, 0.0549636280037
2992886.0, 17834434.0, 2, 0.0452186859708
3180584.0, 10505074.0, 2, 0.0442679048257
3468514.0, 17034396.0, 2, 0.0333629185505
2851074.0, 10490116.0, 2, 0.0283694678845
3065498.0, 9744116.0, 2, 0.0252757125017
2851074.0, 10490116.0, 2, 0.00772251085501
12214844.0, 16719022.0, 3, inf
4058604.0, 11356486.0, 3, inf
6353428.0, 2494574.0, 3, inf
5844468.0, 16923154.0, 3, inf
11066128.0, 2716304.0, 3, 0.374294918074
9526104.0, 3627392.0, 3, 0.228320624151
7656616.0, 3664154.0, 3, 0.21600197497
8760246.0, 4557956.0, 3, 0.193569352799
7041828.0, 14373532.0, 3, 0.174080464356
5648498.0, 15431130.0, 3, 0.164127657195
5284038.0, 5407218.0, 3, 0.163419137499
9072046.0, 13317594.0, 3, 0.156396609335
4118644.0, 7067748.0, 3, 0.155815332294
5817746.0, 8120132.0, 3, 0.147348969247
4355526.0, 8940490.0, 3, 0.12357792725
5628686.0, 10111510.0, 3, 0.10589495227
6153448.0, 12077358.0, 3, 0.103640757983
5913448.0, 12955316.0, 3, 0.102491479091
5137932.0, 16700902.0, 3, 0.0994436477878
4745622.0, 7130150.0, 3, 0.0934373488242
5377344.0, 12031962.0, 3, 0.0895227625746
5117262.0, 3738636.0, 3, 0.0878539748571
Generacion: 327
2328942.0, 18642252.0, 1, inf
5387394.0, 2440766.0, 1, inf
4310860.0, 2565974.0, 1, 0.541810568768
3407714.0, 3215066.0, 1, 0.401273559189
3266428.0, 3534550.0, 1, 0.371087005354
4929820.0, 2499956.0, 1, 0.359714740517
3176174.0, 8000694.0, 1, 0.326784609577
2571668.0, 14970754.0, 1, 0.324097565518
2669980.0, 12094682.0, 1, 0.178094479618
2552778.0, 16724692.0, 1, 0.134648222215
2449122.0, 17012570.0, 1, 0.106633985524
3029654.0, 8025666.0, 1, 0.0833184729145
2369348.0, 17808138.0, 1, 0.0801818560528
2834788.0, 10506968.0, 1, 0.0783719128452
2669980.0, 12094682.0, 1, 0.0677983793078
2872928.0, 9786840.0, 1, 0.0647130447812
2359984.0, 17839446.0, 1, 0.0646950544985
3004136.0, 9030198.0, 1, 0.0640479399782
2769594.0, 10509192.0, 1, 0.0584783773311
2930040.0, 9610948.0, 1, 0.0579616299485
2931800.0, 9033356.0, 1, 0.0572562581769
2710608.0, 10796588.0, 1, 0.0549381420425
2491168.0, 16725824.0, 1, 0.051660272021
2671740.0, 11517034.0, 1, 0.0477869486886
2708848.0, 11374202.0, 1, 0.0477848501157
2893498.0, 9769524.0, 1, 0.0295300338928
3094848.0, 8023446.0, 1, 0.0278356333822
2997880.0, 9031936.0, 1, 0.0238461007929
3111134.0, 8006310.0, 1, 0.0223233406413
2710608.0, 10796588.0, 1, 0.0183143211804
2671740.0, 11517034.0, 1, 0.0093914359586
2708848.0, 11374202.0, 1, 0.0093914359586
3029654.0, 8025666.0, 1, 0.00848046095156
3004136.0, 9030198.0, 1, 0.00845071059409
3111134.0, 8006310.0, 1, 0.00567155087367
2931800.0, 9033356.0, 1, 0.00066310079231
3029654.0, 8025666.0, 1, 0.0
3029654.0, 8025666.0, 1, 0.0
2708848.0, 11374202.0, 1, 0.0
2710608.0, 10796588.0, 1, 0.0
2931800.0, 9033356.0, 1, 0.0
3004136.0, 9030198.0, 1, 0.0
2460078.0, 18488074.0, 2, inf
8688844.0, 2577040.0, 2, inf
7096106.0, 2446634.0, 2, inf
3291184.0, 4333982.0, 2, 0.30632974786
3187026.0, 8003152.0, 2, 0.286159056309
3827912.0, 14440890.0, 2, 0.285644081545
6226122.0, 3169404.0, 2, 0.20276033367
4331098.0, 3177064.0, 2, 0.191810151738
2771878.0, 11804758.0, 2, 0.188544800909
5219180.0, 2832104.0, 2, 0.184846238473
6353428.0, 2494574.0, 2, 0.147801287189
4645648.0, 10101138.0, 2, 0.132744581747
5080700.0, 11407502.0, 2, 0.112913893234
4570456.0, 9382508.0, 2, 0.0991107911918
3174352.0, 17701396.0, 2, 0.091465081762
3482926.0, 8694476.0, 2, 0.0828585925094
2622630.0, 17017764.0, 2, 0.0785022313106
3297748.0, 15414900.0, 2, 0.0775110993828
2735914.0, 18349680.0, 2, 0.0730014468196
2846306.0, 14524334.0, 2, 0.0702515528718
3607878.0, 11521456.0, 2, 0.067639626451
2980126.0, 16249202.0, 2, 0.0623522574839
3116636.0, 10197850.0, 2, 0.0553851339188
2572194.0, 16035566.0, 2, 0.0522875572052
2815636.0, 11083852.0, 2, 0.0480756240132
3045846.0, 9321344.0, 2, 0.0478380455473
2622040.0, 15617306.0, 2, 0.0467886842261
2776722.0, 10795458.0, 2, 0.0444039613893
2918518.0, 16718770.0, 2, 0.043297752905
5179044.0, 2845616.0, 2, 0.0432591236298
3496368.0, 8966682.0, 2, 0.0353907797319
3560852.0, 8954314.0, 2, 0.034871347889
3349590.0, 16038960.0, 2, 0.0303847869044
2899212.0, 10798832.0, 2, 0.0294465676233
3263624.0, 16046468.0, 2, 0.0293845465488
2839832.0, 16735376.0, 2, 0.02356277913
3134484.0, 16046078.0, 2, 0.00899685392325
3121228.0, 10797460.0, 2, 0.00307574532046
3532386.0, 7995474.0, 3, inf
7235526.0, 18349504.0, 3, inf
12117212.0, 17636312.0, 3, inf
10697606.0, 2726862.0, 3, inf
4089528.0, 7625868.0, 3, 0.281624221072
9218116.0, 13664766.0, 3, 0.254189556841
10398296.0, 14255910.0, 3, 0.229734746834
6061060.0, 5441922.0, 3, 0.202722946514
9206830.0, 15156962.0, 3, 0.195399693052
7007172.0, 16598980.0, 3, 0.190994125357
7730404.0, 4930546.0, 3, 0.188250643143
8028518.0, 11588734.0, 3, 0.180778711491
8214286.0, 12453024.0, 3, 0.177444023258
7259842.0, 9308948.0, 3, 0.147383239048
5832192.0, 3899784.0, 3, 0.140148523257
3663632.0, 17548702.0, 3, 0.131297729988
4678120.0, 9594830.0, 3, 0.12821992996
5141956.0, 10509350.0, 3, 0.125610293804
8660286.0, 9788890.0, 3, 0.114720953369
6645628.0, 14561458.0, 3, 0.0915595376233
Generacion: 328
2328942.0, 18642252.0, 1, inf
8361866.0, 2447430.0, 1, inf
2328942.0, 18642252.0, 1, inf
6353428.0, 2494574.0, 1, 0.533088298242
8136948.0, 2475922.0, 1, 0.335823916733
2571668.0, 14970754.0, 1, 0.299555982636
4929820.0, 2499956.0, 1, 0.281948715578
3723410.0, 6366680.0, 1, 0.210999217464
2669980.0, 12094682.0, 1, 0.17788380483
3315760.0, 7977806.0, 1, 0.17116286017
2542708.0, 16604288.0, 1, 0.136185572162
4270706.0, 4092162.0, 1, 0.116205766917
4766218.0, 2799966.0, 1, 0.111605156021
4050892.0, 4749702.0, 1, 0.103197652115
4029712.0, 5659704.0, 1, 0.102519252087
4303554.0, 2841608.0, 1, 0.0959634162481
2398982.0, 17552796.0, 1, 0.0865015232136
4371670.0, 2809080.0, 1, 0.0792611596256
2330402.0, 18094754.0, 1, 0.0788814998918
4168246.0, 4360318.0, 1, 0.0770375981102
3029654.0, 8025666.0, 1, 0.072834342647
2845458.0, 10712794.0, 1, 0.0685694096186
2872928.0, 9786840.0, 1, 0.0662081312783
3004136.0, 9030198.0, 1, 0.0630649505579
2669980.0, 12094682.0, 1, 0.0519645969501
3870028.0, 6048592.0, 1, 0.0516085855829
3895404.0, 5992590.0, 1, 0.0504818645062
2710608.0, 10796588.0, 1, 0.0466254503371
2931800.0, 9033356.0, 1, 0.0466184561368
2449122.0, 17012570.0, 1, 0.0434946559662
2671740.0, 11517034.0, 1, 0.0418195992673
2708848.0, 11374202.0, 1, 0.0418174998309
2930040.0, 9610948.0, 1, 0.0417223228521
2510276.0, 17011454.0, 1, 0.0407231948295
3176174.0, 8000694.0, 1, 0.0236577489552
3250500.0, 7997292.0, 1, 0.0204427049054
2893498.0, 9769524.0, 1, 0.0203277219829
2776722.0, 10795458.0, 1, 0.0160632126046
3094848.0, 8023446.0, 1, 0.0147010855219
3292406.0, 7981642.0, 1, 0.0120205325815
3111134.0, 8006310.0, 1, 0.0118389579097
2776722.0, 10795458.0, 1, 0.0114632555651
2997880.0, 9031936.0, 1, 0.0110605475657
2930040.0, 9610948.0, 1, 0.0100835042155
2845458.0, 10712794.0, 1, 0.00965769514738
2671740.0, 11517034.0, 1, 0.00911134163172
2708848.0, 11374202.0, 1, 0.00911134163172
2449122.0, 17012570.0, 1, 0.00837997201889
3029654.0, 8025666.0, 1, 0.00436687058594
3004136.0, 9030198.0, 1, 0.00433710798651
3111134.0, 8006310.0, 1, 0.00304629767337
2997880.0, 9031936.0, 1, 0.00112465877819
2931800.0, 9033356.0, 1, 0.000379414846726
2710608.0, 10796588.0, 1, 0.000361507888564
2930040.0, 9610948.0, 1, 0.0
2931800.0, 9033356.0, 1, 0.0
2931800.0, 9033356.0, 1, 0.0
3029654.0, 8025666.0, 1, 0.0
2671740.0, 11517034.0, 1, 0.0
2708848.0, 11374202.0, 1, 0.0
2708848.0, 11374202.0, 1, 0.0
2708848.0, 11374202.0, 1, 0.0
2708848.0, 11374202.0, 1, 0.0
2930040.0, 9610948.0, 1, 0.0
4973114.0, 2565748.0, 2, inf
10011392.0, 2569084.0, 2, inf
2429040.0, 19229956.0, 2, inf
7267998.0, 3334152.0, 2, 0.6216448555
10004898.0, 2671916.0, 2, 0.378140631397
5590190.0, 2841170.0, 2, 0.342401254741
4206646.0, 5517882.0, 2, 0.283658435087
3360512.0, 14992948.0, 2, 0.227814896635
3497938.0, 11856998.0, 2, 0.21957612557
2800502.0, 17830054.0, 2, 0.161745800603
3187026.0, 8003152.0, 2, 0.156455102456
4755956.0, 3500420.0, 2, 0.107668522521
4269870.0, 4557412.0, 2, 0.101688403965
4456414.0, 4372256.0, 2, 0.100976329322
3686912.0, 9486728.0, 2, 0.0957129067594
3150098.0, 8953482.0, 2, 0.0852133612689
2622630.0, 17017764.0, 2, 0.0756140805012
3166456.0, 8020548.0, 2, 0.0618984694189
2947700.0, 9763362.0, 2, 0.05949140197
2661416.0, 16155204.0, 2, 0.0564579121062
2582578.0, 16437708.0, 2, 0.0553398317102
3246784.0, 10351554.0, 2, 0.055254005999
3304672.0, 15608612.0, 2, 0.0527024361556
2881264.0, 11083902.0, 2, 0.0524499110457
4554568.0, 3497910.0, 2, 0.0494827080722
3498516.0, 16729154.0, 2, 0.0493079536923
3607878.0, 11521456.0, 2, 0.045792373805
3297748.0, 15414900.0, 2, 0.0445798605505
3078634.0, 10790666.0, 2, 0.0418266956663
3111440.0, 9321104.0, 2, 0.0364134143929
3214020.0, 10500112.0, 2, 0.0342318029444
3112102.0, 11507954.0, 2, 0.03135553146
3413170.0, 9600134.0, 2, 0.0253892470162
2993930.0, 10957424.0, 2, 0.0248077109966
2589002.0, 16158518.0, 2, 0.022235006846
3002376.0, 9607790.0, 2, 0.020966328846
Generacion: 329
2328942.0, 18642252.0, 1, inf
5784834.0, 2442338.0, 1, inf
2328942.0, 18642252.0, 1, inf
4398266.0, 2507500.0, 1, 0.535821723263
5618386.0, 2503754.0, 1, 0.405240923631
3962714.0, 3422856.0, 1, 0.347654920781
2571668.0, 14970754.0, 1, 0.28238181956
3748054.0, 5091532.0, 1, 0.198741282578
3531628.0, 7122048.0, 1, 0.192367285493
2669980.0, 12094682.0, 1, 0.188783130361
2482346.0, 15789686.0, 1, 0.161498713948
3646888.0, 6526986.0, 1, 0.154344545331
3292406.0, 7981642.0, 1, 0.135375143736
2330402.0, 18094754.0, 1, 0.128546347076
3654862.0, 5199354.0, 1, 0.117882226238
3029654.0, 8025666.0, 1, 0.105201956755
2428796.0, 17027890.0, 1, 0.101154761489
2449122.0, 17012570.0, 1, 0.0919280273272
2708848.0, 11374202.0, 1, 0.0918858390559
2845458.0, 10712794.0, 1, 0.0900989550948
2669980.0, 12094682.0, 1, 0.0729219584205
2872928.0, 9786840.0, 1, 0.0721277496814
3178926.0, 8000998.0, 1, 0.0656556868597
3004136.0, 9030198.0, 1, 0.0638187190842
2930040.0, 9610948.0, 1, 0.0565258113514
2710608.0, 10796588.0, 1, 0.0553652092687
2931800.0, 9033356.0, 1, 0.0547749843355
2776722.0, 10795458.0, 1, 0.0441928132019
3250500.0, 7997292.0, 1, 0.0340314954519
2893498.0, 9769524.0, 1, 0.0273835679031
2997880.0, 9031936.0, 1, 0.0192282524208
3029654.0, 8025666.0, 1, 0.00890663543576
3004136.0, 9030198.0, 1, 0.00749119582294
2997880.0, 9031936.0, 1, 0.00189789654156
2931800.0, 9033356.0, 1, 0.000596929960424
2931800.0, 9033356.0, 1, 0.0
3004136.0, 9030198.0, 1, 0.0
2931800.0, 9033356.0, 1, 0.0
6353428.0, 2494574.0, 2, inf
2510276.0, 17011454.0, 2, inf
9913370.0, 2658776.0, 2, inf
2981954.0, 18643520.0, 2, inf
4766218.0, 2799966.0, 2, 0.239898312444
2770078.0, 12685026.0, 2, 0.2353310969
3829876.0, 6634390.0, 2, 0.234660291111
3439522.0, 15500750.0, 2, 0.216439732014
4050892.0, 4749702.0, 2, 0.149624109566
3513296.0, 18200674.0, 2, 0.126939251795
4168246.0, 4360318.0, 2, 0.12181860484
3250830.0, 7997796.0, 2, 0.114082552262
4557334.0, 3266800.0, 2, 0.108543253101
3631084.0, 10139688.0, 2, 0.0975117573347
2662876.0, 15607762.0, 2, 0.0967166329896
2752820.0, 11747728.0, 2, 0.0962303099411
4035754.0, 8228530.0, 2, 0.0883710570707
3150098.0, 8953482.0, 2, 0.0784422664408
4322976.0, 10236810.0, 2, 0.0732699200992
2542708.0, 16604288.0, 2, 0.0660892945964
4600006.0, 3211766.0, 2, 0.0571237869846
3787552.0, 10474172.0, 2, 0.0540030617029
3646874.0, 10800926.0, 2, 0.0538916835189
4100942.0, 11364348.0, 2, 0.0507725660692
3222434.0, 8948132.0, 2, 0.0498562794815
2911616.0, 10709706.0, 2, 0.0431766060037
2774516.0, 11364856.0, 2, 0.0428590121009
2542708.0, 16604288.0, 2, 0.0404478301728
4766218.0, 2799966.0, 2, 0.0311946793014
3214076.0, 16995346.0, 2, 0.0264221165045
3150098.0, 8953482.0, 2, 0.0230439567834
3187026.0, 8003152.0, 2, 0.0228499632499
3213484.0, 10718928.0, 2, 0.00930254355291
3646874.0, 10800926.0, 2, 0.0072104989268
2542708.0, 16604288.0, 2, 0.0
9298130.0, 2804212.0, 3, inf
2677340.0, 17016648.0, 3, inf
4050012.0, 7914498.0, 3, 0.483730014417
8528718.0, 15350078.0, 3, 0.421368884507
7532430.0, 17014840.0, 3, 0.293258514165
7363478.0, 13812978.0, 3, 0.254270458967
8830654.0, 12839866.0, 3, 0.237387217875
4994072.0, 5420898.0, 3, 0.194571812896
4675382.0, 4781054.0, 3, 0.181802236365
7018328.0, 11381968.0, 3, 0.1711863254
4345862.0, 12090776.0, 3, 0.153087511184
5540638.0, 3554228.0, 3, 0.148361088457
6453020.0, 10191294.0, 3, 0.123309424261
6565710.0, 9793172.0, 3, 0.118282064706
5913552.0, 3131680.0, 3, 0.11386907161
5183956.0, 10361470.0, 3, 0.0891415977892
4384592.0, 11362104.0, 3, 0.0846590163181
4938884.0, 8831300.0, 3, 0.0806893273165
5542500.0, 8714168.0, 3, 0.0703706782198
5219728.0, 5156962.0, 3, 0.0683123534721
5579460.0, 9299420.0, 3, 0.0682700034704
4474960.0, 5347422.0, 3, 0.0624915190129
5707390.0, 9176848.0, 3, 0.0566475129619
5031244.0, 2952154.0, 3, 0.0503615548378
5174956.0, 5142204.0, 3, 0.0495147562135
5736440.0, 9872724.0, 3, 0.0451938635883
5821146.0, 3365356.0, 3, 0.0343112607142
Generacion: 330
2328942.0, 18642252.0, 1, inf
7742982.0, 2426216.0, 1, inf
2328942.0, 18642252.0, 1, inf
5444418.0, 2486294.0, 1, 0.454452256582
2669980.0, 12094682.0, 1, 0.267481178216
2590462.0, 15611076.0, 1, 0.262518041318
4544500.0, 2497306.0, 1, 0.220004391506
3646888.0, 6526986.0, 1, 0.218578030632
4080596.0, 3944922.0, 1, 0.209263028976
5305824.0, 2495898.0, 1, 0.166898392152
3748054.0, 5091532.0, 1, 0.157386404847
3390416.0, 7974360.0, 1, 0.150629209072
3655428.0, 5223650.0, 1, 0.107206508298
4438036.0, 3464314.0, 1, 0.0978235393709
4374722.0, 3575100.0, 1, 0.0956587608617
2482346.0, 15789686.0, 1, 0.0925055348292
2359984.0, 17839446.0, 1, 0.0839645368979
2466980.0, 16741298.0, 1, 0.0815486554144
2807700.0, 9788770.0, 1, 0.0799685258779
3004136.0, 9030198.0, 1, 0.075307645866
2776722.0, 10795458.0, 1, 0.0742913664636
3029654.0, 8025666.0, 1, 0.0739884830966
2428796.0, 17027890.0, 1, 0.0674554833884
2930040.0, 9610948.0, 1, 0.0573393130041
2330402.0, 18094754.0, 1, 0.0552405313165
2671740.0, 11517034.0, 1, 0.0516092058528
2931800.0, 9033356.0, 1, 0.0489793866046
2710608.0, 10796588.0, 1, 0.0478315090731
2708848.0, 11374202.0, 1, 0.0424739572264
2872928.0, 9786840.0, 1, 0.0335626157322
3176174.0, 8000694.0, 1, 0.0263275788527
2449122.0, 17012570.0, 1, 0.0247261436424
3250830.0, 7997796.0, 1, 0.022643512407
3315760.0, 7977806.0, 1, 0.0185519940331
3111134.0, 8006310.0, 1, 0.0151881089722
3094848.0, 8023446.0, 1, 0.0134148177542
2708848.0, 11374202.0, 1, 0.00913315193643
3292406.0, 7981642.0, 1, 0.00791584905947
2776722.0, 10795458.0, 1, 0.00579147412039
3292406.0, 7981642.0, 1, 0.00530977386038
3004136.0, 9030198.0, 1, 0.00490804647063
3029654.0, 8025666.0, 1, 0.00485020249446
3101228.0, 8022508.0, 1, 0.00406483659712
2931800.0, 9033356.0, 1, 0.000519826213669
2710608.0, 10796588.0, 1, 0.00039476482382
2328942.0, 18642252.0, 1, 0.0
2931800.0, 9033356.0, 1, 0.0
3004136.0, 9030198.0, 1, 0.0
3004136.0, 9030198.0, 1, 0.0
2361980.0, 18101034.0, 2, inf
5562270.0, 2500386.0, 2, inf
4509764.0, 4857206.0, 2, 0.467984481226
3829876.0, 6634390.0, 2, 0.425709284165
4989092.0, 4264018.0, 2, 0.338328835445
3554206.0, 12340070.0, 2, 0.212374315023
3368298.0, 7977936.0, 2, 0.204863811093
4849994.0, 4306360.0, 2, 0.187799718877
2814870.0, 13302404.0, 2, 0.166835693208
3178926.0, 8000998.0, 2, 0.14507349328
3108214.0, 15326242.0, 2, 0.13994458421
2510276.0, 17011454.0, 2, 0.135655631502
3018438.0, 10465160.0, 2, 0.133186488814
2688856.0, 14544364.0, 2, 0.102349140683
3787552.0, 10474172.0, 2, 0.102012383653
3070250.0, 9029038.0, 2, 0.101804916661
2709182.0, 14528704.0, 2, 0.101786307559
3118436.0, 9317638.0, 2, 0.0938919872777
2542708.0, 16604288.0, 2, 0.0920567043002
2881264.0, 11083902.0, 2, 0.0905997052288
3119642.0, 11366858.0, 2, 0.0797378593661
3074150.0, 17839598.0, 2, 0.0755352047175
3088470.0, 12032990.0, 2, 0.0730268287144
2542708.0, 16604288.0, 2, 0.0717664119086
2845458.0, 10712794.0, 2, 0.0414189759017
3113764.0, 10796680.0, 2, 0.0269820717786
2760508.0, 14541050.0, 2, 0.0171990126642
2760508.0, 14541050.0, 2, 0.0168292989472
10409452.0, 2642888.0, 3, inf
2642944.0, 17191386.0, 3, inf
4406040.0, 20219146.0, 3, inf
8185276.0, 3404352.0, 3, 0.346137191533
9833202.0, 4396056.0, 3, 0.303937991164
7495906.0, 12577034.0, 3, 0.268423091076
7148112.0, 15138546.0, 3, 0.240033260685
5278872.0, 6537274.0, 3, 0.174574452116
7421924.0, 18536682.0, 3, 0.128888581552
3114126.0, 17989916.0, 3, 0.127478279474
5966846.0, 5246256.0, 3, 0.125134076376
6453020.0, 10191294.0, 3, 0.118758256122
3737446.0, 16244648.0, 3, 0.117925088541
3222434.0, 8948132.0, 3, 0.106286806501
6728846.0, 4504138.0, 3, 0.099894801656
5927256.0, 11121212.0, 3, 0.0987610559615
3513296.0, 18200674.0, 3, 0.0974201269123
6682014.0, 7409628.0, 3, 0.0968070300678
4464956.0, 15783702.0, 3, 0.0918603849
5654680.0, 4195542.0, 3, 0.0909250003658
5381334.0, 5097014.0, 3, 0.0893371060545
6262696.0, 16137368.0, 3, 0.0888242807998
4100668.0, 10942772.0, 3, 0.0876848981735
Generacion: 331
7375178.0, 2420934.0, 1, inf
2328942.0, 18642252.0, 1, inf
6497526.0, 2433774.0, 1, 0.533666940693
4702044.0, 2484824.0, 1, 0.39094286496
2620044.0, 15355660.0, 1, 0.300929075756
3472440.0, 4782792.0, 1, 0.251280357386
2671740.0, 11517034.0, 1, 0.243994420223
3390416.0, 7974360.0, 1, 0.228012781275
3933568.0, 3221218.0, 1, 0.186802203636
3644024.0, 4713494.0, 1, 0.16653922893
3832142.0, 3237582.0, 1, 0.149372956396
2482346.0, 15789686.0, 1, 0.136015167514
4544500.0, 2497306.0, 1, 0.121836351683
2807700.0, 9788770.0, 1, 0.0995585486536
3029654.0, 8025666.0, 1, 0.0856703074676
2997880.0, 9031936.0, 1, 0.0815128224164
2449122.0, 17012570.0, 1, 0.0794154150661
4544500.0, 2497306.0, 1, 0.0758473013143
2398982.0, 17552796.0, 1, 0.0636665157125
2710608.0, 10796588.0, 1, 0.0624780049991
2710608.0, 10796588.0, 1, 0.0548488067027
3111134.0, 8006310.0, 1, 0.0547828678849
2708848.0, 11374202.0, 1, 0.0521159049941
2931800.0, 9033356.0, 1, 0.0487018797839
2359984.0, 17839446.0, 1, 0.0470005596635
2428796.0, 17027890.0, 1, 0.0432395777884
2930040.0, 9610948.0, 1, 0.0428484080081
3292406.0, 7981642.0, 1, 0.0423074178048
2330402.0, 18094754.0, 1, 0.0396139491721
2893498.0, 9769524.0, 1, 0.0352060537853
3315760.0, 7977806.0, 1, 0.0198713126419
2671740.0, 11517034.0, 1, 0.0190496704898
2330402.0, 18094754.0, 1, 0.0160283662314
2930040.0, 9610948.0, 1, 0.0101245525855
2449122.0, 17012570.0, 1, 0.00752835340512
2931800.0, 9033356.0, 1, 0.000436313935563
2710608.0, 10796588.0, 1, 0.0
2412022.0, 18268538.0, 2, inf
7742982.0, 2426216.0, 2, inf
7742982.0, 2426216.0, 2, inf
5447284.0, 2516676.0, 2, 0.530850674525
4438036.0, 3464314.0, 2, 0.232517079014
3646888.0, 6526986.0, 2, 0.185024083248
3659930.0, 7980278.0, 2, 0.178919073501
4080596.0, 3944922.0, 2, 0.166168095937
4983328.0, 2635100.0, 2, 0.162851588158
2688856.0, 14544364.0, 2, 0.157435266339
3832576.0, 4722762.0, 2, 0.153845096742
3305652.0, 12856580.0, 2, 0.148441064985
3757022.0, 5420602.0, 2, 0.146271872165
4898010.0, 3889554.0, 2, 0.132624735075
2845458.0, 10712794.0, 2, 0.130848664124
2510276.0, 17011454.0, 2, 0.127830740353
3534908.0, 9639112.0, 2, 0.12748026991
3201418.0, 13555910.0, 2, 0.124208266913
3142536.0, 15822996.0, 2, 0.116877927431
3342290.0, 9034188.0, 2, 0.109600304037
3082230.0, 11517916.0, 2, 0.0920757205778
2661416.0, 16155204.0, 2, 0.0881919046211
3045846.0, 9321344.0, 2, 0.0772971085475
3236744.0, 11405470.0, 2, 0.0649329185001
3074150.0, 17839598.0, 2, 0.0534195399621
2618626.0, 17896408.0, 2, 0.051161532696
3113764.0, 10796680.0, 2, 0.0508824469336
2503966.0, 18200964.0, 2, 0.0419204389098
2737820.0, 11515610.0, 2, 0.0364737704566
3068044.0, 9598402.0, 2, 0.025367533432
3120396.0, 9035308.0, 2, 0.0235230299971
3074150.0, 17839598.0, 2, 0.00510163870438
6353096.0, 18549532.0, 3, inf
11071838.0, 2689578.0, 3, inf
13256656.0, 3958994.0, 3, inf
3324286.0, 15347698.0, 3, inf
11564440.0, 3572360.0, 3, 0.223765681322
4594348.0, 14953122.0, 3, 0.201660944188
5321932.0, 12062222.0, 3, 0.20039127925
7130254.0, 17245524.0, 3, 0.191222873417
10032928.0, 4425054.0, 3, 0.167681844436
8091248.0, 6831360.0, 3, 0.152063899589
3737446.0, 16244648.0, 3, 0.137030171491
9304832.0, 4466428.0, 3, 0.136209195131
9395784.0, 3554804.0, 3, 0.128966433561
10761340.0, 3796670.0, 3, 0.119128579829
5006022.0, 10374260.0, 3, 0.117322304849
8502928.0, 5253062.0, 3, 0.116297345736
4475624.0, 5828280.0, 3, 0.110775550373
3686200.0, 11429366.0, 3, 0.104355170575
4129248.0, 9315134.0, 3, 0.0855977484186
5808822.0, 5172472.0, 3, 0.0836164181621
7827478.0, 8410600.0, 3, 0.0776843222513
5956406.0, 8702774.0, 3, 0.0755393352172
7538530.0, 7996528.0, 3, 0.0669522404031
4524592.0, 7608982.0, 3, 0.062025263929
3400462.0, 15130688.0, 3, 0.0613165897202
6821640.0, 4437908.0, 3, 0.0588792664835
7546088.0, 11989292.0, 3, 0.0569464818974
5537306.0, 10232788.0, 3, 0.0549556764345
4818634.0, 11620444.0, 3, 0.0538096285492
8287372.0, 11491234.0, 3, 0.0534961430877
3858712.0, 10156452.0, 3, 0.0507429109666
Generacion: 332
2328942.0, 18642252.0, 1, inf
10228040.0, 2419400.0, 1, inf
7273870.0, 2437500.0, 1, 0.627851911516
5305824.0, 2495898.0, 1, 0.366883291798
3472440.0, 4782792.0, 1, 0.25640920284
2571668.0, 14970754.0, 1, 0.251519228278
4412762.0, 2513364.0, 1, 0.234587805805
2669980.0, 12094682.0, 1, 0.225561071318
3390416.0, 7974360.0, 1, 0.216780448133
4130430.0, 3887604.0, 1, 0.209640132047
2482346.0, 15789686.0, 1, 0.141374406953
3832576.0, 4722762.0, 1, 0.138480064007
3101228.0, 8022508.0, 1, 0.086011695539
2449122.0, 17012570.0, 1, 0.0831039358143
2851074.0, 10490116.0, 1, 0.082791505051
2931800.0, 9033356.0, 1, 0.0625329391965
2428796.0, 17027890.0, 1, 0.0622544090538
2931800.0, 9033356.0, 1, 0.0570526353703
2359984.0, 17839446.0, 1, 0.0537704671263
2710608.0, 10796588.0, 1, 0.0533874969025
2872928.0, 9786840.0, 1, 0.0497890701881
2708848.0, 11374202.0, 1, 0.0493298925552
2671740.0, 11517034.0, 1, 0.040304807588
2930040.0, 9610948.0, 1, 0.0402297019164
2330402.0, 18094754.0, 1, 0.0374935510822
3176174.0, 8000694.0, 1, 0.0244690140796
2359984.0, 17839446.0, 1, 0.0244489278089
2710608.0, 10796588.0, 1, 0.0191141864396
3292406.0, 7981642.0, 1, 0.0190819809024
2893498.0, 9769524.0, 1, 0.0180724292297
2330402.0, 18094754.0, 1, 0.0159223846517
3315760.0, 7977806.0, 1, 0.0128566187806
2930040.0, 9610948.0, 1, 0.00999766364814
3111134.0, 8006310.0, 1, 0.00923231959751
2671740.0, 11517034.0, 1, 0.0090271807762
3111134.0, 8006310.0, 1, 0.00160024557805
2931800.0, 9033356.0, 1, 0.0
3111134.0, 8006310.0, 1, 0.0
2330402.0, 18094754.0, 1, 0.0
2710608.0, 10796588.0, 1, 0.0
2430540.0, 18379838.0, 2, inf
5411352.0, 2505218.0, 2, inf
4607332.0, 2638696.0, 2, 0.358029194354
3655428.0, 5223650.0, 2, 0.34405683685
4053660.0, 5165880.0, 2, 0.268362147089
4228750.0, 4016788.0, 2, 0.265052805886
2966214.0, 12984632.0, 2, 0.258835323204
3187026.0, 8003152.0, 2, 0.257760271755
2590462.0, 15611076.0, 2, 0.223365175479
4603940.0, 3888840.0, 2, 0.213817355381
2692510.0, 15352242.0, 2, 0.210468528325
3560852.0, 8954314.0, 2, 0.184806372574
2618626.0, 17896408.0, 2, 0.184561210878
3340704.0, 9603552.0, 2, 0.142554907027
2813836.0, 11964086.0, 2, 0.113986444034
3248634.0, 10713064.0, 2, 0.108451980997
3119642.0, 11366858.0, 2, 0.0858574154998
2752820.0, 11747728.0, 2, 0.0687410505233
2860336.0, 11518982.0, 2, 0.0655963207915
3044046.0, 10201556.0, 2, 0.0628415494825
3187462.0, 9260788.0, 2, 0.0612416374151
3041792.0, 10461330.0, 2, 0.048449540634
3072408.0, 17997448.0, 2, 0.0352121183266
3068044.0, 9598402.0, 2, 0.0309649452796
2995674.0, 9601300.0, 2, 0.0256792534134
3082230.0, 11517916.0, 2, 0.0254288613543
3503766.0, 18417610.0, 3, inf
11050508.0, 2794652.0, 3, inf
3214076.0, 16995346.0, 3, inf
7686728.0, 12911348.0, 3, 0.292914948409
8739868.0, 3773298.0, 3, 0.278907182322
9502050.0, 3536136.0, 3, 0.254058700929
10577296.0, 3435546.0, 3, 0.225285807457
5502210.0, 14435324.0, 3, 0.172712506218
4042906.0, 6524722.0, 3, 0.17039970172
4375132.0, 11147128.0, 3, 0.154925163171
5787410.0, 7876980.0, 3, 0.152268544749
3304672.0, 15608612.0, 3, 0.143484153773
5189472.0, 13254612.0, 3, 0.130181451914
6773168.0, 9937656.0, 3, 0.112191557057
3625076.0, 17835318.0, 3, 0.111664293279
4860636.0, 8018020.0, 3, 0.107994516949
5581698.0, 5672482.0, 3, 0.0983312785739
6255056.0, 8789632.0, 3, 0.0953032922024
5409008.0, 4840384.0, 3, 0.0941633678274
4646178.0, 6070272.0, 3, 0.0870543122628
7501568.0, 16722786.0, 3, 0.0823660925222
6125826.0, 10258504.0, 3, 0.0804542898706
5655868.0, 4274408.0, 3, 0.0751707623822
4382704.0, 9467286.0, 3, 0.0729442032185
4166532.0, 10636062.0, 3, 0.0694676534473
6331504.0, 10266714.0, 3, 0.0671902483088
3494378.0, 16118152.0, 3, 0.0661178297938
6920660.0, 3467304.0, 3, 0.065173239865
3737446.0, 16244648.0, 3, 0.0628300956029
5034686.0, 9680300.0, 3, 0.0585978890476
6252830.0, 3034728.0, 3, 0.0575135005788
5681618.0, 4748484.0, 3, 0.0520051503753
4605922.0, 9605592.0, 3, 0.0471385813426
7233438.0, 4824856.0, 3, 0.0465192772319
Generacion: 333
8298398.0, 2434844.0, 1, inf
2330402.0, 18094754.0, 1, inf
4512450.0, 2491132.0, 1, 0.658147428642
3482994.0, 4254982.0, 1, 0.363738002573
2660714.0, 15940812.0, 1, 0.273074414798
3390416.0, 7974360.0, 1, 0.265751392662
2669980.0, 12094682.0, 1, 0.245898489015
3882832.0, 3570346.0, 1, 0.210941636977
4331098.0, 3177064.0, 1, 0.154236849752
2710608.0, 10796588.0, 1, 0.117805134326
2807700.0, 9788770.0, 1, 0.0962306898919
2589002.0, 16158518.0, 1, 0.0935757933007
3070250.0, 9029038.0, 1, 0.0806171679126
2510276.0, 17011454.0, 1, 0.0779758316957
4398266.0, 2507500.0, 1, 0.0741892041322
3101228.0, 8022508.0, 1, 0.0721592175266
2428796.0, 17027890.0, 1, 0.067738093423
2359984.0, 17839446.0, 1, 0.0567805699586
2708848.0, 11374202.0, 1, 0.052518495049
2931800.0, 9033356.0, 1, 0.0479558749306
2671740.0, 11517034.0, 1, 0.0431048900464
2930040.0, 9610948.0, 1, 0.0430064748304
2669980.0, 12094682.0, 1, 0.0384396724424
2893498.0, 9769524.0, 1, 0.031854581172
2359984.0, 17839446.0, 1, 0.027833455131
3176174.0, 8000694.0, 1, 0.0239512036766
3250830.0, 7997796.0, 1, 0.0206924941689
2449122.0, 17012570.0, 1, 0.0147023831973
3315760.0, 7977806.0, 1, 0.0127543484703
2997880.0, 9031936.0, 1, 0.0123223129953
3292406.0, 7981642.0, 1, 0.0121562069559
3111134.0, 8006310.0, 1, 0.0119324916181
3004136.0, 9030198.0, 1, 0.0111890745699
2930040.0, 9610948.0, 1, 0.0104211459144
2671740.0, 11517034.0, 1, 0.00941577615176
3315760.0, 7977806.0, 1, 0.00413325872638
3111134.0, 8006310.0, 1, 0.00201847641012
3004136.0, 9030198.0, 1, 0.00112233257503
2931800.0, 9033356.0, 1, 0.000385583768793
2931800.0, 9033356.0, 1, 0.0
2359984.0, 17839446.0, 1, 0.0
2669980.0, 12094682.0, 1, 0.0
5035348.0, 2509080.0, 2, inf
2563860.0, 17033084.0, 2, inf
4042906.0, 6524722.0, 2, 0.395068322002
4412762.0, 2513364.0, 2, 0.359478281548
4860636.0, 8018020.0, 2, 0.354727346694
4085020.0, 5360384.0, 2, 0.247870296861
2688856.0, 14544364.0, 2, 0.23929670406
2809000.0, 15507082.0, 2, 0.221594424216
3560852.0, 8954314.0, 2, 0.22030533123
2910516.0, 13126762.0, 2, 0.214059372726
4228750.0, 4016788.0, 2, 0.166962582025
4228750.0, 4016788.0, 2, 0.161668302271
2622630.0, 17017764.0, 2, 0.155642783333
2835278.0, 12283150.0, 2, 0.154996223974
3222434.0, 8948132.0, 2, 0.134737215656
2815636.0, 11083852.0, 2, 0.134085608034
3340704.0, 9603552.0, 2, 0.12845131214
3166456.0, 8020548.0, 2, 0.0933037077111
3512348.0, 8018080.0, 2, 0.0892491401982
2851074.0, 10490116.0, 2, 0.0733039859302
3045846.0, 9321344.0, 2, 0.0698617399163
2995338.0, 9791014.0, 2, 0.0646368238494
3044046.0, 10201556.0, 2, 0.0477925943089
3120396.0, 9035308.0, 2, 0.0357405759477
3120396.0, 9035308.0, 2, 0.0317118795657
3012842.0, 9763212.0, 2, 0.0315670605692
3041792.0, 10461330.0, 2, 0.0295994303587
2995674.0, 9601300.0, 2, 0.0265128276253
3150098.0, 8953482.0, 2, 0.019062186283
3041792.0, 10461330.0, 2, 0.00289396153766
12812078.0, 3248148.0, 3, inf
3406122.0, 17009910.0, 3, inf
3570982.0, 20037938.0, 3, inf
7777926.0, 2685830.0, 3, inf
7900418.0, 5697564.0, 3, 0.225024126389
11031754.0, 10089436.0, 3, 0.215130784058
10323536.0, 9229632.0, 3, 0.206617252803
9311360.0, 4186624.0, 3, 0.200993706065
7399396.0, 7980598.0, 3, 0.161598841353
8809312.0, 3551498.0, 3, 0.149429000788
7046014.0, 16166762.0, 3, 0.144708755803
10823932.0, 10719570.0, 3, 0.142491032255
5326538.0, 13669496.0, 3, 0.142088571128
4099732.0, 14986592.0, 3, 0.128208180041
8256902.0, 4665274.0, 3, 0.124892242895
4818384.0, 8471680.0, 3, 0.117842097285
4008262.0, 11718832.0, 3, 0.100824532513
5502210.0, 14435324.0, 3, 0.0879239245629
3519974.0, 19447636.0, 3, 0.0860034835252
3625076.0, 17835318.0, 3, 0.0821638365188
7267232.0, 14115362.0, 3, 0.0817046048553
6704274.0, 18526496.0, 3, 0.0804688431036
7686728.0, 12911348.0, 3, 0.0755690407954
6725566.0, 4959570.0, 3, 0.0737653270772
3781100.0, 12682526.0, 3, 0.0697955824943
5779840.0, 10214740.0, 3, 0.0687253539897
6842408.0, 17183490.0, 3, 0.0631465957786
7702292.0, 18849730.0, 3, 0.0627809643646
Generacion: 334
2359984.0, 17839446.0, 1, inf
5728974.0, 2490878.0, 1, inf
2359984.0, 17839446.0, 1, inf
4929820.0, 2499956.0, 1, 0.45963119589
3101228.0, 8022508.0, 1, 0.325567012378
3148862.0, 4390194.0, 1, 0.318919476626
2620044.0, 15355660.0, 1, 0.296433768124
3198266.0, 3569640.0, 1, 0.284203303804
3852392.0, 3233248.0, 1, 0.240956535829
2482346.0, 15789686.0, 1, 0.239017533772
4331098.0, 3177064.0, 1, 0.232642924143
2669980.0, 12094682.0, 1, 0.212983795781
3933568.0, 3221218.0, 1, 0.134940418694
2710608.0, 10796588.0, 1, 0.132636840201
4302960.0, 3214820.0, 1, 0.120873538811
2807700.0, 9788770.0, 1, 0.113968377992
3070250.0, 9029038.0, 1, 0.0944730015656
2671740.0, 11517034.0, 1, 0.0584781757868
2708848.0, 11374202.0, 1, 0.0584759605964
2931800.0, 9033356.0, 1, 0.057245841017
2930040.0, 9610948.0, 1, 0.0545839156329
2669980.0, 12094682.0, 1, 0.0524575489546
2872928.0, 9786840.0, 1, 0.047899129845
2997880.0, 9031936.0, 1, 0.0216768754867
3004136.0, 9030198.0, 1, 0.019737514406
2930040.0, 9610948.0, 1, 0.0119822430629
3004136.0, 9030198.0, 1, 0.001932513435
2931800.0, 9033356.0, 1, 0.000614928535592
2669980.0, 12094682.0, 1, 0.0
2931800.0, 9033356.0, 1, 0.0
3004136.0, 9030198.0, 1, 0.0
2669980.0, 12094682.0, 1, 0.0
2552778.0, 16724692.0, 2, inf
5035348.0, 2509080.0, 2, inf
11651996.0, 3555668.0, 2, inf
5642544.0, 3708486.0, 2, 0.716646636334
3482994.0, 4254982.0, 2, 0.398829198943
3315760.0, 7977806.0, 2, 0.267957588453
4359356.0, 3200706.0, 2, 0.244225449337
2688856.0, 14544364.0, 2, 0.238667767259
3208916.0, 12343324.0, 2, 0.175599555483
2809000.0, 15507082.0, 2, 0.122342360207
5305982.0, 3828928.0, 2, 0.105173937351
2589002.0, 16158518.0, 2, 0.100607924549
3109246.0, 9799682.0, 2, 0.0918599780861
3222434.0, 8948132.0, 2, 0.0782745154232
3187026.0, 8003152.0, 2, 0.0753759659204
3040370.0, 12070654.0, 2, 0.0712680227302
2876244.0, 11021778.0, 2, 0.0665563712787
3120396.0, 9035308.0, 2, 0.0552684086999
3338576.0, 10217308.0, 2, 0.0544366181191
3198800.0, 11435930.0, 2, 0.0519143681873
3260484.0, 10488812.0, 2, 0.0495036177332
3385962.0, 10463856.0, 2, 0.0349704756483
2735614.0, 12085032.0, 2, 0.0323847963719
3134030.0, 11248412.0, 2, 0.0272307195757
2815636.0, 11083852.0, 2, 0.0182367974794
3119642.0, 11366858.0, 2, 0.0144163703271
3120396.0, 9035308.0, 2, 0.00621527699417
2815636.0, 11083852.0, 2, 0.00509590108274
3315760.0, 7977806.0, 2, 0.0042904375399
5117228.0, 18486174.0, 3, inf
12654938.0, 4524174.0, 3, inf
3363586.0, 17192012.0, 3, inf
7129340.0, 3911164.0, 3, inf
9639014.0, 12120204.0, 3, 0.36838911412
7025522.0, 17187028.0, 3, 0.253383098535
3972114.0, 14544776.0, 3, 0.243336261794
6462642.0, 9590142.0, 3, 0.211719634745
8466874.0, 4553364.0, 3, 0.200992009229
7541804.0, 4369890.0, 3, 0.177040257389
6293206.0, 7187692.0, 3, 0.158028239429
5312570.0, 6091834.0, 3, 0.154155894149
9356036.0, 11825996.0, 3, 0.145384867485
3919400.0, 11319124.0, 3, 0.134119919926
5962640.0, 7610762.0, 3, 0.11735310548
5125780.0, 13056998.0, 3, 0.116709277167
3637274.0, 13852850.0, 3, 0.11601953483
4425996.0, 18181082.0, 3, 0.105393813298
3869202.0, 5227024.0, 3, 0.0902688019445
3711012.0, 12276956.0, 3, 0.0797283576792
5736806.0, 9377772.0, 3, 0.0669283467048
4940498.0, 8476532.0, 3, 0.0636583219363
3581470.0, 11403912.0, 3, 0.0626043159278
4779516.0, 8377182.0, 3, 0.0607314533829
5381356.0, 4607714.0, 3, 0.0607208943248
4329738.0, 9026624.0, 3, 0.0603742670075
5197006.0, 8775246.0, 3, 0.0578457758004
5379426.0, 4935140.0, 3, 0.0498944512829
4129248.0, 9315134.0, 3, 0.0496076521521
3780866.0, 11802258.0, 3, 0.045984940558
4663868.0, 9382066.0, 3, 0.0446243684397
4500278.0, 8025310.0, 3, 0.0417488395846
4500278.0, 8025310.0, 3, 0.0364371279399
4346036.0, 12082550.0, 3, 0.030545739975
3882210.0, 4393386.0, 3, 0.0159881741932
4054834.0, 9318424.0, 3, 0.0120808539927
4054834.0, 9318424.0, 3, 0.00912863123096
5381356.0, 4607714.0, 3, 0.00393670547368
11861448.0, 18716798.0, 4, inf
Generacion: 335
7347924.0, 2454802.0, 1, inf
2330402.0, 18094754.0, 1, inf
6616866.0, 2461370.0, 1, 0.434470465236
5180658.0, 2494386.0, 1, 0.338698055512
3176174.0, 8000694.0, 1, 0.277188366036
3197672.0, 3940842.0, 1, 0.272011112001
2620044.0, 15355660.0, 1, 0.235946496828
2669980.0, 12094682.0, 1, 0.208853840334
4006950.0, 3488428.0, 1, 0.201694169214
3225810.0, 3901172.0, 1, 0.190217189134
2482346.0, 15789686.0, 1, 0.140005884758
2893498.0, 9769524.0, 1, 0.124589371799
4753788.0, 2505738.0, 1, 0.106421899878
2845458.0, 10712794.0, 1, 0.102119518947
4331098.0, 3177064.0, 1, 0.0965045935438
4398266.0, 2507500.0, 1, 0.0955520444705
2449122.0, 17012570.0, 1, 0.0898418956275
4929820.0, 2499956.0, 1, 0.0858016935853
4033050.0, 3262906.0, 1, 0.0845114497727
3029654.0, 8025666.0, 1, 0.0824495738363
2428796.0, 17027890.0, 1, 0.0706348148537
3004136.0, 9030198.0, 1, 0.0654754164746
2710608.0, 10796588.0, 1, 0.0638077711674
2931800.0, 9033356.0, 1, 0.060239557263
2359984.0, 17839446.0, 1, 0.0577856680463
4371670.0, 2809080.0, 1, 0.0561978165238
2669980.0, 12094682.0, 1, 0.0468864517771
2671740.0, 11517034.0, 1, 0.0443298112681
2708848.0, 11374202.0, 1, 0.0443276373484
2620044.0, 15355660.0, 1, 0.0377034312665
2359984.0, 17839446.0, 1, 0.030038430489
3111134.0, 8006310.0, 1, 0.017663135208
3094848.0, 8023446.0, 1, 0.0174766914331
2997880.0, 9031936.0, 1, 0.0146185969712
2708848.0, 11374202.0, 1, 0.00948327960553
2671740.0, 11517034.0, 1, 0.00948327960553
2931800.0, 9033356.0, 1, 0.00772444175922
2710608.0, 10796588.0, 1, 0.00570845983626
3004136.0, 9030198.0, 1, 0.00519690306242
2669980.0, 12094682.0, 1, 0.0
2710608.0, 10796588.0, 1, 0.0
2931800.0, 9033356.0, 1, 0.0
2669980.0, 12094682.0, 1, 0.0
2367888.0, 18355602.0, 2, inf
5146996.0, 2505068.0, 2, inf
7414050.0, 3065816.0, 2, inf
5595260.0, 3165746.0, 2, 0.457773147438
3809450.0, 5052382.0, 2, 0.395977579271
3288866.0, 8024772.0, 2, 0.361508568764
4359356.0, 3200706.0, 2, 0.26446007406
4298116.0, 4918478.0, 2, 0.225796146729
2688856.0, 14544364.0, 2, 0.222329987557
2989362.0, 12992574.0, 2, 0.209068089269
2589002.0, 16158518.0, 2, 0.164522125076
2737820.0, 11515610.0, 2, 0.122024768997
2911616.0, 10709706.0, 2, 0.117745681488
2703008.0, 16746486.0, 2, 0.112596279442
3012842.0, 9763212.0, 2, 0.0825326266174
2552778.0, 16724692.0, 2, 0.0809127754914
3120396.0, 9035308.0, 2, 0.0741286839647
3253220.0, 9257070.0, 2, 0.0689110076799
3068044.0, 9598402.0, 2, 0.0434407197653
2806970.0, 11384972.0, 2, 0.0426601633903
3120396.0, 9035308.0, 2, 0.0403126087488
2815636.0, 11083852.0, 2, 0.0380178633098
2815636.0, 11083852.0, 2, 0.0253219753934
4359356.0, 3200706.0, 2, 0.0143415599246
3002376.0, 9607790.0, 2, 0.0118795255883
3002376.0, 9607790.0, 2, 0.00317127261977
4359356.0, 3200706.0, 2, 0.0
3002376.0, 9607790.0, 2, 0.0
3002376.0, 9607790.0, 2, 0.0
4359356.0, 3200706.0, 2, 0.0
3003760.0, 11087876.0, 3, inf
5117228.0, 18486174.0, 3, inf
11849388.0, 3946808.0, 3, inf
7335876.0, 3407972.0, 3, inf
11077478.0, 3904470.0, 3, 0.386909286022
8566744.0, 4529994.0, 3, 0.298719353142
6164698.0, 12422042.0, 3, 0.178732690297
3524100.0, 14115510.0, 3, 0.164544107559
4158250.0, 7598128.0, 3, 0.159475471146
7634062.0, 11732320.0, 3, 0.150486135355
8402718.0, 4579718.0, 3, 0.147311235451
7176516.0, 11990904.0, 3, 0.137086018079
3489458.0, 15610026.0, 3, 0.127371443945
3961854.0, 6034556.0, 3, 0.125691251787
6014190.0, 16154178.0, 3, 0.111655914473
3585664.0, 9957712.0, 3, 0.102111357028
4055960.0, 16821626.0, 3, 0.101448028679
3116340.0, 17552836.0, 3, 0.08015033569
3492344.0, 10959254.0, 3, 0.0787594470755
5632032.0, 5197312.0, 3, 0.0768138980694
5642544.0, 3708486.0, 3, 0.0761312343153
3975756.0, 13235602.0, 3, 0.0754659952611
4312172.0, 17428436.0, 3, 0.0720959987392
5125780.0, 13056998.0, 3, 0.0631510862753
3411060.0, 8948438.0, 3, 0.058750384888
4639864.0, 8002422.0, 3, 0.0576582122221
3781814.0, 9855588.0, 3, 0.0546635661246
Generacion: 336
7724406.0, 2432072.0, 1, inf
2330402.0, 18094754.0, 1, inf
6474414.0, 2457480.0, 1, 0.362827780986
3197672.0, 3940842.0, 1, 0.326243938726
3176174.0, 8000694.0, 1, 0.261007045884
2669980.0, 12094682.0, 1, 0.254664989956
7442828.0, 2437870.0, 1, 0.233359514072
5499210.0, 2477002.0, 1, 0.220517710832
2620044.0, 15355660.0, 1, 0.213684723398
5296846.0, 2492050.0, 1, 0.178291007503
3843816.0, 3207366.0, 1, 0.173613394816
4544500.0, 2497306.0, 1, 0.167575099936
2449122.0, 17012570.0, 1, 0.153553848145
4331098.0, 3177064.0, 1, 0.147473723698
2482346.0, 15789686.0, 1, 0.115682991463
3407714.0, 3215066.0, 1, 0.103565848041
2359984.0, 17839446.0, 1, 0.0911027716682
3293530.0, 3231608.0, 1, 0.0852778176469
4398266.0, 2507500.0, 1, 0.0829626651162
2776722.0, 10795458.0, 1, 0.0823451607414
3029654.0, 8025666.0, 1, 0.0823369884501
2807700.0, 9788770.0, 1, 0.0763657147006
3004136.0, 9030198.0, 1, 0.0701369552798
2590462.0, 15611076.0, 1, 0.0532388103565
2710608.0, 10796588.0, 1, 0.0491353014605
2931800.0, 9033356.0, 1, 0.0491275935527
2930040.0, 9610948.0, 1, 0.0474650067248
2671740.0, 11517034.0, 1, 0.0437600197801
2708848.0, 11374202.0, 1, 0.0437578490152
2872928.0, 9786840.0, 1, 0.0340339675871
3101228.0, 8022508.0, 1, 0.0256886287272
2620044.0, 15355660.0, 1, 0.0255649834095
3166456.0, 8020548.0, 1, 0.0152870539346
2997880.0, 9031936.0, 1, 0.0136120718672
2930040.0, 9610948.0, 1, 0.0115562934072
2708848.0, 11374202.0, 1, 0.00944554379226
2671740.0, 11517034.0, 1, 0.00944554379226
2807700.0, 9788770.0, 1, 0.00586626640199
3176174.0, 8000694.0, 1, 0.0052531355302
2931800.0, 9033356.0, 1, 0.000416949583425
2710608.0, 10796588.0, 1, 0.000398434235926
2671740.0, 11517034.0, 1, 0.0
2710608.0, 10796588.0, 1, 0.0
2710608.0, 10796588.0, 1, 0.0
2671740.0, 11517034.0, 1, 0.0
2542708.0, 16604288.0, 2, inf
9130658.0, 2459344.0, 2, inf
3017510.0, 18379818.0, 2, inf
6616866.0, 2461370.0, 2, 0.382924323244
5617578.0, 2482864.0, 2, 0.258504242903
3948022.0, 5381438.0, 2, 0.211415541957
2896598.0, 14534186.0, 2, 0.176046615202
3961854.0, 6034556.0, 2, 0.173284018377
4006950.0, 3488428.0, 2, 0.172396635926
3250830.0, 7997796.0, 2, 0.152227441392
6616866.0, 2461370.0, 2, 0.151811468843
2989362.0, 12992574.0, 2, 0.141232571274
4929820.0, 2499956.0, 2, 0.140829952134
3622656.0, 12502640.0, 2, 0.123162964722
4359356.0, 3200706.0, 2, 0.122845046914
2703008.0, 16746486.0, 2, 0.119836722651
3156976.0, 18096702.0, 2, 0.106969044622
2662876.0, 15607762.0, 2, 0.102538871772
3527070.0, 12049036.0, 2, 0.100074335613
4412762.0, 2513364.0, 2, 0.0952476787543
3119642.0, 11366858.0, 2, 0.0918789298374
4697672.0, 2501894.0, 2, 0.0793276025361
3150098.0, 8953482.0, 2, 0.0705198486524
3178926.0, 8000998.0, 2, 0.0636339702568
2845458.0, 10712794.0, 2, 0.0633938641073
2834788.0, 10506968.0, 2, 0.0537347949454
3068044.0, 9598402.0, 2, 0.0525737917157
3044046.0, 10201556.0, 2, 0.0523133121183
3433362.0, 9689622.0, 2, 0.052283180194
2661416.0, 16155204.0, 2, 0.0520427098795
2923070.0, 16066142.0, 2, 0.0484668962477
3120396.0, 9035308.0, 2, 0.0451318300523
3181870.0, 9796236.0, 2, 0.0374162433301
4006950.0, 3488428.0, 2, 0.024917676857
3012842.0, 9763212.0, 2, 0.0109693092177
3244034.0, 8000558.0, 2, 0.0106687208064
5188500.0, 18808118.0, 3, inf
8158868.0, 2741574.0, 3, inf
3288866.0, 8024772.0, 3, inf
12163090.0, 16979694.0, 3, inf
11150468.0, 18196788.0, 3, 0.28082883312
8090270.0, 13785190.0, 3, 0.225140419185
11520452.0, 15350780.0, 3, 0.180687072372
6842408.0, 17183490.0, 3, 0.179498275387
6034970.0, 7611442.0, 3, 0.164256878653
5924624.0, 5659518.0, 3, 0.163239895943
9925664.0, 11074868.0, 3, 0.159524931247
4345862.0, 12090776.0, 3, 0.152758716295
8488716.0, 2842572.0, 3, 0.150217070293
7383864.0, 4343748.0, 3, 0.142437912635
9257640.0, 10486068.0, 3, 0.140409054586
7961558.0, 11905334.0, 3, 0.136986714366
6463208.0, 9598370.0, 3, 0.128257602825
3897826.0, 15782514.0, 3, 0.127624651972
4121272.0, 8957796.0, 3, 0.105511361517
Generacion: 337
6743302.0, 2423170.0, 1, inf
2330402.0, 18094754.0, 1, inf
2620044.0, 15355660.0, 1, 0.363857516217
3149268.0, 3567154.0, 1, 0.323811218781
3101228.0, 8022508.0, 1, 0.300514331757
2449122.0, 17012570.0, 1, 0.240416224852
4042832.0, 3229240.0, 1, 0.238602014882
5333146.0, 2472814.0, 1, 0.238017938321
2669980.0, 12094682.0, 1, 0.208481051362
5941638.0, 2427848.0, 1, 0.204548726533
3293530.0, 3231608.0, 1, 0.19542138909
4807264.0, 2483416.0, 1, 0.164033563908
4331098.0, 3177064.0, 1, 0.157140957322
5846734.0, 2444780.0, 1, 0.140758639431
4548850.0, 2563620.0, 1, 0.10797690564
2769594.0, 10509192.0, 1, 0.0863104820009
3029654.0, 8025666.0, 1, 0.0803182111861
3004136.0, 9030198.0, 1, 0.0714101001066
4634754.0, 2563272.0, 1, 0.0636765687964
2807700.0, 9788770.0, 1, 0.060751163917
2930040.0, 9610948.0, 1, 0.0556542558769
3266428.0, 3534550.0, 1, 0.0541020836215
2931800.0, 9033356.0, 1, 0.0518302863391
2710608.0, 10796588.0, 1, 0.0502241304991
2669980.0, 12094682.0, 1, 0.0481754944382
2671740.0, 11517034.0, 1, 0.0452685624887
2708848.0, 11374202.0, 1, 0.0452663929569
2893498.0, 9769524.0, 1, 0.0241656823946
2872928.0, 9786840.0, 1, 0.0206706260761
2710608.0, 10796588.0, 1, 0.0187375002317
2997880.0, 9031936.0, 1, 0.0150851813133
3101228.0, 8022508.0, 1, 0.011087776487
2708848.0, 11374202.0, 1, 0.0095129062149
2671740.0, 11517034.0, 1, 0.0095129062149
2807700.0, 9788770.0, 1, 0.00875829072628
3029654.0, 8025666.0, 1, 0.00598410316563
2997880.0, 9031936.0, 1, 0.00150827171296
2931800.0, 9033356.0, 1, 0.000489440558844
2710608.0, 10796588.0, 1, 0.0
2710608.0, 10796588.0, 1, 0.0
2710608.0, 10796588.0, 1, 0.0
2710608.0, 10796588.0, 1, 0.0
2931800.0, 9033356.0, 1, 0.0
2708848.0, 11374202.0, 1, 0.0
2708848.0, 11374202.0, 1, 0.0
2708848.0, 11374202.0, 1, 0.0
2710608.0, 10796588.0, 1, 0.0
6711770.0, 2444438.0, 2, inf
3385604.0, 18816282.0, 2, inf
2367888.0, 18355602.0, 2, inf
4553174.0, 5198456.0, 2, 0.385555270532
5499210.0, 2477002.0, 2, 0.367884077277
6616866.0, 2461370.0, 2, 0.281131045465
3888120.0, 11706200.0, 2, 0.24979967901
3476178.0, 15507750.0, 2, 0.238544509389
2989362.0, 12992574.0, 2, 0.194929083939
5024716.0, 2483588.0, 2, 0.181091392011
3176174.0, 8000694.0, 2, 0.179560917338
2622630.0, 17017764.0, 2, 0.177981701996
4691962.0, 4718078.0, 2, 0.177419221376
4990184.0, 3523312.0, 2, 0.165612675354
3622656.0, 12502640.0, 2, 0.149319279481
3216222.0, 8950104.0, 2, 0.11113521963
2734046.0, 16004552.0, 2, 0.106777010169
2952962.0, 16821742.0, 2, 0.0826407959039
3197672.0, 3940842.0, 2, 0.0821962774889
3261784.0, 12100528.0, 2, 0.081408412361
3166456.0, 8020548.0, 2, 0.0796171517769
3358534.0, 9759234.0, 2, 0.064771966557
2899212.0, 10798832.0, 2, 0.063212493316
3044046.0, 10201556.0, 2, 0.0607893010777
2834788.0, 10506968.0, 2, 0.0572180413822
2806970.0, 11384972.0, 2, 0.0496207963745
3068044.0, 9598402.0, 2, 0.0481342360224
3082230.0, 11517916.0, 2, 0.0318587276477
3078634.0, 10790666.0, 2, 0.0208868485748
3002376.0, 9607790.0, 2, 0.018843073395
2788046.0, 11435048.0, 2, 0.0149427877675
2737820.0, 11515610.0, 2, 0.0148860088601
2776722.0, 10795458.0, 2, 0.0120612519327
3002376.0, 9607790.0, 2, 0.00356936122959
14974680.0, 14286700.0, 3, inf
3438118.0, 8001336.0, 3, inf
6631684.0, 2492108.0, 3, inf
7733826.0, 20868354.0, 3, inf
12044370.0, 17903560.0, 3, 0.52125265836
9773154.0, 2808996.0, 3, 0.287862606371
4384418.0, 11370320.0, 3, 0.282255997364
8608870.0, 10360100.0, 3, 0.232008584942
6262548.0, 20396100.0, 3, 0.222968192295
11723120.0, 3007172.0, 3, 0.215917566599
6713322.0, 15996746.0, 3, 0.212259753294
3809230.0, 5800874.0, 3, 0.185328307923
6463208.0, 9598370.0, 3, 0.12871593795
4857786.0, 8020824.0, 3, 0.113772024422
5752212.0, 3438016.0, 3, 0.0895948354891
5468518.0, 3658412.0, 3, 0.0832201820985
7533520.0, 4503074.0, 3, 0.0814924549929
6844826.0, 3172646.0, 3, 0.0785010728735
7449694.0, 2493406.0, 3, 0.0769410770975
Generacion: 338
2330402.0, 18094754.0, 1, inf
9334558.0, 2417190.0, 1, inf
2330402.0, 18094754.0, 1, inf
2620044.0, 15355660.0, 1, 0.447787848212
7758658.0, 2421636.0, 1, 0.439582440365
5477662.0, 2421724.0, 1, 0.339771212516
3148862.0, 4390194.0, 1, 0.291045409896
2671740.0, 11517034.0, 1, 0.250146367936
3101228.0, 8022508.0, 1, 0.239460210949
2359984.0, 17839446.0, 1, 0.216067137233
3149268.0, 3567154.0, 1, 0.20168615991
8556440.0, 2421442.0, 1, 0.200159634446
4042832.0, 3229240.0, 1, 0.17040676222
5024716.0, 2483588.0, 1, 0.135687500745
4398266.0, 2507500.0, 1, 0.130103070378
9159628.0, 2419444.0, 1, 0.11136497194
4146592.0, 2557762.0, 1, 0.096782645828
2769594.0, 10509192.0, 1, 0.0781461497499
3029654.0, 8025666.0, 1, 0.0733823975837
3004136.0, 9030198.0, 1, 0.0649676792365
2807700.0, 9788770.0, 1, 0.0634191922336
2930040.0, 9610948.0, 1, 0.0543087207343
2931800.0, 9033356.0, 1, 0.0462763468123
5333146.0, 2472814.0, 1, 0.0460794793255
2710608.0, 10796588.0, 1, 0.0452649228501
2708848.0, 11374202.0, 1, 0.0421413487893
4042832.0, 3229240.0, 1, 0.0363680481436
5387394.0, 2440766.0, 1, 0.0238916899077
2710608.0, 10796588.0, 1, 0.0185829538705
2807700.0, 9788770.0, 1, 0.0167829350988
2671740.0, 11517034.0, 1, 0.0164913598641
2930040.0, 9610948.0, 1, 0.0115937302895
2997880.0, 9031936.0, 1, 0.00954525772222
3094848.0, 8023446.0, 1, 0.00936773306054
2708848.0, 11374202.0, 1, 0.00936187845338
5333146.0, 2472814.0, 1, 0.00843234001187
3029654.0, 8025666.0, 1, 0.00378486914444
3004136.0, 9030198.0, 1, 0.00375412457213
3094848.0, 8023446.0, 1, 0.00105249139614
2997880.0, 9031936.0, 1, 0.000983759285629
2931800.0, 9033356.0, 1, 0.000341854679278
2671740.0, 11517034.0, 1, 0.0
2671740.0, 11517034.0, 1, 0.0
2710608.0, 10796588.0, 1, 0.0
2710608.0, 10796588.0, 1, 0.0
2807700.0, 9788770.0, 1, 0.0
2807700.0, 9788770.0, 1, 0.0
2930040.0, 9610948.0, 1, 0.0
2930040.0, 9610948.0, 1, 0.0
2930040.0, 9610948.0, 1, 0.0
2930040.0, 9610948.0, 1, 0.0
2931800.0, 9033356.0, 1, 0.0
2931800.0, 9033356.0, 1, 0.0
3029654.0, 8025666.0, 1, 0.0
5333146.0, 2472814.0, 1, 0.0
5333146.0, 2472814.0, 1, 0.0
2330402.0, 18094754.0, 1, 0.0
2662876.0, 15607762.0, 2, inf
6743302.0, 2423170.0, 2, inf
5606530.0, 18821160.0, 2, inf
6745880.0, 2474672.0, 2, inf
3225810.0, 3901172.0, 2, 0.41499214626
3120396.0, 9035308.0, 2, 0.356541227547
5107152.0, 12698316.0, 2, 0.28899039223
5844124.0, 18310664.0, 2, 0.266463952909
5954686.0, 2482322.0, 2, 0.197077656968
3439722.0, 13490916.0, 2, 0.173839641332
4678120.0, 9594830.0, 2, 0.13241568643
4181352.0, 9928380.0, 2, 0.129887398534
5508012.0, 2486740.0, 2, 0.126399092217
2709182.0, 14528704.0, 2, 0.125705120886
2774516.0, 11364856.0, 2, 0.117672494864
3685914.0, 11938370.0, 2, 0.112298269538
4044760.0, 9595470.0, 2, 0.106066749999
3399082.0, 15260100.0, 2, 0.10404298044
4615624.0, 3349518.0, 2, 0.102607457018
4523416.0, 10508624.0, 2, 0.102161094443
4384418.0, 11370320.0, 2, 0.0943454426036
3751508.0, 11370000.0, 2, 0.0880988649131
3002376.0, 9607790.0, 2, 0.0754413318171
4548850.0, 2563620.0, 2, 0.0705310782244
3045846.0, 9321344.0, 2, 0.0628418975507
2735614.0, 12085032.0, 2, 0.0610503897072
5894386.0, 15407182.0, 2, 0.045084406737
4489400.0, 11959604.0, 2, 0.03303694627
4425044.0, 2549432.0, 2, 0.0303791086758
3431882.0, 9742852.0, 2, 0.0295040227062
3119642.0, 11366858.0, 2, 0.018572312454
5941638.0, 2427848.0, 2, 0.0179092888537
4634754.0, 2563272.0, 2, 0.0161716053577
8282114.0, 19809406.0, 3, inf
11974198.0, 4003084.0, 3, inf
7347924.0, 2454802.0, 3, inf
3520544.0, 8004946.0, 3, inf
10876782.0, 13429232.0, 3, 0.333056780385
8092030.0, 10493568.0, 3, 0.306360231115
6805544.0, 6917528.0, 3, 0.251672119345
9788476.0, 13958096.0, 3, 0.239822578199
11635880.0, 16211270.0, 3, 0.221110225712
3809450.0, 5052382.0, 3, 0.213777276495
Generacion: 339
2330402.0, 18094754.0, 1, inf
2330402.0, 18094754.0, 1, inf
8754798.0, 2417256.0, 1, inf
7245648.0, 2419760.0, 1, 0.365221586227
5477662.0, 2421724.0, 1, 0.290589486333
3148862.0, 4390194.0, 1, 0.279699135416
2671740.0, 11517034.0, 1, 0.250899464269
2620044.0, 15355660.0, 1, 0.249454036558
3111134.0, 8006310.0, 1, 0.239104197603
7822160.0, 2417258.0, 1, 0.235068962193
3407714.0, 3215066.0, 1, 0.175884020783
2498570.0, 16747974.0, 1, 0.153659083138
3956508.0, 2926878.0, 1, 0.14753587282
5024716.0, 2483588.0, 1, 0.124252807114
4571720.0, 2562674.0, 1, 0.11637148574
3225810.0, 3901172.0, 1, 0.115248385056
2590462.0, 15611076.0, 1, 0.107717943418
2398982.0, 17552796.0, 1, 0.0911921260955
4100770.0, 2593342.0, 1, 0.0781777575002
4310860.0, 2565974.0, 1, 0.0752626817639
2997880.0, 9031936.0, 1, 0.0744714163646
3029654.0, 8025666.0, 1, 0.0743335045671
2807700.0, 9788770.0, 1, 0.0664667147981
2710608.0, 10796588.0, 1, 0.055135707486
2769594.0, 10509192.0, 1, 0.0551341766294
2671740.0, 11517034.0, 1, 0.0540009704617
5333146.0, 2472814.0, 1, 0.0500533862346
2931800.0, 9033356.0, 1, 0.0471278950961
2359984.0, 17839446.0, 1, 0.0452440975216
2930040.0, 9610948.0, 1, 0.0425301087828
2893498.0, 9769524.0, 1, 0.0303855339861
5387394.0, 2440766.0, 1, 0.0257536881522
2710608.0, 10796588.0, 1, 0.0243818145773
2620044.0, 15355660.0, 1, 0.0243387118538
2769594.0, 10509192.0, 1, 0.0242632042052
2930040.0, 9610948.0, 1, 0.0103888350153
3094848.0, 8023446.0, 1, 0.0102077110253
5333146.0, 2472814.0, 1, 0.00913128929529
3029654.0, 8025666.0, 1, 0.00508743882467
2997880.0, 9031936.0, 1, 0.00503641027406
3101228.0, 8022508.0, 1, 0.00202629004539
3101228.0, 8022508.0, 1, 0.00160176581272
3094848.0, 8023446.0, 1, 0.00113469369501
2931800.0, 9033356.0, 1, 0.000364531392377
2997880.0, 9031936.0, 1, 0.0
3029654.0, 8025666.0, 1, 0.0
3094848.0, 8023446.0, 1, 0.0
2710608.0, 10796588.0, 1, 0.0
2930040.0, 9610948.0, 1, 0.0
2931800.0, 9033356.0, 1, 0.0
2931800.0, 9033356.0, 1, 0.0
2931800.0, 9033356.0, 1, 0.0
2734046.0, 16004552.0, 2, inf
9054570.0, 2421436.0, 2, inf
3769180.0, 18947428.0, 2, inf
3288866.0, 8024772.0, 2, 0.41520138884
4042832.0, 3229240.0, 2, 0.370945452484
7544590.0, 2476490.0, 2, 0.300606900761
3524100.0, 14115510.0, 2, 0.250049315034
6745880.0, 2474672.0, 2, 0.190506270432
5954686.0, 2482322.0, 2, 0.189140617841
3082230.0, 11517916.0, 2, 0.162512264557
7155468.0, 2439388.0, 2, 0.129174175343
3120396.0, 9035308.0, 2, 0.106408676788
4159750.0, 14550258.0, 2, 0.0975966920362
5044520.0, 9851400.0, 2, 0.0842798001738
4741232.0, 10141066.0, 2, 0.0841707181472
5219180.0, 2832104.0, 2, 0.0835824739957
3044046.0, 10201556.0, 2, 0.0798244733145
2810486.0, 11025466.0, 2, 0.0750811070221
5553966.0, 2467816.0, 2, 0.0741980734362
3716626.0, 14531784.0, 2, 0.0622862184455
3078634.0, 10790666.0, 2, 0.0558966747981
4181352.0, 9928380.0, 2, 0.0527480850341
4382360.0, 2704910.0, 2, 0.0496363883527
4384592.0, 11362104.0, 2, 0.0489020103052
5372270.0, 2543216.0, 2, 0.0488645852904
4127764.0, 9494658.0, 2, 0.0357127291493
4559676.0, 10172602.0, 2, 0.0325370143587
3111440.0, 9321104.0, 2, 0.0325217986992
4605922.0, 9605592.0, 2, 0.0322787895416
5444418.0, 2486294.0, 2, 0.0237685188466
4567108.0, 9785242.0, 2, 0.0221908223186
2788046.0, 11435048.0, 2, 0.0198445301747
5499210.0, 2477002.0, 2, 0.0176850059085
4605922.0, 9605592.0, 2, 0.0128536449383
3751508.0, 11370000.0, 2, 0.0127287123319
2737820.0, 11515610.0, 2, 0.00914640342485
3112102.0, 11507954.0, 2, 0.0062918373353
7393322.0, 2536648.0, 3, inf
5270960.0, 18439836.0, 3, inf
4066234.0, 3924574.0, 3, inf
12976904.0, 4206556.0, 3, inf
11858460.0, 8476744.0, 3, 0.331471119368
9860210.0, 12844834.0, 3, 0.287081434923
9267254.0, 14458918.0, 3, 0.260346370734
4922740.0, 6088252.0, 3, 0.17895321483
7834188.0, 7994276.0, 3, 0.177788556158
12813164.0, 3094368.0, 3, 0.165803895394
6576948.0, 9786196.0, 3, 0.165536580918
Generacion: 340
2330402.0, 18094754.0, 1, inf
9253750.0, 2411818.0, 1, inf
2330402.0, 18094754.0, 1, inf
7320732.0, 2413204.0, 1, 0.330312806063
3148862.0, 4390194.0, 1, 0.288564466676
6969892.0, 2418642.0, 1, 0.266754064214
2669980.0, 12094682.0, 1, 0.252231408358
3111134.0, 8006310.0, 1, 0.238489508178
2620044.0, 15355660.0, 1, 0.235555231075
5477662.0, 2421724.0, 1, 0.218793574738
2428796.0, 17027890.0, 1, 0.188420562482
4641292.0, 2478828.0, 1, 0.139432189608
3843816.0, 3207366.0, 1, 0.138369662788
5333146.0, 2472814.0, 1, 0.124445424789
4359356.0, 3200706.0, 1, 0.122522490269
2620044.0, 15355660.0, 1, 0.113840051361
2776722.0, 10795458.0, 1, 0.107295132402
4402816.0, 2552114.0, 1, 0.0867520133395
3407714.0, 3215066.0, 1, 0.0810283998518
2930040.0, 9610948.0, 1, 0.0757827995176
3029654.0, 8025666.0, 1, 0.0734690897048
3149268.0, 3567154.0, 1, 0.0715400074258
3004136.0, 9030198.0, 1, 0.068752766467
2400978.0, 17814414.0, 1, 0.0616868304041
2930040.0, 9610948.0, 1, 0.0589743946169
2671740.0, 11517034.0, 1, 0.0515544243361
2708848.0, 11374202.0, 1, 0.0515522563747
2710608.0, 10796588.0, 1, 0.0463801572714
2931800.0, 9033356.0, 1, 0.0463738435541
3266428.0, 3534550.0, 1, 0.0422326396869
3293530.0, 3231608.0, 1, 0.0358092623331
2359984.0, 17839446.0, 1, 0.0280693914011
5477662.0, 2421724.0, 1, 0.0210702353366
3094848.0, 8023446.0, 1, 0.0105394272307
2997880.0, 9031936.0, 1, 0.00965533625415
3293530.0, 3231608.0, 1, 0.00496935704396
3029654.0, 8025666.0, 1, 0.00382734414139
3101228.0, 8022508.0, 1, 0.00344498266467
2997880.0, 9031936.0, 1, 0.000994153333667
2931800.0, 9033356.0, 1, 0.000344756538937
2710608.0, 10796588.0, 1, 0.000326265103404
2330402.0, 18094754.0, 1, 0.0
2710608.0, 10796588.0, 1, 0.0
2930040.0, 9610948.0, 1, 0.0
2930040.0, 9610948.0, 1, 0.0
3029654.0, 8025666.0, 1, 0.0
3029654.0, 8025666.0, 1, 0.0
2367888.0, 18355602.0, 2, inf
3090244.0, 18443964.0, 2, inf
7822160.0, 2417258.0, 2, inf
5894434.0, 2423296.0, 2, 0.332428736207
3869202.0, 5227024.0, 2, 0.262955752172
7245648.0, 2419760.0, 2, 0.252485311054
2669312.0, 16730566.0, 2, 0.234124988157
4480166.0, 12890504.0, 2, 0.224938409745
3923418.0, 7615022.0, 2, 0.187281509849
3715226.0, 15606200.0, 2, 0.174822770026
5024716.0, 2483588.0, 2, 0.170479989938
5451514.0, 2478718.0, 2, 0.163218264876
3293724.0, 4012454.0, 2, 0.142939655002
2774516.0, 11364856.0, 2, 0.126420820203
4004912.0, 3302576.0, 2, 0.126298818239
3549966.0, 14531200.0, 2, 0.12612346838
2709182.0, 14528704.0, 2, 0.121660994279
4639786.0, 2825788.0, 2, 0.121253508909
4562434.0, 10074336.0, 2, 0.11786219309
3338716.0, 8953476.0, 2, 0.107703949497
7269664.0, 2422822.0, 2, 0.105919797456
3659930.0, 7980278.0, 2, 0.104452062758
4371744.0, 10452508.0, 2, 0.101256734725
3150098.0, 8953482.0, 2, 0.0846887559314
2815636.0, 11083852.0, 2, 0.0598146868817
3214020.0, 10500112.0, 2, 0.0544679173766
3953688.0, 3216706.0, 2, 0.0446909099332
4612864.0, 10903422.0, 2, 0.0445648231083
3133560.0, 11162064.0, 2, 0.0285072679085
4412292.0, 10987050.0, 2, 0.0274934027824
3664168.0, 18357784.0, 2, 0.015651530666
2810486.0, 11025466.0, 2, 0.0135790880366
4902540.0, 19115670.0, 3, inf
13188770.0, 18016304.0, 3, inf
4199076.0, 7609778.0, 3, inf
9054570.0, 2421436.0, 3, inf
11192692.0, 15770732.0, 3, 0.327220596288
12976904.0, 4206556.0, 3, 0.240336723379
5951242.0, 14813802.0, 3, 0.191265288385
7043874.0, 8037162.0, 3, 0.184342030938
10195180.0, 15879170.0, 3, 0.178480848125
7841468.0, 13507862.0, 3, 0.160051633283
8439464.0, 11477818.0, 3, 0.145805113544
5789176.0, 6292630.0, 3, 0.139938100732
10608982.0, 11181724.0, 3, 0.133465237745
5105264.0, 4606776.0, 3, 0.130420761969
10016414.0, 10700086.0, 3, 0.111609685452
9752228.0, 3518194.0, 3, 0.103373714586
8025380.0, 9133280.0, 3, 0.101721601743
5140824.0, 14495428.0, 3, 0.0950291089581
7319408.0, 12686634.0, 3, 0.0908432386401
4866484.0, 12399292.0, 3, 0.0854156416848
4785616.0, 8546534.0, 3, 0.0780368751126
Generacion: 341
2328942.0, 18642252.0, 1, inf
6949694.0, 2411920.0, 1, inf
5367842.0, 2549574.0, 1, 0.47324992645
3149268.0, 3567154.0, 1, 0.333657106046
6553702.0, 2426070.0, 1, 0.331615103871
4402816.0, 2552114.0, 1, 0.301474519334
2709182.0, 14528704.0, 1, 0.300497666086
3111134.0, 8006310.0, 1, 0.286342975019
2710608.0, 10796588.0, 1, 0.244633281794
2460334.0, 17034570.0, 1, 0.209307819884
3956508.0, 2926878.0, 1, 0.163729544419
3407714.0, 3215066.0, 1, 0.162253717446
2330402.0, 18094754.0, 1, 0.127489364417
4073668.0, 2896836.0, 1, 0.119678088698
2834788.0, 10506968.0, 1, 0.106161568604
2590462.0, 15611076.0, 1, 0.0941077727013
2620044.0, 15355660.0, 1, 0.092381010681
6864760.0, 2425256.0, 1, 0.0865704293358
3293530.0, 3231608.0, 1, 0.0776247985971
2997880.0, 9031936.0, 1, 0.0763000504573
3029654.0, 8025666.0, 1, 0.0761083067757
2930040.0, 9610948.0, 1, 0.0562011562999
2930040.0, 9610948.0, 1, 0.0555874012543
2931800.0, 9033356.0, 1, 0.0498878981982
2776722.0, 10795458.0, 1, 0.0447187804698
2590462.0, 15611076.0, 1, 0.0438986046125
3094848.0, 8023446.0, 1, 0.018826075312
3029654.0, 8025666.0, 1, 0.00701315084273
2997880.0, 9031936.0, 1, 0.0069638604154
2931800.0, 9033356.0, 1, 0.000468380891722
3029654.0, 8025666.0, 1, 0.0
3029654.0, 8025666.0, 1, 0.0
3664168.0, 18357784.0, 2, inf
8514064.0, 2412766.0, 2, inf
2718924.0, 15362238.0, 2, inf
6364030.0, 2579646.0, 2, 0.585653365739
4103466.0, 2899322.0, 2, 0.461125579607
7320732.0, 2413204.0, 2, 0.381472359994
3948022.0, 5381438.0, 2, 0.332944260697
2737820.0, 11515610.0, 2, 0.260165176169
3519458.0, 18272012.0, 2, 0.239816599251
3224058.0, 9875252.0, 2, 0.214503705885
3217284.0, 8027618.0, 2, 0.182805484742
3972028.0, 3559966.0, 2, 0.150401632645
3363114.0, 11046640.0, 2, 0.14439502752
3217284.0, 8027618.0, 2, 0.11704422654
2774516.0, 11364856.0, 2, 0.0859692241969
3119642.0, 11366858.0, 2, 0.0858579456683
3969880.0, 3350836.0, 2, 0.0455750646406
3999058.0, 7616014.0, 3, inf
8754798.0, 2417256.0, 3, inf
4250076.0, 17355272.0, 3, inf
8754798.0, 2417256.0, 3, inf
4436952.0, 13254844.0, 3, 0.4328706748
7555084.0, 2428858.0, 3, 0.30406574541
4657996.0, 16919968.0, 3, 0.291549655448
4845956.0, 10923106.0, 3, 0.267821319919
5417814.0, 10093250.0, 3, 0.226373091534
6118542.0, 9759328.0, 3, 0.189476853059
6615878.0, 3786868.0, 3, 0.158733083625
6233372.0, 8225836.0, 3, 0.148071558596
4508004.0, 5627814.0, 3, 0.147989508929
5159834.0, 4074896.0, 3, 0.146401385533
7228072.0, 3165686.0, 3, 0.145083584035
5230810.0, 9009402.0, 3, 0.137793042456
4452390.0, 6623848.0, 3, 0.130624298954
7324218.0, 2465872.0, 3, 0.0944990207587
6379126.0, 3231502.0, 3, 0.0940778786397
6560128.0, 2957430.0, 3, 0.093210089847
5091198.0, 3879396.0, 3, 0.085281366516
4605922.0, 9605592.0, 3, 0.0815881687185
3999058.0, 7616014.0, 3, 0.0719370531759
4147026.0, 5803314.0, 3, 0.0701947319788
4657266.0, 5887924.0, 3, 0.0658789644729
5375876.0, 3606284.0, 3, 0.0522463538588
4738368.0, 3114596.0, 3, 0.0488578856355
4824050.0, 9874292.0, 3, 0.0449766061239
4302960.0, 3214820.0, 3, 0.04370077094
7273950.0, 3593800.0, 3, 0.033900290442
7273950.0, 3593800.0, 3, 0.0114056839601
8291456.0, 17183100.0, 4, inf
11858460.0, 8476744.0, 4, inf
6542296.0, 8443268.0, 4, inf
10432422.0, 2670348.0, 4, inf
11381074.0, 13341132.0, 4, 0.259092916073
9964724.0, 10037146.0, 4, 0.192851097175
10915778.0, 5010756.0, 4, 0.191140424098
10431850.0, 6695822.0, 4, 0.176140437419
7688892.0, 6080338.0, 4, 0.147872254905
8932928.0, 15431176.0, 4, 0.146739731772
8959640.0, 14260412.0, 4, 0.142085579037
7213202.0, 11684554.0, 4, 0.139143757751
7779300.0, 8023346.0, 4, 0.13480180284
9535540.0, 4522654.0, 4, 0.132086952854
8982290.0, 13073716.0, 4, 0.130899796332
8862952.0, 11738028.0, 4, 0.129796921814
7209250.0, 7862420.0, 4, 0.126431975492
9068292.0, 15268430.0, 4, 0.12528740358
9814464.0, 6582920.0, 4, 0.123141771279
9219476.0, 8173808.0, 4, 0.116826637514
Generacion: 342
7245648.0, 2419760.0, 1, inf
2571668.0, 14970754.0, 1, inf
6497526.0, 2433774.0, 1, 0.618770410314
4402816.0, 2552114.0, 1, 0.495002080864
3149268.0, 3567154.0, 1, 0.422857881215
3101228.0, 8022508.0, 1, 0.36669808845
2688856.0, 14544364.0, 1, 0.264996113703
2735614.0, 12085032.0, 1, 0.251791735626
3293530.0, 3231608.0, 1, 0.223723307291
3956508.0, 2926878.0, 1, 0.193583802595
2807700.0, 9788770.0, 1, 0.173574417862
2776722.0, 10795458.0, 1, 0.132674326775
2997880.0, 9031936.0, 1, 0.101223569598
4352952.0, 2887738.0, 1, 0.0978870670381
3029654.0, 8025666.0, 1, 0.0941228103196
2931800.0, 9033356.0, 1, 0.074325427528
2737820.0, 11515610.0, 1, 0.0657030965254
2774516.0, 11364856.0, 1, 0.0657011843263
4073668.0, 2896836.0, 1, 0.0621465253312
2931800.0, 9033356.0, 1, 0.0266643859944
4073668.0, 2896836.0, 1, 0.0257913144325
3094848.0, 8023446.0, 1, 0.0155649011425
3029654.0, 8025666.0, 1, 0.00697493917431
3029654.0, 8025666.0, 1, 0.0
2582880.0, 14992754.0, 2, inf
4727934.0, 2889200.0, 2, inf
2834788.0, 10506968.0, 2, 0.618374169765
3533260.0, 4136286.0, 2, 0.350479102294
3809230.0, 5800874.0, 2, 0.26618296517
3969880.0, 3350836.0, 2, 0.262714457071
4382750.0, 2890238.0, 2, 0.256389584011
3250830.0, 7997796.0, 2, 0.236893464891
3809230.0, 5800874.0, 2, 0.187691218754
4438036.0, 3464314.0, 2, 0.175432165522
3002376.0, 9607790.0, 2, 0.172888877396
3342290.0, 9034188.0, 2, 0.142875378304
3150098.0, 8953482.0, 2, 0.12817196075
3822488.0, 3559078.0, 2, 0.102467357207
3166456.0, 8020548.0, 2, 0.0921338605667
3224058.0, 9875252.0, 2, 0.0920833029518
3920954.0, 3526474.0, 2, 0.0765419251724
3070250.0, 9029038.0, 2, 0.0755342904193
3454736.0, 9798154.0, 2, 0.0681490003192
3454736.0, 9798154.0, 2, 0.0429768684199
3178926.0, 8000998.0, 2, 0.0287331816762
11428030.0, 3539582.0, 3, inf
6794320.0, 2892468.0, 3, inf
2590462.0, 15611076.0, 3, inf
3664168.0, 18357784.0, 3, inf
9204806.0, 3529102.0, 3, 0.412317748001
7850988.0, 3171270.0, 3, 0.222905840905
6635350.0, 6213178.0, 3, 0.174026978649
4969928.0, 12663584.0, 3, 0.172338536839
6755930.0, 14363462.0, 3, 0.152262120033
4436580.0, 11180680.0, 3, 0.148885320579
4889584.0, 7615170.0, 3, 0.142348903484
3552042.0, 17027614.0, 3, 0.123297473197
5458960.0, 15774402.0, 3, 0.122149277891
2590462.0, 15611076.0, 3, 0.108929454209
5244660.0, 11917482.0, 3, 0.104639383375
5654476.0, 5168872.0, 3, 0.101597715674
6086660.0, 14740176.0, 3, 0.0999253795586
5914792.0, 16894354.0, 3, 0.0968238387591
4724424.0, 17179948.0, 3, 0.091601001219
3594290.0, 10184632.0, 3, 0.0884269178796
5591932.0, 4568850.0, 3, 0.0798545294022
7118540.0, 5054458.0, 3, 0.0725901823507
5885600.0, 8410896.0, 3, 0.0713833712157
6233372.0, 8225836.0, 3, 0.0683454039833
4648184.0, 8954262.0, 3, 0.0632635813525
5028024.0, 4679700.0, 3, 0.0624866439739
7360736.0, 3422608.0, 3, 0.0621221910139
3629930.0, 15351340.0, 3, 0.0605355359568
7537806.0, 3582824.0, 3, 0.0591450738727
6383454.0, 11368142.0, 3, 0.0590505780727
3845732.0, 8874262.0, 3, 0.0579389544766
6615878.0, 3786868.0, 3, 0.0579172175949
4008710.0, 9600112.0, 3, 0.0508346778743
4712544.0, 9465186.0, 3, 0.0483872287458
6823846.0, 3633340.0, 3, 0.0457218784376
6404242.0, 11799420.0, 3, 0.0394404047352
4786264.0, 9608538.0, 3, 0.0393073120113
6235954.0, 9949430.0, 3, 0.0331953276342
6574890.0, 9586340.0, 3, 0.0303652209719
7193278.0, 3778944.0, 3, 0.0293701900783
4000010.0, 9918990.0, 3, 0.0251883455537
3770492.0, 9933892.0, 3, 0.0225128414399
6424626.0, 3616746.0, 3, 0.0210083910623
3972028.0, 3559966.0, 3, 0.0202531282501
4902712.0, 3756480.0, 3, 0.017988273281
4657996.0, 16919968.0, 3, 0.0158992472621
3631606.0, 15612986.0, 3, 0.0144349356888
4894160.0, 17070152.0, 3, 0.0113355177622
6418094.0, 5155842.0, 3, 0.00970461986103
7227156.0, 18451878.0, 4, inf
7004396.0, 18109632.0, 4, inf
9489874.0, 3805652.0, 4, inf
12972144.0, 5305524.0, 4, inf
10973850.0, 13333938.0, 4, 0.448279813069
12826844.0, 3983900.0, 4, 0.417129779736
Generacion: 343
2566060.0, 16233604.0, 1, inf
7245648.0, 2419760.0, 1, inf
5333146.0, 2472814.0, 1, 0.451249637689
6497526.0, 2433774.0, 1, 0.412530892087
2710608.0, 10796588.0, 1, 0.339149348277
3109740.0, 3943170.0, 1, 0.332794043609
2613712.0, 14539322.0, 1, 0.331863308972
3101228.0, 8022508.0, 1, 0.29667132127
4425044.0, 2549432.0, 1, 0.258095871358
3149268.0, 3567154.0, 1, 0.188657148142
3748920.0, 3223908.0, 1, 0.174466224102
4275518.0, 2916060.0, 1, 0.127447092744
2834788.0, 10506968.0, 1, 0.107783629359
2571668.0, 14970754.0, 1, 0.100403710556
3029654.0, 8025666.0, 1, 0.0937272293068
3956508.0, 2926878.0, 1, 0.0884753790553
2997880.0, 9031936.0, 1, 0.0869659398856
2872928.0, 9786840.0, 1, 0.0852186981498
2930040.0, 9610948.0, 1, 0.0671261650732
3843816.0, 3207366.0, 1, 0.0658626576239
2931800.0, 9033356.0, 1, 0.0559334481331
2571668.0, 14970754.0, 1, 0.0324302530671
3956508.0, 2926878.0, 1, 0.0248647346034
3094848.0, 8023446.0, 1, 0.0155235474604
2997880.0, 9031936.0, 1, 0.00689270941142
3101228.0, 8022508.0, 1, 0.00188686644488
2931800.0, 9033356.0, 1, 0.000478896913401
10118984.0, 3012708.0, 2, inf
2736090.0, 15903054.0, 2, inf
2582880.0, 14992754.0, 2, inf
6935602.0, 2886730.0, 2, inf
3198266.0, 3569640.0, 2, 0.534254890519
3150098.0, 8953482.0, 2, 0.446863885112
8825516.0, 3111368.0, 2, 0.313132510335
5527914.0, 2894706.0, 2, 0.288734299323
2688856.0, 14544364.0, 2, 0.287467306739
2737820.0, 11515610.0, 2, 0.249369730625
4779008.0, 2920130.0, 2, 0.17720270405
7850988.0, 3171270.0, 2, 0.146157435208
2904958.0, 10484236.0, 2, 0.141978724216
3969880.0, 3350836.0, 2, 0.139489641358
7765206.0, 3182438.0, 2, 0.124374475363
2774516.0, 11364856.0, 2, 0.101415267564
4260816.0, 3209118.0, 2, 0.0760727802818
3094484.0, 9898798.0, 2, 0.0740467973277
2995674.0, 9601300.0, 2, 0.0447190301565
3068044.0, 9598402.0, 2, 0.0388609084516
3114872.0, 9266138.0, 2, 0.0333174131018
4114972.0, 3265210.0, 2, 0.0320272636827
3187462.0, 9260788.0, 2, 0.0304119309712
4230740.0, 3337328.0, 2, 0.0217357891279
4146588.0, 3225660.0, 2, 0.0196711417577
2818544.0, 11743746.0, 3, inf
12243914.0, 3870378.0, 3, inf
4438036.0, 3464314.0, 3, inf
3885672.0, 16159220.0, 3, inf
4057480.0, 12598708.0, 3, 0.32644227212
7358376.0, 7693286.0, 3, 0.225975656088
10446976.0, 5479510.0, 3, 0.218393291945
11500410.0, 4183414.0, 3, 0.198642700603
4987234.0, 6299398.0, 3, 0.187865073468
5988904.0, 3786334.0, 3, 0.153440805691
4648184.0, 8954262.0, 3, 0.12840828613
8313270.0, 5697790.0, 3, 0.125135636427
5467982.0, 5202018.0, 3, 0.119784049464
12238928.0, 4786130.0, 3, 0.11836162385
7810066.0, 4146938.0, 3, 0.114221253754
6764280.0, 4255132.0, 3, 0.109439586357
9722238.0, 4568400.0, 3, 0.107323122259
5255762.0, 10245428.0, 3, 0.101135929087
8542118.0, 5696804.0, 3, 0.0984153007131
9078808.0, 4700844.0, 3, 0.0950759526181
4783476.0, 8023358.0, 3, 0.0874935788572
6958740.0, 3668428.0, 3, 0.0784735257368
4008710.0, 9600112.0, 3, 0.0693350481956
4622558.0, 12082704.0, 3, 0.0671446161401
4058928.0, 11001570.0, 3, 0.0646648222311
4122544.0, 10082530.0, 3, 0.0600394025569
3213484.0, 10718928.0, 3, 0.0596602334738
9282862.0, 4266480.0, 3, 0.0587725822535
2857856.0, 11666830.0, 3, 0.0552161793645
4662188.0, 11574266.0, 3, 0.0543796400617
4411206.0, 3590300.0, 3, 0.0495510558046
3585664.0, 9957712.0, 3, 0.0493404878346
3213146.0, 4019520.0, 3, 0.0479118665691
9555864.0, 4571666.0, 3, 0.0472817769752
3440644.0, 8021498.0, 3, 0.0468273308592
3737262.0, 4017692.0, 3, 0.0435780147682
3389362.0, 11977256.0, 3, 0.0373036131301
4966626.0, 5319318.0, 3, 0.0351142443264
3333292.0, 9611116.0, 3, 0.0333572326398
4476720.0, 4576848.0, 3, 0.0297527399992
4666808.0, 9855668.0, 3, 0.0289738452149
4862294.0, 4409436.0, 3, 0.0289193322953
4849740.0, 10840986.0, 3, 0.027804784064
4810072.0, 4358704.0, 3, 0.0182912818602
4677946.0, 9603058.0, 3, 0.0126490565396
3340704.0, 9603552.0, 3, 0.00658358086856
5323142.0, 16155840.0, 4, inf
12842412.0, 4804994.0, 4, inf
Generacion: 344
7604962.0, 2423180.0, 1, inf
2412022.0, 18268538.0, 1, inf
5593302.0, 2786936.0, 1, 0.439391445786
7428410.0, 2425148.0, 1, 0.410340268782
3109740.0, 3943170.0, 1, 0.290428259733
3101228.0, 8022508.0, 1, 0.271229825054
3956508.0, 2926878.0, 1, 0.224877202166
2669980.0, 12094682.0, 1, 0.2180433615
4817632.0, 2921638.0, 1, 0.205311977541
2621114.0, 14561472.0, 1, 0.200440662775
2482346.0, 15789686.0, 1, 0.15245751581
3538164.0, 3415232.0, 1, 0.137136714398
2708848.0, 11374202.0, 1, 0.119242802036
2769594.0, 10509192.0, 1, 0.119092403971
3149268.0, 3567154.0, 1, 0.115819391147
5269726.0, 2800612.0, 1, 0.111938486816
3748920.0, 3223908.0, 1, 0.111380149313
2571668.0, 14970754.0, 1, 0.104234978111
2449122.0, 17012570.0, 1, 0.0884550895301
2428796.0, 17027890.0, 1, 0.0864084125758
3029654.0, 8025666.0, 1, 0.0836066021463
2997880.0, 9031936.0, 1, 0.08243894216
2807700.0, 9788770.0, 1, 0.0654865496629
5020204.0, 2811932.0, 1, 0.0555419288431
2930040.0, 9610948.0, 1, 0.0538353205098
2931800.0, 9033356.0, 1, 0.0491767802129
5007218.0, 2879696.0, 1, 0.0459326581211
2893498.0, 9769524.0, 1, 0.0220985469233
2872928.0, 9786840.0, 1, 0.0177366616411
3101228.0, 8022508.0, 1, 0.00183844980799
2931800.0, 9033356.0, 1, 0.000428537841137
2931800.0, 9033356.0, 1, 0.0
2931800.0, 9033356.0, 1, 0.0
2931800.0, 9033356.0, 1, 0.0
7696158.0, 2528318.0, 2, inf
2484342.0, 16051274.0, 2, inf
5836006.0, 2885198.0, 2, 0.732629308564
3178926.0, 8000998.0, 2, 0.408023659592
3198266.0, 3569640.0, 2, 0.390869813027
4146588.0, 3225660.0, 2, 0.349588251191
2688856.0, 14544364.0, 2, 0.297140994314
2788046.0, 11435048.0, 2, 0.247438653823
3178218.0, 11506868.0, 2, 0.24115897333
3114872.0, 9266138.0, 2, 0.224528825478
3375628.0, 9261094.0, 2, 0.199025647808
4146588.0, 3225660.0, 2, 0.173102002427
2582880.0, 14992754.0, 2, 0.150673925537
3120396.0, 9035308.0, 2, 0.105336298398
3169858.0, 17263130.0, 3, inf
2566060.0, 16233604.0, 3, inf
9532996.0, 2575660.0, 3, inf
6886782.0, 2895796.0, 3, 0.475090315112
9518624.0, 2781274.0, 3, 0.401621184151
4132552.0, 6804354.0, 3, 0.365783977067
4507050.0, 4027920.0, 3, 0.244479454435
3338716.0, 8953476.0, 3, 0.236729486822
5996700.0, 2921792.0, 3, 0.18936434197
3865302.0, 13542222.0, 3, 0.186309678372
5018156.0, 11570610.0, 3, 0.182358587889
2745176.0, 14969384.0, 3, 0.173033375022
3835222.0, 9933820.0, 3, 0.136709316708
4384592.0, 11362104.0, 3, 0.131787065197
2765732.0, 15788910.0, 3, 0.117542293473
4057480.0, 12598708.0, 3, 0.117048594087
6273048.0, 2916930.0, 3, 0.112024150481
3593674.0, 11949896.0, 3, 0.0857999257883
4008710.0, 9600112.0, 3, 0.0647577470872
4269458.0, 11664172.0, 3, 0.0620003722392
3748650.0, 12084154.0, 3, 0.0582352246998
6078186.0, 3463492.0, 3, 0.0544415644373
4869504.0, 3630652.0, 3, 0.0542983176357
4825336.0, 9387836.0, 3, 0.051208294079
3737262.0, 4017692.0, 3, 0.0492925881627
4819468.0, 3626684.0, 3, 0.0484325952667
2625926.0, 16226660.0, 3, 0.0469031855994
2623854.0, 15800482.0, 3, 0.0383971897347
6118648.0, 3587974.0, 3, 0.0365473284325
4438036.0, 3464314.0, 3, 0.0222323676371
4411206.0, 3590300.0, 3, 0.0103066708446
10118984.0, 3012708.0, 4, inf
4576338.0, 7220902.0, 4, inf
12594264.0, 3075800.0, 4, inf
11366602.0, 16063388.0, 4, inf
10876782.0, 13429232.0, 4, 0.371043834273
5661908.0, 14903046.0, 4, 0.224431895491
8439464.0, 11477818.0, 4, 0.223514360095
9516182.0, 10511956.0, 4, 0.183955610335
7358376.0, 7693286.0, 4, 0.173978770683
12027828.0, 4749192.0, 4, 0.156173502773
5198564.0, 5501282.0, 4, 0.148272816583
5648614.0, 8664044.0, 4, 0.138896008242
4758726.0, 5944530.0, 4, 0.113599078031
7040818.0, 8751794.0, 4, 0.111666799813
7549146.0, 9751742.0, 4, 0.110505208218
6206962.0, 6742822.0, 4, 0.103561350485
5027434.0, 5020556.0, 4, 0.101971676669
6602440.0, 10058622.0, 4, 0.0975161774181
7859736.0, 8942330.0, 4, 0.0949585341075
6634010.0, 11253546.0, 4, 0.0911552887868
9191332.0, 3439364.0, 4, 0.0805396226118
Generacion: 345
7822160.0, 2417258.0, 1, inf
2359984.0, 17839446.0, 1, inf
7269664.0, 2422822.0, 1, 0.634748280011
4402816.0, 2552114.0, 1, 0.580513072435
3109740.0, 3943170.0, 1, 0.31099583959
3029654.0, 8025666.0, 1, 0.270532841515
2613712.0, 14539322.0, 1, 0.20448791997
2669980.0, 12094682.0, 1, 0.165630318191
2893498.0, 9769524.0, 1, 0.142199177058
2774516.0, 11364856.0, 1, 0.13785516588
3293530.0, 3231608.0, 1, 0.132039255834
3748920.0, 3223908.0, 1, 0.117850082724
2571668.0, 14970754.0, 1, 0.105125777562
2482346.0, 15789686.0, 1, 0.0956466305686
2449122.0, 17012570.0, 1, 0.0900909661989
3029654.0, 8025666.0, 1, 0.0799101218236
3149268.0, 3567154.0, 1, 0.0797866111377
2997880.0, 9031936.0, 1, 0.0773459422732
2708848.0, 11374202.0, 1, 0.0664612768612
4146592.0, 2557762.0, 1, 0.0657370205057
3956508.0, 2926878.0, 1, 0.0635574013887
2482346.0, 15789686.0, 1, 0.0591834535041
4051608.0, 2574304.0, 1, 0.0587341380752
3933568.0, 3221218.0, 1, 0.0572645471057
2669980.0, 12094682.0, 1, 0.0570184955915
2428796.0, 17027890.0, 1, 0.0563438515593
2931800.0, 9033356.0, 1, 0.0495497566736
2930040.0, 9610948.0, 1, 0.0441420217343
2428796.0, 17027890.0, 1, 0.0135912836598
2930040.0, 9610948.0, 1, 0.0106045442003
2997880.0, 9031936.0, 1, 0.00590917073666
2931800.0, 9033356.0, 1, 0.000414291040363
2931800.0, 9033356.0, 1, 0.0
2482346.0, 15789686.0, 1, 0.0
2484342.0, 16051274.0, 2, inf
7428410.0, 2425148.0, 2, inf
5020204.0, 2811932.0, 2, 0.552137646472
4081382.0, 4130928.0, 2, 0.482296179602
3187026.0, 8003152.0, 2, 0.330596937444
4232998.0, 3493294.0, 2, 0.221901751187
3484838.0, 8220594.0, 2, 0.219233889437
2991956.0, 12508096.0, 2, 0.176065883449
4727934.0, 2889200.0, 2, 0.172564219942
3142708.0, 13734744.0, 2, 0.155446115913
3044046.0, 10201556.0, 2, 0.132010945262
2894528.0, 10788112.0, 2, 0.123971119711
2688856.0, 14544364.0, 2, 0.123527284023
2752820.0, 11747728.0, 2, 0.114827020898
3120396.0, 9035308.0, 2, 0.105626936934
2688856.0, 14544364.0, 2, 0.100782272426
3300708.0, 11510292.0, 2, 0.0964429626149
3150098.0, 8953482.0, 2, 0.0686722601426
4848270.0, 2837636.0, 2, 0.0647858644919
3315662.0, 10480118.0, 2, 0.0514569072274
3342290.0, 9034188.0, 2, 0.0402230576748
9532996.0, 2575660.0, 3, inf
2717988.0, 14991384.0, 3, inf
5057668.0, 18366982.0, 3, inf
8320456.0, 2790590.0, 3, 0.265200659664
6677142.0, 2928028.0, 3, 0.265138998745
7837756.0, 2585470.0, 3, 0.254742271906
4465954.0, 13554230.0, 3, 0.224240992363
4665976.0, 5867550.0, 3, 0.223183758787
4147542.0, 11484704.0, 3, 0.205226025035
2760858.0, 14559650.0, 3, 0.164123545691
4278722.0, 7971716.0, 3, 0.163580861405
3593560.0, 16679318.0, 3, 0.16345873949
6167646.0, 3590460.0, 3, 0.16275447895
3867938.0, 9037728.0, 3, 0.158989742147
3252946.0, 15350388.0, 3, 0.156746520032
4479882.0, 7131258.0, 3, 0.139278468987
3850164.0, 11022438.0, 3, 0.139017873992
3460986.0, 17178884.0, 3, 0.124187787041
5041534.0, 4422580.0, 3, 0.120531827959
5186036.0, 3229152.0, 3, 0.113698701724
5138168.0, 9925200.0, 3, 0.0909092875025
5728264.0, 2911376.0, 3, 0.0793716855938
5627142.0, 2845232.0, 3, 0.0765503444584
4173918.0, 9793308.0, 3, 0.075448674702
4507050.0, 4027920.0, 3, 0.0591965446104
4859074.0, 4360790.0, 3, 0.0568756626145
3324286.0, 15347698.0, 3, 0.0530470624691
3254404.0, 17029838.0, 3, 0.0421035495692
4886510.0, 3857204.0, 3, 0.0417947434143
2745176.0, 14969384.0, 3, 0.0336304811174
5655600.0, 3734664.0, 3, 0.0310892113678
4883262.0, 3600578.0, 3, 0.0131576716849
5096940.0, 2912134.0, 3, 0.0128666683773
12621956.0, 17166848.0, 4, inf
4707776.0, 7811452.0, 4, inf
6769560.0, 2931356.0, 4, inf
10159998.0, 16603100.0, 4, 0.36407796441
8792534.0, 10679750.0, 4, 0.35491511694
5892860.0, 14742970.0, 4, 0.317459364181
7148112.0, 15138546.0, 4, 0.197585828792
8316480.0, 5974552.0, 4, 0.197095335369
8806140.0, 3775362.0, 4, 0.183548823262
11476672.0, 7224068.0, 4, 0.165184354753
12265882.0, 3132272.0, 4, 0.155506004836
10559890.0, 3920134.0, 4, 0.151262120003
Generacion: 346
2482346.0, 15789686.0, 1, inf
8882256.0, 2410430.0, 1, inf
3293530.0, 3231608.0, 1, 0.531757390283
7320732.0, 2413204.0, 1, 0.400356576582
3244034.0, 8000558.0, 1, 0.374790884853
6349256.0, 2471570.0, 1, 0.371985471397
2688856.0, 14544364.0, 1, 0.311460229905
5003136.0, 2545070.0, 1, 0.310155592596
2708848.0, 11374202.0, 1, 0.251029167674
4051608.0, 2574304.0, 1, 0.183657794856
4402816.0, 2552114.0, 1, 0.1347855148
2776722.0, 10795458.0, 1, 0.122985793673
2807700.0, 9788770.0, 1, 0.112489597912
2620044.0, 15355660.0, 1, 0.0951030767745
3029654.0, 8025666.0, 1, 0.0905285991354
2997880.0, 9031936.0, 1, 0.0855363527563
2930040.0, 9610948.0, 1, 0.0622866052529
4146592.0, 2557762.0, 1, 0.0565355593727
2590462.0, 15611076.0, 1, 0.0539558344597
2931800.0, 9033356.0, 1, 0.053495856633
2774516.0, 11364856.0, 1, 0.0528190400958
3176174.0, 8000694.0, 1, 0.0211958362928
2930040.0, 9610948.0, 1, 0.0135658774405
3094848.0, 8023446.0, 1, 0.0114196318105
3111134.0, 8006310.0, 1, 0.0113733230875
2997880.0, 9031936.0, 1, 0.00507089176862
3101228.0, 8022508.0, 1, 0.0038255119927
3111134.0, 8006310.0, 1, 0.00196758854872
2774516.0, 11364856.0, 1, 0.00104323642173
2931800.0, 9033356.0, 1, 0.000381138318963
2931800.0, 9033356.0, 1, 0.0
2997880.0, 9031936.0, 1, 0.0
8896268.0, 2570302.0, 2, inf
2735614.0, 12085032.0, 2, inf
2760858.0, 14559650.0, 2, inf
7822160.0, 2417258.0, 2, inf
4960224.0, 2934508.0, 2, 0.548932156663
3869104.0, 5544830.0, 2, 0.351451040706
3178926.0, 8000998.0, 2, 0.249798164376
3374610.0, 14211700.0, 2, 0.220969012143
3879284.0, 3790936.0, 2, 0.194876723643
3450260.0, 8166926.0, 2, 0.138052053568
4312468.0, 2570766.0, 2, 0.123860362397
4890978.0, 2557750.0, 2, 0.117748138127
2879070.0, 11562514.0, 2, 0.112712313886
3700894.0, 9382346.0, 2, 0.108839683257
3342290.0, 9034188.0, 2, 0.0979416269997
4011328.0, 3458878.0, 2, 0.0977746287334
2916114.0, 10484506.0, 2, 0.0943836118034
4098234.0, 9796598.0, 2, 0.0826711716719
3850164.0, 11022438.0, 2, 0.0685315498113
3044046.0, 10201556.0, 2, 0.0663399668207
4188300.0, 9263218.0, 2, 0.0634474884156
3133736.0, 14555320.0, 2, 0.0505495830273
3850164.0, 11022438.0, 2, 0.0475528997736
4047116.0, 10107904.0, 2, 0.0474573790831
3342290.0, 9034188.0, 2, 0.0241082129081
4312468.0, 2570766.0, 2, 0.0201932162525
13479162.0, 3833992.0, 3, inf
2774074.0, 15786948.0, 3, inf
13008886.0, 3067876.0, 3, inf
5392668.0, 16551754.0, 3, inf
10114020.0, 3751214.0, 3, 0.469651857198
8106154.0, 4581394.0, 3, 0.260231962632
6240864.0, 12698044.0, 3, 0.18906642846
5060390.0, 10762036.0, 3, 0.187737734693
3948022.0, 5381438.0, 3, 0.150257166853
4321928.0, 13964422.0, 3, 0.147008703191
4000276.0, 8006410.0, 3, 0.135451643078
6920798.0, 4943406.0, 3, 0.11777585043
4199514.0, 8644820.0, 3, 0.112784708193
6653706.0, 10225300.0, 3, 0.105148448346
5568750.0, 9816448.0, 3, 0.102325605864
5016764.0, 6999696.0, 3, 0.0989742780681
4945380.0, 5888166.0, 3, 0.0910081155432
7569086.0, 4675838.0, 3, 0.0887839218686
7583830.0, 3335374.0, 3, 0.0793154809071
4232744.0, 7135180.0, 3, 0.0780567108139
4713450.0, 16434564.0, 3, 0.0724805756437
4493374.0, 13479096.0, 3, 0.0706252722592
4235870.0, 9234374.0, 3, 0.0673519944792
5952862.0, 10170328.0, 3, 0.0613436149952
6264942.0, 3248044.0, 3, 0.0584033843501
4755010.0, 4353870.0, 3, 0.0574751623232
4360332.0, 13961470.0, 3, 0.0520084329023
5908770.0, 3989418.0, 3, 0.0502634683118
5063358.0, 5846186.0, 3, 0.0492455807314
4586292.0, 12918296.0, 3, 0.048675952391
5365922.0, 9440652.0, 3, 0.0458526628172
5185268.0, 3641046.0, 3, 0.0379962446806
4990888.0, 5110922.0, 3, 0.0379074635434
5248384.0, 5364632.0, 3, 0.0338455332893
5199182.0, 13193970.0, 3, 0.0314355726907
5363930.0, 13094408.0, 3, 0.0314243506664
5216378.0, 4082228.0, 3, 0.0287694449834
4932430.0, 3676630.0, 3, 0.0259534824621
4507050.0, 4027920.0, 3, 0.0155628325559
12073952.0, 17868384.0, 4, inf
13355858.0, 4558222.0, 4, inf
5628396.0, 7781068.0, 4, inf
Generacion: 347
2361980.0, 18101034.0, 1, inf
6949694.0, 2411920.0, 1, inf
3402756.0, 3220954.0, 1, 0.582774647209
2582880.0, 14992754.0, 1, 0.404208836848
3315760.0, 7977806.0, 1, 0.327492306102
4402816.0, 2552114.0, 1, 0.317269975868
5333146.0, 2472814.0, 1, 0.310445713608
2671740.0, 11517034.0, 1, 0.258098623672
6063090.0, 2470490.0, 1, 0.246981256118
2428796.0, 17027890.0, 1, 0.246267329773
4641292.0, 2478828.0, 1, 0.207841730577
6459918.0, 2451244.0, 1, 0.174733997633
2710608.0, 10796588.0, 1, 0.122600112389
6853002.0, 2430418.0, 1, 0.109264631942
2807700.0, 9788770.0, 1, 0.105328650287
3029654.0, 8025666.0, 1, 0.0900581929097
2997880.0, 9031936.0, 1, 0.0855581882117
2931800.0, 9033356.0, 1, 0.0512185136348
2708848.0, 11374202.0, 1, 0.0449047881289
2930040.0, 9610948.0, 1, 0.0447800128913
2893498.0, 9769524.0, 1, 0.0380009767506
3178926.0, 8000998.0, 1, 0.0293352995373
3111134.0, 8006310.0, 1, 0.0180990581135
3111134.0, 8006310.0, 1, 0.0160105800404
3292406.0, 7981642.0, 1, 0.0154271501169
3244034.0, 8000558.0, 1, 0.0143678631697
3250830.0, 7997796.0, 1, 0.0117494900754
2930040.0, 9610948.0, 1, 0.0104910237157
2708848.0, 11374202.0, 1, 0.00948752536646
3244034.0, 8000558.0, 1, 0.00150939271446
2931800.0, 9033356.0, 1, 0.000474141946595
2708848.0, 11374202.0, 1, 0.0
2930040.0, 9610948.0, 1, 0.0
3111134.0, 8006310.0, 1, 0.0
7320732.0, 2413204.0, 2, inf
2590462.0, 15611076.0, 2, inf
6349256.0, 2471570.0, 2, 0.405022720036
4259612.0, 3499840.0, 2, 0.401441054491
3589630.0, 7996830.0, 2, 0.385327500517
5436576.0, 2501680.0, 2, 0.290144801515
5003136.0, 2545070.0, 2, 0.209380776148
4471058.0, 2571180.0, 2, 0.191784670652
3219646.0, 12993006.0, 2, 0.147458037417
2987686.0, 12698768.0, 2, 0.140297541865
3374610.0, 14211700.0, 2, 0.139008442602
2860336.0, 11518982.0, 2, 0.120252167116
3867938.0, 9037728.0, 2, 0.117462111306
4083780.0, 9854032.0, 2, 0.116363541716
2837828.0, 14549846.0, 2, 0.113102279745
3187026.0, 8003152.0, 2, 0.0999869538008
3070250.0, 9029038.0, 2, 0.0988322505053
4319138.0, 3355332.0, 2, 0.0971573476556
3360512.0, 14992948.0, 2, 0.0872417660064
3522748.0, 11508524.0, 2, 0.0821182284544
3731412.0, 9754904.0, 2, 0.0719388666932
3460070.0, 10457176.0, 2, 0.0703342275512
3113764.0, 10796680.0, 2, 0.065153328909
3116636.0, 10197850.0, 2, 0.06118800552
2995674.0, 9601300.0, 2, 0.060923675283
4386350.0, 9681096.0, 2, 0.0429875549031
2845458.0, 10712794.0, 2, 0.0304824377973
3342290.0, 9034188.0, 2, 0.0304381349325
3093642.0, 9611430.0, 2, 0.0152451782866
3447816.0, 14805066.0, 3, inf
7712600.0, 2435934.0, 3, inf
9996280.0, 2512614.0, 3, inf
6704274.0, 18526496.0, 3, inf
8704470.0, 2528614.0, 3, 0.262991414979
5140900.0, 6213562.0, 3, 0.259214893835
5174628.0, 8800968.0, 3, 0.204301826662
8289132.0, 10698764.0, 3, 0.18600800507
3743472.0, 16004012.0, 3, 0.181373431401
4053766.0, 13558744.0, 3, 0.170489201666
7488594.0, 3215392.0, 3, 0.169174535971
6482334.0, 12268922.0, 3, 0.167988219414
5038814.0, 17602450.0, 3, 0.165584953414
6392458.0, 3768496.0, 3, 0.146724873432
6734782.0, 3356264.0, 3, 0.145699219769
5968574.0, 11221496.0, 3, 0.11811366863
5486620.0, 4741398.0, 3, 0.107731674446
4919992.0, 13851038.0, 3, 0.0939781419281
3861300.0, 11621898.0, 3, 0.0926960212196
7811444.0, 2586152.0, 3, 0.0917930603046
4883064.0, 9243030.0, 3, 0.0829262976131
5152786.0, 15700042.0, 3, 0.0796628964337
4691348.0, 9835568.0, 3, 0.0750026491233
5107472.0, 4731082.0, 3, 0.0744991874046
5694466.0, 3017626.0, 3, 0.0655396167805
4333860.0, 11539830.0, 3, 0.0592183972153
5466606.0, 10320292.0, 3, 0.05463509786
4991254.0, 9573486.0, 3, 0.0537819340379
5888958.0, 2947622.0, 3, 0.0535744261971
5257730.0, 2829108.0, 3, 0.0504909579137
4384592.0, 11362104.0, 3, 0.049000675345
5568750.0, 9816448.0, 3, 0.0480275900729
4596964.0, 10422822.0, 3, 0.0414700026322
7704798.0, 11481930.0, 3, 0.0379259884686
4549536.0, 11479996.0, 3, 0.0363422998777
5367842.0, 2549574.0, 3, 0.035472830648
4573812.0, 3632582.0, 3, 0.0328621049327
Generacion: 348
2369348.0, 17808138.0, 1, inf
8882256.0, 2410430.0, 1, inf
2590462.0, 15611076.0, 1, 0.435604424851
3213358.0, 4289786.0, 1, 0.303910230991
6949694.0, 2411920.0, 1, 0.297466785919
2671740.0, 11517034.0, 1, 0.293339774867
3176174.0, 8000694.0, 1, 0.257064250635
5894434.0, 2423296.0, 1, 0.214837613139
5560144.0, 2434776.0, 1, 0.196015493073
2491694.0, 17798682.0, 1, 0.176637718747
6949694.0, 2411920.0, 1, 0.162122701379
4641292.0, 2478828.0, 1, 0.160070152281
3852392.0, 3233248.0, 1, 0.148365778378
3447816.0, 3431322.0, 1, 0.109537619085
3266428.0, 3534550.0, 1, 0.0917516864421
2851074.0, 10490116.0, 1, 0.0829712932386
4051608.0, 2574304.0, 1, 0.0826008153833
4310860.0, 2565974.0, 1, 0.0806139510071
2997880.0, 9031936.0, 1, 0.0804687806594
3029654.0, 8025666.0, 1, 0.0803846989013
2930040.0, 9610948.0, 1, 0.0573675616215
4571720.0, 2562674.0, 1, 0.0563946140258
2930040.0, 9610948.0, 1, 0.0496360948325
2931800.0, 9033356.0, 1, 0.0476575623551
2710608.0, 10796588.0, 1, 0.0465697695503
2708848.0, 11374202.0, 1, 0.0432105942019
2769594.0, 10509192.0, 1, 0.0414710659757
4051608.0, 2574304.0, 1, 0.0311288621825
2710608.0, 10796588.0, 1, 0.0189350884248
3094848.0, 8023446.0, 1, 0.0137676108146
3111134.0, 8006310.0, 1, 0.0110992154518
2708848.0, 11374202.0, 1, 0.0095464183708
3111134.0, 8006310.0, 1, 0.00286530231665
2931800.0, 9033356.0, 1, 0.000362454108063
2931800.0, 9033356.0, 1, 0.0
2931800.0, 9033356.0, 1, 0.0
2930040.0, 9610948.0, 1, 0.0
2930040.0, 9610948.0, 1, 0.0
2706154.0, 15323698.0, 2, inf
9253750.0, 2411818.0, 2, inf
2887388.0, 17989276.0, 2, inf
7320732.0, 2413204.0, 2, 0.322235880461
3244034.0, 8000558.0, 2, 0.317101556256
3266534.0, 4290860.0, 2, 0.296912623336
6063090.0, 2470490.0, 2, 0.273345481387
4312468.0, 2570766.0, 2, 0.269975197615
3110342.0, 12085602.0, 2, 0.25854366721
7155468.0, 2439388.0, 2, 0.195754402303
3293760.0, 10300932.0, 2, 0.188432234374
5389738.0, 2496548.0, 2, 0.181367534353
4670732.0, 3493280.0, 2, 0.166748012131
2873300.0, 17018654.0, 2, 0.165968550604
4906476.0, 2563722.0, 2, 0.109919911592
3150098.0, 8953482.0, 2, 0.104519783569
3112124.0, 11374294.0, 2, 0.0887253668091
3002376.0, 9607790.0, 2, 0.0772558419163
3023152.0, 17809310.0, 2, 0.0671520894616
2776722.0, 10795458.0, 2, 0.0587417848166
3044046.0, 10201556.0, 2, 0.0513005008465
4681268.0, 2544022.0, 2, 0.0403169217704
2845458.0, 10712794.0, 2, 0.0369375142716
3293576.0, 9314882.0, 2, 0.0277577816271
3111440.0, 9321104.0, 2, 0.0190754856083
3078634.0, 10790666.0, 2, 0.0154135255076
3034084.0, 10713080.0, 2, 0.00819011332248
2845458.0, 10712794.0, 2, 0.00427060755852
11148248.0, 3525136.0, 3, inf
3815948.0, 18943018.0, 3, inf
2899212.0, 10798832.0, 3, inf
10119208.0, 2682188.0, 3, inf
6974476.0, 5588708.0, 3, 0.223247685919
4541090.0, 17173670.0, 3, 0.206345148349
7660326.0, 13366588.0, 3, 0.163421121817
3989422.0, 7613154.0, 3, 0.148242914488
3344244.0, 16229262.0, 3, 0.140596457651
9053584.0, 3313848.0, 3, 0.1392540705
6314830.0, 12070050.0, 3, 0.136135480473
4159750.0, 14550258.0, 3, 0.125315458445
4873082.0, 11370068.0, 3, 0.125091755948
5448432.0, 4298724.0, 3, 0.109106471557
6712362.0, 7995532.0, 3, 0.103246304344
3804948.0, 14984258.0, 3, 0.102252465232
7128890.0, 10684456.0, 3, 0.0896634843864
7992416.0, 12226356.0, 3, 0.0836739486296
5107152.0, 12698316.0, 3, 0.082936297542
9006716.0, 4354682.0, 3, 0.080943491014
3346810.0, 15769778.0, 3, 0.0792669797805
5950814.0, 7626180.0, 3, 0.072932934981
8494416.0, 3263976.0, 3, 0.0725085511744
7265504.0, 4804038.0, 3, 0.0722722658413
5831636.0, 3212676.0, 3, 0.0718143223283
7291246.0, 4512678.0, 3, 0.0662237385709
3591120.0, 9022210.0, 3, 0.0634044898279
3970488.0, 9866082.0, 3, 0.0599598455921
8386224.0, 9786658.0, 3, 0.0560899940139
7583830.0, 3335374.0, 3, 0.0559822144085
3440644.0, 8021498.0, 3, 0.053749085075
8084202.0, 3496620.0, 3, 0.0531324258145
3939104.0, 9469946.0, 3, 0.0529029228372
5907182.0, 3787818.0, 3, 0.0514761561067
Generacion: 349
2369348.0, 17808138.0, 1, inf
8882256.0, 2410430.0, 1, inf
8882256.0, 2410430.0, 1, inf
2369348.0, 17808138.0, 1, inf
6949694.0, 2411920.0, 1, 0.351048140449
3109740.0, 3943170.0, 1, 0.297768398546
3094848.0, 8023446.0, 1, 0.275002394043
2669980.0, 12094682.0, 1, 0.257236000142
3407714.0, 3215066.0, 1, 0.243373646864
2620044.0, 15355660.0, 1, 0.240580554174
6598854.0, 2417386.0, 1, 0.226654343447
5477662.0, 2421724.0, 1, 0.187527483935
4310860.0, 2565974.0, 1, 0.139744476592
5387394.0, 2440766.0, 1, 0.132125894613
4641292.0, 2478828.0, 1, 0.119142787415
3149268.0, 3567154.0, 1, 0.0930378170326
2552778.0, 16724692.0, 1, 0.0876427330346
3029654.0, 8025666.0, 1, 0.0803846989013
2590462.0, 15611076.0, 1, 0.0768655483589
2997880.0, 9031936.0, 1, 0.0754979396372
2893498.0, 9769524.0, 1, 0.0692218669487
2449122.0, 17012570.0, 1, 0.0678618270362
2398982.0, 17552796.0, 1, 0.0639165487848
4310860.0, 2565974.0, 1, 0.0596870586308
2851074.0, 10490116.0, 1, 0.0582147520252
2671740.0, 11517034.0, 1, 0.0527592206935
2710608.0, 10796588.0, 1, 0.0476642115415
2931800.0, 9033356.0, 1, 0.0476575623551
2708848.0, 11374202.0, 1, 0.0432105942019
2930040.0, 9610948.0, 1, 0.0431222610734
2776722.0, 10795458.0, 1, 0.0414710659757
4641292.0, 2478828.0, 1, 0.035674913394
2491168.0, 16725824.0, 1, 0.0346116304403
4425044.0, 2549432.0, 1, 0.0342773027886
2851074.0, 10490116.0, 1, 0.0263441877312
2590462.0, 15611076.0, 1, 0.0223739716053
4425044.0, 2549432.0, 1, 0.0221173112372
2930040.0, 9610948.0, 1, 0.0105689082115
2708848.0, 11374202.0, 1, 0.0095464183708
2997880.0, 9031936.0, 1, 0.00497084102217
3094848.0, 8023446.0, 1, 0.00243071351616
2931800.0, 9033356.0, 1, 0.000362454108063
2710608.0, 10796588.0, 1, 0.00034362013615
2708848.0, 11374202.0, 1, 0.0
2851074.0, 10490116.0, 1, 0.0
2930040.0, 9610948.0, 1, 0.0
2931800.0, 9033356.0, 1, 0.0
2708848.0, 11374202.0, 1, 0.0
3821570.0, 19037928.0, 2, inf
6969892.0, 2418642.0, 2, inf
10256490.0, 2422670.0, 2, inf
2491694.0, 17798682.0, 2, inf
2896598.0, 14534186.0, 2, 0.353825917768
3111134.0, 8006310.0, 2, 0.325701771454
3962388.0, 4018932.0, 2, 0.283073013017
6032124.0, 3266038.0, 2, 0.207707140569
3061516.0, 12785266.0, 2, 0.155123371979
5450676.0, 2453818.0, 2, 0.13723242735
3794594.0, 12087730.0, 2, 0.118026959487
5104098.0, 3369338.0, 2, 0.0906199372249
4824254.0, 3514524.0, 2, 0.0887604493628
3293760.0, 10300932.0, 2, 0.0854340159875
5784834.0, 2442338.0, 2, 0.0767567935273
4322164.0, 9177742.0, 2, 0.0737578038336
2935636.0, 18313354.0, 2, 0.0701642539663
3338716.0, 8953476.0, 2, 0.0675843724777
3447816.0, 3431322.0, 2, 0.0671908469086
3970488.0, 9866082.0, 2, 0.0616069010701
3871118.0, 11559436.0, 2, 0.0588741346218
4606096.0, 9597364.0, 2, 0.0538513847571
4116906.0, 11623702.0, 2, 0.0520430155647
4127764.0, 9494658.0, 2, 0.0484760564259
4689432.0, 9231048.0, 2, 0.0471649505802
2896732.0, 10946654.0, 2, 0.0461029940082
2899212.0, 10798832.0, 2, 0.0438640805524
3063854.0, 18092654.0, 2, 0.0320931783657
3002376.0, 9607790.0, 2, 0.0320083375406
3070250.0, 9029038.0, 2, 0.0195833424385
3340704.0, 9603552.0, 2, 0.0146779379407
7155468.0, 2439388.0, 3, inf
11352384.0, 10320216.0, 3, inf
6575568.0, 20544190.0, 3, inf
3972028.0, 3559966.0, 3, inf
6060704.0, 5661964.0, 3, 0.225568387009
7764370.0, 14139456.0, 3, 0.209007357997
7123096.0, 18245752.0, 3, 0.206822578688
5671068.0, 15936218.0, 3, 0.205189748977
6361628.0, 8058992.0, 3, 0.176344424561
6820682.0, 8691842.0, 3, 0.153652865015
8836628.0, 11540630.0, 3, 0.147325106112
9820370.0, 12458064.0, 3, 0.146906489813
8667012.0, 12715964.0, 3, 0.146635916976
9702838.0, 2784942.0, 3, 0.140303233232
10629884.0, 3801814.0, 3, 0.140220787024
6574874.0, 16555858.0, 3, 0.138647654333
8438982.0, 19479074.0, 3, 0.131442142347
7463378.0, 9497702.0, 3, 0.123322621891
4719922.0, 10195600.0, 3, 0.0796553697619
4354078.0, 12019508.0, 3, 0.0794115476186
10974310.0, 2871416.0, 3, 0.0747140918609
Generacion: 350
8882256.0, 2410430.0, 1, inf
2359984.0, 17839446.0, 1, inf
2359984.0, 17839446.0, 1, inf
8882256.0, 2410430.0, 1, inf
6949694.0, 2411920.0, 1, 0.458929160608
2521342.0, 15358350.0, 1, 0.327573562078
3109740.0, 3943170.0, 1, 0.27933167493
2669980.0, 12094682.0, 1, 0.272026153828
3101228.0, 8022508.0, 1, 0.266737966563
3407714.0, 3215066.0, 1, 0.259784128539
5894434.0, 2423296.0, 1, 0.241402689492
4310860.0, 2565974.0, 1, 0.199119556894
5387394.0, 2440766.0, 1, 0.19573193406
4641292.0, 2478828.0, 1, 0.15459124138
2491168.0, 16725824.0, 1, 0.0979677614179
3197672.0, 3940842.0, 1, 0.0928761799859
2851074.0, 10490116.0, 1, 0.0843979966571
3094848.0, 8023446.0, 1, 0.081269402367
2997880.0, 9031936.0, 1, 0.0754946480244
2893498.0, 9769524.0, 1, 0.0690885999673
2449122.0, 17012570.0, 1, 0.0630210852273
4425044.0, 2549432.0, 1, 0.056310289669
2930040.0, 9610948.0, 1, 0.0535857112565
2671740.0, 11517034.0, 1, 0.0526557053164
2708848.0, 11374202.0, 1, 0.0526535016762
2710608.0, 10796588.0, 1, 0.047916600725
2931800.0, 9033356.0, 1, 0.0475668786838
2776722.0, 10795458.0, 1, 0.0413997139029
2398982.0, 17552796.0, 1, 0.0395571480017
2466980.0, 16741298.0, 1, 0.0250313799789
2369348.0, 17808138.0, 1, 0.0245578361193
2398982.0, 17552796.0, 1, 0.0242369727875
2997880.0, 9031936.0, 1, 0.0149592463014
2931800.0, 9033356.0, 1, 0.000361879003646
2997880.0, 9031936.0, 1, 0.0
2590462.0, 15611076.0, 2, inf
10256490.0, 2422670.0, 2, inf
3090244.0, 18443964.0, 2, inf
9253750.0, 2411818.0, 2, inf
8060846.0, 2916398.0, 2, 0.272798835595
4900628.0, 4003384.0, 2, 0.266458803484
4673484.0, 7157276.0, 2, 0.263169556089
6116162.0, 2580428.0, 2, 0.228343646126
7245648.0, 2419760.0, 2, 0.191885688133
2688856.0, 14544364.0, 2, 0.166299913392
4538352.0, 7607076.0, 2, 0.162993936068
3066146.0, 16690596.0, 2, 0.151850748061
3180596.0, 9262160.0, 2, 0.128031520076
5670562.0, 3609994.0, 2, 0.127105712932
3689758.0, 12663188.0, 2, 0.119894694167
3036690.0, 17979998.0, 2, 0.117269732733
7581974.0, 2544860.0, 2, 0.114254628994
3255642.0, 13130722.0, 2, 0.107387612238
5367842.0, 2549574.0, 2, 0.102653083217
2916114.0, 10484506.0, 2, 0.0894143417608
2590462.0, 15611076.0, 2, 0.0801697853555
3901184.0, 10305352.0, 2, 0.0801444791806
2846234.0, 15411950.0, 2, 0.0761227937677
2774516.0, 11364856.0, 2, 0.075565700338
4311536.0, 9375276.0, 2, 0.0680614069461
3110342.0, 12085602.0, 2, 0.0659823540763
4848870.0, 3457754.0, 2, 0.0659015723341
4127764.0, 9494658.0, 2, 0.0598473262952
3959436.0, 3970708.0, 2, 0.0540939511608
2857856.0, 11666830.0, 2, 0.0537152985569
3368274.0, 12987176.0, 2, 0.0492420440133
3259238.0, 9763602.0, 2, 0.0480147555022
3413170.0, 9600134.0, 2, 0.0462759656784
2848010.0, 18256916.0, 2, 0.0304557707982
3119642.0, 11366858.0, 2, 0.0279998607075
4554568.0, 3497910.0, 2, 0.0271233029877
3259238.0, 9763602.0, 2, 0.0106653469851
3068044.0, 9598402.0, 2, 0.00972251115932
3413170.0, 9600134.0, 2, 0.00596452081921
8298704.0, 20140726.0, 3, inf
9348124.0, 3363248.0, 3, inf
2669312.0, 16730566.0, 3, inf
14066108.0, 6112922.0, 3, inf
12826844.0, 3983900.0, 3, 0.261268084417
4936012.0, 8950498.0, 3, 0.235307221698
11412246.0, 15373702.0, 3, 0.202491736353
7130254.0, 17245524.0, 3, 0.183338036737
10532140.0, 10396508.0, 3, 0.147676910679
9356930.0, 15912936.0, 3, 0.1419354211
3486918.0, 14535654.0, 3, 0.133598704981
10919882.0, 14152390.0, 3, 0.115407401913
9097112.0, 13084290.0, 3, 0.0900979244901
7135386.0, 4675742.0, 3, 0.0879129790594
8036252.0, 12762678.0, 3, 0.0856895249808
6657292.0, 4440600.0, 3, 0.0822858895801
8330314.0, 16371492.0, 3, 0.0805742627153
8748924.0, 9917934.0, 3, 0.0765428307536
10804106.0, 6045544.0, 3, 0.0763104955639
4082868.0, 5212374.0, 3, 0.0758820711834
7789782.0, 11726184.0, 3, 0.0758674852292
9067252.0, 14971474.0, 3, 0.0741805655957
6593324.0, 11733690.0, 3, 0.0734776184713
7699094.0, 4574818.0, 3, 0.0714346322513
11158614.0, 16012004.0, 3, 0.0705336072551
3870728.0, 16701058.0, 3, 0.066342669383
Generacion: 351
8882256.0, 2410430.0, 1, inf
8882256.0, 2410430.0, 1, inf
2359984.0, 17839446.0, 1, inf
7681876.0, 2418350.0, 1, 0.537801224271
5387394.0, 2440766.0, 1, 0.411428588242
3213146.0, 4019520.0, 1, 0.286848424187
3111134.0, 8006310.0, 1, 0.276604808019
2669980.0, 12094682.0, 1, 0.256718736806
2620044.0, 15355660.0, 1, 0.240099622655
4829228.0, 3332370.0, 1, 0.212398432621
4020386.0, 3381806.0, 1, 0.162125607326
3839394.0, 3492268.0, 1, 0.152286559083
5179044.0, 2845616.0, 1, 0.143365944015
3293724.0, 4012454.0, 1, 0.130189604176
2930040.0, 9610948.0, 1, 0.106793884409
2482346.0, 15789686.0, 1, 0.0921853786241
2449122.0, 17012570.0, 1, 0.0875789213465
2466980.0, 16741298.0, 1, 0.0843526466334
3029654.0, 8025666.0, 1, 0.0802304210802
2997880.0, 9031936.0, 1, 0.0753507632815
2851074.0, 10490116.0, 1, 0.0726778104008
2776722.0, 10795458.0, 1, 0.0648432013026
2671740.0, 11517034.0, 1, 0.0526557053164
2590462.0, 15611076.0, 1, 0.0492424725843
2774516.0, 11364856.0, 1, 0.047916600725
2931800.0, 9033356.0, 1, 0.0475668786838
2834788.0, 10506968.0, 1, 0.0311898235045
2708848.0, 11374202.0, 1, 0.0256208038429
3094848.0, 8023446.0, 1, 0.0111784626561
2997880.0, 9031936.0, 1, 0.00496364967497
3101228.0, 8022508.0, 1, 0.00360761731047
2931800.0, 9033356.0, 1, 0.000361879003646
2931800.0, 9033356.0, 1, 0.0
2491168.0, 16725824.0, 2, inf
2491168.0, 16725824.0, 2, inf
9844440.0, 2931558.0, 2, inf
9253750.0, 2411818.0, 2, inf
5469866.0, 2788042.0, 2, 0.570925229752
4538352.0, 7607076.0, 2, 0.520793697397
4554568.0, 3497910.0, 2, 0.405867640882
2804228.0, 13561052.0, 2, 0.276841141718
2846234.0, 15411950.0, 2, 0.231195147397
3525886.0, 9264370.0, 2, 0.180079499989
2879070.0, 11562514.0, 2, 0.172716504461
5322578.0, 3324072.0, 2, 0.164041209768
3216222.0, 8950104.0, 2, 0.146297931177
2788046.0, 11435048.0, 2, 0.132790565916
2552778.0, 16724692.0, 2, 0.125332561266
3065498.0, 9744116.0, 2, 0.118777533354
3065498.0, 9744116.0, 2, 0.0587453964783
3114872.0, 9266138.0, 2, 0.048522225384
2737820.0, 11515610.0, 2, 0.0408999928714
3180596.0, 9262160.0, 2, 0.0302236604236
3070250.0, 9029038.0, 2, 0.0285153072663
3814218.0, 19837010.0, 3, inf
10092412.0, 3515628.0, 3, inf
5871626.0, 3450036.0, 3, inf
2622630.0, 17017764.0, 3, inf
9204806.0, 3529102.0, 3, 0.385361771669
5198564.0, 5501282.0, 3, 0.305161655389
7225420.0, 3456052.0, 3, 0.268578556322
2800502.0, 17830054.0, 3, 0.208984965636
4127764.0, 9494658.0, 3, 0.199875554223
4479156.0, 14776172.0, 3, 0.167006492779
4673484.0, 7157276.0, 3, 0.157163380496
4930398.0, 4006548.0, 3, 0.149482988302
6155252.0, 11197124.0, 3, 0.133033841086
3701446.0, 16244920.0, 3, 0.115601271619
3812478.0, 12990716.0, 3, 0.111822781188
3885136.0, 15350132.0, 3, 0.110680478848
3466668.0, 11970114.0, 3, 0.103164376289
4673484.0, 7157276.0, 3, 0.102763724938
4276716.0, 10404504.0, 3, 0.100218258821
5773672.0, 3541024.0, 3, 0.0954530319934
6781662.0, 3471858.0, 3, 0.0898062245215
4373748.0, 12939572.0, 3, 0.0891664645988
6424626.0, 3616746.0, 3, 0.0807415725405
7208530.0, 9762988.0, 3, 0.0758191484223
6564854.0, 11669956.0, 3, 0.0753684239742
3971468.0, 10094482.0, 3, 0.0715917236368
3267556.0, 17706540.0, 3, 0.0641661947313
2669312.0, 16730566.0, 3, 0.0631474747844
3259238.0, 9763602.0, 3, 0.0614497027695
4781996.0, 3965562.0, 3, 0.0581810829504
3560152.0, 11371372.0, 3, 0.0494867831914
4660724.0, 16889506.0, 3, 0.034627161926
4545742.0, 11493014.0, 3, 0.0332736353032
3368274.0, 12987176.0, 3, 0.0297766796235
3794416.0, 11518308.0, 3, 0.0256618779697
3259238.0, 9763602.0, 3, 0.0213052005883
9874120.0, 15482650.0, 4, inf
5241972.0, 5781832.0, 4, inf
12279802.0, 14938726.0, 4, inf
7266660.0, 3488794.0, 4, inf
11054902.0, 11455072.0, 4, 0.356876460955
8039172.0, 12762128.0, 4, 0.281494930891
6845864.0, 15276332.0, 4, 0.277705931229
7682094.0, 6091578.0, 4, 0.277699323826
7737220.0, 8938958.0, 4, 0.261695000375
11651022.0, 5160906.0, 4, 0.257467336877
Generacion: 352
2491168.0, 16725824.0, 1, inf
7320732.0, 2413204.0, 1, inf
3109740.0, 3943170.0, 1, 0.37593680446
3293530.0, 3231608.0, 1, 0.353744602275
3094848.0, 8023446.0, 1, 0.298581336921
4361510.0, 2589832.0, 1, 0.281951610326
6459918.0, 2451244.0, 1, 0.251538611865
5271006.0, 2475908.0, 1, 0.239454743705
2737820.0, 11515610.0, 1, 0.232478249656
2709182.0, 14528704.0, 1, 0.214728747955
4425044.0, 2549432.0, 1, 0.196278137344
5646230.0, 2454274.0, 1, 0.188742494257
2807700.0, 9788770.0, 1, 0.156847964072
2788046.0, 11435048.0, 1, 0.135120779869
2552778.0, 16724692.0, 1, 0.122415990367
2620044.0, 15355660.0, 1, 0.109900165908
6853002.0, 2430418.0, 1, 0.107872060886
6969892.0, 2418642.0, 1, 0.0980499664429
3029654.0, 8025666.0, 1, 0.0891228092148
5553966.0, 2467816.0, 1, 0.0792046748367
2930040.0, 9610948.0, 1, 0.0784754762763
3004136.0, 9030198.0, 1, 0.0768855465618
2688856.0, 14544364.0, 1, 0.076234839263
2620044.0, 15355660.0, 1, 0.0706119267672
2931800.0, 9033356.0, 1, 0.054037829093
2997880.0, 9031936.0, 1, 0.0138038258147
2709182.0, 14528704.0, 1, 0.00702386711613
3094848.0, 8023446.0, 1, 0.00323861602917
2997880.0, 9031936.0, 1, 0.00139456816781
2931800.0, 9033356.0, 1, 0.000463635271999
8785564.0, 2432216.0, 2, inf
2692510.0, 15352242.0, 2, inf
2800502.0, 17830054.0, 2, inf
6774686.0, 2499556.0, 2, 0.395013655045
4829228.0, 3332370.0, 2, 0.391590491155
3213146.0, 4019520.0, 2, 0.344463110959
3150098.0, 8953482.0, 2, 0.341802370934
5433842.0, 3268396.0, 2, 0.312765154816
3342290.0, 9034188.0, 2, 0.272314115186
6601020.0, 2993982.0, 2, 0.269992758036
2896598.0, 14534186.0, 2, 0.184099816074
2724478.0, 16729434.0, 2, 0.178643262971
3061698.0, 12989416.0, 2, 0.176352495648
3063090.0, 11972170.0, 2, 0.131558936049
3109246.0, 9799682.0, 2, 0.100568338399
2810486.0, 11025466.0, 2, 0.0858831826375
2815636.0, 11083852.0, 2, 0.0756157314619
3293724.0, 4012454.0, 2, 0.0658216773181
3114872.0, 9266138.0, 2, 0.0439567966533
3002376.0, 9607790.0, 2, 0.0395487336665
3002376.0, 9607790.0, 2, 0.0221982733628
3090244.0, 18443964.0, 3, inf
7581974.0, 2544860.0, 3, inf
9275164.0, 2982860.0, 3, inf
8535998.0, 3108432.0, 3, 0.27727938257
4139600.0, 7423158.0, 3, 0.249897799314
7347622.0, 4942792.0, 3, 0.225029311308
5509828.0, 3820448.0, 3, 0.207832836557
6401872.0, 3479720.0, 3, 0.191382234904
6487782.0, 3291594.0, 3, 0.176265007141
3773536.0, 5379886.0, 3, 0.165422172519
4008508.0, 9178538.0, 3, 0.163974828051
4660724.0, 16889506.0, 3, 0.158226850934
9176824.0, 4387334.0, 3, 0.156556362212
5469514.0, 13488214.0, 3, 0.145562687402
4109170.0, 15406422.0, 3, 0.133888638131
5381002.0, 10654692.0, 3, 0.130660706268
4862294.0, 4409436.0, 3, 0.12200886193
3591362.0, 14320032.0, 3, 0.121283723772
4724424.0, 17179948.0, 3, 0.114791240723
4765998.0, 12130720.0, 3, 0.105393838685
3437444.0, 11482756.0, 3, 0.100598998324
3611854.0, 14968174.0, 3, 0.0977848099339
3259238.0, 9763602.0, 3, 0.0929084220459
4235230.0, 10181734.0, 3, 0.0846286542608
4435724.0, 9466910.0, 3, 0.0693746598257
7573594.0, 2565882.0, 3, 0.0654395922941
4842466.0, 12115988.0, 3, 0.0563242313512
3839798.0, 10903236.0, 3, 0.050421122505
4058928.0, 11001570.0, 3, 0.0447759921883
5461200.0, 5195986.0, 3, 0.041750219037
4353830.0, 10719560.0, 3, 0.0363704382235
4384418.0, 11370320.0, 3, 0.0352736098414
4177052.0, 5379052.0, 3, 0.0270284901819
4394470.0, 9597094.0, 3, 0.0269562634904
4363492.0, 10917186.0, 3, 0.0111304541407
8046888.0, 15680540.0, 4, inf
8704468.0, 3294130.0, 4, inf
5563230.0, 7928574.0, 4, inf
12598634.0, 10958858.0, 4, inf
6959564.0, 10207970.0, 4, 0.417448996337
6361194.0, 13425016.0, 4, 0.218683616988
9782822.0, 6255614.0, 4, 0.213316786665
12189366.0, 4269486.0, 4, 0.17039425516
7902692.0, 12429860.0, 4, 0.168997853342
10652422.0, 3485592.0, 4, 0.1634681042
7847350.0, 10671954.0, 4, 0.162897140034
11193932.0, 15446362.0, 4, 0.154294231189
10169070.0, 5334734.0, 4, 0.153743250792
9022156.0, 14007390.0, 4, 0.152159767788
Generacion: 353
8222812.0, 2423040.0, 1, inf
2398982.0, 17552796.0, 1, inf
3109740.0, 3943170.0, 1, 0.362172577735
5560144.0, 2434776.0, 1, 0.342959076134
2710608.0, 10796588.0, 1, 0.302832883704
3029654.0, 8025666.0, 1, 0.274213895788
2709182.0, 14528704.0, 1, 0.261979640611
6853002.0, 2430418.0, 1, 0.235495800126
6853002.0, 2430418.0, 1, 0.222482109004
4879114.0, 2491332.0, 1, 0.202484280365
3293530.0, 3231608.0, 1, 0.157292080572
2491168.0, 16725824.0, 1, 0.13886206009
4100770.0, 2593342.0, 1, 0.129708221032
2916114.0, 10484506.0, 1, 0.116043077589
2930040.0, 9610948.0, 1, 0.110047398327
2620044.0, 15355660.0, 1, 0.10586661407
3843816.0, 3207366.0, 1, 0.102092777255
3748920.0, 3223908.0, 1, 0.0960909514434
4425044.0, 2549432.0, 1, 0.0953872570037
3029654.0, 8025666.0, 1, 0.0801458929695
2620044.0, 15355660.0, 1, 0.0767866699877
2449122.0, 17012570.0, 1, 0.0704877496567
3004136.0, 9030198.0, 1, 0.0674686685313
4361510.0, 2589832.0, 1, 0.0585827680268
2709182.0, 14528704.0, 1, 0.0549024460319
2997880.0, 9031936.0, 1, 0.0511075231609
3004136.0, 9030198.0, 1, 0.00449652559332
2709182.0, 14528704.0, 1, 0.0
8848766.0, 2667702.0, 2, inf
2503966.0, 18200964.0, 2, inf
10774370.0, 2964828.0, 2, inf
3217284.0, 8027618.0, 2, 0.370510048541
5134212.0, 4370684.0, 2, 0.301645417555
2662876.0, 15607762.0, 2, 0.26433576041
7144434.0, 2826220.0, 2, 0.250516909832
3061698.0, 12989416.0, 2, 0.215059882944
2896598.0, 14534186.0, 2, 0.198315934983
3837386.0, 4286224.0, 2, 0.169339914097
9844440.0, 2931558.0, 2, 0.151568813206
2815636.0, 11083852.0, 2, 0.142624311154
2737820.0, 11515610.0, 2, 0.141147039077
6114166.0, 3175464.0, 2, 0.139551245487
9275164.0, 2982860.0, 2, 0.133950327333
6862226.0, 3234828.0, 2, 0.12833705493
10454900.0, 2771282.0, 2, 0.122645766505
4533550.0, 4212460.0, 2, 0.119769205232
3068044.0, 9598402.0, 2, 0.114739334753
5828978.0, 3295032.0, 2, 0.104153926488
4685924.0, 3209926.0, 2, 0.0764496252599
5509828.0, 3820448.0, 2, 0.0646742689417
5229666.0, 3757052.0, 2, 0.0634762500611
3150098.0, 8953482.0, 2, 0.063433602125
5433842.0, 3268396.0, 2, 0.0364134157874
3213146.0, 4019520.0, 2, 0.0333606059558
3070250.0, 9029038.0, 2, 0.0257902786978
3118436.0, 9317638.0, 2, 0.0256497685659
3114872.0, 9266138.0, 2, 0.0244058020173
5188616.0, 3274254.0, 2, 0.0132564087251
3150098.0, 8953482.0, 2, 0.0124874702208
3150098.0, 8953482.0, 2, 0.0
11858460.0, 8476744.0, 3, inf
3510736.0, 18274918.0, 3, inf
6394308.0, 3408322.0, 3, inf
3342290.0, 9034188.0, 3, inf
10672312.0, 5868140.0, 3, 0.256204006428
9797946.0, 4517820.0, 3, 0.186942156788
8609204.0, 6777254.0, 3, 0.155517080844
3611854.0, 14968174.0, 3, 0.152830302656
4162752.0, 16484688.0, 3, 0.152690929298
6316520.0, 13017736.0, 3, 0.140122269894
5773464.0, 5546910.0, 3, 0.139517180052
9170794.0, 9737226.0, 3, 0.131483403931
4810432.0, 13855616.0, 3, 0.105767082127
6649754.0, 16786258.0, 3, 0.105074717108
5034118.0, 5636138.0, 3, 0.104313971327
7834188.0, 7994276.0, 3, 0.0953513173279
3969736.0, 17548910.0, 3, 0.0948705089026
7001678.0, 12243902.0, 3, 0.0937008001553
4597088.0, 10176796.0, 3, 0.0839097071421
8407212.0, 5059692.0, 3, 0.0829143939758
7072446.0, 17814692.0, 3, 0.079487597445
6075032.0, 10187592.0, 3, 0.0779688660559
6848302.0, 14157512.0, 3, 0.0744145368966
7262722.0, 4230498.0, 3, 0.0706987391938
4353830.0, 10719560.0, 3, 0.0687603385921
6791052.0, 6079390.0, 3, 0.0644889630187
8077074.0, 4847908.0, 3, 0.0637958393224
4844910.0, 14787062.0, 3, 0.0606189200422
8946978.0, 9701968.0, 3, 0.0589021853851
3839798.0, 10903236.0, 3, 0.0572096775045
8706384.0, 8248220.0, 3, 0.056609815993
5023786.0, 9360148.0, 3, 0.0547862017456
7273950.0, 3593800.0, 3, 0.0545775487767
7712712.0, 4567444.0, 3, 0.0527339576301
8868214.0, 8753584.0, 3, 0.0490420692173
7427724.0, 10387920.0, 3, 0.0472745675381
6695984.0, 11941106.0, 3, 0.0469182203741
4058604.0, 11356486.0, 3, 0.0452687918691
6743852.0, 5379106.0, 3, 0.043935901168
7535326.0, 10945322.0, 3, 0.0434990610952
Generacion: 354
7927674.0, 2415146.0, 1, inf
2369348.0, 17808138.0, 1, inf
2590462.0, 15611076.0, 1, 0.397066719461
3293530.0, 3231608.0, 1, 0.338933320293
3250830.0, 7997796.0, 1, 0.318717902318
2671740.0, 11517034.0, 1, 0.284458374967
6497526.0, 2433774.0, 1, 0.236139480691
5553966.0, 2467816.0, 1, 0.223400779135
2449122.0, 17012570.0, 1, 0.160592338458
4254510.0, 2839122.0, 1, 0.147311331182
6853002.0, 2430418.0, 1, 0.139627058192
2774516.0, 11364856.0, 1, 0.136736629935
4879114.0, 2491332.0, 1, 0.132096012693
5271006.0, 2475908.0, 1, 0.122940522051
2807700.0, 9788770.0, 1, 0.120220553217
7375178.0, 2420934.0, 1, 0.118881433368
3843816.0, 3207366.0, 1, 0.102382068444
3407714.0, 3215066.0, 1, 0.100576982141
7269664.0, 2422822.0, 1, 0.0945609561239
4544500.0, 2497306.0, 1, 0.0854663067926
3004136.0, 9030198.0, 1, 0.0830691468172
3029654.0, 8025666.0, 1, 0.0817232907596
3843816.0, 3207366.0, 1, 0.0743883011316
2930040.0, 9610948.0, 1, 0.0595414859506
2931800.0, 9033356.0, 1, 0.0505370396334
2398982.0, 17552796.0, 1, 0.0404270424648
4425044.0, 2549432.0, 1, 0.0403109657898
4425044.0, 2549432.0, 1, 0.0340671662909
2872928.0, 9786840.0, 1, 0.0335623640323
3094848.0, 8023446.0, 1, 0.0297754545886
3187026.0, 8003152.0, 1, 0.0283270057883
2398982.0, 17552796.0, 1, 0.0256088996145
2671740.0, 11517034.0, 1, 0.0245089350969
3244034.0, 8000558.0, 1, 0.0118269462023
2931800.0, 9033356.0, 1, 0.00052180039233
2398982.0, 17552796.0, 1, 0.0
2709182.0, 14528704.0, 2, inf
8151120.0, 2447544.0, 2, inf
2994482.0, 17896560.0, 2, inf
4483918.0, 4245544.0, 2, 0.507163618979
7097414.0, 3270304.0, 2, 0.467435441001
3045846.0, 9321344.0, 2, 0.350128588305
5626420.0, 2600502.0, 2, 0.335722234861
3061698.0, 12989416.0, 2, 0.297363501145
2995338.0, 9791014.0, 2, 0.228935635698
3932300.0, 3937982.0, 2, 0.169709734868
4923542.0, 3373230.0, 2, 0.160939871038
3748920.0, 3223908.0, 2, 0.160255172563
3231482.0, 9472866.0, 2, 0.133667421991
5444418.0, 2486294.0, 2, 0.121390150797
2768170.0, 14321970.0, 2, 0.113291699753
4795956.0, 3292526.0, 2, 0.0869484730093
2784696.0, 14525286.0, 2, 0.0549683490372
3068044.0, 9598402.0, 2, 0.0517925945505
3867642.0, 9466298.0, 2, 0.0435054279177
5530260.0, 3278002.0, 2, 0.0348827442189
11167892.0, 3658632.0, 3, inf
2918700.0, 15414560.0, 3, inf
5828978.0, 3295032.0, 3, inf
5057558.0, 17244898.0, 3, inf
3447816.0, 14805066.0, 3, 0.332427343527
3287492.0, 11362072.0, 3, 0.326992610843
10132322.0, 3528470.0, 3, 0.235628411019
4229616.0, 6708288.0, 3, 0.186167094857
9058470.0, 3769470.0, 3, 0.14749490814
6035768.0, 7749758.0, 3, 0.137126255392
4498950.0, 15922606.0, 3, 0.133873511171
10932628.0, 4270218.0, 3, 0.12860492133
6081536.0, 8469520.0, 3, 0.118798817258
4755930.0, 5852052.0, 3, 0.110053049874
8150268.0, 4383276.0, 3, 0.1019181077
7481994.0, 4103276.0, 3, 0.101407242712
5243718.0, 5392268.0, 3, 0.0947278967026
6856436.0, 4084824.0, 3, 0.0932031093501
6417514.0, 9261054.0, 3, 0.0855711694892
3366218.0, 16632728.0, 3, 0.0852909453109
4085422.0, 10695092.0, 3, 0.0838862440385
8646062.0, 4566396.0, 3, 0.0794355146895
4613606.0, 11000342.0, 3, 0.0789647875865
3712054.0, 17030042.0, 3, 0.0761582690509
4912906.0, 9563766.0, 3, 0.0753863861669
5567906.0, 9409412.0, 3, 0.0721114761152
6332148.0, 4697996.0, 3, 0.0706330729708
5232870.0, 10194866.0, 3, 0.0684667110583
7919782.0, 4021042.0, 3, 0.0638352901279
7668286.0, 3889796.0, 3, 0.0523201306947
5659572.0, 10310118.0, 3, 0.0512469450824
4779070.0, 5452872.0, 3, 0.050443394858
8810482.0, 3582456.0, 3, 0.0487527417364
6171494.0, 16841286.0, 3, 0.0473478965146
9052306.0, 3464782.0, 3, 0.0467961633316
3837386.0, 4286224.0, 3, 0.0467309950307
6746738.0, 4046466.0, 3, 0.0400309758349
6316404.0, 10477460.0, 3, 0.0319877844988
8727106.0, 4229558.0, 3, 0.0299773369574
5984792.0, 10204060.0, 3, 0.0292176208391
6563930.0, 4290722.0, 3, 0.0284188897988
6560786.0, 3971032.0, 3, 0.0271575380655
7607376.0, 4243412.0, 3, 0.0254977835946
6410694.0, 10493424.0, 3, 0.0254327100581
Generacion: 355
2361980.0, 18101034.0, 1, inf
8882256.0, 2410430.0, 1, inf
6949694.0, 2411920.0, 1, 0.35064352889
3149268.0, 3567154.0, 1, 0.334828524153
2671740.0, 11517034.0, 1, 0.288182782293
3101228.0, 8022508.0, 1, 0.284928931944
2590462.0, 15611076.0, 1, 0.26670267135
6598854.0, 2417386.0, 1, 0.226387054878
4100770.0, 2593342.0, 1, 0.197013608545
4398266.0, 2507500.0, 1, 0.193945330769
5477662.0, 2421724.0, 1, 0.188292229166
5327260.0, 2501688.0, 1, 0.154950163343
2710608.0, 10796588.0, 1, 0.116204109437
3407714.0, 3215066.0, 1, 0.107346694538
2369348.0, 17808138.0, 1, 0.102762864405
2466980.0, 16741298.0, 1, 0.0971828688911
2552778.0, 16724692.0, 1, 0.0909699267496
2590462.0, 15611076.0, 1, 0.083438854221
2807700.0, 9788770.0, 1, 0.0742345405158
3029654.0, 8025666.0, 1, 0.0740199013149
3004136.0, 9030198.0, 1, 0.0690051183427
2931800.0, 9033356.0, 1, 0.0630170920131
3407714.0, 3215066.0, 1, 0.0571361107106
2893498.0, 9769524.0, 1, 0.0570504165078
2708848.0, 11374202.0, 1, 0.0518768568731
3293530.0, 3231608.0, 1, 0.0388972972143
5396084.0, 2477420.0, 1, 0.0281631133592
3293530.0, 3231608.0, 1, 0.0231793985526
2807700.0, 9788770.0, 1, 0.0150137842474
2872928.0, 9786840.0, 1, 0.0143852393855
2997880.0, 9031936.0, 1, 0.0102453072448
3094848.0, 8023446.0, 1, 0.0100584374987
3101228.0, 8022508.0, 1, 0.00742756727177
3029654.0, 8025666.0, 1, 0.00405512396081
3094848.0, 8023446.0, 1, 0.00111997213595
2997880.0, 9031936.0, 1, 0.00104996860845
2997880.0, 9031936.0, 1, 0.0
3293530.0, 3231608.0, 1, 0.0
2848010.0, 18256916.0, 2, inf
2501356.0, 17986782.0, 2, inf
7927674.0, 2415146.0, 2, inf
4195624.0, 13388890.0, 2, 0.331637138103
3590178.0, 16741174.0, 2, 0.305302727842
5326512.0, 5342322.0, 2, 0.266189075022
7375178.0, 2420934.0, 2, 0.229937188099
6705914.0, 3242480.0, 2, 0.181101302383
3315760.0, 7977806.0, 2, 0.174498789158
5729160.0, 5120106.0, 2, 0.168729991583
2688856.0, 14544364.0, 2, 0.15859437042
4818384.0, 8471680.0, 2, 0.154757154445
2692510.0, 15352242.0, 2, 0.147613242325
2813836.0, 11964086.0, 2, 0.147444783753
6222348.0, 3585334.0, 2, 0.139088212375
3142544.0, 11359012.0, 2, 0.122182206073
5486066.0, 2830252.0, 2, 0.121644975418
5020494.0, 10084912.0, 2, 0.113074977073
6535572.0, 2490912.0, 2, 0.107103313552
4693638.0, 4818866.0, 2, 0.106153121354
2504438.0, 17700224.0, 2, 0.101482575748
3245782.0, 9780996.0, 2, 0.0898518577385
3293724.0, 4012454.0, 2, 0.0898315505591
4505918.0, 3254182.0, 2, 0.0864354520295
3343214.0, 11376098.0, 2, 0.0857862351909
2851074.0, 10490116.0, 2, 0.0804879871046
3214020.0, 10500112.0, 2, 0.0698703891015
6264942.0, 3248044.0, 2, 0.0584617991496
4923542.0, 3373230.0, 2, 0.0581499753615
4621770.0, 7995146.0, 2, 0.0358562142479
2737374.0, 17802216.0, 2, 0.0340581315768
3244034.0, 8000558.0, 2, 0.0339170279038
3224058.0, 9875252.0, 2, 0.0247156632054
3331932.0, 17801444.0, 2, 0.0114975854519
3250830.0, 7997796.0, 2, 0.00917671703666
7580062.0, 2434850.0, 3, inf
12826844.0, 3983900.0, 3, inf
10327018.0, 18572902.0, 3, inf
4268982.0, 18554278.0, 3, inf
6282650.0, 13979592.0, 3, 0.405016074603
5394202.0, 12426052.0, 3, 0.308384360622
10898248.0, 4302136.0, 3, 0.235904795066
9737792.0, 8388828.0, 3, 0.227044985506
5356120.0, 5830696.0, 3, 0.211289128014
10681800.0, 10496956.0, 3, 0.194364554468
5066714.0, 13726468.0, 3, 0.145838307897
4931884.0, 8716066.0, 3, 0.121862481296
8286260.0, 4381482.0, 3, 0.0960620885638
9093564.0, 2580118.0, 3, 0.0895758429105
7019712.0, 10201950.0, 3, 0.0863813367131
6604672.0, 9605966.0, 3, 0.0773328229436
9476378.0, 4301304.0, 3, 0.0682050043772
6830448.0, 9102734.0, 3, 0.0624796170432
6300130.0, 9361328.0, 3, 0.0609084283973
8822738.0, 5235568.0, 3, 0.0598284520559
9929416.0, 4778568.0, 3, 0.0590513597832
7274028.0, 8640440.0, 3, 0.0570482827504
9157412.0, 9230278.0, 3, 0.0564823367194
7005516.0, 5596596.0, 3, 0.0547591160426
7535146.0, 3300744.0, 3, 0.0516299973178
8477196.0, 3514134.0, 3, 0.0493062795735
10135364.0, 3704258.0, 3, 0.0476702766125
Generacion: 356
6949694.0, 2411920.0, 1, inf
2328942.0, 18642252.0, 1, inf
5477662.0, 2421724.0, 1, 0.52872710681
3149268.0, 3567154.0, 1, 0.336798920869
2669980.0, 12094682.0, 1, 0.302394434558
4556154.0, 2586058.0, 1, 0.290013626901
3101228.0, 8022508.0, 1, 0.286342975019
2661416.0, 16155204.0, 1, 0.2679101194
4359356.0, 3200706.0, 1, 0.192441292505
2359984.0, 17839446.0, 1, 0.146997036198
3843816.0, 3207366.0, 1, 0.112045004545
2737820.0, 11515610.0, 1, 0.10314970161
3407714.0, 3215066.0, 1, 0.0953982129809
3843816.0, 3207366.0, 1, 0.0947893529773
2466980.0, 16741298.0, 1, 0.086228203592
2807700.0, 9788770.0, 1, 0.0829644358641
3029654.0, 8025666.0, 1, 0.0816604819848
2776722.0, 10795458.0, 1, 0.0704440780948
3004136.0, 9030198.0, 1, 0.0688757177945
2552778.0, 16724692.0, 1, 0.0623142340157
2589002.0, 16158518.0, 1, 0.0585987753333
2997880.0, 9031936.0, 1, 0.0518172547236
2776722.0, 10795458.0, 1, 0.0510748533534
2930040.0, 9610948.0, 1, 0.0480345790722
3293530.0, 3231608.0, 1, 0.0453851364321
3293530.0, 3231608.0, 1, 0.0322396621649
2930040.0, 9610948.0, 1, 0.0255188327579
3407714.0, 3215066.0, 1, 0.0251855496338
2872928.0, 9786840.0, 1, 0.0249535568028
2466980.0, 16741298.0, 1, 0.0241786843646
3094848.0, 8023446.0, 1, 0.0156842604891
2872928.0, 9786840.0, 1, 0.0124788060911
3293530.0, 3231608.0, 1, 0.0
3293530.0, 3231608.0, 1, 0.0
2477440.0, 19241966.0, 2, inf
7927674.0, 2415146.0, 2, inf
2788046.0, 11435048.0, 2, 0.54687967818
5336076.0, 5809876.0, 2, 0.317929293161
6764086.0, 3476284.0, 2, 0.255533675412
3390416.0, 7974360.0, 2, 0.243228006824
7520386.0, 3507132.0, 2, 0.219973944237
4693638.0, 4818866.0, 2, 0.15952520228
6222348.0, 3585334.0, 2, 0.157513107773
3867642.0, 9466298.0, 2, 0.138163374631
4146400.0, 5054822.0, 2, 0.117827562798
3905590.0, 8521132.0, 2, 0.112241383709
6071566.0, 4681430.0, 2, 0.107539529097
3070250.0, 9029038.0, 2, 0.0980902442185
4302960.0, 3214820.0, 2, 0.0965240656695
4587314.0, 4362562.0, 2, 0.0945026211041
5555440.0, 2441012.0, 2, 0.0932098615359
5730260.0, 3213350.0, 2, 0.0879279041835
5784030.0, 5054036.0, 2, 0.0766448792912
2947700.0, 9763362.0, 2, 0.0656754896803
2851074.0, 10490116.0, 2, 0.06490862166
2815636.0, 11083852.0, 2, 0.063730951972
5480784.0, 4297414.0, 2, 0.0606351680092
3213146.0, 4019520.0, 2, 0.0554504365638
2834788.0, 10506968.0, 2, 0.0417872045802
3178926.0, 8000998.0, 2, 0.0377126382733
2947700.0, 9763362.0, 2, 0.0353829773728
3250500.0, 7997292.0, 2, 0.0340902105961
3176174.0, 8000694.0, 2, 0.0201599379673
6632364.0, 2471886.0, 3, inf
13075050.0, 10926584.0, 3, inf
2846306.0, 14524334.0, 3, inf
5166128.0, 20108372.0, 3, inf
11624064.0, 4889196.0, 3, 0.271241748612
6299840.0, 14829480.0, 3, 0.17869216457
12954192.0, 3934040.0, 3, 0.170915238058
10681800.0, 10496956.0, 3, 0.134966583689
3792398.0, 19092568.0, 3, 0.133991923862
9065130.0, 12102022.0, 3, 0.118036328419
3417036.0, 15613028.0, 3, 0.11632680416
7928222.0, 8634272.0, 3, 0.114513635447
4239220.0, 16979566.0, 3, 0.112279386337
9437782.0, 5631948.0, 3, 0.0978458456619
4340988.0, 13936358.0, 3, 0.0972340382542
10597152.0, 5920938.0, 3, 0.0967232033346
7294692.0, 18254816.0, 3, 0.0937169543386
4195624.0, 13388890.0, 3, 0.0862580380054
9953678.0, 6552376.0, 3, 0.0820725602574
8235682.0, 16525240.0, 3, 0.0795561828504
8492516.0, 3119862.0, 3, 0.075801554473
7322996.0, 9528604.0, 3, 0.0703408028703
4911006.0, 10102084.0, 3, 0.0679536631743
9518324.0, 12091776.0, 3, 0.0674247577915
6771902.0, 7188416.0, 3, 0.0658563136182
9816750.0, 4147194.0, 3, 0.0610025714012
10109402.0, 9760662.0, 3, 0.0596207557907
6515292.0, 8486212.0, 3, 0.058830942118
3251178.0, 18462696.0, 3, 0.0558983771779
7105222.0, 16153536.0, 3, 0.0535897537202
4691508.0, 18413502.0, 3, 0.0514134994713
9898618.0, 7289574.0, 3, 0.0513372494819
8660286.0, 9788890.0, 3, 0.0506754739128
6962140.0, 4597266.0, 3, 0.0501160567506
6716070.0, 7969092.0, 3, 0.0497400592329
3833152.0, 13589306.0, 3, 0.0480760911045
7668914.0, 10020232.0, 3, 0.0464198829457
Generacion: 357
2328942.0, 18642252.0, 1, inf
7681876.0, 2418350.0, 1, inf
6553702.0, 2426070.0, 1, 0.530044350512
4868016.0, 2489370.0, 1, 0.407683545781
2662876.0, 15607762.0, 1, 0.343210476302
3149268.0, 3567154.0, 1, 0.301566753684
3101228.0, 8022508.0, 1, 0.284840876784
2671740.0, 11517034.0, 1, 0.259403120271
4398266.0, 2507500.0, 1, 0.235589767285
3843816.0, 3207366.0, 1, 0.124607671429
2359984.0, 17839446.0, 1, 0.12363921516
2552778.0, 16724692.0, 1, 0.10646427724
3407714.0, 3215066.0, 1, 0.10429503428
3843816.0, 3207366.0, 1, 0.104053318682
2460334.0, 17034570.0, 1, 0.0876753364737
3070250.0, 9029038.0, 1, 0.0802756805472
2807700.0, 9788770.0, 1, 0.080141218302
2776722.0, 10795458.0, 1, 0.0744006680631
3293530.0, 3231608.0, 1, 0.0699829932247
3094848.0, 8023446.0, 1, 0.0678270524137
2710608.0, 10796588.0, 1, 0.0640881551904
2930040.0, 9610948.0, 1, 0.0574409154543
2931800.0, 9033356.0, 1, 0.0483622486276
2671740.0, 11517034.0, 1, 0.0460623709051
2466980.0, 16741298.0, 1, 0.0363698721127
3149268.0, 3567154.0, 1, 0.0296567183926
2872928.0, 9786840.0, 1, 0.0230270018016
2997880.0, 9031936.0, 1, 0.0136072136385
2997880.0, 9031936.0, 1, 0.0125232572739
2872928.0, 9786840.0, 1, 0.0107882493138
2776722.0, 10795458.0, 1, 0.00585675698174
2997880.0, 9031936.0, 1, 0.0
4425044.0, 2549432.0, 2, inf
2618626.0, 17896408.0, 2, inf
4556154.0, 2586058.0, 2, inf
2692510.0, 15352242.0, 2, 0.395160554845
2881264.0, 11083902.0, 2, 0.340385546868
3293724.0, 4012454.0, 2, 0.320168298649
3250830.0, 7997796.0, 2, 0.285508610255
3585664.0, 9957712.0, 2, 0.24703971492
4008508.0, 9178538.0, 2, 0.209512584433
4146588.0, 3225660.0, 2, 0.201379683056
3358534.0, 9759234.0, 2, 0.188773548796
3866874.0, 3350110.0, 2, 0.18034862316
3176174.0, 8000694.0, 2, 0.169465343113
2777176.0, 15892562.0, 2, 0.152316612629
3748920.0, 3223908.0, 2, 0.125821877363
4050798.0, 3937294.0, 2, 0.114424015375
2993930.0, 10957424.0, 2, 0.096912210114
3192468.0, 16714572.0, 2, 0.0929086346268
2873300.0, 17018654.0, 2, 0.0925894543693
3012842.0, 9763212.0, 2, 0.0861107309332
2851074.0, 10490116.0, 2, 0.0651041018797
3748920.0, 3223908.0, 2, 0.0609927633745
3214020.0, 10500112.0, 2, 0.0570638416268
2815636.0, 11083852.0, 2, 0.0463815847064
2995338.0, 9791014.0, 2, 0.0224343976915
3244034.0, 8000558.0, 2, 0.0191872671082
3012842.0, 9763212.0, 2, 0.00929339618053
10682704.0, 2782100.0, 3, inf
3076008.0, 18253922.0, 3, inf
9487850.0, 3284966.0, 3, 0.383279480967
3804746.0, 17035606.0, 3, 0.288985646119
5910414.0, 8600586.0, 3, 0.276073424864
7837650.0, 3203600.0, 3, 0.258264044771
6934706.0, 15324670.0, 3, 0.224997595883
5951932.0, 6093996.0, 3, 0.183298221451
5654090.0, 14204940.0, 3, 0.163681072656
3909668.0, 12027050.0, 3, 0.161831836799
4195624.0, 13388890.0, 3, 0.132029112627
7295178.0, 9759552.0, 3, 0.128302416436
4907098.0, 10775502.0, 3, 0.103601415174
5326512.0, 5342322.0, 3, 0.10079610485
4818634.0, 11620444.0, 3, 0.0993736114739
7439570.0, 9862198.0, 3, 0.0968327156663
4241184.0, 13395486.0, 3, 0.0808931563444
6487086.0, 10429956.0, 3, 0.0805809483786
6228714.0, 3506742.0, 3, 0.0788978751523
5613822.0, 4332266.0, 3, 0.0780942511958
6070226.0, 4786784.0, 3, 0.0721173883512
4409744.0, 11231260.0, 3, 0.0651236126975
5357406.0, 5812210.0, 3, 0.062680081149
6709662.0, 4561482.0, 3, 0.060421224489
4542442.0, 4358524.0, 3, 0.0585974706003
7702152.0, 3222754.0, 3, 0.0543117918291
7083882.0, 3238108.0, 3, 0.0490233587838
6491100.0, 3391310.0, 3, 0.041537243242
5464174.0, 5114302.0, 3, 0.0410045767254
6764086.0, 3476284.0, 3, 0.0370457757408
3834072.0, 10655722.0, 3, 0.0361272655248
6264942.0, 3248044.0, 3, 0.0342576670762
5330698.0, 2843738.0, 3, 0.0313044962127
6487762.0, 11225614.0, 3, 0.0299849863639
5478828.0, 6089682.0, 3, 0.0198604828318
5478828.0, 6089682.0, 3, 0.0180255620902
6249536.0, 4407204.0, 3, 0.0178805579974
5440048.0, 3207490.0, 3, 0.0152740470759
12474204.0, 19277126.0, 4, inf
7871958.0, 3498328.0, 4, inf
7669124.0, 5875076.0, 4, inf
Generacion: 358
4398266.0, 2507500.0, 1, inf
2466980.0, 16741298.0, 1, inf
3843816.0, 3207366.0, 1, 0.462822138614
3109740.0, 3943170.0, 1, 0.337886927782
2669980.0, 12094682.0, 1, 0.291985083009
3101228.0, 8022508.0, 1, 0.289898685324
2662876.0, 15607762.0, 1, 0.288218978912
4214954.0, 2576800.0, 1, 0.286891771701
3407714.0, 3215066.0, 1, 0.286635552677
2590462.0, 15611076.0, 1, 0.181069862977
3070250.0, 9029038.0, 1, 0.121060817009
2807700.0, 9788770.0, 1, 0.120675253938
3149268.0, 3567154.0, 1, 0.109839160533
2776722.0, 10795458.0, 1, 0.1049583335
4310860.0, 2565974.0, 1, 0.0997857591375
3266428.0, 3534550.0, 1, 0.098271268629
3293530.0, 3231608.0, 1, 0.0956018855673
3094848.0, 8023446.0, 1, 0.0867541742342
2930040.0, 9610948.0, 1, 0.0834195730343
2710608.0, 10796588.0, 1, 0.0758043017125
2931800.0, 9033356.0, 1, 0.0747944528634
2708848.0, 11374202.0, 1, 0.0707406126757
2671740.0, 11517034.0, 1, 0.0597969839511
2872928.0, 9786840.0, 1, 0.0461317349343
2997880.0, 9031936.0, 1, 0.0375722031943
2997880.0, 9031936.0, 1, 0.034419143336
2872928.0, 9786840.0, 1, 0.0297075981522
2776722.0, 10795458.0, 1, 0.0161194778587
2671740.0, 11517034.0, 1, 0.0109460174053
3101228.0, 8022508.0, 1, 0.00447332542074
2931800.0, 9033356.0, 1, 0.00101107242439
2671740.0, 11517034.0, 1, 0.0
2776722.0, 10795458.0, 1, 0.0
2671740.0, 11517034.0, 1, 0.0
2510276.0, 17011454.0, 2, inf
6924934.0, 2547248.0, 2, inf
3300478.0, 18096786.0, 2, inf
5158796.0, 2590026.0, 2, 0.583422186857
6820606.0, 2602968.0, 2, 0.377262373164
4146400.0, 5054822.0, 2, 0.300402128366
2720394.0, 14550994.0, 2, 0.252158949734
4260816.0, 3209118.0, 2, 0.204359888834
2735614.0, 12085032.0, 2, 0.20210981996
3315642.0, 7997112.0, 2, 0.198562691009
3815572.0, 9504608.0, 2, 0.152926382812
2704508.0, 15896424.0, 2, 0.143770351709
3111134.0, 8006310.0, 2, 0.121191453373
3972028.0, 3559966.0, 2, 0.120932312389
3197672.0, 3940842.0, 2, 0.115320706022
3748920.0, 3223908.0, 2, 0.108630029135
3340704.0, 9603552.0, 2, 0.102736147223
2815636.0, 11083852.0, 2, 0.0983230729381
3263624.0, 16046468.0, 2, 0.0949956609524
2851074.0, 10490116.0, 2, 0.0737950659605
2818544.0, 11743746.0, 2, 0.0687247537795
4260816.0, 3209118.0, 2, 0.0648565765901
6820606.0, 2602968.0, 2, 0.0626140472707
2995338.0, 9791014.0, 2, 0.0553723109977
4146588.0, 3225660.0, 2, 0.0475293854785
2834788.0, 10506968.0, 2, 0.0455521480948
2957302.0, 9764258.0, 2, 0.0344663721529
3068044.0, 9598402.0, 2, 0.028483238168
3012842.0, 9763212.0, 2, 0.0267282139016
3176174.0, 8000694.0, 2, 0.0156060268831
3340704.0, 9603552.0, 2, 0.00582182440374
3178926.0, 8000998.0, 2, 0.00523085468153
2995674.0, 9601300.0, 2, 0.00429617260189
3250830.0, 7997796.0, 3, inf
11659290.0, 3084904.0, 3, inf
10450974.0, 2998738.0, 3, inf
4427610.0, 20106778.0, 3, inf
5522390.0, 16710332.0, 3, 0.184530943304
9248564.0, 6152960.0, 3, 0.173997468527
5964688.0, 3254418.0, 3, 0.173375158007
7076686.0, 11822704.0, 3, 0.162323536856
7435940.0, 10650170.0, 3, 0.138921276131
10237892.0, 12124786.0, 3, 0.137788255877
11132202.0, 3729682.0, 3, 0.120845933859
9363736.0, 15481970.0, 3, 0.116348997425
4347716.0, 7071930.0, 3, 0.111035342297
3625076.0, 17835318.0, 3, 0.109737453174
4789782.0, 19827626.0, 3, 0.107641188361
9712750.0, 4464930.0, 3, 0.104207738531
4260602.0, 8116598.0, 3, 0.10327548908
10761340.0, 3796670.0, 3, 0.100100167055
4731722.0, 5398590.0, 3, 0.100092388538
4322438.0, 9599316.0, 3, 0.0988293273054
7958118.0, 4618236.0, 3, 0.0983869838082
4192020.0, 14028780.0, 3, 0.093521609794
7105906.0, 18720320.0, 3, 0.090931657319
8723118.0, 3506980.0, 3, 0.0863882353788
8140644.0, 3359420.0, 3, 0.0857170539511
5633998.0, 4073904.0, 3, 0.0744762162209
8646426.0, 3747428.0, 3, 0.0731879615671
3585664.0, 9957712.0, 3, 0.0706625216732
4011868.0, 10077578.0, 3, 0.0676215309261
3746180.0, 12677984.0, 3, 0.0667706620917
4241184.0, 13395486.0, 3, 0.0653640314581
4990506.0, 4913796.0, 3, 0.0646868916694
3792044.0, 14528886.0, 3, 0.0640187695904
Generacion: 359
2482346.0, 15789686.0, 1, inf
7992624.0, 2431610.0, 1, inf
7314214.0, 2441714.0, 1, 0.360105864689
2662876.0, 15607762.0, 1, 0.35422638706
5444418.0, 2486294.0, 1, 0.353357002881
3109740.0, 3943170.0, 1, 0.333889458167
3094848.0, 8023446.0, 1, 0.320153991809
2671740.0, 11517034.0, 1, 0.312970641741
4571720.0, 2562674.0, 1, 0.268805121459
4073668.0, 2896836.0, 1, 0.180361663785
5389738.0, 2496548.0, 1, 0.164094290649
3843816.0, 3207366.0, 1, 0.14467973883
7871346.0, 2438414.0, 1, 0.106433834998
3407714.0, 3215066.0, 1, 0.101680161151
7409562.0, 2439896.0, 1, 0.101354825964
3029654.0, 8025666.0, 1, 0.0870316956976
3004136.0, 9030198.0, 1, 0.0810967745053
2851074.0, 10490116.0, 1, 0.072829006912
2930040.0, 9610948.0, 1, 0.0620613422145
2708848.0, 11374202.0, 1, 0.0609870934508
2872928.0, 9786840.0, 1, 0.0563810251006
2931800.0, 9033356.0, 1, 0.0556570023695
2710608.0, 10796588.0, 1, 0.0539455310973
3266428.0, 3534550.0, 1, 0.0511141542984
3293530.0, 3231608.0, 1, 0.0495573660071
2769594.0, 10509192.0, 1, 0.0484344608119
3266428.0, 3534550.0, 1, 0.0355081797605
3109740.0, 3943170.0, 1, 0.033292320597
2893498.0, 9769524.0, 1, 0.0235320964657
2710608.0, 10796588.0, 1, 0.0218341781546
2671740.0, 11517034.0, 1, 0.0123011880928
2997880.0, 9031936.0, 1, 0.0121222439816
2872928.0, 9786840.0, 1, 0.00526233755892
3029654.0, 8025666.0, 1, 0.00479717391893
2997880.0, 9031936.0, 1, 0.00124163565188
3266428.0, 3534550.0, 1, 0.0
3266428.0, 3534550.0, 1, 0.0
2997880.0, 9031936.0, 1, 0.0
4906476.0, 2563722.0, 2, inf
3174352.0, 17701396.0, 2, inf
6820606.0, 2602968.0, 2, inf
2737820.0, 11515610.0, 2, inf
5563074.0, 2810478.0, 2, 0.50887185233
2918518.0, 16718770.0, 2, 0.330597891068
2841166.0, 13301584.0, 2, 0.320798771194
3948022.0, 5381438.0, 2, 0.26538640647
3176174.0, 8000694.0, 2, 0.175287425291
3342290.0, 9034188.0, 2, 0.153592806982
4146400.0, 5054822.0, 2, 0.146840528658
3511202.0, 11624938.0, 2, 0.137364757275
4050798.0, 3937294.0, 2, 0.136718800332
3080644.0, 12087338.0, 2, 0.134863945761
4567416.0, 3592548.0, 2, 0.123567550489
4260816.0, 3209118.0, 2, 0.121833060331
4532312.0, 3720740.0, 2, 0.0978698206357
3761814.0, 10097922.0, 2, 0.0947557062726
3217284.0, 8027618.0, 2, 0.0906344610258
3068044.0, 9598402.0, 2, 0.0895108274175
3748920.0, 3223908.0, 2, 0.0632572556525
2904958.0, 10484236.0, 2, 0.0564336745459
3307772.0, 3237496.0, 2, 0.054970304709
2776722.0, 10795458.0, 2, 0.0545697454934
2815636.0, 11083852.0, 2, 0.0478295336403
3211120.0, 9788062.0, 2, 0.0425669308639
3178218.0, 11506868.0, 2, 0.0370814347636
2876244.0, 11021778.0, 2, 0.0346760327155
3166456.0, 8020548.0, 2, 0.0247305832482
8543018.0, 2826302.0, 3, inf
4789782.0, 19827626.0, 3, inf
2920074.0, 15326806.0, 3, inf
10191980.0, 3614310.0, 3, inf
10113174.0, 14173694.0, 3, 0.23250825866
4346036.0, 12082550.0, 3, 0.205617107506
3263624.0, 16046468.0, 3, 0.177128860356
9475948.0, 4595434.0, 3, 0.15910509864
7747858.0, 8967274.0, 3, 0.151131990253
7131868.0, 7043898.0, 3, 0.130767657691
8763996.0, 17292356.0, 3, 0.124083376272
2994482.0, 17896560.0, 3, 0.114940187587
3714044.0, 17367038.0, 3, 0.107446339108
9888854.0, 4654858.0, 3, 0.103424534328
5149900.0, 18927482.0, 3, 0.101060834521
6492218.0, 8193414.0, 3, 0.0988673017063
6492218.0, 8193414.0, 3, 0.097968254437
7265338.0, 10219860.0, 3, 0.0966921985062
6987704.0, 18517972.0, 3, 0.0961489330783
4317030.0, 6619284.0, 3, 0.0874422548935
3976716.0, 10238580.0, 3, 0.0863648183747
5176200.0, 17225212.0, 3, 0.0785778201016
8168294.0, 10975322.0, 3, 0.078142788405
6873634.0, 3459646.0, 3, 0.0759708798417
5871038.0, 10944542.0, 3, 0.0742476313463
5641044.0, 5867846.0, 3, 0.0733130314652
8382998.0, 5470818.0, 3, 0.0682813096068
5709286.0, 10034836.0, 3, 0.0681274921125
3828720.0, 15896084.0, 3, 0.0670019940714
5001368.0, 10943994.0, 3, 0.0645764956978
6235808.0, 3555918.0, 3, 0.0632650907557
8480380.0, 11770556.0, 3, 0.0594570065588
4189594.0, 15351990.0, 3, 0.0568625233199
Generacion: 360
8514064.0, 2412766.0, 1, inf
2446948.0, 17988648.0, 1, inf
5236474.0, 2492360.0, 1, 0.384498721287
2589002.0, 16158518.0, 1, 0.369156414872
6853002.0, 2430418.0, 1, 0.315636678705
2671740.0, 11517034.0, 1, 0.304107978785
3109740.0, 3943170.0, 1, 0.293959938267
3101228.0, 8022508.0, 1, 0.264415695982
7320732.0, 2413204.0, 1, 0.229695476956
4571720.0, 2562674.0, 1, 0.150957120881
2466980.0, 16741298.0, 1, 0.140911440411
3843816.0, 3207366.0, 1, 0.132090166631
4571720.0, 2562674.0, 1, 0.124489576638
3843816.0, 3207366.0, 1, 0.121531670306
3293530.0, 3231608.0, 1, 0.116172606389
3029654.0, 8025666.0, 1, 0.0795867325474
7122322.0, 2417508.0, 1, 0.0781978118697
3004136.0, 9030198.0, 1, 0.076415417844
2710608.0, 10796588.0, 1, 0.0655475531952
2834788.0, 10506968.0, 1, 0.0634081298015
2872928.0, 9786840.0, 1, 0.0570220040593
2708848.0, 11374202.0, 1, 0.0526602843788
3149268.0, 3567154.0, 1, 0.0520599279069
2931800.0, 9033356.0, 1, 0.0494979298171
2930040.0, 9610948.0, 1, 0.0431054191342
3266428.0, 3534550.0, 1, 0.0387600859394
2769594.0, 10509192.0, 1, 0.0291968146312
2671740.0, 11517034.0, 1, 0.0228071964283
2893498.0, 9769524.0, 1, 0.0135712763151
3094848.0, 8023446.0, 1, 0.0119997876824
2930040.0, 9610948.0, 1, 0.0104709564927
2769594.0, 10509192.0, 1, 0.00986503179727
2893498.0, 9769524.0, 1, 0.0071346792429
3266428.0, 3534550.0, 1, 0.00656026797931
3004136.0, 9030198.0, 1, 0.00440870157162
3266428.0, 3534550.0, 1, 0.0
2769594.0, 10509192.0, 1, 0.0
2706154.0, 15323698.0, 2, inf
7980906.0, 2419738.0, 2, inf
3036690.0, 17979998.0, 2, inf
4816894.0, 2582016.0, 2, 0.306632503636
5655420.0, 3751642.0, 2, 0.284954359254
2879070.0, 11562514.0, 2, 0.278803442716
7314214.0, 2441714.0, 2, 0.271716569788
6476562.0, 3741566.0, 2, 0.215485842971
3187026.0, 8003152.0, 2, 0.199218708777
4260816.0, 3209118.0, 2, 0.198593145766
4003066.0, 5016674.0, 2, 0.197493310677
6253608.0, 2551850.0, 2, 0.164690736133
3414756.0, 9030770.0, 2, 0.143038841091
3546748.0, 10681226.0, 2, 0.116389279261
7871346.0, 2438414.0, 2, 0.106822643527
3932300.0, 3937982.0, 2, 0.0917942081851
2957224.0, 10511140.0, 2, 0.0915088878845
3166456.0, 8020548.0, 2, 0.0790264394432
4089826.0, 3527362.0, 2, 0.0740341621297
2995674.0, 9601300.0, 2, 0.0662479412751
3213146.0, 4019520.0, 2, 0.0640366127522
2776722.0, 10795458.0, 2, 0.0637559512566
2774516.0, 11364856.0, 2, 0.0591679151254
3109928.0, 4395008.0, 2, 0.0541237059424
4003066.0, 5016674.0, 2, 0.0533681463748
3180596.0, 9262160.0, 2, 0.040565549182
4032412.0, 4262616.0, 2, 0.0331803621341
2995674.0, 9601300.0, 2, 0.0290847078653
4050798.0, 3937294.0, 2, 0.0228600606544
7871346.0, 2438414.0, 2, 0.0209827234805
3112102.0, 11507954.0, 2, 0.0205533089294
3082230.0, 11517916.0, 2, 0.0173910019634
3436140.0, 17889620.0, 3, inf
3217284.0, 8027618.0, 3, inf
13914630.0, 4318334.0, 3, inf
9080538.0, 2434942.0, 3, inf
5715724.0, 12381388.0, 3, 0.259190217293
7098840.0, 14967102.0, 3, 0.252933851944
13104792.0, 15838306.0, 3, 0.227309262097
10797762.0, 10418408.0, 3, 0.186711674395
7948958.0, 6235444.0, 3, 0.155646825507
11213340.0, 3790264.0, 3, 0.154653051318
9722668.0, 11349102.0, 3, 0.151049655811
6427472.0, 8192892.0, 3, 0.144264032834
4538352.0, 7607076.0, 3, 0.134229931787
12056316.0, 5042106.0, 3, 0.127937724052
4394470.0, 9597094.0, 3, 0.109669732477
12210924.0, 11800368.0, 3, 0.109252425637
9028908.0, 5432884.0, 3, 0.0863626271311
6369808.0, 9938898.0, 3, 0.0860292994734
7748474.0, 11234734.0, 3, 0.0848790965588
6845716.0, 4476952.0, 3, 0.0829690076394
7763084.0, 3325344.0, 3, 0.0797135235492
9371074.0, 11799948.0, 3, 0.078945323289
7780460.0, 16936854.0, 3, 0.0783187735106
4820698.0, 16230746.0, 3, 0.074751828898
4129482.0, 10195346.0, 3, 0.0716892737956
3362596.0, 14986166.0, 3, 0.0642673302874
8673646.0, 3620678.0, 3, 0.0557972363402
3515258.0, 11507992.0, 3, 0.0542116197969
5395072.0, 4385078.0, 3, 0.0510279212363
3351676.0, 17604492.0, 3, 0.0478797631662
3703996.0, 16037778.0, 3, 0.0468367822314
Generacion: 361
8514064.0, 2412766.0, 1, inf
2589002.0, 16158518.0, 1, inf
2669980.0, 12094682.0, 1, 0.351630866636
6853002.0, 2430418.0, 1, 0.339294455128
3109740.0, 3943170.0, 1, 0.332233814708
5236474.0, 2492360.0, 1, 0.329643154838
3101228.0, 8022508.0, 1, 0.299352443952
7215600.0, 2419944.0, 1, 0.247133529585
4146592.0, 2557762.0, 1, 0.223993753737
8311154.0, 2416198.0, 1, 0.219669946697
4890978.0, 2557750.0, 1, 0.136394368461
3843816.0, 3207366.0, 1, 0.121698254962
3402756.0, 3220954.0, 1, 0.0946379018138
2710608.0, 10796588.0, 1, 0.0898355221785
3029654.0, 8025666.0, 1, 0.0885508367222
3004136.0, 9030198.0, 1, 0.0741353042216
2807700.0, 9788770.0, 1, 0.0699910813355
4929820.0, 2499956.0, 1, 0.0630680570577
2769594.0, 10509192.0, 1, 0.0623658581284
3149268.0, 3567154.0, 1, 0.056171957548
2931800.0, 9033356.0, 1, 0.0535726465574
2671740.0, 11517034.0, 1, 0.0527093085636
3843816.0, 3207366.0, 1, 0.0520894234541
2671740.0, 11517034.0, 1, 0.0485836780379
2930040.0, 9610948.0, 1, 0.0481870343202
3266428.0, 3534550.0, 1, 0.0418125870378
3293530.0, 3231608.0, 1, 0.0404735293199
2769594.0, 10509192.0, 1, 0.027339311807
2893498.0, 9769524.0, 1, 0.0224351540049
2872928.0, 9786840.0, 1, 0.0122685645936
2930040.0, 9610948.0, 1, 0.0118334074125
2997880.0, 9031936.0, 1, 0.0112790649762
3094848.0, 8023446.0, 1, 0.0110713308772
3266428.0, 3534550.0, 1, 0.00694606214874
3293530.0, 3231608.0, 1, 0.00534920517067
3004136.0, 9030198.0, 1, 0.00443322943898
2872928.0, 9786840.0, 1, 0.00361210064401
3094848.0, 8023446.0, 1, 0.00123828642287
2997880.0, 9031936.0, 1, 0.00115915857308
3843816.0, 3207366.0, 1, 0.0
3004136.0, 9030198.0, 1, 0.0
3266428.0, 3534550.0, 1, 0.0
3298396.0, 18531870.0, 2, inf
2706154.0, 15323698.0, 2, inf
9140878.0, 2418996.0, 2, inf
7155468.0, 2439388.0, 2, 0.312841093695
6116896.0, 4151066.0, 2, 0.28649271108
7136168.0, 2439870.0, 2, 0.164948646664
5389738.0, 2496548.0, 2, 0.147046311
3095834.0, 13309736.0, 2, 0.142013913498
3210984.0, 11626756.0, 2, 0.134367399233
4382572.0, 6719556.0, 2, 0.130942195982
3362596.0, 14986166.0, 2, 0.128119000924
4690694.0, 6517548.0, 2, 0.124503002484
4146400.0, 5054822.0, 2, 0.123959613895
4963396.0, 3622796.0, 2, 0.112781618424
5227460.0, 4537524.0, 2, 0.111265681606
3440644.0, 8021498.0, 2, 0.110954235028
3440600.0, 13550704.0, 2, 0.104742843738
3436140.0, 17889620.0, 2, 0.104719783803
3633318.0, 8948704.0, 2, 0.0991440011528
2834788.0, 10506968.0, 2, 0.0950892866126
3265800.0, 16039686.0, 2, 0.0944562035977
4606096.0, 9597364.0, 2, 0.0815958121292
3244944.0, 16909248.0, 2, 0.0801350543354
3676860.0, 16735676.0, 2, 0.0719322480027
3748920.0, 3223908.0, 2, 0.0693564465931
2776722.0, 10795458.0, 2, 0.0681804357901
4816894.0, 2582016.0, 2, 0.0666578529582
3288866.0, 8024772.0, 2, 0.0626100614242
4021094.0, 10659840.0, 2, 0.0612901713819
3065498.0, 9744116.0, 2, 0.0561752281391
2737820.0, 11515610.0, 2, 0.0558136206696
4364126.0, 9850788.0, 2, 0.0519474040759
3414756.0, 9030770.0, 2, 0.0516864894302
4116562.0, 4013066.0, 2, 0.0491284770885
3837386.0, 4286224.0, 2, 0.0472225900124
4352952.0, 2887738.0, 2, 0.0463158129468
4680568.0, 5011452.0, 2, 0.0452517450442
4322438.0, 9599316.0, 2, 0.0412073379153
3829602.0, 11518070.0, 2, 0.0206461822764
4126256.0, 4256138.0, 2, 0.0130252281199
10660298.0, 18326192.0, 3, inf
7314214.0, 2441714.0, 3, inf
14523666.0, 3066630.0, 3, inf
4567108.0, 9785242.0, 3, inf
6827018.0, 8748422.0, 3, 0.315437991649
10026646.0, 16751468.0, 3, 0.2389495303
10486692.0, 6492030.0, 3, 0.211336913469
13091306.0, 9719430.0, 3, 0.20524991649
10920490.0, 2656212.0, 3, 0.190177160245
8038900.0, 11036464.0, 3, 0.187899113901
12415588.0, 5275890.0, 3, 0.185000321311
7660326.0, 13366588.0, 3, 0.176209808994
9712014.0, 15155644.0, 3, 0.157189825423
5725982.0, 3167430.0, 3, 0.145503676141
8774918.0, 13454648.0, 3, 0.1025417048
9019912.0, 10360588.0, 3, 0.0994516923193
12516936.0, 10720850.0, 3, 0.0993914896523
9639920.0, 14190206.0, 3, 0.0866780003765
Generacion: 362
2510276.0, 17011454.0, 1, inf
8311154.0, 2416198.0, 1, inf
7136168.0, 2439870.0, 1, 0.421634909977
2662876.0, 15607762.0, 1, 0.404286865387
5333146.0, 2472814.0, 1, 0.331080248048
3109740.0, 3943170.0, 1, 0.313541926578
3101228.0, 8022508.0, 1, 0.293519742674
2671740.0, 11517034.0, 1, 0.286674883109
4312468.0, 2570766.0, 1, 0.225026554604
7758658.0, 2421636.0, 1, 0.204175027619
3843816.0, 3207366.0, 1, 0.200112939487
2710608.0, 10796588.0, 1, 0.125667397699
2807700.0, 9788770.0, 1, 0.11906199203
4890978.0, 2557750.0, 1, 0.111275466055
3029654.0, 8025666.0, 1, 0.0857797633252
3004136.0, 9030198.0, 1, 0.0812957618182
3407714.0, 3215066.0, 1, 0.0769643051537
2930040.0, 9610948.0, 1, 0.0731508157939
5236474.0, 2492360.0, 1, 0.0713880857031
4929820.0, 2499956.0, 1, 0.0568231566967
2708848.0, 11374202.0, 1, 0.0560620206092
2931800.0, 9033356.0, 1, 0.0520437911778
3149268.0, 3567154.0, 1, 0.0459598343239
3293530.0, 3231608.0, 1, 0.0449874295926
3266428.0, 3534550.0, 1, 0.0409531389977
3402756.0, 3220954.0, 1, 0.0208172987841
2671740.0, 11517034.0, 1, 0.011314238089
3149268.0, 3567154.0, 1, 0.00904801743565
4929820.0, 2499956.0, 1, 0.00721632601454
3266428.0, 3534550.0, 1, 0.00690592791058
3004136.0, 9030198.0, 1, 0.00461536093229
2931800.0, 9033356.0, 1, 0.000519774022862
3266428.0, 3534550.0, 1, 0.0
2931800.0, 9033356.0, 1, 0.0
3149268.0, 3567154.0, 1, 0.0
2769382.0, 18633016.0, 2, inf
9140878.0, 2418996.0, 2, inf
2706154.0, 15323698.0, 2, inf
8338592.0, 2423868.0, 2, 0.570061034592
5503470.0, 2500300.0, 2, 0.463543265911
3709314.0, 14525528.0, 2, 0.227042639114
3607878.0, 11521456.0, 2, 0.205793384912
3732992.0, 5350588.0, 2, 0.203394348628
3999058.0, 7616014.0, 2, 0.195379336386
3214020.0, 10500112.0, 2, 0.169715911698
4816894.0, 2582016.0, 2, 0.13483376569
3455166.0, 18089878.0, 2, 0.123691304309
4556154.0, 2586058.0, 2, 0.119906996125
3112102.0, 11507954.0, 2, 0.118507389755
4345080.0, 4842994.0, 2, 0.114455033825
3342290.0, 9034188.0, 2, 0.114166895144
5389738.0, 2496548.0, 2, 0.111412538536
3506654.0, 16748104.0, 2, 0.10123288377
3265800.0, 16039686.0, 2, 0.0975322809221
3647562.0, 8141650.0, 2, 0.0933609547694
3293724.0, 4012454.0, 2, 0.0911114673527
2856790.0, 18538706.0, 2, 0.0867590723999
4230740.0, 3337328.0, 2, 0.0861109778738
3412662.0, 16725454.0, 2, 0.0612333942907
3222434.0, 8948132.0, 2, 0.0578220363883
3497960.0, 14987466.0, 2, 0.0572287367232
4089528.0, 7625868.0, 2, 0.0525218461873
4130032.0, 3558448.0, 2, 0.0492679516922
4176884.0, 5048262.0, 2, 0.045621635383
3633318.0, 8948704.0, 2, 0.0114746697591
4138622.0, 7620084.0, 2, 0.00788886601364
7836282.0, 21421090.0, 3, inf
7988370.0, 2609864.0, 3, inf
12400052.0, 3510804.0, 3, inf
4160054.0, 11479534.0, 3, inf
7017526.0, 18016380.0, 3, 0.396370990538
7963832.0, 14766804.0, 3, 0.285601767859
10930122.0, 4370330.0, 3, 0.262761906232
9466572.0, 2728980.0, 3, 0.207893775041
11600926.0, 3933214.0, 3, 0.204340599711
8921580.0, 12975614.0, 3, 0.170715064791
6778436.0, 6114950.0, 3, 0.161157741162
6066670.0, 9907900.0, 3, 0.131035094521
8022002.0, 8411684.0, 3, 0.12557566941
7505528.0, 7016658.0, 3, 0.125154842902
7129714.0, 10076304.0, 3, 0.0999797073934
5376248.0, 11904000.0, 3, 0.0953740477841
5796772.0, 6629580.0, 3, 0.0847226554654
7152926.0, 8187706.0, 3, 0.0813080162549
8574304.0, 2706112.0, 3, 0.0804678739349
7764756.0, 5379840.0, 3, 0.0712549893388
4950984.0, 9212300.0, 3, 0.0708989355045
7188620.0, 5768730.0, 3, 0.0638843350162
5184282.0, 3359302.0, 3, 0.0626498990638
5455022.0, 11799588.0, 3, 0.056108445014
8632880.0, 4917796.0, 3, 0.0560767461909
9044816.0, 2867704.0, 3, 0.0556840640629
4777844.0, 3634942.0, 3, 0.0505096563186
7357328.0, 9256676.0, 3, 0.0478230631306
5652650.0, 9392440.0, 3, 0.0473369814414
9276542.0, 3679990.0, 3, 0.0454273221358
4435492.0, 9852430.0, 3, 0.0447424144342
4554568.0, 3497910.0, 3, 0.0428765555303
5130382.0, 9498716.0, 3, 0.0419471306611
8740220.0, 4263532.0, 3, 0.0372094373012
Generacion: 363
2359984.0, 17839446.0, 1, inf
5894434.0, 2423296.0, 1, inf
3109928.0, 4395008.0, 1, 0.337860491056
2671740.0, 11517034.0, 1, 0.284049390002
2662876.0, 15607762.0, 1, 0.265766488843
3101228.0, 8022508.0, 1, 0.258221912102
5236774.0, 2497880.0, 1, 0.219672131092
2769594.0, 10509192.0, 1, 0.215899121508
2606680.0, 16746040.0, 1, 0.194535781578
5032234.0, 2546234.0, 1, 0.192366358377
5784834.0, 2442338.0, 1, 0.190909426322
4073668.0, 2896836.0, 1, 0.164782891113
4352952.0, 2887738.0, 1, 0.162589678614
3402756.0, 3220954.0, 1, 0.157264622925
4571720.0, 2562674.0, 1, 0.151378912543
3843816.0, 3207366.0, 1, 0.144932025451
3266428.0, 3534550.0, 1, 0.127412726087
2931800.0, 9033356.0, 1, 0.116199095862
2737820.0, 11515610.0, 1, 0.0930615046565
3029654.0, 8025666.0, 1, 0.0928360526246
2661416.0, 16155204.0, 1, 0.0897362266355
3004136.0, 9030198.0, 1, 0.0856270010137
3843816.0, 3207366.0, 1, 0.0659133136187
4571720.0, 2562674.0, 1, 0.0629623243724
3293530.0, 3231608.0, 1, 0.0589132501652
2931800.0, 9033356.0, 1, 0.0460977047252
2662876.0, 15607762.0, 1, 0.0380188281062
3004136.0, 9030198.0, 1, 0.00742464385292
2671740.0, 11517034.0, 1, 0.00260025732169
3004136.0, 9030198.0, 1, 0.0
4571720.0, 2562674.0, 1, 0.0
2460078.0, 18488074.0, 2, inf
8201682.0, 2434874.0, 2, inf
2966214.0, 12984632.0, 2, 0.483659852558
3213694.0, 17609776.0, 2, 0.32637894583
7136168.0, 2439870.0, 2, 0.283727698151
3178926.0, 8000998.0, 2, 0.253455390879
3933786.0, 5019448.0, 2, 0.252837635814
6631360.0, 3158112.0, 2, 0.204376051475
4835296.0, 8396278.0, 2, 0.188930792959
6235808.0, 3555918.0, 2, 0.163901628356
3401660.0, 10502450.0, 2, 0.14694493061
4173674.0, 9314730.0, 2, 0.142087292155
3541276.0, 11855346.0, 2, 0.107834344866
5760678.0, 3572178.0, 2, 0.105663728246
5200324.0, 4674450.0, 2, 0.104319523429
5586378.0, 3362614.0, 2, 0.101164361482
4128422.0, 9495758.0, 2, 0.0980059152615
3707756.0, 4284672.0, 2, 0.0932129850683
5139486.0, 3586674.0, 2, 0.0795421780615
5638890.0, 2599080.0, 2, 0.0750987304968
4028240.0, 11350144.0, 2, 0.0715394263719
3342290.0, 9034188.0, 2, 0.0694071170833
3272174.0, 18096200.0, 2, 0.0656497669931
4035764.0, 4020132.0, 2, 0.0609287372628
4888908.0, 3559382.0, 2, 0.0539928508306
3632618.0, 11365762.0, 2, 0.0388613275088
3522748.0, 11508524.0, 2, 0.0364620411117
5185392.0, 4838200.0, 2, 0.0320869114314
3224656.0, 11560736.0, 2, 0.0317898470072
3287458.0, 9191182.0, 2, 0.0296876865525
8022840.0, 2493906.0, 3, inf
3974184.0, 13952432.0, 3, inf
5573248.0, 19472450.0, 3, inf
12099226.0, 4865886.0, 3, inf
9897046.0, 15162686.0, 3, 0.197521793879
6056664.0, 16282616.0, 3, 0.132769706081
8031152.0, 17291144.0, 3, 0.132213855826
10396934.0, 4166766.0, 3, 0.128305360762
11294146.0, 4563162.0, 3, 0.1210452852
7691292.0, 18301660.0, 3, 0.120894545236
7095216.0, 12132920.0, 3, 0.119139479024
9080546.0, 7323860.0, 3, 0.116887771055
9234160.0, 2617566.0, 3, 0.115095865044
11741104.0, 4787122.0, 3, 0.112851512756
9937586.0, 14398902.0, 3, 0.106336703732
7780362.0, 8132962.0, 3, 0.0996878267512
10920474.0, 5838330.0, 3, 0.0959243860361
8665448.0, 16784258.0, 3, 0.0954656830895
5376248.0, 11904000.0, 3, 0.0951740678519
6660790.0, 18702116.0, 3, 0.0925695596419
8622754.0, 8933566.0, 3, 0.0842278604671
4177052.0, 5379052.0, 3, 0.0821951590397
4606096.0, 9597364.0, 3, 0.0804628616764
9162794.0, 6380384.0, 3, 0.079862704371
8965946.0, 11485590.0, 3, 0.0774807114238
5628164.0, 11654432.0, 3, 0.0752674403485
4329672.0, 10484120.0, 3, 0.0741207834891
5028934.0, 6207042.0, 3, 0.0735199934032
10181872.0, 3438916.0, 3, 0.0702618183324
10969370.0, 3928148.0, 3, 0.0694414075556
5988610.0, 13123806.0, 3, 0.0671084669126
7355942.0, 9482436.0, 3, 0.0663590314505
6803188.0, 3579816.0, 3, 0.0645560404375
8373756.0, 3346752.0, 3, 0.0619252871259
4939420.0, 8337418.0, 3, 0.0610710229262
6728464.0, 13304630.0, 3, 0.0597023429525
6304552.0, 9718634.0, 3, 0.0581429515645
6379884.0, 5585992.0, 3, 0.055056483539
5984570.0, 13236336.0, 3, 0.0550125029177
Generacion: 364
5477662.0, 2421724.0, 1, inf
2428796.0, 17027890.0, 1, inf
4214954.0, 2576800.0, 1, 0.412459848243
5333146.0, 2472814.0, 1, 0.393862998071
3109740.0, 3943170.0, 1, 0.371051964902
2662876.0, 15607762.0, 1, 0.320934943758
3101228.0, 8022508.0, 1, 0.305772441959
2671740.0, 11517034.0, 1, 0.292239650927
3402756.0, 3220954.0, 1, 0.202175087224
2807700.0, 9788770.0, 1, 0.193267273391
3843816.0, 3207366.0, 1, 0.165923821763
3296226.0, 3537036.0, 1, 0.145552519264
2466980.0, 16741298.0, 1, 0.136045000508
4073668.0, 2896836.0, 1, 0.126317232366
2661416.0, 16155204.0, 1, 0.10125341772
3004136.0, 9030198.0, 1, 0.101085938039
3029654.0, 8025666.0, 1, 0.100836009049
3843816.0, 3207366.0, 1, 0.0763196335222
2931800.0, 9033356.0, 1, 0.0754443851225
2710608.0, 10796588.0, 1, 0.0713911841715
2710608.0, 10796588.0, 1, 0.0695767534765
4100770.0, 2593342.0, 1, 0.0682515285598
2708848.0, 11374202.0, 1, 0.062073131597
5387394.0, 2440766.0, 1, 0.050897756358
2931800.0, 9033356.0, 1, 0.0409198684019
2661416.0, 16155204.0, 1, 0.0406053446603
2671740.0, 11517034.0, 1, 0.0126861942504
3843816.0, 3207366.0, 1, 0.0
2671740.0, 11517034.0, 1, 0.0
2671740.0, 11517034.0, 1, 0.0
2671740.0, 11517034.0, 1, 0.0
2931800.0, 9033356.0, 1, 0.0
3843816.0, 3207366.0, 1, 0.0
2900088.0, 18479778.0, 2, inf
9819490.0, 3457694.0, 2, inf
5894434.0, 2423296.0, 2, inf
2606680.0, 16746040.0, 2, inf
7990638.0, 3253558.0, 2, 0.418776336965
3933786.0, 5019448.0, 2, 0.316921225766
3187462.0, 9260788.0, 2, 0.294691373058
2692510.0, 15352242.0, 2, 0.262354070222
3620572.0, 12509426.0, 2, 0.259765830342
7184638.0, 3655942.0, 2, 0.165793358542
6350300.0, 2532308.0, 2, 0.147564511129
3844060.0, 10163532.0, 2, 0.142233533243
3272174.0, 18096200.0, 2, 0.132654934633
5638890.0, 2599080.0, 2, 0.126634724009
6879824.0, 3873882.0, 2, 0.12405775458
4226114.0, 3748650.0, 2, 0.119008802718
5305038.0, 3883256.0, 2, 0.107971327579
3861654.0, 11510458.0, 2, 0.0992518549569
4888908.0, 3559382.0, 2, 0.0982243756174
2606680.0, 16746040.0, 2, 0.0959878201418
3541276.0, 11855346.0, 2, 0.0892977392996
4888908.0, 3559382.0, 2, 0.0637069581751
2994774.0, 16068752.0, 2, 0.0621318683064
3092342.0, 16243066.0, 2, 0.0570928418836
3109928.0, 4395008.0, 2, 0.0555787521908
4032412.0, 4262616.0, 2, 0.0519475207394
4128422.0, 9495758.0, 2, 0.048062411703
2947700.0, 9763362.0, 2, 0.0477391687661
3402650.0, 4338796.0, 2, 0.0455542917612
3932300.0, 3937982.0, 2, 0.0336271358704
3224656.0, 11560736.0, 2, 0.0332243339138
3002376.0, 9607790.0, 2, 0.0234955108307
2995674.0, 9601300.0, 2, 0.0080313271813
5573680.0, 20393992.0, 3, inf
3250500.0, 7997292.0, 3, inf
7712512.0, 2433274.0, 3, inf
12483208.0, 4361444.0, 3, inf
7066560.0, 18241764.0, 3, 0.262357799545
8305340.0, 11670280.0, 3, 0.166506246008
5750396.0, 16085114.0, 3, 0.157780913652
4347716.0, 7071930.0, 3, 0.152964515503
4066922.0, 11350358.0, 3, 0.129156036106
6326300.0, 15756214.0, 3, 0.120102662354
6390306.0, 9594366.0, 3, 0.107572776107
11741104.0, 4787122.0, 3, 0.106995302494
7493666.0, 6333126.0, 3, 0.106028884034
6866048.0, 7997156.0, 3, 0.104717747284
9185636.0, 12999556.0, 3, 0.103595714689
7239238.0, 10292352.0, 3, 0.100257273668
10321918.0, 2966374.0, 3, 0.0983403747779
9033002.0, 8500218.0, 3, 0.0961961473777
11385246.0, 3695706.0, 3, 0.09185851354
10433870.0, 9786216.0, 3, 0.0867593493421
5091512.0, 13099384.0, 3, 0.0763373499364
9880906.0, 13965564.0, 3, 0.0736836555594
10875604.0, 4289170.0, 3, 0.073461274693
4779150.0, 8696842.0, 3, 0.0719266824897
9647818.0, 13968824.0, 3, 0.0705319104508
8274840.0, 4574444.0, 3, 0.0699982912684
5083292.0, 14806342.0, 3, 0.0686797959705
11238650.0, 5126266.0, 3, 0.0661351545478
5905644.0, 4383836.0, 3, 0.0649746389959
11651190.0, 3899702.0, 3, 0.0638252507563
9260824.0, 4571256.0, 3, 0.0606716958968
5355768.0, 14026100.0, 3, 0.058765144373
9881182.0, 4736066.0, 3, 0.053996307961
10797762.0, 3835086.0, 3, 0.0526333631442
Generacion: 365
2367888.0, 18355602.0, 1, inf
5894434.0, 2423296.0, 1, inf
3101228.0, 8022508.0, 1, 0.349235574653
4746912.0, 2550396.0, 1, 0.341795305358
5333146.0, 2472814.0, 1, 0.3333729454
3109740.0, 3943170.0, 1, 0.29326515282
4146592.0, 2557762.0, 1, 0.247759886919
2708848.0, 11374202.0, 1, 0.241399308885
2688856.0, 14544364.0, 1, 0.227291929163
3843816.0, 3207366.0, 1, 0.141267627766
2589002.0, 16158518.0, 1, 0.13591426363
3956508.0, 2926878.0, 1, 0.12662900017
3407714.0, 3215066.0, 1, 0.125921409832
2688856.0, 14544364.0, 1, 0.106982271818
2398982.0, 17552796.0, 1, 0.100605868562
2466980.0, 16741298.0, 1, 0.0999952010232
2807700.0, 9788770.0, 1, 0.0875854421278
2428796.0, 17027890.0, 1, 0.070215877042
3149268.0, 3567154.0, 1, 0.0700782701849
3004136.0, 9030198.0, 1, 0.065022194055
2589002.0, 16158518.0, 1, 0.064893466568
2710608.0, 10796588.0, 1, 0.063786017119
2710608.0, 10796588.0, 1, 0.0637553262013
3266428.0, 3534550.0, 1, 0.0619681791356
3293530.0, 3231608.0, 1, 0.0583406818187
2930040.0, 9610948.0, 1, 0.0570670439211
2931800.0, 9033356.0, 1, 0.0549907626112
2893498.0, 9769524.0, 1, 0.045852264275
3402756.0, 3220954.0, 1, 0.0334166913152
3843816.0, 3207366.0, 1, 0.032438641436
2807700.0, 9788770.0, 1, 0.0287397407043
3004136.0, 9030198.0, 1, 0.0276408413987
2997880.0, 9031936.0, 1, 0.0207100685595
2931800.0, 9033356.0, 1, 0.000588198981969
2688856.0, 14544364.0, 1, 0.0
3843816.0, 3207366.0, 1, 0.0
3843816.0, 3207366.0, 1, 0.0
7712512.0, 2433274.0, 2, inf
2700160.0, 19946842.0, 2, inf
2472876.0, 18942846.0, 2, inf
6918690.0, 3258776.0, 2, 0.527175093266
4438036.0, 3464314.0, 2, 0.477592463236
4027402.0, 4330634.0, 2, 0.351544408874
3250500.0, 7997292.0, 2, 0.282289587224
3030758.0, 17547842.0, 2, 0.275139897276
2760508.0, 14541050.0, 2, 0.274062976427
3307772.0, 3237496.0, 2, 0.178486964818
3180134.0, 12987740.0, 2, 0.176136737802
7149058.0, 3408578.0, 2, 0.163239201902
2995674.0, 9601300.0, 2, 0.15567477281
2810486.0, 11025466.0, 2, 0.142905214335
3120396.0, 9035308.0, 2, 0.120095442222
4214954.0, 2576800.0, 2, 0.10739673008
2771878.0, 11804758.0, 2, 0.0841533813306
4354528.0, 3686108.0, 2, 0.0840054516531
4032412.0, 4262616.0, 2, 0.0725963773202
3224656.0, 11560736.0, 2, 0.0385473418141
2774516.0, 11364856.0, 2, 0.037931611873
3296226.0, 3537036.0, 2, 0.0235946544695
4438036.0, 3464314.0, 2, 0.0191201952366
3402650.0, 4338796.0, 3, inf
4763208.0, 2578640.0, 3, inf
14025310.0, 3929924.0, 3, inf
5661280.0, 16860248.0, 3, inf
11621812.0, 3856596.0, 3, 0.383088190405
4981416.0, 14278426.0, 3, 0.265913668654
5978092.0, 4794888.0, 3, 0.224044873454
9996012.0, 3823704.0, 3, 0.216957341082
4446180.0, 12278888.0, 3, 0.192088476968
7766142.0, 4613442.0, 3, 0.187922010753
3556370.0, 11623198.0, 3, 0.178227706953
5465854.0, 5477564.0, 3, 0.171962197223
8016834.0, 3275668.0, 3, 0.17105968864
4521794.0, 6966430.0, 3, 0.160425901557
9011628.0, 3907878.0, 3, 0.137781525071
3957160.0, 15347598.0, 3, 0.128314153837
4596362.0, 10183378.0, 3, 0.110113057153
3742230.0, 15870892.0, 3, 0.0994578274688
9449644.0, 4579344.0, 3, 0.0952306312282
4313724.0, 8949488.0, 3, 0.0951126496181
5821416.0, 8409254.0, 3, 0.0947665880381
4486726.0, 7621304.0, 3, 0.0670603494878
4335980.0, 7863560.0, 3, 0.0643474617773
3803538.0, 9789834.0, 3, 0.0586681460481
7987996.0, 5250778.0, 3, 0.055743515028
3860086.0, 9364382.0, 3, 0.0478642884615
5532010.0, 15516730.0, 3, 0.0442923503165
4923650.0, 3645428.0, 3, 0.0434874293579
7814002.0, 4282376.0, 3, 0.0375464153926
3794460.0, 9258312.0, 3, 0.0348223661792
3844060.0, 10163532.0, 3, 0.0310223641124
4411188.0, 4026184.0, 3, 0.0289072566228
4686658.0, 3678462.0, 3, 0.027302171812
4605788.0, 4395030.0, 3, 0.025168750303
3737262.0, 4017692.0, 3, 0.0242366966273
7932464.0, 3888520.0, 3, 0.0182937234499
4476720.0, 4576848.0, 3, 0.0167226243528
5860240.0, 3877640.0, 3, 0.0164257866814
4819062.0, 3880540.0, 3, 0.0158655688855
3823264.0, 15501066.0, 3, 0.0156573194699
Generacion: 366
8476412.0, 2431158.0, 1, inf
2328942.0, 18642252.0, 1, inf
4883818.0, 2485496.0, 1, 0.604172017039
2613712.0, 14539322.0, 1, 0.280614129691
3109740.0, 3943170.0, 1, 0.258068624015
3101228.0, 8022508.0, 1, 0.254118983352
2708848.0, 11374202.0, 1, 0.246636787772
4629468.0, 2919242.0, 1, 0.197286917866
3843816.0, 3207366.0, 1, 0.129296263358
3293530.0, 3231608.0, 1, 0.114105587612
2710608.0, 10796588.0, 1, 0.113879309505
3843816.0, 3207366.0, 1, 0.107287483631
2590462.0, 15611076.0, 1, 0.0827727917022
2359984.0, 17839446.0, 1, 0.0785976527254
3070250.0, 9029038.0, 1, 0.0768586454152
2807700.0, 9788770.0, 1, 0.0727789576533
2542708.0, 16604288.0, 1, 0.072038156034
2581410.0, 15795978.0, 1, 0.0690354995705
4809246.0, 2555002.0, 1, 0.0681308658631
3094848.0, 8023446.0, 1, 0.0671281082258
2931800.0, 9033356.0, 1, 0.0636034980984
2398982.0, 17552796.0, 1, 0.0612553142583
2893498.0, 9769524.0, 1, 0.0560561507333
3149268.0, 3567154.0, 1, 0.0422532266575
2428796.0, 17027890.0, 1, 0.0385907667444
3266428.0, 3534550.0, 1, 0.0377455728249
3109740.0, 3943170.0, 1, 0.0245796145862
2428796.0, 17027890.0, 1, 0.0225285575215
2466980.0, 16741298.0, 1, 0.0216133842876
2491168.0, 16725824.0, 1, 0.0207701831848
2807700.0, 9788770.0, 1, 0.0159128686382
2872928.0, 9786840.0, 1, 0.0151438474905
3004136.0, 9030198.0, 1, 0.0118383478029
3004136.0, 9030198.0, 1, 0.0109494730469
3149268.0, 3567154.0, 1, 0.0084411775272
2466980.0, 16741298.0, 1, 0.00716586722809
3266428.0, 3534550.0, 1, 0.0064198581877
2466980.0, 16741298.0, 1, 0.0
2807700.0, 9788770.0, 1, 0.0
3109740.0, 3943170.0, 1, 0.0
3149268.0, 3567154.0, 1, 0.0
3843816.0, 3207366.0, 1, 0.0
8690966.0, 2578122.0, 2, inf
2367888.0, 18355602.0, 2, inf
5477820.0, 3985450.0, 2, 0.590873725218
3691716.0, 6818286.0, 2, 0.393688367585
2995674.0, 9601300.0, 2, 0.206355748036
4779008.0, 2920130.0, 2, 0.200203428959
3194960.0, 13286242.0, 2, 0.197834831393
2503966.0, 18200964.0, 2, 0.17422379244
3148862.0, 4390194.0, 2, 0.168061719326
2774516.0, 11364856.0, 2, 0.145342529889
2589002.0, 16158518.0, 2, 0.145245238463
4151906.0, 3218452.0, 2, 0.138982234825
5268234.0, 2845232.0, 2, 0.132194666567
3178218.0, 11506868.0, 2, 0.129070721018
3109246.0, 9799682.0, 2, 0.123979240473
2589002.0, 16158518.0, 2, 0.115755979609
2688856.0, 14544364.0, 2, 0.113639288972
2760508.0, 14541050.0, 2, 0.0932888313826
3803538.0, 9789834.0, 2, 0.0651133714211
3402650.0, 4338796.0, 2, 0.0644960610418
3307772.0, 3237496.0, 2, 0.0624114638649
4027402.0, 4330634.0, 2, 0.039421521041
2995338.0, 9791014.0, 2, 0.0356005008714
3291696.0, 4267252.0, 2, 0.0346840450495
3213146.0, 4019520.0, 2, 0.0331599054092
4027402.0, 4330634.0, 2, 0.0202077298944
2688856.0, 14544364.0, 2, 0.016002038662
3307772.0, 3237496.0, 2, 0.00374946952221
5337168.0, 19957546.0, 3, inf
2669312.0, 16730566.0, 3, inf
12215838.0, 3916196.0, 3, inf
8853934.0, 2691532.0, 3, inf
10802020.0, 3713928.0, 3, 0.196459240015
5535068.0, 13548588.0, 3, 0.195760154
9334092.0, 6796968.0, 3, 0.193863330539
10493716.0, 5263458.0, 3, 0.184783740876
6388708.0, 8521532.0, 3, 0.168727422149
4137328.0, 11618544.0, 3, 0.153771916316
6884082.0, 18349542.0, 3, 0.141718215004
10089858.0, 4587462.0, 3, 0.134484442171
7510788.0, 6703992.0, 3, 0.123657414494
4931992.0, 18196324.0, 3, 0.111101914987
6777586.0, 14506178.0, 3, 0.108506587871
2868296.0, 16015334.0, 3, 0.101835691256
3409868.0, 15352582.0, 3, 0.100431120098
5661280.0, 16860248.0, 3, 0.100250506361
3844060.0, 10163532.0, 3, 0.0985613058972
7770158.0, 3272122.0, 3, 0.0843596655837
3252946.0, 15350388.0, 3, 0.0751599739714
4663386.0, 14791866.0, 3, 0.0704561434259
8345980.0, 9594768.0, 3, 0.070333299184
6196410.0, 4801542.0, 3, 0.0702410424707
4563744.0, 8997384.0, 3, 0.0683062417695
7888852.0, 11436870.0, 3, 0.0595295643978
5139522.0, 4332142.0, 3, 0.0573611491742
9244070.0, 3867322.0, 3, 0.0563318298119
7251342.0, 4435016.0, 3, 0.0551170162627
8287372.0, 11491234.0, 3, 0.0548925595174
Generacion: 367
9717714.0, 2416730.0, 1, inf
2330402.0, 18094754.0, 1, inf
4539858.0, 2579814.0, 1, 0.794641765806
3109740.0, 3943170.0, 1, 0.290681328726
2688856.0, 14544364.0, 1, 0.265972670323
3101228.0, 8022508.0, 1, 0.261058295041
2708848.0, 11374202.0, 1, 0.202442427167
4073668.0, 2896836.0, 1, 0.148149690883
3748920.0, 3223908.0, 1, 0.126958070038
3070250.0, 9029038.0, 1, 0.104084665359
3293530.0, 3231608.0, 1, 0.085127456971
2620044.0, 15355660.0, 1, 0.0813580000295
2589002.0, 16158518.0, 1, 0.0761315587351
2776722.0, 10795458.0, 1, 0.0731598019825
2807700.0, 9788770.0, 1, 0.0730398666122
3094848.0, 8023446.0, 1, 0.0683934610107
2428796.0, 17027890.0, 1, 0.0609649230738
2590462.0, 15611076.0, 1, 0.055411201678
2552778.0, 16724692.0, 1, 0.0536895569962
3068044.0, 9598402.0, 1, 0.046596047801
2710608.0, 10796588.0, 1, 0.0461022615513
3149268.0, 3567154.0, 1, 0.0398432599325
2708848.0, 11374202.0, 1, 0.0395485321924
2398982.0, 17552796.0, 1, 0.0374918398126
3266428.0, 3534550.0, 1, 0.0351823409289
2466980.0, 16741298.0, 1, 0.0298940926892
2995674.0, 9601300.0, 1, 0.0268123686531
2947700.0, 9763362.0, 1, 0.0245612062279
2369348.0, 17808138.0, 1, 0.023562605534
2359984.0, 17839446.0, 1, 0.0235533977971
2398982.0, 17552796.0, 1, 0.0203224575191
2872928.0, 9786840.0, 1, 0.0128418162034
2893498.0, 9769524.0, 1, 0.00844165079618
3149268.0, 3567154.0, 1, 0.00743039487422
2466980.0, 16741298.0, 1, 0.00622805210566
3266428.0, 3534550.0, 1, 0.00574832161131
2807700.0, 9788770.0, 1, 0.00431650845592
2776722.0, 10795458.0, 1, 0.00426548161734
2893498.0, 9769524.0, 1, 0.00317753824949
3101228.0, 8022508.0, 1, 0.00121207487311
3101228.0, 8022508.0, 1, 0.0
2367888.0, 18355602.0, 2, inf
10191106.0, 2661878.0, 2, inf
6672120.0, 3605542.0, 2, 0.483146375848
4876204.0, 5754684.0, 2, 0.21864563338
3110342.0, 12085602.0, 2, 0.215086471207
3219112.0, 14508228.0, 2, 0.191429925236
4656844.0, 7147404.0, 2, 0.18156034934
5877900.0, 3534056.0, 2, 0.153233709731
5320948.0, 4325816.0, 2, 0.12666710023
4176884.0, 5048262.0, 2, 0.117958017079
6527282.0, 4066718.0, 2, 0.114329499333
2688904.0, 16852264.0, 2, 0.0985088352944
2606628.0, 17614730.0, 2, 0.0985028315116
5477820.0, 3985450.0, 2, 0.0957871143998
4400406.0, 8947088.0, 2, 0.0946421457681
3844060.0, 10163532.0, 2, 0.093580570495
3516296.0, 18195082.0, 2, 0.0874349867538
2704508.0, 15896424.0, 2, 0.0836504883262
3896744.0, 10533444.0, 2, 0.081805346772
3288866.0, 8024772.0, 2, 0.0739107825669
4406450.0, 7927676.0, 2, 0.0736265008302
3307772.0, 3237496.0, 2, 0.0729762337917
2661416.0, 16155204.0, 2, 0.0714227753183
2737820.0, 11515610.0, 2, 0.0692368864105
2737820.0, 11515610.0, 2, 0.0668414556522
3289162.0, 14940544.0, 2, 0.0613235651485
4539040.0, 9319658.0, 2, 0.0592905498031
3990512.0, 14939706.0, 2, 0.0529920906267
3023152.0, 17809310.0, 2, 0.0516802226095
2995338.0, 9791014.0, 2, 0.0475236285317
3432360.0, 9621246.0, 2, 0.0423667727438
3214020.0, 10500112.0, 2, 0.0374741819108
3977822.0, 9794680.0, 2, 0.0357226103488
4201042.0, 9544430.0, 2, 0.0328849872492
6634878.0, 3991528.0, 2, 0.0236922405183
4311536.0, 9375276.0, 2, 0.0221382242394
4311536.0, 9375276.0, 2, 0.0176678198798
3291696.0, 4267252.0, 2, 0.0174126102162
3296226.0, 3537036.0, 2, 0.00660997813714
10855096.0, 19198526.0, 3, inf
15027084.0, 15365964.0, 3, inf
4305810.0, 16743382.0, 3, inf
12831122.0, 3996092.0, 3, inf
11696420.0, 14538764.0, 3, 0.244703741239
5469118.0, 13023874.0, 3, 0.204118925206
9642600.0, 7101146.0, 3, 0.161637499173
10284396.0, 15467598.0, 3, 0.152558949548
7754746.0, 11737806.0, 3, 0.1369607003
5444502.0, 17836938.0, 3, 0.13196128079
6369808.0, 9938898.0, 3, 0.12906173392
4977946.0, 11745412.0, 3, 0.128288199311
8539010.0, 6231600.0, 3, 0.127602657519
8553112.0, 4566350.0, 3, 0.120749242585
5724448.0, 18089712.0, 3, 0.117526637086
6816376.0, 7490136.0, 3, 0.116343489663
5662950.0, 4855276.0, 3, 0.114910911014
7248178.0, 8607750.0, 3, 0.103517615116
4976068.0, 16708076.0, 3, 0.0965338922296
7239718.0, 10983822.0, 3, 0.0849260452195
Generacion: 368
2328942.0, 18642252.0, 1, inf
8882256.0, 2410430.0, 1, inf
6949694.0, 2411920.0, 1, 0.747226404677
4051608.0, 2574304.0, 1, 0.538445119741
3149268.0, 3567154.0, 1, 0.365986306783
3101228.0, 8022508.0, 1, 0.285404482076
2688856.0, 14544364.0, 1, 0.258838195978
3748920.0, 3223908.0, 1, 0.198859051771
2708848.0, 11374202.0, 1, 0.195573936316
2466980.0, 16741298.0, 1, 0.116977997739
2521342.0, 15358350.0, 1, 0.108722256767
3004136.0, 9030198.0, 1, 0.102255842855
2776722.0, 10795458.0, 1, 0.0769047349158
3029654.0, 8025666.0, 1, 0.0768968491714
2807700.0, 9788770.0, 1, 0.0768188220474
2620044.0, 15355660.0, 1, 0.0650432069241
2428796.0, 17027890.0, 1, 0.0603703885553
2398982.0, 17552796.0, 1, 0.057140474579
2330402.0, 18094754.0, 1, 0.0541956130372
2995674.0, 9601300.0, 1, 0.0470851307704
2710608.0, 10796588.0, 1, 0.0460121030801
2708848.0, 11374202.0, 1, 0.0386359545055
2930040.0, 9610948.0, 1, 0.0301610036061
2872928.0, 9786840.0, 1, 0.0296235644724
3149268.0, 3567154.0, 1, 0.0284771283805
2359984.0, 17839446.0, 1, 0.0236006077055
2369348.0, 17808138.0, 1, 0.0171598465792
2620044.0, 15355660.0, 1, 0.0106660600137
3101228.0, 8022508.0, 1, 0.00752519827682
2369348.0, 17808138.0, 1, 0.00645079069371
3101228.0, 8022508.0, 1, 0.0
3149268.0, 3567154.0, 1, 0.0
2708848.0, 11374202.0, 1, 0.0
3101228.0, 8022508.0, 1, 0.0
10447130.0, 2411120.0, 2, inf
2460078.0, 18488074.0, 2, inf
2367888.0, 18355602.0, 2, inf
4539858.0, 2579814.0, 2, 0.790965289862
2896598.0, 14534186.0, 2, 0.264619407344
3390416.0, 7974360.0, 2, 0.216540782675
2737820.0, 11515610.0, 2, 0.21356249997
3933786.0, 5019448.0, 2, 0.206321404817
3822488.0, 3559078.0, 2, 0.14359008458
3581470.0, 11403912.0, 2, 0.135922635277
2688904.0, 16852264.0, 2, 0.126647216284
2589002.0, 16158518.0, 2, 0.1198556104
2947700.0, 9763362.0, 2, 0.117212085823
4003066.0, 5016674.0, 2, 0.113262350502
2692510.0, 15352242.0, 2, 0.107089338833
4470352.0, 3234190.0, 2, 0.095222039622
2446948.0, 17988648.0, 2, 0.0885707381932
4114972.0, 3265210.0, 2, 0.0780461572483
3070250.0, 9029038.0, 2, 0.0778974246002
3166456.0, 8020548.0, 2, 0.0776197072688
3431882.0, 9742852.0, 2, 0.0693230830956
3070250.0, 9029038.0, 2, 0.0563076287364
3178218.0, 11506868.0, 2, 0.0346681314116
3653860.0, 7995996.0, 2, 0.0327046912426
2474376.0, 18092762.0, 2, 0.0305365851904
2474376.0, 18092762.0, 2, 0.00824569845069
2947700.0, 9763362.0, 2, 0.00760083749285
2474376.0, 18092762.0, 2, 0.0
6378986.0, 21936732.0, 3, inf
2995338.0, 9791014.0, 3, inf
8137994.0, 2953242.0, 3, inf
12767180.0, 3870420.0, 3, inf
9857968.0, 3717328.0, 3, 0.407954633635
3575726.0, 18220168.0, 3, 0.278333521387
4905972.0, 8427538.0, 3, 0.208750113101
6774818.0, 13992946.0, 3, 0.206887402057
5409008.0, 4840384.0, 3, 0.199533886382
8901674.0, 3386688.0, 3, 0.184082296911
6582736.0, 16735726.0, 3, 0.180116356695
5084894.0, 13230486.0, 3, 0.130970733132
3629178.0, 12281546.0, 3, 0.120993570281
8350598.0, 8927152.0, 3, 0.110222632099
6118648.0, 3587974.0, 3, 0.0883660844164
7932548.0, 16892658.0, 3, 0.0843035810771
5559808.0, 8717444.0, 3, 0.0837261479363
7539360.0, 4368830.0, 3, 0.0799355589082
4431264.0, 10522170.0, 3, 0.0788427527422
7010148.0, 17884334.0, 3, 0.0690530509544
4100668.0, 10942772.0, 3, 0.0636676042669
4801942.0, 11440756.0, 3, 0.0603816433321
7295178.0, 9759552.0, 3, 0.0571295031059
3869122.0, 17610636.0, 3, 0.0540540903141
6934162.0, 9326274.0, 3, 0.0451586694577
7488430.0, 17179330.0, 3, 0.0444562979824
4467526.0, 17262228.0, 3, 0.0429342615421
4628794.0, 9547084.0, 3, 0.0404287709024
6716830.0, 3926634.0, 3, 0.0367645039861
4289960.0, 9556862.0, 3, 0.0363803389604
5348732.0, 4799788.0, 3, 0.0353933547974
5434066.0, 11254460.0, 3, 0.0353022922478
3836784.0, 11367138.0, 3, 0.0343682137257
6646414.0, 4581314.0, 3, 0.0317621180498
8134814.0, 3519440.0, 3, 0.0316274995369
4044760.0, 9595470.0, 3, 0.0278451473797
4786376.0, 9635642.0, 3, 0.0263624802696
5557668.0, 9408804.0, 3, 0.0244479567174
Generacion: 369
2328942.0, 18642252.0, 1, inf
6949694.0, 2411920.0, 1, inf
5003136.0, 2545070.0, 1, 0.510312973963
2620044.0, 15355660.0, 1, 0.330224353416
3109740.0, 3943170.0, 1, 0.284904454354
3101228.0, 8022508.0, 1, 0.266830078085
2669980.0, 12094682.0, 1, 0.264528224587
4051608.0, 2574304.0, 1, 0.210855425351
4634754.0, 2563272.0, 1, 0.207726118484
3266428.0, 3534550.0, 1, 0.150922109384
3748920.0, 3223908.0, 1, 0.145114217482
2466980.0, 16741298.0, 1, 0.139077335435
3843816.0, 3207366.0, 1, 0.105530294077
2807700.0, 9788770.0, 1, 0.0900664578185
2769594.0, 10509192.0, 1, 0.0831068891183
3029654.0, 8025666.0, 1, 0.0830990026499
3004136.0, 9030198.0, 1, 0.0637235680835
2398982.0, 17552796.0, 1, 0.0609388850328
3149268.0, 3567154.0, 1, 0.0590859500451
2995674.0, 9601300.0, 1, 0.0518172547236
2359984.0, 17839446.0, 1, 0.0514898234753
2710608.0, 10796588.0, 1, 0.0483540057426
2708848.0, 11374202.0, 1, 0.0447718492373
2428796.0, 17027890.0, 1, 0.0441360106157
2708848.0, 11374202.0, 1, 0.0440001689645
3004136.0, 9030198.0, 1, 0.0407098047634
2930040.0, 9610948.0, 1, 0.0270706524865
2449122.0, 17012570.0, 1, 0.0259213926827
2930040.0, 9610948.0, 1, 0.0251603344449
2710608.0, 10796588.0, 1, 0.0180882299496
2369348.0, 17808138.0, 1, 0.01775890534
2359984.0, 17839446.0, 1, 0.00864693500746
2369348.0, 17808138.0, 1, 0.00834222270089
3101228.0, 8022508.0, 1, 0.00203669836069
2359984.0, 17839446.0, 1, 0.0
3004136.0, 9030198.0, 1, 0.0
2460078.0, 18488074.0, 2, inf
9148670.0, 2418454.0, 2, inf
2430540.0, 18379838.0, 2, inf
4539858.0, 2579814.0, 2, 0.801820298375
2661416.0, 16155204.0, 2, 0.322012960663
3867100.0, 4130956.0, 2, 0.272708835484
2813836.0, 11964086.0, 2, 0.261077957078
3250500.0, 7997292.0, 2, 0.256756170429
2606680.0, 16746040.0, 2, 0.147963025166
3293724.0, 4012454.0, 2, 0.134628478582
3866874.0, 3350110.0, 2, 0.131847974583
3118436.0, 9317638.0, 2, 0.115965138366
2770842.0, 18085518.0, 2, 0.100968873543
3288866.0, 8024772.0, 2, 0.0883674201673
4114972.0, 3265210.0, 2, 0.0808654871432
4033050.0, 3262906.0, 2, 0.0795476434269
3181870.0, 9796236.0, 2, 0.0652112148457
2916114.0, 10484506.0, 2, 0.059567986902
3002376.0, 9607790.0, 2, 0.0537793412331
2854170.0, 11431666.0, 2, 0.0492704876022
2776722.0, 10795458.0, 2, 0.0420391214914
2474376.0, 18092762.0, 2, 0.0401371517846
2815636.0, 11083852.0, 2, 0.0386765042155
2813836.0, 11964086.0, 2, 0.0386565379969
2957224.0, 10511140.0, 2, 0.0307926893733
3119642.0, 11366858.0, 2, 0.0306481893643
2460078.0, 18488074.0, 2, 0.0111322016235
3178926.0, 8000998.0, 2, 0.0109727557188
2834788.0, 10506968.0, 2, 0.0073932355005
5549540.0, 21061530.0, 3, inf
2668266.0, 17351206.0, 3, inf
6099296.0, 3816694.0, 3, inf
10901718.0, 4540106.0, 3, inf
9868286.0, 4708608.0, 3, 0.197446447257
2993386.0, 18643520.0, 3, 0.196481619002
9172370.0, 4331818.0, 3, 0.193132667408
3689758.0, 12663188.0, 3, 0.184356912755
7244994.0, 14524266.0, 3, 0.176681571599
8244654.0, 13014460.0, 3, 0.172359472577
6892740.0, 15348824.0, 3, 0.165748258558
6590462.0, 5989328.0, 3, 0.161428474809
3315642.0, 7997112.0, 3, 0.150974545062
10726952.0, 4126086.0, 3, 0.13820827902
8402718.0, 4579718.0, 3, 0.12244758968
4596964.0, 10422822.0, 3, 0.120019258572
3066146.0, 16690596.0, 3, 0.112296201339
4481728.0, 16816708.0, 3, 0.109907268204
5144402.0, 11552308.0, 3, 0.103556989436
7567326.0, 5502670.0, 3, 0.10204178635
5887496.0, 8494256.0, 3, 0.0932254910721
7793380.0, 9263538.0, 3, 0.0797008794927
6427472.0, 8192892.0, 3, 0.0795388493078
3339390.0, 17558150.0, 3, 0.0779441947581
7227156.0, 18451878.0, 3, 0.074546123615
5502308.0, 11881734.0, 3, 0.0715755116584
4895128.0, 8656610.0, 3, 0.0678089160314
3431882.0, 9742852.0, 3, 0.0659922940106
5464174.0, 5114302.0, 3, 0.0634998485237
7872166.0, 4279174.0, 3, 0.0592567137666
5149800.0, 16983348.0, 3, 0.0486472260779
4626096.0, 5021498.0, 3, 0.0452109687866
7094658.0, 9456008.0, 3, 0.0449986766256
5553128.0, 16985864.0, 3, 0.0438370964034
3504648.0, 8021746.0, 3, 0.0413141206417
Generacion: 370
2328942.0, 18642252.0, 1, inf
10035166.0, 2411444.0, 1, inf
6969892.0, 2418642.0, 1, 0.412259466938
3109740.0, 3943170.0, 1, 0.286938821497
3101228.0, 8022508.0, 1, 0.261919967708
2669980.0, 12094682.0, 1, 0.256826185884
2620044.0, 15355660.0, 1, 0.204751571891
3978912.0, 3401668.0, 1, 0.185402795543
5924512.0, 2463438.0, 1, 0.157316242265
5553966.0, 2467816.0, 1, 0.146210822964
3198266.0, 3569640.0, 1, 0.146150915182
6753854.0, 2441644.0, 1, 0.124363946422
4807264.0, 2483416.0, 1, 0.117941009825
4146592.0, 2557762.0, 1, 0.107350068468
2552778.0, 16724692.0, 1, 0.0856580357311
2708848.0, 11374202.0, 1, 0.0852492665493
2428796.0, 17027890.0, 1, 0.0783985614951
2807700.0, 9788770.0, 1, 0.0761622287566
3029654.0, 8025666.0, 1, 0.0746841841746
2590462.0, 15611076.0, 1, 0.0724499637391
3004136.0, 9030198.0, 1, 0.0712771476596
4402816.0, 2552114.0, 1, 0.070228897249
2710608.0, 10796588.0, 1, 0.0611770468911
2369348.0, 17808138.0, 1, 0.0589303667688
4681268.0, 2544022.0, 1, 0.0567158595168
2330402.0, 18094754.0, 1, 0.0534900354493
2769594.0, 10509192.0, 1, 0.0520404159459
2930040.0, 9610948.0, 1, 0.0514616313176
2931800.0, 9033356.0, 1, 0.0453958053776
6864760.0, 2425256.0, 1, 0.029451404176
2466980.0, 16741298.0, 1, 0.0287908828228
2769594.0, 10509192.0, 1, 0.0226516544658
2620044.0, 15355660.0, 1, 0.0222164501973
2590462.0, 15611076.0, 1, 0.0206265664877
2359984.0, 17839446.0, 1, 0.0169449609036
2930040.0, 9610948.0, 1, 0.0111842184714
2466980.0, 16741298.0, 1, 0.00597807192977
2359984.0, 17839446.0, 1, 0.00576763960585
3004136.0, 9030198.0, 1, 0.00350591762725
2466980.0, 16741298.0, 1, 0.0
2769594.0, 10509192.0, 1, 0.0
2412022.0, 18268538.0, 2, inf
5003136.0, 2545070.0, 2, inf
5003136.0, 2545070.0, 2, inf
2430540.0, 18379838.0, 2, inf
4626096.0, 5021498.0, 2, 0.259096066241
4823526.0, 3374846.0, 2, 0.257818111645
4382572.0, 6719556.0, 2, 0.255466345194
4037158.0, 5797624.0, 2, 0.208470345646
3407634.0, 12061444.0, 2, 0.184032829874
3512348.0, 8018080.0, 2, 0.175283595172
4173918.0, 9793308.0, 2, 0.168073043728
2760508.0, 14541050.0, 2, 0.167402220446
2661416.0, 16155204.0, 2, 0.166970403343
3110342.0, 12085602.0, 2, 0.157495946673
3858276.0, 10158300.0, 2, 0.156555549269
3116636.0, 10197850.0, 2, 0.149782670885
4474960.0, 5347422.0, 2, 0.142998329318
3222434.0, 8948132.0, 2, 0.139274584021
3187026.0, 8003152.0, 2, 0.122835698176
4890978.0, 2557750.0, 2, 0.121719832794
2692510.0, 15352242.0, 2, 0.119773565716
2925572.0, 16487940.0, 2, 0.116110166316
3288866.0, 8024772.0, 2, 0.105769400255
3344306.0, 16818088.0, 2, 0.0792257143955
3858276.0, 10158300.0, 2, 0.071534383904
3002376.0, 9607790.0, 2, 0.0687680795964
2767034.0, 17546822.0, 2, 0.0668034159906
2688856.0, 14544364.0, 2, 0.057083161793
2677340.0, 17016648.0, 2, 0.0566111749148
3032772.0, 18196730.0, 2, 0.0549086995073
2992886.0, 17834434.0, 2, 0.0527976908578
2800502.0, 17830054.0, 2, 0.048545420624
3076008.0, 18253922.0, 2, 0.0344717618039
2800502.0, 17830054.0, 2, 0.0308031682688
2735614.0, 12085032.0, 2, 0.0277683968076
3110342.0, 12085602.0, 2, 0.0132866680712
3110342.0, 12085602.0, 2, 0.0
7117726.0, 2577376.0, 3, inf
13285844.0, 16566484.0, 3, inf
3253090.0, 18474698.0, 3, inf
4859044.0, 22577692.0, 3, inf
6380636.0, 21027226.0, 3, 0.203397884039
12015450.0, 4009606.0, 3, 0.19064092144
8216834.0, 19228802.0, 3, 0.187815234422
5984038.0, 12738226.0, 3, 0.187356966581
9661028.0, 16333596.0, 3, 0.182075515144
10824956.0, 9783342.0, 3, 0.134758875795
8965946.0, 11485590.0, 3, 0.134680038069
3809378.0, 16980554.0, 3, 0.126283230745
7244994.0, 14524266.0, 3, 0.119559963195
4486726.0, 7621304.0, 3, 0.118400012952
7626376.0, 6564678.0, 3, 0.111759287778
11635880.0, 16211270.0, 3, 0.104334469718
6915502.0, 5976020.0, 3, 0.102365208515
7036146.0, 9316764.0, 3, 0.100097616722
8806140.0, 3775362.0, 3, 0.0984004204203
6574036.0, 10533816.0, 3, 0.0983813483578
11070280.0, 4299034.0, 3, 0.0951985696857
6086660.0, 14740176.0, 3, 0.0842217836764
Generacion: 371
2328942.0, 18642252.0, 1, inf
6969892.0, 2418642.0, 1, inf
5672858.0, 2487706.0, 1, 0.538302112307
4402816.0, 2552114.0, 1, 0.43846820364
3259056.0, 4136098.0, 1, 0.423087806129
3843816.0, 3207366.0, 1, 0.344084038465
6864760.0, 2425256.0, 1, 0.283732975045
2669980.0, 12094682.0, 1, 0.264546223432
3250500.0, 7997292.0, 1, 0.25388017912
2620044.0, 15355660.0, 1, 0.207690713223
2589002.0, 16158518.0, 1, 0.183061224782
2398982.0, 17552796.0, 1, 0.149009739401
2776722.0, 10795458.0, 1, 0.0830411695098
3029654.0, 8025666.0, 1, 0.0830332797738
3004136.0, 9030198.0, 1, 0.0775043725079
2807700.0, 9788770.0, 1, 0.0761056822755
2931800.0, 9033356.0, 1, 0.0694105075227
2620044.0, 15355660.0, 1, 0.0602468790388
2893498.0, 9769524.0, 1, 0.0591290044968
2710608.0, 10796588.0, 1, 0.0502979711466
2708848.0, 11374202.0, 1, 0.0447885842564
2708848.0, 11374202.0, 1, 0.0439783061038
2330402.0, 18094754.0, 1, 0.0401211157138
3187026.0, 8003152.0, 1, 0.0305854841119
2369348.0, 17808138.0, 1, 0.0260717148922
2359984.0, 17839446.0, 1, 0.0260584145786
3111134.0, 8006310.0, 1, 0.0196802392056
2872928.0, 9786840.0, 1, 0.0196734589637
3101228.0, 8022508.0, 1, 0.0164206948934
2330402.0, 18094754.0, 1, 0.0160514088938
2807700.0, 9788770.0, 1, 0.00679388889554
3004136.0, 9030198.0, 1, 0.00569309778725
3101228.0, 8022508.0, 1, 0.00232913135796
2620044.0, 15355660.0, 1, 0.0
2620044.0, 15355660.0, 1, 0.0
2497100.0, 17559214.0, 2, inf
3205016.0, 18369296.0, 2, inf
7555084.0, 2428858.0, 2, inf
5179044.0, 2845616.0, 2, 0.57965497257
2688856.0, 14544364.0, 2, 0.299837479679
3250830.0, 7997796.0, 2, 0.274140568134
3978912.0, 3401668.0, 2, 0.271844225703
2813836.0, 11964086.0, 2, 0.211025610412
3970822.0, 5423974.0, 2, 0.191960236333
4531942.0, 9991520.0, 2, 0.177227751155
3335572.0, 15996882.0, 2, 0.157124114568
4847248.0, 5410540.0, 2, 0.147569115794
3625166.0, 10495682.0, 2, 0.146658917652
3002376.0, 9607790.0, 2, 0.130379381554
3277872.0, 17172606.0, 2, 0.0939876058989
2881264.0, 11083902.0, 2, 0.0918020770963
4890978.0, 2557750.0, 2, 0.0917431696109
3160036.0, 16196306.0, 2, 0.0907495195273
3828930.0, 10181414.0, 2, 0.0812824998317
4786264.0, 9608538.0, 2, 0.0734328263392
2800502.0, 17830054.0, 2, 0.0559181756508
2788046.0, 11435048.0, 2, 0.042729435279
3029624.0, 9900728.0, 2, 0.0355682158905
3116636.0, 10197850.0, 2, 0.0332811815707
2774516.0, 11364856.0, 2, 0.0327048196819
3293760.0, 10300932.0, 2, 0.0300917608278
2734046.0, 16004552.0, 2, 0.0294461733885
3218820.0, 9784642.0, 2, 0.0273878701106
8674984.0, 2544904.0, 3, inf
5653574.0, 19343080.0, 3, inf
3313566.0, 14197132.0, 3, inf
12594264.0, 3075800.0, 3, inf
11866074.0, 3140540.0, 3, 0.34334868434
9527982.0, 3519620.0, 3, 0.281837776268
5566560.0, 8709608.0, 3, 0.25994073986
4626606.0, 5811144.0, 3, 0.216004013815
8248600.0, 17208068.0, 3, 0.18845200681
6968394.0, 13265226.0, 3, 0.179997593452
7224786.0, 3988260.0, 3, 0.168125799903
3407634.0, 12061444.0, 3, 0.14896826388
4032948.0, 18350354.0, 3, 0.144279246376
5726146.0, 10031838.0, 3, 0.132390931297
5866302.0, 14789894.0, 3, 0.129819094634
3833806.0, 10795604.0, 3, 0.121029987692
6175952.0, 4245722.0, 3, 0.110623452682
4420032.0, 17550086.0, 3, 0.109951710469
3637844.0, 16260022.0, 3, 0.106744952044
5634582.0, 15867762.0, 3, 0.0968929243212
4715868.0, 11349778.0, 3, 0.0949717820049
5218848.0, 13454124.0, 3, 0.0780281549469
9354472.0, 3535998.0, 3, 0.0751628661499
5851966.0, 17980528.0, 3, 0.0623507038324
5425318.0, 4380632.0, 3, 0.0610326077623
5446984.0, 5049040.0, 3, 0.0586468484233
4660724.0, 16889506.0, 3, 0.0542234646894
5042638.0, 5516790.0, 3, 0.0463470008388
9360138.0, 3337412.0, 3, 0.0412625278792
5729778.0, 3542082.0, 3, 0.0404804501875
4898614.0, 5132858.0, 3, 0.0395434258127
4842774.0, 17009312.0, 3, 0.0386550585967
4968564.0, 5485616.0, 3, 0.0383742370429
6133784.0, 4376850.0, 3, 0.0360291651641
7077024.0, 3111316.0, 3, 0.0302449879845
5251932.0, 4335878.0, 3, 0.0300533346886
5554010.0, 3119788.0, 3, 0.0146240884152
Generacion: 372
2330402.0, 18094754.0, 1, inf
8102096.0, 2412934.0, 1, inf
2330402.0, 18094754.0, 1, inf
6711770.0, 2444438.0, 1, 0.46514561387
2742406.0, 13305900.0, 1, 0.271303900196
5444418.0, 2486294.0, 1, 0.268464572424
3763694.0, 6026358.0, 1, 0.255890357097
2769594.0, 10509192.0, 1, 0.235593524175
2466980.0, 16741298.0, 1, 0.219607296897
3932300.0, 3937982.0, 1, 0.204660049448
3621896.0, 7107434.0, 1, 0.202048905389
5180658.0, 2494386.0, 1, 0.184664511255
4402816.0, 2552114.0, 1, 0.180241189082
2571668.0, 14970754.0, 1, 0.178536419217
3315760.0, 7977806.0, 1, 0.13372958419
4114972.0, 3265210.0, 1, 0.127619786803
2359984.0, 17839446.0, 1, 0.109970745791
2688856.0, 14544364.0, 1, 0.0992784244915
3004136.0, 9030198.0, 1, 0.0765899945743
3029654.0, 8025666.0, 1, 0.0764579709431
3978912.0, 3401668.0, 1, 0.0745510314636
2807700.0, 9788770.0, 1, 0.0572413097342
4402816.0, 2552114.0, 1, 0.0535528721634
2931800.0, 9033356.0, 1, 0.0493648383105
2930040.0, 9610948.0, 1, 0.0431631928318
3178926.0, 8000998.0, 1, 0.0400202386898
2688856.0, 14544364.0, 1, 0.0364681224527
3101228.0, 8022508.0, 1, 0.0274358026663
2893498.0, 9769524.0, 1, 0.0211114886325
2872928.0, 9786840.0, 1, 0.0160925874592
2930040.0, 9610948.0, 1, 0.0104170280522
2807700.0, 9788770.0, 1, 0.00672529356517
3004136.0, 9030198.0, 1, 0.00462261199745
3029654.0, 8025666.0, 1, 0.00462261199745
2931800.0, 9033356.0, 1, 0.000506316157788
3029654.0, 8025666.0, 1, 0.0
3029654.0, 8025666.0, 1, 0.0
4402816.0, 2552114.0, 1, 0.0
2807700.0, 9788770.0, 1, 0.0
2930040.0, 9610948.0, 1, 0.0
3205016.0, 18369296.0, 2, inf
2510276.0, 17011454.0, 2, inf
8222812.0, 2423040.0, 2, inf
8114772.0, 3119268.0, 2, 0.496100271126
5672858.0, 2487706.0, 2, 0.455639193296
5337866.0, 5589910.0, 2, 0.379766744978
3362596.0, 14986166.0, 2, 0.328256953798
3753546.0, 11556082.0, 2, 0.292932511767
3187026.0, 8003152.0, 2, 0.181489040136
4715270.0, 9480682.0, 2, 0.159995894109
4081382.0, 4130928.0, 2, 0.158591469185
4154910.0, 8415780.0, 2, 0.123174462117
2590462.0, 15611076.0, 2, 0.114739610357
4531942.0, 9991520.0, 2, 0.112561625614
4655784.0, 3368448.0, 2, 0.0955340778179
2776722.0, 10795458.0, 2, 0.075956749525
3002376.0, 9607790.0, 2, 0.0705281113737
5497528.0, 2575574.0, 2, 0.0676142366394
3828930.0, 10181414.0, 2, 0.0634948769105
3792886.0, 11516122.0, 2, 0.0608954623745
3180584.0, 10505074.0, 2, 0.0581517791952
5566560.0, 8709608.0, 2, 0.0562621933467
3222434.0, 8948132.0, 2, 0.0542699947038
4044760.0, 9595470.0, 2, 0.0521636564557
2845458.0, 10712794.0, 2, 0.052061333181
2809000.0, 15507082.0, 2, 0.0510131704714
3293760.0, 10300932.0, 2, 0.0448327902603
2662876.0, 15607762.0, 2, 0.0391270146212
5497866.0, 8824470.0, 2, 0.0270422941142
3218820.0, 9784642.0, 2, 0.0136060965436
3218820.0, 9784642.0, 2, 0.0135069429135
3218820.0, 9784642.0, 2, 0.0
9340042.0, 2427368.0, 3, inf
5901332.0, 21855848.0, 3, inf
2704508.0, 15896424.0, 3, inf
12705730.0, 3674172.0, 3, inf
5612052.0, 18422066.0, 3, 0.213218333451
10380430.0, 14555676.0, 3, 0.210380765019
5992250.0, 21637006.0, 3, 0.192009145191
8390390.0, 7886476.0, 3, 0.149859878871
11866074.0, 3140540.0, 3, 0.149838369181
10970080.0, 10091108.0, 3, 0.133966106968
2802768.0, 14120554.0, 3, 0.129424207343
8889768.0, 6081182.0, 3, 0.123947390812
9670092.0, 2615572.0, 3, 0.118538811274
9506626.0, 4539740.0, 3, 0.114056407543
7003386.0, 13267072.0, 3, 0.11189217339
7830500.0, 11666146.0, 3, 0.10860158375
4384592.0, 11362104.0, 3, 0.103433574081
4951268.0, 17547912.0, 3, 0.0989900669842
5378930.0, 17296968.0, 3, 0.0968020183399
5645480.0, 15682562.0, 3, 0.095569367359
8930964.0, 6976586.0, 3, 0.0948983975365
6676982.0, 9601794.0, 3, 0.089285361715
12483208.0, 4361444.0, 3, 0.0865839559685
7341306.0, 10571236.0, 3, 0.0851078842007
3878860.0, 17483682.0, 3, 0.0846949247283
7510590.0, 12195858.0, 3, 0.0842823378796
4558976.0, 17993302.0, 3, 0.0823059143959
7456718.0, 16153494.0, 3, 0.0795147663282
Generacion: 373
8488844.0, 2424336.0, 1, inf
2330402.0, 18094754.0, 1, inf
2330402.0, 18094754.0, 1, inf
5444418.0, 2486294.0, 1, 0.564876329667
3843816.0, 3207366.0, 1, 0.449039358954
5067822.0, 2571248.0, 1, 0.305918576633
3659946.0, 6025482.0, 1, 0.284916004992
2768864.0, 12105422.0, 1, 0.23504627409
2571668.0, 14970754.0, 1, 0.17428799918
2742406.0, 13305900.0, 1, 0.168631479013
2807700.0, 9788770.0, 1, 0.158427645294
2466980.0, 16741298.0, 1, 0.135163754969
3621896.0, 7107434.0, 1, 0.130906160347
3432338.0, 7497678.0, 1, 0.105252335481
2466980.0, 16741298.0, 1, 0.103369232103
2688856.0, 14544364.0, 1, 0.0803193082475
3004136.0, 9030198.0, 1, 0.0801946490058
3029654.0, 8025666.0, 1, 0.0746898334216
2930040.0, 9610948.0, 1, 0.0576427707142
2931800.0, 9033356.0, 1, 0.0490918894611
2680928.0, 14554532.0, 1, 0.0462387064502
3315760.0, 7977806.0, 1, 0.0344313245384
3166456.0, 8020548.0, 1, 0.0336510847767
2872928.0, 9786840.0, 1, 0.0312130372855
3292406.0, 7981642.0, 1, 0.026971353789
3315760.0, 7977806.0, 1, 0.0191745802103
3094848.0, 8023446.0, 1, 0.0118236215419
3101228.0, 8022508.0, 1, 0.011812550647
2688856.0, 14544364.0, 1, 0.00934424697976
2807700.0, 9788770.0, 1, 0.0064293024153
3029654.0, 8025666.0, 1, 0.00428524867617
3029654.0, 8025666.0, 1, 0.0
2807700.0, 9788770.0, 1, 0.0
2807700.0, 9788770.0, 1, 0.0
2469766.0, 17980106.0, 2, inf
8897516.0, 2584372.0, 2, inf
6420046.0, 2568888.0, 2, inf
8114772.0, 3119268.0, 2, 0.37128843763
5630574.0, 4739434.0, 2, 0.361359072388
2590462.0, 15611076.0, 2, 0.323906559672
4689078.0, 9804232.0, 2, 0.300576605472
6825130.0, 3337612.0, 2, 0.280089902371
3763694.0, 6026358.0, 2, 0.239111132925
3413110.0, 12742756.0, 2, 0.215433437366
6185972.0, 4046338.0, 2, 0.174826904991
3539144.0, 7917262.0, 2, 0.14033423074
3236744.0, 11405470.0, 2, 0.130624891133
2831728.0, 12486888.0, 2, 0.127318368963
3150098.0, 8953482.0, 2, 0.1201175101
3922588.0, 16866708.0, 2, 0.118581840734
3984980.0, 9793354.0, 2, 0.11806509169
6645752.0, 3913662.0, 2, 0.10197780663
3836606.0, 10797740.0, 2, 0.0841153085312
3368298.0, 7977936.0, 2, 0.0803750878716
3315662.0, 10480118.0, 2, 0.0649720731489
3625076.0, 17835318.0, 2, 0.0629831229483
3524712.0, 17209130.0, 2, 0.0580649684729
3939104.0, 9469946.0, 2, 0.0506523192086
3002376.0, 9607790.0, 2, 0.0482579381569
2851074.0, 10490116.0, 2, 0.0471584289359
3030758.0, 17547842.0, 2, 0.037220056978
3030758.0, 17547842.0, 2, 0.0263938178107
3180552.0, 9782848.0, 2, 0.0255208284516
3450006.0, 7948446.0, 2, 0.0212995319104
3932300.0, 3937982.0, 2, 0.0111785373615
3589630.0, 7996830.0, 3, inf
12229734.0, 3124082.0, 3, inf
5901332.0, 21855848.0, 3, inf
13977608.0, 4191778.0, 3, inf
11527350.0, 15851086.0, 3, 0.379543923399
7774768.0, 14051980.0, 3, 0.277954779111
10223648.0, 17544102.0, 3, 0.269883050418
7089556.0, 18466928.0, 3, 0.214649963566
7322950.0, 21300270.0, 3, 0.211738581866
4676650.0, 11078446.0, 3, 0.206388770072
12772022.0, 3664050.0, 3, 0.198603484753
3973420.0, 9598160.0, 3, 0.188305097909
9436414.0, 4741520.0, 3, 0.125316132465
4654944.0, 7409872.0, 3, 0.102116983684
10027830.0, 4208824.0, 3, 0.0872903698763
5462552.0, 8843872.0, 3, 0.0855280201513
8817532.0, 4581124.0, 3, 0.0778447164916
6377602.0, 6741252.0, 3, 0.0772836172311
6706838.0, 5231142.0, 3, 0.0732055278022
4940498.0, 8476532.0, 3, 0.0698992034914
4825668.0, 6141412.0, 3, 0.0691001231225
5814512.0, 18202514.0, 3, 0.0665676653664
5679200.0, 6999044.0, 3, 0.066490358194
8470624.0, 3201034.0, 3, 0.0640235514592
8137392.0, 5432242.0, 3, 0.0622666861491
5337866.0, 5589910.0, 3, 0.0621892254182
8775360.0, 10450168.0, 3, 0.0611030461875
6618252.0, 4838438.0, 3, 0.0578325372652
7919782.0, 4021042.0, 3, 0.057454984446
7628204.0, 5655780.0, 3, 0.0553774367257
7409716.0, 4407328.0, 3, 0.0492606428065
5999982.0, 7352074.0, 3, 0.0470669793697
5915720.0, 10491974.0, 3, 0.0409245576794
6176820.0, 18390480.0, 3, 0.0365831248491
6233372.0, 8225836.0, 3, 0.0364442283199
Generacion: 374
2466980.0, 16741298.0, 1, inf
2466980.0, 16741298.0, 1, inf
6569386.0, 2432202.0, 1, inf
5953490.0, 2489680.0, 1, 0.530896197045
4425044.0, 2549432.0, 1, 0.517336973804
3956508.0, 2926878.0, 1, 0.399672632387
2571668.0, 14970754.0, 1, 0.303965183778
3772324.0, 5991714.0, 1, 0.288837625167
2669980.0, 12094682.0, 1, 0.265758842564
3621896.0, 7107434.0, 1, 0.158366913652
2708848.0, 11374202.0, 1, 0.153922322848
2482346.0, 15789686.0, 1, 0.149254242961
3432338.0, 7497678.0, 1, 0.135450009881
2807700.0, 9788770.0, 1, 0.126698830979
3659946.0, 6025482.0, 1, 0.114641018493
3070250.0, 9029038.0, 1, 0.0941158066055
3094848.0, 8023446.0, 1, 0.090100393649
2930040.0, 9610948.0, 1, 0.0670082971353
2671740.0, 11517034.0, 1, 0.0598256293228
2931800.0, 9033356.0, 1, 0.0564729939338
3176174.0, 8000694.0, 1, 0.0510781166609
2872928.0, 9786840.0, 1, 0.0422487244
3315760.0, 7977806.0, 1, 0.0392467983139
2997880.0, 9031936.0, 1, 0.0340502541758
3315760.0, 7977806.0, 1, 0.0286850638456
3292406.0, 7981642.0, 1, 0.0286007230953
2807700.0, 9788770.0, 1, 0.024230982844
3094848.0, 8023446.0, 1, 0.00758603112434
3292406.0, 7981642.0, 1, 0.00702421765614
2931800.0, 9033356.0, 1, 0.000528254109099
2807700.0, 9788770.0, 1, 0.0
2807700.0, 9788770.0, 1, 0.0
3315760.0, 7977806.0, 1, 0.0
2466980.0, 16741298.0, 1, 0.0
2807700.0, 9788770.0, 1, 0.0
3030758.0, 17547842.0, 2, inf
2590462.0, 15611076.0, 2, inf
5277912.0, 2560160.0, 2, inf
4151906.0, 3218452.0, 2, 0.438370493211
4629468.0, 2919242.0, 2, 0.347033279961
3763694.0, 6026358.0, 2, 0.300872027091
2860336.0, 11518982.0, 2, 0.277783840358
2709182.0, 14528704.0, 2, 0.262219208088
4008508.0, 9178538.0, 2, 0.210206739292
3688684.0, 6711768.0, 2, 0.194805991217
5015572.0, 2833820.0, 2, 0.186330166918
2655966.0, 16071856.0, 2, 0.165836254052
3180584.0, 10505074.0, 2, 0.142735779273
3433362.0, 9689622.0, 2, 0.123070667893
3512348.0, 8018080.0, 2, 0.120783921797
5067822.0, 2571248.0, 2, 0.115875694132
3476922.0, 7975308.0, 2, 0.115131897021
3030758.0, 17547842.0, 2, 0.109040879061
3870874.0, 11080824.0, 2, 0.104749155423
2851074.0, 10490116.0, 2, 0.103309178178
3109246.0, 9799682.0, 2, 0.0916627457164
2993930.0, 10957424.0, 2, 0.0887741421304
2688856.0, 14544364.0, 2, 0.0787358837596
3589630.0, 7996830.0, 2, 0.0684684263015
3133560.0, 11162064.0, 2, 0.0557794066892
2995674.0, 9601300.0, 2, 0.0317830755746
3002376.0, 9607790.0, 2, 0.0189477271495
2688856.0, 14544364.0, 2, 0.0132832252629
5446658.0, 2817392.0, 3, inf
3116356.0, 17814454.0, 3, inf
13815654.0, 2827188.0, 3, inf
9865534.0, 3147606.0, 3, 0.556341829862
4017510.0, 17208628.0, 3, 0.237539671182
7983766.0, 3448266.0, 3, 0.216818701182
7863860.0, 15314230.0, 3, 0.201910862827
7554646.0, 12015966.0, 3, 0.173619303511
4594208.0, 8481092.0, 3, 0.149506278828
7132236.0, 14782050.0, 3, 0.140218866962
5156810.0, 9514286.0, 3, 0.13952719536
3545318.0, 17700472.0, 3, 0.124621838115
5219728.0, 5156962.0, 3, 0.119778399462
4556676.0, 6290056.0, 3, 0.118478379917
4677808.0, 13495502.0, 3, 0.112520722327
7200050.0, 13660022.0, 3, 0.109571220514
6469888.0, 4473908.0, 3, 0.104152009433
4384418.0, 11370320.0, 3, 0.102637060635
4654944.0, 7409872.0, 3, 0.0998826966769
6807952.0, 4025248.0, 3, 0.0748328710271
5779840.0, 10214740.0, 3, 0.0723965426603
4695410.0, 6731658.0, 3, 0.0700931877584
5804692.0, 4862810.0, 3, 0.0662079989946
7435940.0, 10650170.0, 3, 0.0646634432082
4857804.0, 3299424.0, 3, 0.0631722513258
4450002.0, 7100326.0, 3, 0.0611037924281
4685924.0, 10994290.0, 3, 0.0496645600643
6174144.0, 3047998.0, 3, 0.0490541099396
6161370.0, 3746950.0, 3, 0.0466049880824
7522416.0, 10066286.0, 3, 0.0448896087301
7386714.0, 3745348.0, 3, 0.0419634084364
5420120.0, 3926430.0, 3, 0.0397666374019
6879962.0, 3130410.0, 3, 0.0369507386259
4386764.0, 4698822.0, 3, 0.0320616271424
7522416.0, 10066286.0, 3, 0.0129112193576
12104880.0, 18400420.0, 4, inf
10674188.0, 3929706.0, 4, inf
