Final time of Execution: 0:20:32.257633
inf
21040664.0, 14511994.0, 1, inf
23148622.0, 11758488.0, 1, 1.07883236494
21308474.0, 13399706.0, 1, 0.921167635061
22460958.0, 12309054.0, 1, 0.518603727077
22460958.0, 12309054.0, 1, 0.450452422359
22460958.0, 12309054.0, 1, 0.0
26093314.0, 9307594.0, 2, inf
26093314.0, 9307594.0, 2, inf
21989882.0, 15306856.0, 2, inf
24993704.0, 10796342.0, 2, 0.557213111554
22587138.0, 13644620.0, 2, 0.446020593609
23515992.0, 12788046.0, 2, 0.375231299199
22832710.0, 14722632.0, 2, 0.34574334982
24791966.0, 12070476.0, 2, 0.297871336284
24078218.0, 11664782.0, 2, 0.295839693605
24166624.0, 12412204.0, 2, 0.289900208007
22829716.0, 14235994.0, 2, 0.239536283313
24877690.0, 10873206.0, 2, 0.160217994105
23771586.0, 12766156.0, 2, 0.121287117412
23771586.0, 12766156.0, 2, 0.0783745239029
24877690.0, 10873206.0, 2, 0.0337030481226
23041904.0, 16112668.0, 3, inf
22461430.0, 16107902.0, 3, inf
26342762.0, 10588924.0, 3, inf
22978688.0, 13806316.0, 3, 0.480012744391
26011098.0, 11207074.0, 3, 0.349576860483
23699262.0, 13542076.0, 3, 0.30204889307
25482596.0, 11976542.0, 3, 0.297851153309
24108924.0, 13528190.0, 3, 0.212491001467
25064580.0, 12085020.0, 3, 0.195863330675
24794678.0, 11775908.0, 3, 0.182440177243
22886152.0, 13678094.0, 3, 0.181105285873
24228672.0, 12074118.0, 3, 0.167554207107
24166624.0, 12412204.0, 3, 0.167345109249
24740734.0, 12861044.0, 3, 0.16617122074
24908168.0, 11069086.0, 3, 0.154488020588
24119782.0, 12966796.0, 3, 0.135643894237
24959946.0, 12854424.0, 3, 0.121555017799
26908988.0, 10752420.0, 4, inf
22666708.0, 16727828.0, 4, inf
23393522.0, 15346380.0, 4, 0.397169758249
25441234.0, 12686866.0, 4, 0.292057294363
23936446.0, 14682696.0, 4, 0.246651806866
23476330.0, 14960656.0, 4, 0.235405206054
22978688.0, 13806316.0, 4, 0.229102406416
24506124.0, 12277038.0, 4, 0.218392053729
23942866.0, 14143944.0, 4, 0.218090676281
26471164.0, 11086382.0, 4, 0.21456412521
25122718.0, 11560826.0, 4, 0.194146196898
25906876.0, 12417396.0, 4, 0.193834164299
24239456.0, 13188586.0, 4, 0.184501156712
24870272.0, 13421028.0, 4, 0.15282398785
25092872.0, 13111928.0, 4, 0.136839481645
26138172.0, 12471282.0, 4, 0.126547042944
24898406.0, 13549228.0, 4, 0.115677509909
26125628.0, 12000942.0, 4, 0.111894778595
26599110.0, 11934210.0, 4, 0.110311277606
26765098.0, 10927966.0, 4, 0.103505781476
26801112.0, 11755804.0, 4, 0.0964048609317
23408978.0, 13798708.0, 4, 0.0625440346792
27425132.0, 10994238.0, 5, inf
23510888.0, 15363220.0, 5, inf
23081320.0, 14015280.0, 5, inf
24379842.0, 15282504.0, 5, 0.448362132157
26221162.0, 11617866.0, 5, 0.377667423206
24519784.0, 12538568.0, 5, 0.304594125306
27196366.0, 11654830.0, 5, 0.284392632498
25722878.0, 13540152.0, 5, 0.249188868498
26160008.0, 13282838.0, 5, 0.244768835994
23865350.0, 15315940.0, 5, 0.218518893009
25482596.0, 11976542.0, 5, 0.215804886913
25201402.0, 12188842.0, 5, 0.210063125199
24960786.0, 13999378.0, 5, 0.166556637865
25126736.0, 13892170.0, 5, 0.137314421827
23405804.0, 13898066.0, 5, 0.123430380385
27313292.0, 11770492.0, 5, 0.100035104991
25959204.0, 11769582.0, 5, 0.0991918116077
26212636.0, 12536382.0, 5, 0.0941258979266
26145220.0, 11761914.0, 5, 0.0724927565898
23090828.0, 15316818.0, 6, inf
24405442.0, 17220300.0, 6, inf
27196366.0, 11654830.0, 6, inf
29586478.0, 12107636.0, 6, inf
24451386.0, 15941380.0, 6, 0.26334802648
28024984.0, 12328230.0, 6, 0.261835676442
23489122.0, 14327890.0, 6, 0.193479181532
24138870.0, 14276860.0, 6, 0.155561805936
24916804.0, 15864176.0, 6, 0.145968398546
26801112.0, 11755804.0, 6, 0.132571787876
27134176.0, 13200658.0, 6, 0.129100947363
26010226.0, 11946804.0, 6, 0.1242623878
26518878.0, 13240898.0, 6, 0.119344376392
27927168.0, 12724250.0, 6, 0.116907935359
23237578.0, 14862382.0, 6, 0.116109416534
25622376.0, 14014378.0, 6, 0.113036318568
24533280.0, 13360310.0, 6, 0.107123705242
25722302.0, 13662590.0, 6, 0.106178259727
27447376.0, 12528344.0, 6, 0.100362318853
25206368.0, 14581436.0, 6, 0.0987571461993
25830672.0, 13601914.0, 6, 0.0986391362758
24740734.0, 12861044.0, 6, 0.0916052310711
27603022.0, 12340076.0, 6, 0.0833006647012
26599110.0, 11934210.0, 6, 0.0777684480065
25569036.0, 12036134.0, 6, 0.076013411558
25179018.0, 15130494.0, 6, 0.0756007467474
25316332.0, 14247218.0, 6, 0.0741713486438
23181326.0, 14963920.0, 6, 0.066452129655
24725870.0, 15106484.0, 6, 0.0618672805608
25223202.0, 14160372.0, 6, 0.0587654062941
28000314.0, 12241862.0, 6, 0.0546948783892
27500000.0, 12838592.0, 6, 0.0473511532417
25205534.0, 12425840.0, 6, 0.0380383808924
24959946.0, 12854424.0, 6, 0.0349154323211
24959946.0, 12854424.0, 6, 0.00948635896093
27313292.0, 11770492.0, 7, inf
30982650.0, 12528368.0, 7, inf
25421232.0, 18311272.0, 7, inf
23439548.0, 14975620.0, 7, inf
29203416.0, 13087060.0, 7, 0.341590987968
25827396.0, 16964248.0, 7, 0.329294344111
24894854.0, 17947724.0, 7, 0.284128811836
25546256.0, 15831810.0, 7, 0.218373710227
27596540.0, 13389696.0, 7, 0.214866136738
25749478.0, 14090472.0, 7, 0.180126721108
28750194.0, 12612908.0, 7, 0.165688285218
24121274.0, 14940928.0, 7, 0.16335415752
26144982.0, 14890310.0, 7, 0.151024280357
26198782.0, 12028756.0, 7, 0.0931235371964
24573362.0, 13703026.0, 7, 0.0897614376135
25482466.0, 15717206.0, 7, 0.0820359193062
27135214.0, 13573940.0, 7, 0.080671387697
26829498.0, 13442858.0, 7, 0.0794619541591
26644898.0, 13592422.0, 7, 0.077592298015
28799838.0, 12868434.0, 7, 0.0751867796685
25995330.0, 15117094.0, 7, 0.0748287496448
26222444.0, 13807224.0, 7, 0.0666167562849
25691540.0, 15334134.0, 7, 0.0645400099003
24663542.0, 13484276.0, 7, 0.0626613909848
26277976.0, 13603218.0, 7, 0.0619670153345
25253310.0, 12854394.0, 7, 0.061429918635
25844934.0, 15403642.0, 7, 0.0599650470312
27510370.0, 12953176.0, 7, 0.0575046645593
27313292.0, 11770492.0, 7, 0.0560854234942
25256012.0, 12779802.0, 7, 0.0554507435512
25409052.0, 12626750.0, 7, 0.0474193726959
26222298.0, 11966444.0, 7, 0.0426221047581
27539758.0, 13048186.0, 7, 0.0318928005554
26153740.0, 14990580.0, 7, 0.0246667424347
25976742.0, 12586424.0, 7, 0.0234281699998
Generacion: 2
19282854.0, 14456632.0, 1, inf
23596756.0, 8932602.0, 1, inf
20152518.0, 12816458.0, 1, 0.909136192498
20521774.0, 11020996.0, 1, 0.870946521935
22132770.0, 10541072.0, 1, 0.58081353051
22460056.0, 10294570.0, 1, 0.479773965947
23038108.0, 9050088.0, 1, 0.426625275552
23296076.0, 9008418.0, 1, 0.150767633102
23806156.0, 9107204.0, 2, inf
21040664.0, 14511994.0, 2, inf
23148622.0, 11758488.0, 2, 1.07883236494
21308474.0, 13399706.0, 2, 0.921167635061
22460958.0, 12309054.0, 2, 0.518603727077
22460958.0, 12309054.0, 2, 0.450452422359
22460958.0, 12309054.0, 2, 0.0
26093314.0, 9307594.0, 3, inf
26093314.0, 9307594.0, 3, inf
21989882.0, 15306856.0, 3, inf
22666708.0, 16727828.0, 3, inf
24993704.0, 10796342.0, 3, 0.487192287785
22461430.0, 16107902.0, 3, 0.246550947213
24078218.0, 11664782.0, 3, 0.16212219143
24877690.0, 10873206.0, 3, 0.126723696718
23081320.0, 14015280.0, 3, 0.118824911814
24506124.0, 12277038.0, 3, 0.116506255954
22829716.0, 14235994.0, 3, 0.113060225894
23510888.0, 15363220.0, 3, 0.112293328545
24228672.0, 12074118.0, 3, 0.110573288854
23041904.0, 16112668.0, 3, 0.108556602586
24519784.0, 12538568.0, 3, 0.104875013882
24119782.0, 12966796.0, 3, 0.103970424743
23476330.0, 14960656.0, 3, 0.103569213748
24108924.0, 13528190.0, 3, 0.0876576345267
23393522.0, 15346380.0, 3, 0.0854480131325
23936446.0, 14682696.0, 3, 0.0844730965899
24740734.0, 12861044.0, 3, 0.0814743271252
23699262.0, 13542076.0, 3, 0.0779787403325
24794678.0, 11775908.0, 3, 0.075564822569
22587138.0, 13644620.0, 3, 0.0683566182773
23942866.0, 14143944.0, 3, 0.0642945000849
23515992.0, 12788046.0, 3, 0.0578020327199
22886152.0, 13678094.0, 3, 0.0563405336281
24791966.0, 12070476.0, 3, 0.053334828495
22832710.0, 14722632.0, 3, 0.0512131005728
23771586.0, 12766156.0, 3, 0.0482965163148
23865350.0, 15315940.0, 3, 0.0455026423976
24959946.0, 12854424.0, 3, 0.0381101266126
23408978.0, 13798708.0, 3, 0.0344671246156
24166624.0, 12412204.0, 3, 0.0321506527777
23405804.0, 13898066.0, 3, 0.031927979218
24877690.0, 10873206.0, 3, 0.0305885983392
24166624.0, 12412204.0, 3, 0.0296311901744
22978688.0, 13806316.0, 3, 0.0277704801048
23771586.0, 12766156.0, 3, 0.0258001827899
22978688.0, 13806316.0, 3, 0.0235761839543
23090828.0, 15316818.0, 4, inf
30982650.0, 12528368.0, 4, inf
26342762.0, 10588924.0, 4, inf
25421232.0, 18311272.0, 4, inf
29586478.0, 12107636.0, 4, 0.23889723677
25827396.0, 16964248.0, 4, 0.175901214042
24451386.0, 15941380.0, 4, 0.158651840808
24894854.0, 17947724.0, 4, 0.144839604821
24405442.0, 17220300.0, 4, 0.136420117131
23489122.0, 14327890.0, 4, 0.12582470807
29203416.0, 13087060.0, 4, 0.107932094334
28024984.0, 12328230.0, 4, 0.107738035169
28750194.0, 12612908.0, 4, 0.10340641122
24121274.0, 14940928.0, 4, 0.0918638862954
26908988.0, 10752420.0, 4, 0.0825108051384
26011098.0, 11207074.0, 4, 0.0760607763503
23237578.0, 14862382.0, 4, 0.072717621208
25206368.0, 14581436.0, 4, 0.0714524372823
28799838.0, 12868434.0, 4, 0.0693598919396
27927168.0, 12724250.0, 4, 0.0623769220394
25482466.0, 15717206.0, 4, 0.0606864345056
25844934.0, 15403642.0, 4, 0.0592617098951
25122718.0, 11560826.0, 4, 0.0574862442028
27603022.0, 12340076.0, 4, 0.0534415030572
26765098.0, 10927966.0, 4, 0.0511084661436
27313292.0, 11770492.0, 4, 0.0503061159068
24379842.0, 15282504.0, 4, 0.0451605536516
24239456.0, 13188586.0, 4, 0.0420244223857
27196366.0, 11654830.0, 4, 0.0404270618055
26471164.0, 11086382.0, 4, 0.0401849247294
27134176.0, 13200658.0, 4, 0.0354399826497
23439548.0, 14975620.0, 4, 0.035326326179
27425132.0, 10994238.0, 4, 0.0352644810864
24573362.0, 13703026.0, 4, 0.0352352252249
25316332.0, 14247218.0, 4, 0.0344767578203
25749478.0, 14090472.0, 4, 0.0321492263828
25126736.0, 13892170.0, 4, 0.0320168138017
24663542.0, 13484276.0, 4, 0.031923832791
26222444.0, 13807224.0, 4, 0.0315482202111
26599110.0, 11934210.0, 4, 0.0313670203743
25179018.0, 15130494.0, 4, 0.0308808376512
28000314.0, 12241862.0, 4, 0.0304445535302
25546256.0, 15831810.0, 4, 0.0299848870469
24533280.0, 13360310.0, 4, 0.0292935011312
24960786.0, 13999378.0, 4, 0.029083773873
27510370.0, 12953176.0, 4, 0.0283147316653
27539758.0, 13048186.0, 4, 0.0282561120877
25622376.0, 14014378.0, 4, 0.0273190577874
26518878.0, 13240898.0, 4, 0.0268543202535
24870272.0, 13421028.0, 4, 0.0264132527042
25223202.0, 14160372.0, 4, 0.0262458953761
24725870.0, 15106484.0, 4, 0.0261641057804
25064580.0, 12085020.0, 4, 0.0259961738723
25906876.0, 12417396.0, 4, 0.0255854946467
24138870.0, 14276860.0, 4, 0.0254218127233
26644898.0, 13592422.0, 4, 0.0246553856704
25691540.0, 15334134.0, 4, 0.0239051808575
26277976.0, 13603218.0, 4, 0.0231031047577
23181326.0, 14963920.0, 4, 0.0230876149659
25409052.0, 12626750.0, 4, 0.0228693799797
26125628.0, 12000942.0, 4, 0.0228634001191
25256012.0, 12779802.0, 4, 0.0227923716373
26829498.0, 13442858.0, 4, 0.0218595953242
26160008.0, 13282838.0, 4, 0.0211705998581
24916804.0, 15864176.0, 4, 0.0207496588251
25201402.0, 12188842.0, 4, 0.0207414349325
25092872.0, 13111928.0, 4, 0.0205139042747
25441234.0, 12686866.0, 4, 0.0203848650924
24740734.0, 12861044.0, 4, 0.0201118908007
26153740.0, 14990580.0, 4, 0.0188199797642
27500000.0, 12838592.0, 4, 0.0176414254859
26801112.0, 11755804.0, 4, 0.0176390150355
25569036.0, 12036134.0, 4, 0.0169312948282
25722302.0, 13662590.0, 4, 0.0168955125923
27447376.0, 12528344.0, 4, 0.0168790938971
27596540.0, 13389696.0, 4, 0.0158790342868
26138172.0, 12471282.0, 4, 0.0157260952118
25976742.0, 12586424.0, 4, 0.0144873304495
24908168.0, 11069086.0, 4, 0.0142633962699
27135214.0, 13573940.0, 4, 0.0134736860376
26221162.0, 11617866.0, 4, 0.0133972869486
25722878.0, 13540152.0, 4, 0.011854478108
25482596.0, 11976542.0, 4, 0.0112262390546
26198782.0, 12028756.0, 4, 0.0112258386813
26144982.0, 14890310.0, 4, 0.0110643351957
26212636.0, 12536382.0, 4, 0.0103537677478
25959204.0, 11769582.0, 4, 0.00996376401633
25205534.0, 12425840.0, 4, 0.00760718850804
26599110.0, 11934210.0, 4, 0.00743280662757
25995330.0, 15117094.0, 4, 0.00735203118386
25253310.0, 12854394.0, 4, 0.006207621984
26010226.0, 11946804.0, 4, 0.00617213675804
24898406.0, 13549228.0, 4, 0.0060624160818
24959946.0, 12854424.0, 4, 0.00547055653023
26801112.0, 11755804.0, 4, 0.00438809815355
Generacion: 3
19154396.0, 12957096.0, 1, inf
23382936.0, 8793832.0, 1, inf
20014008.0, 10618314.0, 1, 0.849036975606
19944072.0, 12328976.0, 1, 0.765054573493
21191524.0, 10022406.0, 1, 0.667057555429
22180848.0, 9511728.0, 1, 0.524221664172
21994398.0, 9790996.0, 1, 0.289120261402
22168658.0, 9780772.0, 1, 0.111172332601
23806156.0, 9107204.0, 2, inf
19282854.0, 14456632.0, 2, inf
20521774.0, 11020996.0, 2, 0.9815759183
22460056.0, 10294570.0, 2, 0.649636018049
20152518.0, 12816458.0, 2, 0.527899344364
22678628.0, 10096592.0, 2, 0.519553635379
20152518.0, 12816458.0, 2, 0.388241529658
20856670.0, 13712040.0, 3, inf
26093314.0, 9307594.0, 3, inf
21651376.0, 13481622.0, 3, 0.812871663763
22629322.0, 11622736.0, 3, 0.759843287892
24750992.0, 9565550.0, 3, 0.683530198934
24215114.0, 10738446.0, 3, 0.485248724478
23068548.0, 10844472.0, 3, 0.352553002272
22951210.0, 11228200.0, 3, 0.260575109314
24215114.0, 10738446.0, 3, 0.126404827477
27372080.0, 9658908.0, 4, inf
21040664.0, 14511994.0, 4, inf
22347846.0, 14045206.0, 4, 0.776578763853
26412400.0, 9989330.0, 4, 0.672311403036
22676976.0, 11997438.0, 4, 0.597665040482
24601976.0, 10798384.0, 4, 0.515186081708
23200838.0, 10874526.0, 4, 0.364846235208
23148622.0, 11758488.0, 4, 0.314121123411
24285632.0, 10859386.0, 4, 0.236988709701
21885050.0, 15036826.0, 5, inf
26498486.0, 10067670.0, 5, inf
25491274.0, 10929602.0, 5, 0.794563218528
22829716.0, 14235994.0, 5, 0.776571548312
23833808.0, 11145840.0, 5, 0.537811073145
22877164.0, 12246532.0, 5, 0.491078278492
23117512.0, 12105736.0, 5, 0.229221820725
23395274.0, 11665552.0, 5, 0.213408136395
23602412.0, 11567566.0, 5, 0.199643412435
21989882.0, 15306856.0, 6, inf
26604724.0, 10251706.0, 6, inf
25986156.0, 10962860.0, 6, 0.780416754932
24081482.0, 11432842.0, 6, 0.599986296801
23081320.0, 14015280.0, 6, 0.581093007878
23374012.0, 12378068.0, 6, 0.425810764147
23844452.0, 11649834.0, 6, 0.340285969949
22832710.0, 14722632.0, 6, 0.322561210161
23374012.0, 12378068.0, 6, 0.207481898558
22832710.0, 14722632.0, 6, 0.169441895746
29286772.0, 10572590.0, 7, inf
22461430.0, 16107902.0, 7, inf
26471164.0, 11086382.0, 7, 0.841354387332
22882560.0, 14783056.0, 7, 0.556002954238
24611146.0, 11437844.0, 7, 0.506996489252
23408978.0, 13798708.0, 7, 0.249111863071
24228672.0, 12074118.0, 7, 0.2298569466
23439250.0, 12846718.0, 7, 0.222023462007
24196640.0, 12374012.0, 7, 0.209633685178
23445246.0, 12599152.0, 7, 0.196365590799
23408978.0, 13798708.0, 7, 0.182265861976
22997518.0, 16892212.0, 8, inf
28133652.0, 11567648.0, 8, inf
26038758.0, 11638108.0, 8, 0.604181886821
23237578.0, 14862382.0, 8, 0.55770463941
23515992.0, 12788046.0, 8, 0.439342453114
27865622.0, 11606474.0, 8, 0.421106712604
24921834.0, 11771692.0, 8, 0.418398940852
24506124.0, 12277038.0, 8, 0.410721196023
23771586.0, 12766156.0, 8, 0.288749482279
23090828.0, 15316818.0, 8, 0.272912245374
23041904.0, 16112668.0, 8, 0.158109545648
23041904.0, 16112668.0, 8, 0.155930679206
23515992.0, 12788046.0, 8, 0.0583180537895
28676848.0, 11596594.0, 9, inf
23654810.0, 13529164.0, 9, inf
26072650.0, 11681306.0, 9, 0.868828653922
24519784.0, 12538568.0, 9, 0.77414456865
25027516.0, 11871338.0, 9, 0.752796844079
24464760.0, 13150868.0, 9, 0.392168576428
24239456.0, 13188586.0, 9, 0.357026777428
23936446.0, 14682696.0, 10, inf
27569474.0, 11828166.0, 10, inf
26599110.0, 11934210.0, 10, 0.670939346261
24421786.0, 13792854.0, 10, 0.605581968443
25269990.0, 11936640.0, 10, 0.475215016806
25064580.0, 12085020.0, 10, 0.30563502608
24522380.0, 13229066.0, 10, 0.300026522352
24980842.0, 12581896.0, 10, 0.298338661348
24959946.0, 12854424.0, 10, 0.215913239893
24473268.0, 13375834.0, 10, 0.176854500107
24959946.0, 12854424.0, 10, 0.136996399312
24508286.0, 13355982.0, 10, 0.0541000514857
24508286.0, 13355982.0, 10, 0.0108339685266
24088954.0, 17314840.0, 11, inf
25806578.0, 11978788.0, 11, inf
24475724.0, 14717736.0, 11, 0.50916502792
24121274.0, 14940928.0, 11, 0.503908548929
24732414.0, 13908030.0, 11, 0.467937710472
25276298.0, 12468892.0, 11, 0.450288855331
24908102.0, 13564042.0, 11, 0.370621631212
24981762.0, 12705010.0, 11, 0.369887196061
24163032.0, 14856092.0, 11, 0.248187825629
25237274.0, 12612926.0, 11, 0.215728309182
24388934.0, 15462878.0, 12, inf
29458110.0, 12084774.0, 12, inf
26676890.0, 12157926.0, 12, 0.817840443928
25945102.0, 12506452.0, 12, 0.604797155255
24871596.0, 14620916.0, 12, 0.526817960017
25041224.0, 13435566.0, 12, 0.480438747108
25282952.0, 13272072.0, 12, 0.453348745627
24860006.0, 15094448.0, 12, 0.344456074677
24405442.0, 17220300.0, 13, inf
27218992.0, 12339164.0, 13, inf
26072560.0, 12513868.0, 13, 0.752685696453
24652322.0, 16446346.0, 13, 0.538079590615
25780894.0, 13518216.0, 13, 0.458556968443
25132976.0, 15150346.0, 13, 0.444158536442
24869626.0, 15399158.0, 13, 0.436347384232
25427874.0, 14199646.0, 13, 0.415528816772
25665786.0, 14046448.0, 13, 0.192778434819
25665786.0, 14046448.0, 13, 0.0722977416713
29246996.0, 12852618.0, 14, inf
24774272.0, 16740796.0, 14, inf
24870482.0, 15905962.0, 14, 0.882260694388
25716702.0, 14129672.0, 14, 0.82042624992
27446992.0, 12878210.0, 14, 0.532533183267
26603510.0, 12987226.0, 14, 0.328645930786
26412558.0, 13737034.0, 14, 0.317708979988
26086590.0, 13773172.0, 14, 0.25656019156
27013104.0, 12981260.0, 14, 0.216621322998
29203416.0, 13087060.0, 15, inf
25844934.0, 15403642.0, 15, inf
27854552.0, 13362806.0, 15, 0.946486270103
26378514.0, 14428220.0, 15, 0.834521330843
26901478.0, 13691864.0, 15, 0.644818199261
26574642.0, 13973736.0, 15, 0.473577524819
26396990.0, 15515758.0, 16, inf
26396990.0, 15515758.0, 16, inf
28339340.0, 13379886.0, 16, inf
26460990.0, 15220816.0, 16, 1.0408203269
27151610.0, 14122504.0, 16, 0.97692731165
28050346.0, 13892880.0, 16, 0.959179673103
27151610.0, 14122504.0, 16, 0.463067302929
28737376.0, 13400220.0, 17, inf
26968130.0, 16244336.0, 17, inf
26968130.0, 16244336.0, 17, inf
27544516.0, 14239478.0, 17, 1.72995685993
Generacion: 4
19377948.0, 11511702.0, 1, inf
23178266.0, 7383786.0, 1, inf
19956734.0, 9652062.0, 1, 0.551952207136
19812004.0, 10946878.0, 1, 0.439570111854
21231478.0, 8516884.0, 1, 0.435070617353
21804308.0, 8312286.0, 1, 0.371356915778
20650380.0, 9579112.0, 1, 0.341387558978
22719970.0, 7684858.0, 1, 0.326547498134
21048544.0, 9287308.0, 1, 0.269043584601
22360028.0, 8209788.0, 1, 0.259922044295
22655004.0, 8163378.0, 1, 0.221879515781
20998338.0, 9374236.0, 1, 0.175461624258
19725506.0, 11215410.0, 1, 0.170217492693
19592504.0, 11411100.0, 1, 0.163232601623
23382936.0, 8793832.0, 2, inf
23382936.0, 8793832.0, 2, inf
20480652.0, 13853728.0, 2, inf
20549030.0, 10532442.0, 2, 1.17857552644
21556858.0, 9766536.0, 2, 0.763979319871
22180848.0, 9511728.0, 2, 0.704508385502
23316194.0, 9269056.0, 2, 0.556066491507
23956436.0, 8864392.0, 3, inf
20824128.0, 13397126.0, 3, inf
22168658.0, 9780772.0, 3, 0.956038362654
20993198.0, 11701570.0, 3, 0.857544244217
21992186.0, 11200392.0, 3, 0.61591630384
22134610.0, 10561512.0, 3, 0.369532163725
26661138.0, 8865588.0, 4, inf
21040664.0, 14511994.0, 4, inf
21342842.0, 12237322.0, 4, 0.54187978879
24841378.0, 10478794.0, 4, 0.435589471192
25802294.0, 9873434.0, 4, 0.379599503205
22907878.0, 11010332.0, 4, 0.347318372513
22629322.0, 11622736.0, 4, 0.343912674616
21809500.0, 12224704.0, 4, 0.337737247421
26021936.0, 9521426.0, 4, 0.331299692889
24215114.0, 10738446.0, 4, 0.278570011658
24215114.0, 10738446.0, 4, 0.159577523381
22872082.0, 11350318.0, 4, 0.158020024492
21693198.0, 13203034.0, 5, inf
27408930.0, 8966866.0, 5, inf
26037112.0, 9845306.0, 5, 0.743137041655
22692360.0, 12165358.0, 5, 0.464148403823
27110494.0, 9804956.0, 5, 0.447374061917
22098030.0, 12664650.0, 5, 0.419765396501
24285632.0, 10859386.0, 5, 0.374052461954
23206032.0, 11519626.0, 5, 0.320897260635
24285632.0, 10859386.0, 5, 0.31843535486
23833808.0, 11145840.0, 5, 0.266145676535
23251142.0, 11220120.0, 5, 0.198069822848
21829838.0, 16052962.0, 6, inf
28669226.0, 9918620.0, 6, inf
26173552.0, 10014840.0, 6, 0.629461358008
21886196.0, 15496132.0, 6, 0.403036635883
22347846.0, 14045206.0, 6, 0.375223385464
25491274.0, 10929602.0, 6, 0.287896370916
22790600.0, 13232700.0, 6, 0.285065432471
25431132.0, 11115008.0, 6, 0.274522771326
23923212.0, 11207202.0, 6, 0.258979504334
23079010.0, 12515546.0, 6, 0.224337723186
22374714.0, 13632542.0, 6, 0.197187930868
23284126.0, 12299186.0, 6, 0.184804754944
23395274.0, 11665552.0, 6, 0.165803460243
23798680.0, 11239508.0, 6, 0.105650120485
23602412.0, 11567566.0, 6, 0.0837649655709
23602412.0, 11567566.0, 6, 0.0446700709871
22406754.0, 14925700.0, 7, inf
29190876.0, 9945994.0, 7, inf
22829716.0, 14235994.0, 7, 0.531935546241
25636988.0, 11075466.0, 7, 0.513904667492
23957756.0, 11265034.0, 7, 0.440556290875
27258816.0, 10047824.0, 7, 0.421300763139
23258098.0, 12901724.0, 7, 0.409399940235
23526262.0, 11719984.0, 7, 0.353490085681
26459632.0, 10542376.0, 7, 0.329368020398
23486040.0, 12679060.0, 7, 0.276839379348
26498486.0, 10067670.0, 7, 0.207403048021
26498486.0, 10067670.0, 7, 0.00971257237679
29847440.0, 10928354.0, 8, inf
22461430.0, 16107902.0, 8, inf
26265978.0, 11130888.0, 8, 0.836753294299
24187506.0, 11293246.0, 8, 0.592741959764
23408978.0, 13798708.0, 8, 0.368868810962
22645486.0, 15072974.0, 8, 0.367502164192
23690298.0, 12394790.0, 8, 0.321216770226
23515992.0, 12788046.0, 8, 0.267911121862
23083702.0, 14395470.0, 8, 0.206616649422
22844528.0, 14473060.0, 8, 0.19013423693
23668738.0, 12593210.0, 8, 0.0995242524538
26950970.0, 11280546.0, 9, inf
22997518.0, 16892212.0, 9, inf
24876132.0, 11329726.0, 9, 0.674076229929
23433972.0, 15509400.0, 9, 0.452910082066
23471106.0, 14180312.0, 9, 0.443569899933
24218744.0, 12629398.0, 9, 0.292432060795
23631648.0, 13300822.0, 9, 0.274513528129
23717114.0, 12989026.0, 9, 0.268150009823
24721638.0, 11898846.0, 9, 0.241871789954
23041904.0, 16112668.0, 9, 0.238085949768
24228672.0, 12074118.0, 9, 0.156012043474
24438286.0, 12065536.0, 9, 0.155926052515
23041904.0, 16112668.0, 9, 0.118729628222
23041904.0, 16112668.0, 9, 0.0
24936088.0, 11336814.0, 10, inf
23090480.0, 16125140.0, 10, inf
23654810.0, 13529164.0, 10, 0.96709735385
24379120.0, 12185490.0, 10, 0.834486525707
23835108.0, 13426258.0, 10, 0.67306517923
24866162.0, 12105476.0, 10, 0.380475118864
24921834.0, 11771692.0, 10, 0.120985051605
24921834.0, 11771692.0, 10, 0.0774310688385
23360888.0, 16279990.0, 11, inf
25152418.0, 11473368.0, 11, inf
23893086.0, 15288338.0, 11, 0.975599974476
24070518.0, 13494566.0, 11, 0.721736626125
24865466.0, 12607468.0, 11, 0.503989736555
24473268.0, 13375834.0, 11, 0.273186157694
24679486.0, 13033284.0, 11, 0.247224131275
24681106.0, 12631340.0, 11, 0.19240015942
24508286.0, 13355982.0, 11, 0.186373464456
28831214.0, 11503758.0, 12, inf
23534854.0, 16590244.0, 12, inf
26038758.0, 11638108.0, 12, 0.687368710403
24761562.0, 14548124.0, 12, 0.509867332812
24753074.0, 15300604.0, 12, 0.491832422527
24118822.0, 16432552.0, 12, 0.48355322582
25012624.0, 12956436.0, 12, 0.414118776756
25622048.0, 11918050.0, 12, 0.222607536922
25333468.0, 12093056.0, 12, 0.202213326763
25303754.0, 12640924.0, 12, 0.176527025765
25150312.0, 12815060.0, 12, 0.116997404202
26072650.0, 11681306.0, 13, inf
24774272.0, 16740796.0, 13, inf
25576696.0, 12461370.0, 13, 0.777744146622
24871596.0, 14620916.0, 13, 0.742098955831
25367274.0, 13731152.0, 13, 0.557910150637
25980892.0, 12187296.0, 13, 0.536158055588
25181564.0, 14573280.0, 13, 0.411982806793
25258518.0, 14044242.0, 13, 0.309477541061
25439172.0, 13964766.0, 14, inf
28996034.0, 11757924.0, 14, inf
26700214.0, 11990050.0, 14, 0.884237399891
26501884.0, 12161810.0, 14, 0.697021962616
26137720.0, 13179270.0, 14, 0.693686572203
25780894.0, 13518216.0, 14, 0.422076027906
25853266.0, 13290234.0, 14, 0.253909153775
25522312.0, 14281064.0, 15, inf
28405832.0, 12205776.0, 15, inf
27103676.0, 12243430.0, 15, 1.00159245569
26603510.0, 12987226.0, 15, 0.856792855065
Generacion: 5
17887488.0, 11252936.0, 1, inf
23201238.0, 6971308.0, 1, inf
19459824.0, 11105378.0, 1, 0.857404354989
19850684.0, 9163722.0, 1, 0.628730720643
21775450.0, 7376052.0, 1, 0.318575126431
21101290.0, 7676596.0, 1, 0.264437704037
22650264.0, 7355972.0, 1, 0.197513180541
20813962.0, 8145238.0, 1, 0.193217371735
20730468.0, 8493552.0, 1, 0.177530211219
20311998.0, 9100038.0, 1, 0.175251331478
22416400.0, 7372244.0, 1, 0.165337707006
21085454.0, 7952302.0, 1, 0.16352670853
20541244.0, 8685610.0, 1, 0.146838350214
20465580.0, 8908822.0, 1, 0.139934191928
22639612.0, 7364448.0, 1, 0.047811526847
23178266.0, 7383786.0, 2, inf
19377948.0, 11511702.0, 2, inf
20549030.0, 10532442.0, 2, 0.80299821596
22360028.0, 8209788.0, 2, 0.59323643156
22719970.0, 7684858.0, 2, 0.415409227166
21231478.0, 8516884.0, 2, 0.411219645543
20650380.0, 9579112.0, 2, 0.398807921832
21161824.0, 8988530.0, 2, 0.234774016838
20998338.0, 9374236.0, 2, 0.175461624258
21048544.0, 9287308.0, 2, 0.136457463936
21231478.0, 8516884.0, 2, 0.0927233908997
22899336.0, 8132974.0, 3, inf
20637380.0, 13111570.0, 3, inf
22196708.0, 9064492.0, 3, 0.921620148333
21261196.0, 11131536.0, 3, 0.763946052003
21556858.0, 9766536.0, 3, 0.738320890519
21425788.0, 11043488.0, 3, 0.404884448074
20650270.0, 13568526.0, 4, inf
23551628.0, 8321380.0, 4, inf
21472230.0, 12074654.0, 4, 0.73596739836
21880838.0, 10860114.0, 4, 0.677202740897
21072552.0, 13260046.0, 4, 0.475415285736
22168658.0, 9780772.0, 4, 0.371374409578
22699982.0, 9526012.0, 4, 0.354466354346
23316194.0, 9269056.0, 4, 0.302955532322
20824128.0, 13397126.0, 4, 0.204336381559
22446276.0, 9555734.0, 4, 0.16520971317
23382936.0, 8793832.0, 4, 0.148710520159
22284764.0, 9641964.0, 4, 0.138573233121
23382936.0, 8793832.0, 4, 0.113043515172
23316194.0, 9269056.0, 4, 0.0719743320387
23316194.0, 9269056.0, 4, 0.0
25182948.0, 8432710.0, 5, inf
21196620.0, 14871066.0, 5, inf
23695024.0, 8648616.0, 5, 0.811869124799
22050240.0, 12516282.0, 5, 0.634778788631
22279880.0, 10449238.0, 5, 0.558348145778
22697744.0, 9645936.0, 5, 0.454980749343
21616770.0, 13652938.0, 5, 0.323759610984
21662556.0, 13539124.0, 5, 0.285283617545
22598780.0, 9807390.0, 5, 0.229592475586
21827586.0, 15768954.0, 6, inf
26182608.0, 8496326.0, 6, inf
24193170.0, 8975586.0, 6, 0.582749082843
22303696.0, 14384346.0, 6, 0.566407168756
22463976.0, 10795378.0, 6, 0.440606670144
22346796.0, 12146038.0, 6, 0.347857538799
24163430.0, 9362536.0, 6, 0.336984029957
23234638.0, 9825654.0, 6, 0.32907614782
23087328.0, 9958758.0, 6, 0.310298251681
21886196.0, 15496132.0, 6, 0.299710560394
22409118.0, 12030556.0, 6, 0.212625152574
21829838.0, 16052962.0, 7, inf
27280936.0, 8542564.0, 7, inf
21829838.0, 16052962.0, 7, inf
24613864.0, 9154020.0, 7, 1.03112420315
22347846.0, 14045206.0, 7, 0.614275126833
23139692.0, 10581006.0, 7, 0.613940489275
22460958.0, 12309054.0, 7, 0.374185387685
22644392.0, 11051464.0, 7, 0.2323320414
22629322.0, 11622736.0, 7, 0.201097353929
22461430.0, 16107902.0, 8, inf
25794738.0, 9319068.0, 8, inf
22461430.0, 16107902.0, 8, inf
22666062.0, 12199260.0, 8, 0.823991989534
24859818.0, 9680200.0, 8, 0.727714001601
23153592.0, 10913802.0, 8, 0.435334398616
24043412.0, 10692532.0, 8, 0.407000483845
22872082.0, 11350318.0, 8, 0.335608974725
24005648.0, 10703600.0, 8, 0.299541254682
22723156.0, 12869712.0, 9, inf
27917448.0, 9334370.0, 9, inf
24950638.0, 10115768.0, 9, 0.641292453458
26021936.0, 9521426.0, 9, 0.586018482786
23206032.0, 11519626.0, 9, 0.568247749192
23932908.0, 10961374.0, 9, 0.506375189475
25857684.0, 10004228.0, 9, 0.374359668501
23833808.0, 11145840.0, 9, 0.192851819608
23289088.0, 11204974.0, 9, 0.133184983824
23251142.0, 11220120.0, 9, 0.104991715753
26902144.0, 9887232.0, 10, inf
22829716.0, 14235994.0, 10, inf
25153698.0, 10435560.0, 10, 1.03501571034
23222638.0, 11878218.0, 10, 0.779462708323
23923212.0, 11207202.0, 10, 0.336394230278
23923212.0, 11207202.0, 10, 0.328717277027
23307144.0, 11356120.0, 10, 0.32632904381
22960238.0, 14317532.0, 11, inf
28516642.0, 9902470.0, 11, inf
23258098.0, 12901724.0, 11, 0.417235238826
23597146.0, 11749286.0, 11, 0.406316710013
27258816.0, 10047824.0, 11, 0.34161070649
25176142.0, 11168020.0, 11, 0.317006820679
23500264.0, 12747628.0, 11, 0.279091699927
26918038.0, 10140468.0, 11, 0.269223834505
24187506.0, 11293246.0, 11, 0.253072349985
26377148.0, 10585032.0, 11, 0.248605555519
25491274.0, 10929602.0, 11, 0.213434025062
24016278.0, 11363734.0, 11, 0.20954044142
26428886.0, 10577010.0, 11, 0.198037917126
25491274.0, 10929602.0, 11, 0.134759302606
23396480.0, 12822046.0, 11, 0.0784855650923
23105448.0, 14435196.0, 12, inf
28669226.0, 9918620.0, 12, inf
28669226.0, 9918620.0, 12, inf
24648850.0, 11727930.0, 12, 0.649831296717
25655094.0, 11054764.0, 12, 0.523450706174
26471776.0, 10843544.0, 12, 0.478809326922
27729740.0, 10576346.0, 12, 0.448788783958
23425516.0, 13415680.0, 12, 0.365661599721
23690298.0, 12394790.0, 12, 0.352180381958
28023900.0, 10076542.0, 12, 0.314482479916
23627320.0, 13207304.0, 12, 0.273622168008
23690298.0, 12394790.0, 12, 0.158966531287
28072808.0, 10728754.0, 13, inf
23170488.0, 15972634.0, 13, inf
23437658.0, 14143704.0, 13, 0.609009047233
26265978.0, 11130888.0, 13, 0.565225666536
23695344.0, 13340488.0, 13, 0.448105736557
24218744.0, 12629398.0, 13, 0.348068235495
25937644.0, 11408802.0, 13, 0.235895381338
24734368.0, 12626676.0, 13, 0.231974728883
25662832.0, 11722726.0, 13, 0.217184883788
25258308.0, 11821026.0, 13, 0.192235863147
24866162.0, 12105476.0, 13, 0.139633000356
25063436.0, 12089630.0, 13, 0.134236107795
24866162.0, 12105476.0, 13, 0.0299058142194
26829026.0, 11208526.0, 14, inf
23475114.0, 15040938.0, 14, inf
24431300.0, 13262496.0, 14, 1.10078596847
25067438.0, 12141690.0, 14, 0.827250735379
26784174.0, 11433068.0, 14, 0.768726426386
25061240.0, 12634690.0, 14, 0.482124915215
26950970.0, 11280546.0, 15, inf
26950970.0, 11280546.0, 15, inf
Generacion: 6
17631530.0, 10898102.0, 1, inf
23809458.0, 7068912.0, 1, inf
19124750.0, 10431654.0, 1, 0.536036749568
19231672.0, 9837312.0, 1, 0.494917643039
19662472.0, 8869810.0, 1, 0.398272767531
21038804.0, 7363790.0, 1, 0.370072801956
20364948.0, 7664534.0, 1, 0.367716107781
23359756.0, 7115668.0, 1, 0.267300842556
20167708.0, 8231924.0, 1, 0.261117455505
22018058.0, 7272082.0, 1, 0.22046277015
22245286.0, 7122956.0, 1, 0.220019279488
20051536.0, 8470144.0, 1, 0.172490191059
19739260.0, 8626862.0, 1, 0.167349964044
22239108.0, 7263566.0, 1, 0.0757251451522
22777214.0, 7283396.0, 2, inf
17887488.0, 11252936.0, 2, inf
19459824.0, 11105378.0, 2, 0.980399141509
20020712.0, 9092980.0, 2, 0.759040380286
21101290.0, 7676596.0, 2, 0.654014987876
20465580.0, 8908822.0, 2, 0.577802610756
21775450.0, 7376052.0, 2, 0.3456255767
22416400.0, 7372244.0, 2, 0.179653408699
22639612.0, 7364448.0, 2, 0.0961726710348
23178266.0, 7383786.0, 3, inf
23178266.0, 7383786.0, 3, inf
20186360.0, 11114592.0, 3, inf
20311998.0, 9100038.0, 3, 0.737328884415
21317780.0, 8064628.0, 3, 0.469020695112
20709148.0, 9015660.0, 3, 0.463630268479
22754782.0, 7491570.0, 3, 0.408801583477
21958408.0, 7673516.0, 3, 0.395530073475
22181096.0, 7665508.0, 3, 0.314944693516
21231478.0, 8516884.0, 3, 0.295803082598
21231478.0, 8516884.0, 3, 0.162536376034
21231478.0, 8516884.0, 3, 0.0
21231478.0, 8516884.0, 3, 0.0
22719970.0, 7684858.0, 4, inf
20650270.0, 13568526.0, 4, inf
21048544.0, 9287308.0, 4, 1.05876967386
20650380.0, 9579112.0, 4, 0.870426434683
22360028.0, 8209788.0, 4, 0.722877138783
22360028.0, 8209788.0, 4, 0.357047686325
20650380.0, 9579112.0, 4, 0.0496487402086
20837648.0, 16589352.0, 5, inf
23473812.0, 7707240.0, 5, inf
21072552.0, 13260046.0, 5, 0.741651046123
22150614.0, 9297892.0, 5, 0.548593855883
23032686.0, 9278644.0, 5, 0.434531043775
21186780.0, 11178266.0, 5, 0.430482149347
21596098.0, 9310974.0, 5, 0.424551305318
21558550.0, 11073944.0, 5, 0.365500939267
23109630.0, 8669582.0, 5, 0.344254158727
25427570.0, 7989026.0, 6, inf
21543256.0, 12648060.0, 6, inf
23551628.0, 8321380.0, 6, 0.699123223416
21616978.0, 11340338.0, 6, 0.44178738406
21880838.0, 10860114.0, 6, 0.375080186227
22104710.0, 10177836.0, 6, 0.365448797397
21601756.0, 12583672.0, 6, 0.299664636685
22706034.0, 9407660.0, 6, 0.282486770641
23316194.0, 9269056.0, 6, 0.259083621708
22284764.0, 9641964.0, 6, 0.224462197574
22398716.0, 9484704.0, 6, 0.1587444102
23382936.0, 8793832.0, 6, 0.145429576232
23382936.0, 8793832.0, 6, 0.118588012335
23316194.0, 9269056.0, 6, 0.0469319565951
23382936.0, 8793832.0, 6, 0.0
23382936.0, 8793832.0, 6, 0.0
23382936.0, 8793832.0, 6, 0.0
25182948.0, 8432710.0, 7, inf
25182948.0, 8432710.0, 7, inf
21546760.0, 12736446.0, 7, inf
21939980.0, 11937042.0, 7, 0.696934216769
22413330.0, 10762684.0, 7, 0.471164793805
23695024.0, 8648616.0, 7, 0.337700841632
22712720.0, 9775866.0, 7, 0.336318157972
22479126.0, 10547398.0, 7, 0.311629566394
24261674.0, 8586188.0, 7, 0.302077395783
24699386.0, 8537302.0, 7, 0.28902416145
22817578.0, 9500560.0, 7, 0.285038184158
23440042.0, 9409984.0, 7, 0.271904798458
23502344.0, 9140832.0, 7, 0.247032057751
25182948.0, 8432710.0, 7, 0.0
25182948.0, 8432710.0, 7, 0.0
21662556.0, 13539124.0, 8, inf
27602698.0, 8663654.0, 8, inf
21662556.0, 13539124.0, 8, inf
22236798.0, 12449818.0, 8, 0.669381203277
24776494.0, 8835324.0, 8, 0.668031808108
22658174.0, 11092746.0, 8, 0.449909023396
23139692.0, 10581006.0, 8, 0.330727960573
23527940.0, 9703572.0, 8, 0.326155983312
23926760.0, 8903536.0, 8, 0.221908385694
22757382.0, 10683578.0, 8, 0.186023886786
23675520.0, 9430632.0, 8, 0.166365850301
23837828.0, 9146806.0, 8, 0.150407118518
21829838.0, 16052962.0, 9, inf
25002554.0, 8843900.0, 9, inf
21950582.0, 14331078.0, 9, 0.410666405487
23662312.0, 10001378.0, 9, 0.402033706795
24193170.0, 8975586.0, 9, 0.362629509127
22059134.0, 13613450.0, 9, 0.332376077531
23446300.0, 10820276.0, 9, 0.309690109067
24159438.0, 9542386.0, 9, 0.309611755682
23264402.0, 11329820.0, 9, 0.254510664902
22872082.0, 11350318.0, 9, 0.247354280945
22472474.0, 13120804.0, 9, 0.238637476116
22837348.0, 12142658.0, 9, 0.222003677043
22698102.0, 12555438.0, 9, 0.21066562992
22495218.0, 12883970.0, 9, 0.149539444877
25794738.0, 9319068.0, 10, inf
21987198.0, 15999250.0, 10, inf
25794738.0, 9319068.0, 10, inf
22113294.0, 14329452.0, 10, 0.547031984366
24939182.0, 9383056.0, 10, 0.432188275506
22579996.0, 13385018.0, 10, 0.430447738534
24255818.0, 9850680.0, 10, 0.356285453839
23833808.0, 11145840.0, 10, 0.337677041246
22832850.0, 12716416.0, 10, 0.311322358073
22973284.0, 11533252.0, 10, 0.283427299296
23592334.0, 11188090.0, 10, 0.25103871695
24446658.0, 9841010.0, 10, 0.249478197977
22886180.0, 11842516.0, 10, 0.21399866557
23729058.0, 11182244.0, 10, 0.0697446289198
27917448.0, 9334370.0, 11, inf
22461430.0, 16107902.0, 11, inf
23191910.0, 12387570.0, 11, 0.851635987209
25319700.0, 9388858.0, 11, 0.540568001683
24678512.0, 9981954.0, 11, 0.243155675222
23597146.0, 11749286.0, 11, 0.241672426595
25111620.0, 9512548.0, 11, 0.205080224617
24483844.0, 10380200.0, 11, 0.203197247958
24348392.0, 10948480.0, 11, 0.183844466005
24292008.0, 11387316.0, 11, 0.182749893325
23728362.0, 11416588.0, 11, 0.180795869882
26587598.0, 9670624.0, 12, inf
23357080.0, 14562990.0, 12, inf
23396480.0, 12822046.0, 12, 0.937490405911
24742142.0, 10101452.0, 12, 0.814050862288
24340068.0, 11465102.0, 12, 0.596059572854
24591848.0, 10630852.0, 12, 0.246577742811
24523818.0, 10977166.0, 12, 0.221844286125
24424706.0, 11463072.0, 12, 0.156613580309
23446350.0, 12943164.0, 13, inf
26844488.0, 9821498.0, 13, inf
24846338.0, 11490852.0, 13, 1.3057266286
25153698.0, 10435560.0, 13, 0.837575268509
26202606.0, 10122144.0, 13, 0.694273371399
27258816.0, 10047824.0, 14, inf
23884468.0, 14902044.0, 14, inf
Generacion: 7
18274804.0, 9994482.0, 1, inf
20758656.0, 6882918.0, 1, inf
18809332.0, 7899406.0, 1, 0.804702153902
18805064.0, 9118694.0, 1, 0.680538928715
19583730.0, 7590260.0, 1, 0.662156113809
18771818.0, 9969952.0, 1, 0.494945241778
20266834.0, 7287948.0, 1, 0.38231550959
20024070.0, 7360788.0, 1, 0.31803709473
20136248.0, 7292816.0, 1, 0.121146351595
19107550.0, 10108926.0, 2, inf
24446544.0, 7087206.0, 2, inf
19571744.0, 8362424.0, 2, 0.760278692177
23455102.0, 7330630.0, 2, 0.430190269615
20364948.0, 7664534.0, 2, 0.301064118123
21775450.0, 7376052.0, 2, 0.288731873044
19953524.0, 7760524.0, 2, 0.284174069471
19728866.0, 8163224.0, 2, 0.270699042476
20997932.0, 7441898.0, 2, 0.219308624072
22639612.0, 7364448.0, 2, 0.155322245742
20997932.0, 7441898.0, 2, 0.140349565344
22416400.0, 7372244.0, 2, 0.122630693738
22639612.0, 7364448.0, 2, 0.0529995153643
22416400.0, 7372244.0, 2, 0.0430680855826
23178266.0, 7383786.0, 3, inf
19124750.0, 10431654.0, 3, inf
23178266.0, 7383786.0, 3, inf
19739260.0, 8626862.0, 3, 0.872205455407
20564706.0, 8027390.0, 3, 0.624977289818
21958408.0, 7673516.0, 3, 0.517495289348
22181096.0, 7665508.0, 3, 0.395998138236
20167708.0, 8231924.0, 3, 0.271865525287
20051536.0, 8470144.0, 3, 0.235276314532
24830554.0, 7413596.0, 4, inf
19945894.0, 9425708.0, 4, inf
21458004.0, 8416754.0, 4, 0.657692877432
22056734.0, 7986526.0, 4, 0.622098043651
22719970.0, 7684858.0, 4, 0.582010164251
20541244.0, 8685610.0, 4, 0.574198729042
20311998.0, 9100038.0, 4, 0.489703037075
22719970.0, 7684858.0, 4, 0.270593921242
22719970.0, 7684858.0, 4, 0.0
22719970.0, 7684858.0, 4, 0.0
20186360.0, 11114592.0, 5, inf
20186360.0, 11114592.0, 5, inf
25068696.0, 7631164.0, 5, inf
20500490.0, 10966134.0, 5, 0.535836246727
24428722.0, 7906112.0, 5, 0.516402728553
20650380.0, 9579112.0, 5, 0.431299981842
23001422.0, 7955066.0, 5, 0.409341755407
21881842.0, 8696828.0, 5, 0.288453084715
20812096.0, 9104050.0, 5, 0.274294418009
22564554.0, 8001986.0, 5, 0.190387607399
22147708.0, 8143386.0, 5, 0.187466097944
20650380.0, 9579112.0, 5, 0.167078197037
21583510.0, 8745650.0, 5, 0.165105307069
21439382.0, 8956276.0, 5, 0.156094142266
22287282.0, 8108746.0, 5, 0.125970590898
21161824.0, 8988530.0, 5, 0.0900121612752
21161824.0, 8988530.0, 5, 0.0808905545881
22147708.0, 8143386.0, 5, 0.0643988982319
20689570.0, 11270114.0, 6, inf
22870362.0, 8122938.0, 6, inf
21700800.0, 8812512.0, 6, 0.8981597253
20998338.0, 9374236.0, 6, 0.706851656338
22337026.0, 8479476.0, 6, 0.584802189345
20768252.0, 9899776.0, 6, 0.537738039451
20874616.0, 9844804.0, 6, 0.272493507311
22521588.0, 8156544.0, 6, 0.262540056391
22521588.0, 8156544.0, 6, 0.0953088657858
22899336.0, 8132974.0, 7, inf
22899336.0, 8132974.0, 7, inf
20703236.0, 12581590.0, 7, inf
21087624.0, 10876454.0, 7, 1.01237406433
22365290.0, 8890042.0, 7, 0.673394957826
21458242.0, 9420282.0, 7, 0.574266094802
21438622.0, 9567590.0, 7, 0.496093362774
22508240.0, 8551576.0, 7, 0.295268126989
22655004.0, 8163378.0, 7, 0.198519874005
22655004.0, 8163378.0, 7, 0.0736638645065
21072552.0, 13260046.0, 8, inf
23595222.0, 8179730.0, 8, inf
21485640.0, 11082912.0, 8, 0.792807105463
22704296.0, 8962826.0, 8, 0.377816439149
21880838.0, 10860114.0, 8, 0.369115004735
22117698.0, 9541542.0, 8, 0.355007973322
21961588.0, 10166186.0, 8, 0.353437854447
23123504.0, 8783148.0, 8, 0.350766433954
22369148.0, 9183404.0, 8, 0.346443998897
23280460.0, 8341138.0, 8, 0.305767242987
21545960.0, 11793846.0, 9, inf
24854766.0, 8225756.0, 9, inf
21616978.0, 11340338.0, 9, 0.55727920026
22164480.0, 10472412.0, 9, 0.503286898519
24273614.0, 8368920.0, 9, 0.481874511081
23424380.0, 8402654.0, 9, 0.388270792753
22814500.0, 9192176.0, 9, 0.373927612258
22464082.0, 9427240.0, 9, 0.325441492618
22301058.0, 10122588.0, 9, 0.288896761579
23382936.0, 8793832.0, 9, 0.281427225539
22562238.0, 9243030.0, 9, 0.171784171887
22165880.0, 10136480.0, 9, 0.139319495351
23382936.0, 8793832.0, 9, 0.124166045844
23382936.0, 8793832.0, 9, 0.0
23382936.0, 8793832.0, 9, 0.0
23382936.0, 8793832.0, 9, 0.0
25182948.0, 8432710.0, 10, inf
21810810.0, 13259560.0, 10, inf
22483090.0, 9553392.0, 10, 0.513070450093
22122400.0, 12076552.0, 10, 0.486708537728
22479126.0, 10547398.0, 10, 0.480477917912
22171464.0, 11426528.0, 10, 0.422587940196
24346526.0, 8540456.0, 10, 0.318151833199
23316194.0, 9269056.0, 10, 0.277513091506
24699386.0, 8537302.0, 10, 0.270361296303
23733880.0, 8690956.0, 10, 0.267878569611
23548412.0, 8691052.0, 10, 0.190234286394
23393548.0, 9122040.0, 10, 0.188611391295
23316194.0, 9269056.0, 10, 0.0818463108778
21829838.0, 16052962.0, 11, inf
24653474.0, 8586798.0, 11, inf
22124742.0, 12373870.0, 11, 0.658337145247
23858634.0, 9231486.0, 11, 0.515836353266
22564262.0, 11191098.0, 11, 0.507673077764
22770226.0, 9685310.0, 11, 0.466146614175
23899994.0, 8821286.0, 11, 0.367843162814
22270114.0, 12301872.0, 11, 0.314075086451
22736196.0, 9743900.0, 11, 0.27462444295
22264884.0, 14122972.0, 12, inf
24749400.0, 8629706.0, 12, inf
22573862.0, 13076392.0, 12, 0.956045653595
24231062.0, 9335458.0, 12, 0.743153022348
23122974.0, 9908574.0, 12, 0.689542206866
23032660.0, 10568712.0, 12, 0.658472607949
24538664.0, 8956328.0, 12, 0.337103200991
23053914.0, 10520622.0, 12, 0.156522967367
25794738.0, 9319068.0, 13, inf
22579996.0, 13385018.0, 13, inf
23058508.0, 11176554.0, 13, 0.943665462665
25133576.0, 9710194.0, 13, 0.609454459799
23221868.0, 10359950.0, 13, 0.584415229834
23961396.0, 9942308.0, 13, 0.446880077536
24255818.0, 9850680.0, 13, 0.421713735047
24598464.0, 9992576.0, 14, inf
23053722.0, 13628092.0, 14, inf
23447040.0, 10368564.0, 14, 1.64252741162
23436986.0, 13230498.0, 14, 1.1511964685
25884812.0, 10090858.0, 15, inf
23608498.0, 13827236.0, 15, inf
25014384.0, 10472974.0, 15, 0.887412392371
23682472.0, 11487478.0, 15, 0.816625999062
Generacion: 8
17882956.0, 10037706.0, 1, inf
22208994.0, 6504322.0, 1, inf
18592786.0, 7733606.0, 1, 0.708541117927
18134584.0, 9624664.0, 1, 0.664500098505
20207554.0, 7075784.0, 1, 0.390840655208
20965132.0, 7018038.0, 1, 0.328161928935
19469362.0, 7177326.0, 1, 0.30947665869
21511824.0, 6806160.0, 1, 0.263371433445
22181806.0, 6598182.0, 1, 0.246581322215
18672110.0, 7560152.0, 1, 0.190902997431
21361336.0, 6858638.0, 1, 0.186337057008
18797134.0, 7225978.0, 1, 0.182537428978
19016222.0, 7196238.0, 1, 0.169160381948
18082320.0, 9664606.0, 1, 0.0946408814016
17973728.0, 9827684.0, 1, 0.0897741145484
17922954.0, 9938488.0, 1, 0.0619033731374
17927412.0, 9855288.0, 1, 0.0430960093013
18274804.0, 9994482.0, 2, inf
21523118.0, 6900266.0, 2, inf
19654310.0, 7221354.0, 2, 0.820039272312
18681756.0, 8383524.0, 2, 0.559909803887
19583730.0, 7590260.0, 2, 0.479263492962
18809332.0, 7899406.0, 2, 0.394859001289
18681756.0, 8383524.0, 2, 0.281740010945
18809332.0, 7899406.0, 2, 0.139185458851
18681756.0, 8383524.0, 2, 0.0
18809332.0, 7899406.0, 2, 0.0
21526404.0, 7258286.0, 3, inf
18805064.0, 9118694.0, 3, inf
18805064.0, 9118694.0, 3, inf
19312938.0, 8066874.0, 3, 1.15205882144
19953524.0, 7760524.0, 3, 0.769209952669
20266834.0, 7287948.0, 3, 0.704153251358
21159314.0, 7274834.0, 3, 0.478792999068
19124750.0, 10431654.0, 4, inf
21116550.0, 7315340.0, 4, inf
19642460.0, 9915662.0, 4, 1.03122240692
19728866.0, 8163224.0, 4, 0.881693540562
20364948.0, 7664534.0, 4, 0.477820553673
20364948.0, 7664534.0, 4, 0.39079243111
20997932.0, 7441898.0, 4, 0.342859185852
19728866.0, 8163224.0, 4, 0.203406455872
21038804.0, 7363790.0, 4, 0.100164608299
20997932.0, 7441898.0, 4, 0.0919622272746
20997932.0, 7441898.0, 4, 0.0
21905702.0, 7352742.0, 5, inf
19739260.0, 8626862.0, 5, inf
21119006.0, 7584332.0, 5, 1.0178005375
20167708.0, 8231924.0, 5, 0.982199462504
20394314.0, 7760670.0, 5, 0.947372244699
22639612.0, 7364448.0, 6, inf
19945894.0, 9425708.0, 6, inf
22639612.0, 7364448.0, 6, inf
19945894.0, 9425708.0, 6, inf
20605548.0, 8149418.0, 6, 0.699539078793
20943682.0, 7843912.0, 6, 0.630660668327
20522616.0, 8963640.0, 6, 0.626466037955
20071664.0, 9032194.0, 6, 0.438266619523
21896908.0, 7837624.0, 6, 0.437370387471
22181096.0, 7665508.0, 6, 0.418627675699
22416400.0, 7372244.0, 6, 0.225138050803
21896908.0, 7837624.0, 6, 0.108550840104
22416400.0, 7372244.0, 6, 0.0911350233059
19945894.0, 9425708.0, 6, 0.0
19953406.0, 10375074.0, 7, inf
23178266.0, 7383786.0, 7, inf
20650380.0, 9579112.0, 7, 0.658608288111
21435910.0, 8010956.0, 7, 0.411243016432
22503806.0, 7959866.0, 7, 0.394043153453
20998338.0, 9374236.0, 7, 0.356028186576
21380248.0, 8147832.0, 7, 0.232526350678
21161824.0, 8988530.0, 7, 0.208368750423
21231478.0, 8516884.0, 7, 0.203805451551
22754782.0, 7491570.0, 7, 0.195935549914
21161824.0, 8988530.0, 7, 0.150542194649
21231478.0, 8516884.0, 7, 0.144974693292
22719970.0, 7684858.0, 7, 0.113481737966
22562388.0, 7827438.0, 7, 0.113148186769
22719970.0, 7684858.0, 7, 0.0584599732965
22754782.0, 7491570.0, 7, 0.0468275260029
22537926.0, 7854458.0, 7, 0.0428237776862
22537926.0, 7854458.0, 7, 0.0196132024643
22754782.0, 7491570.0, 7, 0.0
21161824.0, 8988530.0, 7, 0.0
22719970.0, 7684858.0, 7, 0.0
20186360.0, 11114592.0, 8, inf
24830554.0, 7413596.0, 8, inf
20186360.0, 11114592.0, 8, inf
20929782.0, 10150686.0, 8, 0.617535323961
23090444.0, 7557014.0, 8, 0.512953496094
20239028.0, 10860718.0, 8, 0.420520595775
21307846.0, 9426972.0, 8, 0.380276654387
21458004.0, 8416754.0, 8, 0.372159482155
22147708.0, 8143386.0, 8, 0.350334532045
21439382.0, 8956276.0, 8, 0.201965642352
22864630.0, 7745374.0, 8, 0.195031715746
22564554.0, 8001986.0, 8, 0.166396935297
21369266.0, 9093512.0, 8, 0.155503574994
22628198.0, 7910458.0, 8, 0.133949079347
23152728.0, 7560610.0, 9, inf
20334646.0, 12313716.0, 9, inf
21438622.0, 9567590.0, 9, 0.8798300156
20500490.0, 10966134.0, 9, 0.616413423405
21606914.0, 8650354.0, 9, 0.527180011433
22190032.0, 8329210.0, 9, 0.474370345104
20500490.0, 10966134.0, 9, 0.353087870561
22870362.0, 8122938.0, 9, 0.303433599892
22655004.0, 8163378.0, 9, 0.284813277093
20703236.0, 12581590.0, 10, inf
23473812.0, 7707240.0, 10, inf
23473812.0, 7707240.0, 10, inf
22224796.0, 8437130.0, 10, 0.608176832217
21617190.0, 10041572.0, 10, 0.602128096395
23280460.0, 8341138.0, 10, 0.600555550967
21166372.0, 12247550.0, 10, 0.589859718456
21806428.0, 8712300.0, 10, 0.548466939154
21485640.0, 11082912.0, 10, 0.328871933522
21485640.0, 11082912.0, 10, 0.286413061562
21485640.0, 11082912.0, 10, 0.0
21809300.0, 9490530.0, 11, inf
24382070.0, 7812336.0, 11, inf
23595222.0, 8179730.0, 11, 1.19241471881
22337026.0, 8479476.0, 11, 0.761481823489
22189580.0, 8760594.0, 11, 0.46865547875
22089260.0, 9261814.0, 11, 0.435959045832
21839448.0, 9263830.0, 11, 0.245103552056
22332202.0, 8633788.0, 11, 0.224822432775
24947264.0, 8023602.0, 12, inf
21829838.0, 16052962.0, 12, inf
21961588.0, 10166186.0, 12, 0.915604900811
23382936.0, 8793832.0, 12, 0.508734719306
22846652.0, 8849504.0, 12, 0.338420176062
23382936.0, 8793832.0, 12, 0.267954519402
22171392.0, 9580960.0, 12, 0.260666868396
22365290.0, 8890042.0, 12, 0.187225145968
22361020.0, 9101990.0, 12, 0.148247058663
22124742.0, 12373870.0, 13, inf
23849518.0, 8823912.0, 13, inf
22323592.0, 9676652.0, 13, 1.04043648834
22537398.0, 8906076.0, 13, 0.959563511656
22369148.0, 9183404.0, 13, 0.341027834369
22388200.0, 10352370.0, 14, inf
25899518.0, 8898604.0, 14, inf
22577062.0, 9140070.0, 14, 1.23943754283
24385490.0, 8929574.0, 14, 0.697104042829
23570536.0, 9040032.0, 14, 0.415206198538
23647502.0, 8979644.0, 14, 0.30807406711
22587978.0, 11100516.0, 15, inf
24843640.0, 9006248.0, 15, inf
22758822.0, 9150968.0, 15, 1.75373196721
Generacion: 9
22060838.0, 6556844.0, 1, inf
17160342.0, 9821924.0, 1, inf
19695050.0, 6864192.0, 1, 0.643694589118
17259622.0, 8996260.0, 1, 0.536860922421
17545786.0, 8325842.0, 1, 0.450106118651
17921208.0, 7967426.0, 1, 0.368530757228
19016222.0, 7196238.0, 1, 0.32754970202
18613114.0, 7833694.0, 1, 0.305513304706
18730452.0, 7509080.0, 1, 0.277493032173
19446150.0, 6916456.0, 1, 0.240218434638
22220288.0, 6598428.0, 2, inf
17859662.0, 8462756.0, 2, inf
21348790.0, 6875282.0, 2, 0.605713387423
18681756.0, 8383524.0, 2, 0.368626884239
18946974.0, 7572416.0, 2, 0.33760269438
19654310.0, 7221354.0, 2, 0.31517745722
20303142.0, 6908026.0, 2, 0.289972271899
18708664.0, 8047758.0, 2, 0.288930613218
20207554.0, 7075784.0, 2, 0.284242417486
19654310.0, 7221354.0, 2, 0.240291491631
18946974.0, 7572416.0, 2, 0.219869581699
18809332.0, 7899406.0, 2, 0.198478632835
20281758.0, 6959690.0, 2, 0.111903798984
18809332.0, 7899406.0, 2, 0.111138714598
18681756.0, 8383524.0, 2, 0.0486696330707
18681756.0, 8383524.0, 2, 0.0
18809332.0, 7899406.0, 2, 0.0
18681756.0, 8383524.0, 2, 0.0
21523118.0, 6900266.0, 3, inf
17882956.0, 10037706.0, 3, inf
17882956.0, 10037706.0, 3, inf
18805064.0, 9118694.0, 3, 0.820225487575
19312938.0, 8066874.0, 3, 0.701069305696
20266834.0, 7287948.0, 3, 0.561874156388
18134584.0, 9624664.0, 3, 0.475877942175
19583730.0, 7590260.0, 3, 0.339569331979
20965132.0, 7018038.0, 3, 0.326639265359
21064962.0, 6951040.0, 3, 0.190823645353
19583730.0, 7590260.0, 3, 0.170746360806
17927412.0, 9855288.0, 3, 0.158163020947
17922954.0, 9938488.0, 3, 0.0703549503873
22867456.0, 7081866.0, 4, inf
17962710.0, 9915890.0, 4, inf
19642460.0, 9915662.0, 4, 0.978528472753
19728866.0, 8163224.0, 4, 0.701168423607
21526404.0, 7258286.0, 4, 0.517319386685
20689498.0, 7289510.0, 4, 0.380149180813
20364948.0, 7664534.0, 4, 0.334154942039
20135036.0, 7916138.0, 4, 0.305652383052
19728866.0, 8163224.0, 4, 0.104802385172
18771818.0, 9969952.0, 5, inf
22992058.0, 7228304.0, 5, inf
19739260.0, 8626862.0, 5, 0.801066865578
20838514.0, 7336112.0, 5, 0.592640399659
20605548.0, 8149418.0, 5, 0.442663288963
20737438.0, 7388418.0, 5, 0.3518506589
20167708.0, 8231924.0, 5, 0.248257922717
20051536.0, 8470144.0, 5, 0.163629445801
20046370.0, 8601712.0, 5, 0.13115681363
18935814.0, 10521820.0, 6, inf
22109816.0, 7339584.0, 6, inf
20473624.0, 8671102.0, 6, 0.710535413833
19124750.0, 10431654.0, 6, 0.662682576281
20792700.0, 7858824.0, 6, 0.412531389672
20899328.0, 7392452.0, 6, 0.4045837453
19951064.0, 9276096.0, 6, 0.403397182935
21775450.0, 7376052.0, 6, 0.397989416718
19945894.0, 9425708.0, 6, 0.317741805454
19945894.0, 9425708.0, 6, 0.305724092369
20802912.0, 7688472.0, 6, 0.180148994133
19945894.0, 9425708.0, 6, 0.0
25029600.0, 7344166.0, 7, inf
19923600.0, 10818300.0, 7, inf
19973794.0, 9735716.0, 7, 0.532012747297
22639612.0, 7364448.0, 7, 0.470318434713
20637480.0, 9455742.0, 7, 0.46068110166
20997932.0, 7441898.0, 7, 0.393520471498
22416400.0, 7372244.0, 7, 0.343813106124
20814714.0, 8707412.0, 7, 0.283262078045
20943682.0, 7843912.0, 7, 0.259175904915
20814714.0, 8707412.0, 7, 0.240658569933
20943682.0, 7843912.0, 7, 0.140974447213
22639612.0, 7364448.0, 7, 0.0495536303151
20997932.0, 7441898.0, 7, 0.0306740681986
20186360.0, 11114592.0, 8, inf
23178266.0, 7383786.0, 8, inf
23178266.0, 7383786.0, 8, inf
20186360.0, 11114592.0, 8, inf
21187228.0, 7445292.0, 8, 0.944861376521
21081144.0, 8293840.0, 8, 0.580165108361
20650380.0, 9579112.0, 8, 0.527867679283
20998338.0, 9374236.0, 8, 0.488478950062
20650380.0, 9579112.0, 8, 0.210006446205
20650380.0, 9579112.0, 8, 0.0
20650380.0, 9579112.0, 8, 0.0
23178266.0, 7383786.0, 8, 0.0
22874902.0, 7520240.0, 9, inf
20334646.0, 12313716.0, 9, inf
21041698.0, 9565450.0, 9, 1.01931773429
21447490.0, 7654002.0, 9, 0.622716425764
22758640.0, 7521978.0, 9, 0.516511342243
21316878.0, 8356122.0, 9, 0.311835435682
21435910.0, 8010956.0, 9, 0.197890947763
21161824.0, 8988530.0, 9, 0.181393979465
21161824.0, 8988530.0, 9, 0.179219917519
22758640.0, 7521978.0, 9, 0.0733102628837
23090444.0, 7557014.0, 10, inf
20703236.0, 12581590.0, 10, inf
21288888.0, 9772068.0, 10, 0.81084894584
21482334.0, 8615922.0, 10, 0.559831473037
22181096.0, 7665508.0, 10, 0.415180162676
21770780.0, 7941460.0, 10, 0.328563044201
21289886.0, 9742194.0, 10, 0.224570706521
22181096.0, 7665508.0, 10, 0.140638850541
21896908.0, 7837624.0, 10, 0.139711807144
21896908.0, 7837624.0, 10, 0.087089774239
21289886.0, 9742194.0, 10, 0.0865619281252
21896908.0, 7837624.0, 10, 0.0
21896908.0, 7837624.0, 10, 0.0
22181096.0, 7665508.0, 10, 0.0
21460494.0, 10885798.0, 11, inf
23152728.0, 7560610.0, 11, inf
21511232.0, 8792250.0, 11, 0.858071098166
21926016.0, 8150676.0, 11, 0.690250648749
22537926.0, 7854458.0, 11, 0.609262785154
21806428.0, 8712300.0, 11, 0.438053986973
22719970.0, 7684858.0, 11, 0.306736407246
22719970.0, 7684858.0, 11, 0.144941845839
22719970.0, 7684858.0, 11, 0.0
23473812.0, 7707240.0, 12, inf
21695278.0, 9431124.0, 12, inf
21700800.0, 8812512.0, 12, 1.36695837282
22567340.0, 7919912.0, 12, 1.28964109168
22996066.0, 7844786.0, 12, 0.63304162718
21946914.0, 10729282.0, 13, inf
23300508.0, 7865812.0, 13, inf
21955290.0, 8944342.0, 13, 1.52439805537
22834760.0, 8242414.0, 13, 0.980787920618
22899336.0, 8132974.0, 13, 0.475601944633
23756904.0, 8017134.0, 14, inf
22135998.0, 15837398.0, 14, inf
22323592.0, 9676652.0, 14, 0.994704958146
23109354.0, 8536458.0, 14, 0.820571211585
22369148.0, 9183404.0, 14, 0.63056709827
23532146.0, 8377350.0, 14, 0.345366731395
23595222.0, 8179730.0, 14, 0.184723830269
22365972.0, 10665770.0, 15, inf
24756384.0, 8106358.0, 15, inf
24756384.0, 8106358.0, 15, inf
22756592.0, 9504754.0, 15, 1.21019994715
Generacion: 10
16498510.0, 9971330.0, 1, inf
21622800.0, 6518536.0, 1, inf
17157228.0, 8839024.0, 1, 0.513681352565
20401904.0, 6800336.0, 1, 0.349132458172
17557926.0, 8076794.0, 1, 0.32417785236
21406332.0, 6564094.0, 1, 0.319871680062
17960110.0, 7485698.0, 1, 0.271174615123
18604190.0, 7429534.0, 1, 0.21632410714
18716890.0, 7174482.0, 1, 0.158024080668
19980640.0, 6808932.0, 1, 0.15643584974
18067744.0, 7484004.0, 1, 0.141957806208
19029890.0, 7170750.0, 1, 0.132051162727
19413866.0, 7056666.0, 1, 0.126827149981
19623306.0, 6891380.0, 1, 0.110617192934
19357946.0, 7150486.0, 1, 0.107973594849
17262520.0, 8384728.0, 1, 0.107643009293
17204962.0, 8673708.0, 1, 0.0972340216409
17248098.0, 8564524.0, 1, 0.0949269237587
17545786.0, 8325842.0, 1, 0.0940762279995
19695050.0, 6864192.0, 1, 0.0936120007224
17479266.0, 8348618.0, 1, 0.0723336668557
21413256.0, 6569830.0, 2, inf
17259622.0, 8996260.0, 2, inf
17259622.0, 8996260.0, 2, inf
21413256.0, 6569830.0, 2, inf
20384864.0, 6878652.0, 2, 0.406643393796
18147956.0, 7881602.0, 2, 0.353621011193
19016222.0, 7196238.0, 2, 0.337392776047
18613114.0, 7833694.0, 2, 0.293764467294
19882096.0, 7191574.0, 2, 0.256182108524
18052862.0, 8364448.0, 2, 0.245507894166
17560844.0, 8611262.0, 2, 0.21316487246
18730452.0, 7509080.0, 2, 0.202582548346
20207554.0, 7075784.0, 2, 0.191785753974
18730452.0, 7509080.0, 2, 0.157180460759
17787202.0, 8469822.0, 2, 0.133144837499
17560844.0, 8611262.0, 2, 0.130811510604
20281758.0, 6959690.0, 2, 0.0921508880884
19882096.0, 7191574.0, 2, 0.0802771673951
19016222.0, 7196238.0, 2, 0.0707221608635
18052862.0, 8364448.0, 2, 0.0634096591334
17859662.0, 8462756.0, 2, 0.0579604548944
17859662.0, 8462756.0, 2, 0.0494255839407
20303142.0, 6908026.0, 2, 0.0409670061513
20303142.0, 6908026.0, 2, 0.0172541139255
18052862.0, 8364448.0, 2, 0.0
22112536.0, 6659600.0, 3, inf
17882956.0, 10037706.0, 3, inf
17882956.0, 10037706.0, 3, inf
21050276.0, 6943532.0, 3, 0.666620991827
17933508.0, 9034906.0, 3, 0.477028971676
18164316.0, 8519806.0, 3, 0.41792383565
19654310.0, 7221354.0, 3, 0.411597028376
22100456.0, 6923140.0, 3, 0.326308286678
19253734.0, 7496834.0, 3, 0.309991570931
17922954.0, 9938488.0, 3, 0.308804747603
18389328.0, 7987172.0, 3, 0.256973961678
18890570.0, 7658550.0, 3, 0.224240926987
19654310.0, 7221354.0, 3, 0.176950164294
18809332.0, 7899406.0, 3, 0.170600709921
18389328.0, 7987172.0, 3, 0.0791804391503
18809332.0, 7899406.0, 3, 0.0451879387129
22100456.0, 6923140.0, 3, 0.00889259423243
18809332.0, 7899406.0, 3, 0.0
19654310.0, 7221354.0, 3, 0.0
21064962.0, 6951040.0, 4, inf
17962710.0, 9915890.0, 4, inf
17962710.0, 9915890.0, 4, inf
21064962.0, 6951040.0, 4, inf
18433336.0, 9349026.0, 4, 0.59499710856
18681756.0, 8383524.0, 4, 0.514008822076
20547508.0, 7256454.0, 4, 0.414643668761
18134584.0, 9624664.0, 4, 0.342899465425
19266094.0, 7852754.0, 4, 0.273343021108
18681756.0, 8383524.0, 4, 0.259098172668
19266094.0, 7852754.0, 4, 0.252198024002
20136248.0, 7292816.0, 4, 0.232891668236
19493108.0, 7600790.0, 4, 0.190924184321
20136248.0, 7292816.0, 4, 0.190366594384
19583730.0, 7590260.0, 4, 0.181653843317
19583730.0, 7590260.0, 4, 0.129535138851
18681756.0, 8383524.0, 4, 0.0
18681756.0, 8383524.0, 4, 0.0
18681756.0, 8383524.0, 4, 0.0
18681756.0, 8383524.0, 4, 0.0
18681756.0, 8383524.0, 4, 0.0
19583730.0, 7590260.0, 4, 0.0
20136248.0, 7292816.0, 4, 0.0
21064962.0, 6951040.0, 4, 0.0
21064962.0, 6951040.0, 4, 0.0
18771818.0, 9969952.0, 5, inf
21394776.0, 6959114.0, 5, inf
19312938.0, 8066874.0, 5, 0.863738180296
18805064.0, 9118694.0, 5, 0.838377289215
19769852.0, 7625578.0, 5, 0.598936400609
20275256.0, 7368198.0, 5, 0.462233500592
21260014.0, 7082486.0, 5, 0.378622063416
20689498.0, 7289510.0, 5, 0.243643546161
20689498.0, 7289510.0, 5, 0.226688924673
22441778.0, 6959794.0, 6, inf
19087472.0, 9243654.0, 6, inf
19739260.0, 8626862.0, 6, 0.88841214064
21465638.0, 7088930.0, 6, 0.642744693354
19848128.0, 7732556.0, 6, 0.607893101665
20838514.0, 7336112.0, 6, 0.435361132198
20492868.0, 7420900.0, 6, 0.284982797941
20364948.0, 7664534.0, 6, 0.260752997211
20364948.0, 7664534.0, 6, 0.0679198426629
22942816.0, 6962394.0, 7, inf
19322956.0, 10358288.0, 7, inf
19576646.0, 9260138.0, 7, 0.939168843683
19953524.0, 7760524.0, 7, 0.848484758204
21038804.0, 7363790.0, 7, 0.583989962556
20836576.0, 7560750.0, 7, 0.416640256983
21038804.0, 7363790.0, 7, 0.174066640385
21038804.0, 7363790.0, 7, 0.0
23515676.0, 7104700.0, 8, inf
19642460.0, 9915662.0, 8, inf
19642460.0, 9915662.0, 8, inf
21775450.0, 7376052.0, 8, 0.693790328241
20017726.0, 8080308.0, 8, 0.56281761162
19951064.0, 9276096.0, 8, 0.497172007094
20285310.0, 7936614.0, 8, 0.406842870248
21249556.0, 7410296.0, 8, 0.297511393198
20942460.0, 7607808.0, 8, 0.239930121313
20942460.0, 7607808.0, 8, 0.196259849302
19945894.0, 9425708.0, 8, 0.175635990377
19945894.0, 9425708.0, 8, 0.131566099147
19945894.0, 9425708.0, 8, 0.0
19642460.0, 9915662.0, 8, 0.0
23178266.0, 7383786.0, 9, inf
20051536.0, 8470144.0, 9, inf
22758640.0, 7521978.0, 9, 0.733531778628
21447490.0, 7654002.0, 9, 0.672385490483
20805626.0, 8091176.0, 9, 0.605342001541
20167708.0, 8231924.0, 9, 0.590017932077
21101290.0, 7676596.0, 9, 0.33594281807
20943682.0, 7843912.0, 9, 0.278014865061
23102862.0, 7432270.0, 9, 0.261412708634
20943682.0, 7843912.0, 9, 0.198169003745
20071664.0, 9032194.0, 10, inf
23768052.0, 7563172.0, 10, inf
20804708.0, 8401160.0, 10, 1.23628539789
21619032.0, 7831020.0, 10, 0.807440964456
21958408.0, 7673516.0, 10, 0.76371460211
20186360.0, 11114592.0, 11, inf
22138894.0, 7853310.0, 11, inf
20186360.0, 11114592.0, 11, inf
21231478.0, 8516884.0, 11, 0.847477291184
20213882.0, 9959042.0, 11, 0.684978954503
Generacion: 11
16168404.0, 9872538.0, 1, inf
21855752.0, 6407230.0, 1, inf
16284196.0, 9165882.0, 1, 0.597783754277
16910160.0, 8252986.0, 1, 0.441833926249
21430916.0, 6410082.0, 1, 0.274870025747
20505938.0, 6537296.0, 1, 0.264774287632
19203120.0, 6849718.0, 1, 0.212681156193
17562392.0, 7532686.0, 1, 0.208229436067
19710754.0, 6762950.0, 1, 0.181902107002
17284264.0, 8244134.0, 1, 0.163657930109
18335642.0, 7260894.0, 1, 0.157436578458
18067744.0, 7484004.0, 1, 0.153239360965
18937810.0, 7029000.0, 1, 0.151867259878
17301328.0, 7924200.0, 1, 0.143393616783
20027446.0, 6721634.0, 1, 0.139508616665
20434308.0, 6720372.0, 1, 0.13732798154
17423706.0, 7813170.0, 1, 0.11081516525
18514722.0, 7210782.0, 1, 0.0919707184751
18798094.0, 7129202.0, 1, 0.0808265304586
18716890.0, 7174482.0, 1, 0.0733668988669
18067744.0, 7484004.0, 1, 0.0611525944316
17412360.0, 7825280.0, 1, 0.0535580280564
18067744.0, 7484004.0, 1, 0.0
18067744.0, 7484004.0, 1, 0.0
21622800.0, 6518536.0, 2, inf
16498510.0, 9971330.0, 2, inf
17444092.0, 7826584.0, 2, 0.554687066087
17157228.0, 8839024.0, 2, 0.421771551192
17157228.0, 8839024.0, 2, 0.383920273436
18243414.0, 7655686.0, 2, 0.342987524424
21288702.0, 6693862.0, 2, 0.296249386738
20385290.0, 6814516.0, 2, 0.296043608095
19413866.0, 7056666.0, 2, 0.200708131332
18730452.0, 7509080.0, 2, 0.18565043537
19016222.0, 7196238.0, 2, 0.156422333363
19963188.0, 6822896.0, 2, 0.149086825479
19029890.0, 7170750.0, 2, 0.118022739056
19626756.0, 6879920.0, 2, 0.110617192934
18730452.0, 7509080.0, 2, 0.0982278320915
19695050.0, 6864192.0, 2, 0.08216968446
21496014.0, 6540044.0, 2, 0.0692910088261
21496014.0, 6540044.0, 2, 0.0466858848712
18730452.0, 7509080.0, 2, 0.0
18730452.0, 7509080.0, 2, 0.0
17157228.0, 8839024.0, 2, 0.0
18730452.0, 7509080.0, 2, 0.0
18730452.0, 7509080.0, 2, 0.0
18730452.0, 7509080.0, 2, 0.0
18730452.0, 7509080.0, 2, 0.0
17212570.0, 10564458.0, 3, inf
22060838.0, 6556844.0, 3, inf
17259622.0, 8996260.0, 3, 0.607916050752
20384864.0, 6878652.0, 3, 0.543433737325
18058564.0, 8083908.0, 3, 0.242306928753
18613114.0, 7833694.0, 3, 0.234699666708
17479266.0, 8348618.0, 3, 0.226310035811
19840390.0, 6899278.0, 3, 0.225973315851
19669700.0, 7193106.0, 3, 0.202175994699
18154574.0, 7857998.0, 3, 0.176815708826
19241272.0, 7214286.0, 3, 0.159899675992
19215022.0, 7458082.0, 3, 0.150064076057
18946974.0, 7572416.0, 3, 0.120482773283
17545786.0, 8325842.0, 3, 0.111448374911
18946974.0, 7572416.0, 3, 0.0973908995177
17545786.0, 8325842.0, 3, 0.0740889520353
18946974.0, 7572416.0, 3, 0.0
22220288.0, 6598428.0, 4, inf
17348108.0, 10151312.0, 4, inf
17424888.0, 9063008.0, 4, 0.477128168532
19253734.0, 7496834.0, 4, 0.398638795777
21593664.0, 6906724.0, 4, 0.351649131333
18604066.0, 7871814.0, 4, 0.315427940719
20303142.0, 6908026.0, 4, 0.284172571254
17560844.0, 8611262.0, 4, 0.258183848034
19654310.0, 7221354.0, 4, 0.214888305391
18265248.0, 8172882.0, 4, 0.175247276925
17859662.0, 8462756.0, 4, 0.170453819772
20055484.0, 7039134.0, 4, 0.147295814123
19882096.0, 7191574.0, 4, 0.133627644387
21593664.0, 6906724.0, 4, 0.128979116735
18389328.0, 7987172.0, 4, 0.0963445278399
18052862.0, 8364448.0, 4, 0.0935721578511
20281758.0, 6959690.0, 4, 0.0877328969592
18052862.0, 8364448.0, 4, 0.0712614905067
18389328.0, 7987172.0, 4, 0.0579358731651
20842834.0, 6920054.0, 5, inf
17853218.0, 9083464.0, 5, inf
20065294.0, 7173666.0, 5, 0.481852667765
18304420.0, 8485388.0, 5, 0.391015772616
17985680.0, 8725742.0, 5, 0.378072251865
18681756.0, 8383524.0, 5, 0.281417744653
19983128.0, 7340380.0, 5, 0.269097732144
19655322.0, 7459162.0, 5, 0.249097924207
19276072.0, 7829806.0, 5, 0.227579871377
17933508.0, 9034906.0, 5, 0.209658359357
18809332.0, 7899406.0, 5, 0.206895552507
19583730.0, 7590260.0, 5, 0.163506721028
19266094.0, 7852754.0, 5, 0.163390160556
18708664.0, 8047758.0, 5, 0.159886417553
19583730.0, 7590260.0, 5, 0.134673010349
18722668.0, 8016474.0, 5, 0.102245776604
18681756.0, 8383524.0, 5, 0.0560854131311
18809332.0, 7899406.0, 5, 0.0505524431176
19266094.0, 7852754.0, 5, 0.0249016571973
18708664.0, 8047758.0, 5, 0.0234609915004
19583730.0, 7590260.0, 5, 0.0
18809332.0, 7899406.0, 5, 0.0
20865440.0, 6922882.0, 6, inf
17922954.0, 9938488.0, 6, inf
19815422.0, 7487356.0, 6, 0.628131028437
18850790.0, 8052548.0, 6, 0.569289414831
18597800.0, 8552948.0, 6, 0.395130867451
20259990.0, 7182576.0, 6, 0.338286559456
18051218.0, 9245900.0, 6, 0.312497194166
17962710.0, 9915890.0, 6, 0.273258285905
18729834.0, 8091544.0, 6, 0.251915115796
18316992.0, 8860002.0, 6, 0.223399212178
20024070.0, 7360788.0, 6, 0.205744945321
18316992.0, 8860002.0, 6, 0.192144601685
18051218.0, 9245900.0, 6, 0.158046309904
20150222.0, 7210030.0, 6, 0.13927368154
21064962.0, 6951040.0, 7, inf
18134584.0, 9624664.0, 7, inf
21064962.0, 6951040.0, 7, inf
19312938.0, 8066874.0, 7, 0.508706795804
18760562.0, 8195102.0, 7, 0.503480781275
18467420.0, 9212712.0, 7, 0.481287055479
18616190.0, 8777292.0, 7, 0.480646295141
19954372.0, 7924222.0, 7, 0.443785896818
20013928.0, 7519928.0, 7, 0.344610419982
20495812.0, 7234144.0, 7, 0.32879521809
20266834.0, 7287948.0, 7, 0.242651048338
20419556.0, 7241258.0, 7, 0.0982634037642
21394776.0, 6959114.0, 8, inf
18767818.0, 9426658.0, 8, inf
20169264.0, 8041852.0, 8, 0.629195325488
19728866.0, 8163224.0, 8, 0.522739878961
20547508.0, 7256454.0, 8, 0.492943173371
20528730.0, 7361982.0, 8, 0.462276938962
18897288.0, 8732980.0, 8, 0.421241448392
19114942.0, 8341394.0, 8, 0.354202155678
18877622.0, 9277078.0, 8, 0.330405965711
19037404.0, 8387732.0, 8, 0.241548645583
19340070.0, 9779138.0, 9, inf
21465638.0, 7088930.0, 9, inf
20379108.0, 8316476.0, 9, 0.696306221917
19574030.0, 8451536.0, 9, 0.660349701835
21004500.0, 7300222.0, 9, 0.471334278967
19625364.0, 8363740.0, 9, 0.428963291713
20836576.0, 7560750.0, 9, 0.347854808733
Generacion: 12
21688044.0, 6405388.0, 1, inf
16554108.0, 10079754.0, 1, inf
17050424.0, 8559440.0, 1, 0.817518276817
17342282.0, 7639990.0, 1, 0.364398245913
20422994.0, 6511346.0, 1, 0.305064412502
17890346.0, 7458186.0, 1, 0.239346325669
21226340.0, 6458766.0, 1, 0.215387669059
20027446.0, 6721634.0, 1, 0.189032173376
18335642.0, 7260894.0, 1, 0.188949842428
17474772.0, 7524214.0, 1, 0.156232193347
19233328.0, 6891188.0, 1, 0.136640806645
19026202.0, 7016346.0, 1, 0.105767341722
18899608.0, 7040972.0, 1, 0.103286139888
19710754.0, 6762950.0, 1, 0.0838360923656
19775250.0, 6742328.0, 1, 0.072930393484
19453442.0, 6820054.0, 1, 0.0694793604119
18716890.0, 7174482.0, 1, 0.0641523842939
21430916.0, 6410082.0, 1, 0.0598587972592
18514722.0, 7210782.0, 1, 0.059035836317
19453442.0, 6820054.0, 1, 0.0584155016132
21392218.0, 6413608.0, 1, 0.0530974220243
18574080.0, 7181854.0, 1, 0.0387420627925
18716890.0, 7174482.0, 1, 0.0375965697192
18532888.0, 7185144.0, 1, 0.0194348121963
16731004.0, 10408862.0, 2, inf
22143232.0, 6427826.0, 2, inf
17423706.0, 7813170.0, 2, 0.470810210093
17157228.0, 8839024.0, 2, 0.443565298801
17157228.0, 8839024.0, 2, 0.336437226213
20629534.0, 6535868.0, 2, 0.31757254883
17981832.0, 7571260.0, 2, 0.201680337061
21622800.0, 6518536.0, 2, 0.197953488458
20215922.0, 6747956.0, 2, 0.195217432658
19343834.0, 6902324.0, 2, 0.174277842027
19004564.0, 7106680.0, 2, 0.147137959912
19687810.0, 6857658.0, 2, 0.134387641596
18604190.0, 7429534.0, 2, 0.127546075289
19963188.0, 6822896.0, 2, 0.125133703233
21804856.0, 6461086.0, 2, 0.11894407678
19021134.0, 7061082.0, 2, 0.114018195951
18074386.0, 7458216.0, 2, 0.104367895793
18714314.0, 7421158.0, 2, 0.099341268702
18714314.0, 7421158.0, 2, 0.055732536048
21622800.0, 6518536.0, 2, 0.0379915435218
18067744.0, 7484004.0, 2, 0.0231451338509
18067744.0, 7484004.0, 2, 0.0223513953799
18074386.0, 7458216.0, 2, 0.00843187830633
17157228.0, 8839024.0, 2, 0.0
17157228.0, 8839024.0, 2, 0.0
22129688.0, 6535456.0, 3, inf
17177860.0, 9675412.0, 3, inf
17557926.0, 8076794.0, 3, 0.653782424412
17201534.0, 9585920.0, 3, 0.585873812805
21216542.0, 6756306.0, 3, 0.373099254705
20355844.0, 6764050.0, 3, 0.341617732955
22002396.0, 6636614.0, 3, 0.234025703424
18729738.0, 7508198.0, 3, 0.202401359109
19423488.0, 7019300.0, 3, 0.199937051727
17998594.0, 8038488.0, 3, 0.173188459368
18012236.0, 7821068.0, 3, 0.171353501201
19016222.0, 7196238.0, 3, 0.168083405073
19695050.0, 6864192.0, 3, 0.146510245462
18645758.0, 7596858.0, 3, 0.145182362932
18243414.0, 7655686.0, 3, 0.133921775321
19601190.0, 6905218.0, 3, 0.10423890223
19029890.0, 7170750.0, 3, 0.0876027052787
18243414.0, 7655686.0, 3, 0.0654206800597
22060838.0, 6556844.0, 3, 0.057922437495
19029890.0, 7170750.0, 3, 0.0509933527566
19695050.0, 6864192.0, 3, 0.0508474199492
22195326.0, 6618636.0, 4, inf
17348108.0, 10151312.0, 4, inf
17560844.0, 8611262.0, 4, 0.537449544188
20579454.0, 6781140.0, 4, 0.428865545603
18052862.0, 8364448.0, 4, 0.327669470571
19114952.0, 7297500.0, 4, 0.199999315775
18147956.0, 7881602.0, 4, 0.196971641172
19379956.0, 7199448.0, 4, 0.170702825788
19840390.0, 6899278.0, 4, 0.140292879912
20359700.0, 6891304.0, 4, 0.136408706652
18730452.0, 7509080.0, 4, 0.134559598962
18718948.0, 7704210.0, 4, 0.131527846028
18455260.0, 7773164.0, 4, 0.127339082214
17560844.0, 8611262.0, 4, 0.113754284039
19807040.0, 6984132.0, 4, 0.112128848405
18262368.0, 7821300.0, 4, 0.0940937256694
19310194.0, 7225066.0, 4, 0.0824270895938
20385290.0, 6814516.0, 4, 0.0765204002795
19807040.0, 6984132.0, 4, 0.0678300647538
18730452.0, 7509080.0, 4, 0.0622655944175
18730452.0, 7509080.0, 4, 0.0
18730452.0, 7509080.0, 4, 0.0
18730452.0, 7509080.0, 4, 0.0
18730452.0, 7509080.0, 4, 0.0
17985680.0, 8725742.0, 5, inf
22902924.0, 6747272.0, 5, inf
21053610.0, 6888070.0, 5, 0.609958811849
18055450.0, 8367606.0, 5, 0.416868497596
18800214.0, 7565978.0, 5, 0.338763219194
18292252.0, 7832568.0, 5, 0.334972344308
18177322.0, 7978088.0, 5, 0.318587644712
20021406.0, 6931168.0, 5, 0.290319176977
20303142.0, 6908026.0, 5, 0.231698646962
19654310.0, 7221354.0, 5, 0.175264769165
19429472.0, 7324380.0, 5, 0.162853699611
19175330.0, 7475964.0, 5, 0.149367695139
19174906.0, 7517474.0, 5, 0.121782594654
19654310.0, 7221354.0, 5, 0.109306856065
19513712.0, 7289912.0, 5, 0.0977979655857
21593664.0, 6906724.0, 6, inf
18055942.0, 9772080.0, 6, inf
20309962.0, 7002344.0, 6, 0.473258117844
18246898.0, 8696448.0, 6, 0.441024200846
18077674.0, 9223388.0, 6, 0.429369205178
18408990.0, 8228044.0, 6, 0.404615823883
19970056.0, 7263476.0, 6, 0.239978962985
19362216.0, 7518802.0, 6, 0.224038044629
18613114.0, 7833694.0, 6, 0.198823885343
20259990.0, 7182576.0, 6, 0.187214697678
18829612.0, 7625308.0, 6, 0.18555664185
19699162.0, 7415962.0, 6, 0.172973329449
18946974.0, 7572416.0, 6, 0.13583466885
19634956.0, 7487694.0, 6, 0.131134603739
18613114.0, 7833694.0, 6, 0.130425318261
18946974.0, 7572416.0, 6, 0.0518855682347
18946974.0, 7572416.0, 6, 0.0
18173116.0, 9602070.0, 7, inf
21262000.0, 7112312.0, 7, inf
18468346.0, 8732342.0, 7, 0.558862932972
20495812.0, 7234144.0, 7, 0.510304012318
19170760.0, 7605760.0, 7, 0.374871873013
20060236.0, 7414178.0, 7, 0.317013475479
18746870.0, 8142412.0, 7, 0.235745445452
19770736.0, 7438992.0, 7, 0.22498731262
18809332.0, 7899406.0, 7, 0.214611506869
18597800.0, 8552948.0, 7, 0.209190844155
19583730.0, 7590260.0, 7, 0.194451640959
18809332.0, 7899406.0, 7, 0.138163125874
18681756.0, 8383524.0, 7, 0.124021583442
18681756.0, 8383524.0, 7, 0.0891284859123
19583730.0, 7590260.0, 7, 0.0667671112601
18809332.0, 7899406.0, 7, 0.0
19583730.0, 7590260.0, 7, 0.0
18349596.0, 9943432.0, 8, inf
21119386.0, 7371480.0, 8, inf
19784672.0, 7680780.0, 8, 0.856233231423
18782276.0, 8896286.0, 8, 0.579845055838
18559750.0, 9794970.0, 8, 0.563354577724
18804004.0, 8530444.0, 8, 0.352789727544
18850790.0, 8052548.0, 8, 0.292514303397
Generacion: 13
16285448.0, 9960804.0, 1, inf
21273176.0, 6409966.0, 1, inf
16804732.0, 9301682.0, 1, 0.336477762421
17340282.0, 7631018.0, 1, 0.325346102114
17086648.0, 8539806.0, 1, 0.319579838911
20422994.0, 6511346.0, 1, 0.278446802133
17050424.0, 8559440.0, 1, 0.271084236372
17517626.0, 7357130.0, 1, 0.233452666976
16377768.0, 9673016.0, 1, 0.211551134109
18335642.0, 7260894.0, 1, 0.21062673749
16592962.0, 9428544.0, 1, 0.190179344596
19317202.0, 6973292.0, 1, 0.110601596558
20235210.0, 6659742.0, 1, 0.0941595570281
17458792.0, 7465604.0, 1, 0.0941311227305
19453442.0, 6820054.0, 1, 0.0789633374454
20042204.0, 6738368.0, 1, 0.0719740370471
19131094.0, 6983298.0, 1, 0.070468222679
17408354.0, 7613582.0, 1, 0.070344813715
18832642.0, 7142282.0, 1, 0.0668526221935
19006436.0, 7106116.0, 1, 0.0644758406102
19775250.0, 6742328.0, 1, 0.0593298079548
19592306.0, 6801672.0, 1, 0.0581282915958
19710754.0, 6762950.0, 1, 0.0533914990924
18732978.0, 7148820.0, 1, 0.0524642571702
18396660.0, 7235026.0, 1, 0.0500168480195
20119016.0, 6731492.0, 1, 0.0461205920257
20185902.0, 6676902.0, 1, 0.0435024753813
18590200.0, 7155976.0, 1, 0.0411609478078
19026202.0, 7016346.0, 1, 0.0401350802188
18514722.0, 7210782.0, 1, 0.0308907643086
19008662.0, 7038650.0, 1, 0.0292442827264
19477018.0, 6802954.0, 1, 0.0245250907085
18532888.0, 7185144.0, 1, 0.0200476186349
18574080.0, 7181854.0, 1, 0.0197050015021
19775250.0, 6742328.0, 1, 0.0140461673942
18514722.0, 7210782.0, 1, 0.0104698233232
19473260.0, 6804006.0, 1, 0.0095425660782
18514722.0, 7210782.0, 1, 0.0
21392218.0, 6413608.0, 2, inf
16554108.0, 10079754.0, 2, inf
17342282.0, 7639990.0, 2, 0.371183537879
17958342.0, 7443284.0, 2, 0.369458012836
17192712.0, 8818686.0, 2, 0.365304948327
17157228.0, 8839024.0, 2, 0.345763234964
19549694.0, 7016170.0, 2, 0.232439316859
18623474.0, 7187566.0, 2, 0.230106065491
20629534.0, 6535868.0, 2, 0.216925118026
18883788.0, 7147656.0, 2, 0.21531629169
20215922.0, 6747956.0, 2, 0.205049038086
17410322.0, 7622770.0, 2, 0.180989557577
20505938.0, 6537296.0, 2, 0.143340805019
19862564.0, 6801510.0, 2, 0.139079651153
17157228.0, 8839024.0, 2, 0.13020776458
19668616.0, 6890214.0, 2, 0.0717841963854
19687810.0, 6857658.0, 2, 0.0450004732513
18716890.0, 7174482.0, 2, 0.0380653990191
18716890.0, 7174482.0, 2, 0.0266255871471
19687810.0, 6857658.0, 2, 0.0192825173515
18716890.0, 7174482.0, 2, 0.0
18716890.0, 7174482.0, 2, 0.0
17157228.0, 8839024.0, 2, 0.0
17157228.0, 8839024.0, 2, 0.0
18716890.0, 7174482.0, 2, 0.0
17201534.0, 9585920.0, 3, inf
21409456.0, 6425212.0, 3, inf
21409456.0, 6425212.0, 3, inf
17423706.0, 7813170.0, 3, 0.822843292761
19695050.0, 6864192.0, 3, 0.291266581994
20385290.0, 6814516.0, 3, 0.236452340318
21234844.0, 6547506.0, 3, 0.230452722585
20607630.0, 6551328.0, 3, 0.229669709869
19114952.0, 7297500.0, 3, 0.2130493697
18714314.0, 7421158.0, 3, 0.191200476237
18074386.0, 7458216.0, 3, 0.173538934484
17981832.0, 7571260.0, 3, 0.160243437258
19636122.0, 7172400.0, 3, 0.15548461472
20579454.0, 6781140.0, 3, 0.118851516236
18714314.0, 7421158.0, 3, 0.10693500331
17981832.0, 7571260.0, 3, 0.0969533776405
19324202.0, 7205878.0, 3, 0.093999566487
19457604.0, 7177280.0, 3, 0.0548801886089
19379956.0, 7199448.0, 3, 0.0298385913693
18067744.0, 7484004.0, 3, 0.0291849242917
18067744.0, 7484004.0, 3, 0.0285756597368
19435502.0, 7195168.0, 3, 0.0254664319942
20579454.0, 6781140.0, 3, 0.0172556010254
18067744.0, 7484004.0, 3, 0.0
22015036.0, 6427426.0, 4, inf
17225072.0, 9789304.0, 4, inf
17225072.0, 9789304.0, 4, inf
17545786.0, 8325842.0, 4, 0.634607474125
17489346.0, 9587546.0, 4, 0.446667383735
18012236.0, 7821068.0, 4, 0.344983457116
19258502.0, 7455866.0, 4, 0.247962940315
20583142.0, 6876416.0, 4, 0.240735418772
21190410.0, 6587096.0, 4, 0.201617622675
18607414.0, 7487440.0, 4, 0.186582018416
19840390.0, 6899278.0, 4, 0.184286295961
21599914.0, 6541368.0, 4, 0.155634057643
20712502.0, 6596344.0, 4, 0.133967443332
19513712.0, 7289912.0, 4, 0.132721826959
18490886.0, 7544374.0, 4, 0.126037462971
19742614.0, 7247534.0, 4, 0.122114957223
21781416.0, 6478676.0, 4, 0.120557318082
17373382.0, 9706480.0, 4, 0.11518592027
20630562.0, 6644544.0, 4, 0.110314664592
19807040.0, 6984132.0, 4, 0.101580682517
18243414.0, 7655686.0, 4, 0.100858026692
18243414.0, 7655686.0, 4, 0.0813730584754
19629720.0, 7270214.0, 4, 0.0603932875123
19828728.0, 6966472.0, 4, 0.0245148431653
19828728.0, 6966472.0, 4, 0.00768769015058
18243414.0, 7655686.0, 4, 0.0
17348108.0, 10151312.0, 5, inf
22266944.0, 6490202.0, 5, inf
17614854.0, 8459170.0, 5, 0.617195099165
17387756.0, 10129026.0, 5, 0.516423202852
19540740.0, 7301250.0, 5, 0.350158454624
18729738.0, 7508198.0, 5, 0.262692682833
21374258.0, 6705388.0, 5, 0.221136132146
19961840.0, 7143288.0, 5, 0.2130238599
20303142.0, 6908026.0, 5, 0.21269867103
18147956.0, 7881602.0, 5, 0.182519289404
18645758.0, 7596858.0, 5, 0.180537439746
18262368.0, 7821300.0, 5, 0.178978530998
20862838.0, 6726676.0, 5, 0.15350591034
18068314.0, 8345088.0, 5, 0.151217761256
21774078.0, 6595312.0, 5, 0.137466623988
20121024.0, 6953254.0, 5, 0.133646487452
21850932.0, 6556898.0, 5, 0.128909594191
18052862.0, 8364448.0, 5, 0.123348972152
20862838.0, 6726676.0, 5, 0.119600899749
17761746.0, 8510796.0, 6, inf
22220288.0, 6598428.0, 6, inf
18730452.0, 7509080.0, 6, 0.848376163213
18688282.0, 8336102.0, 6, 0.741078906437
19970056.0, 7263476.0, 6, 0.474781775289
21110380.0, 6772386.0, 6, 0.379684168022
20630334.0, 6970676.0, 6, 0.233878635402
21096910.0, 6842682.0, 6, 0.211357032126
20065294.0, 7173666.0, 6, 0.180380903029
20121796.0, 6983606.0, 6, 0.147033697502
20361504.0, 6974512.0, 6, 0.0858442031305
20256570.0, 6974526.0, 6, 0.0585191249216
17820022.0, 8808980.0, 7, inf
20309962.0, 7002344.0, 7, inf
18624608.0, 8614254.0, 7, 0.877550230203
20193644.0, 7283446.0, 7, 0.807876190989
18770264.0, 7709602.0, 7, 0.706140264898
19046598.0, 7545218.0, 7, 0.660631956845
Generacion: 14
22374880.0, 6393682.0, 1, inf
15908016.0, 10406482.0, 1, inf
16254282.0, 9626664.0, 1, 0.449878339162
17032508.0, 8447242.0, 1, 0.422823405882
17340282.0, 7631018.0, 1, 0.301977010002
17062414.0, 8431418.0, 1, 0.250997568888
16199400.0, 9735556.0, 1, 0.247877290286
20422994.0, 6511346.0, 1, 0.202804037902
21273176.0, 6409966.0, 1, 0.195625553986
20163234.0, 6535040.0, 1, 0.166197806532
18755422.0, 6878684.0, 1, 0.154359658579
19663446.0, 6706952.0, 1, 0.143289135752
17792510.0, 7282098.0, 1, 0.137145594729
21273176.0, 6409966.0, 1, 0.135525445863
18305546.0, 7235964.0, 1, 0.105152869424
18732978.0, 7148820.0, 1, 0.0896716097694
17611812.0, 7355828.0, 1, 0.0824995784497
19222970.0, 6833454.0, 1, 0.0756383450695
17458792.0, 7465604.0, 1, 0.0743822069374
17526844.0, 7448302.0, 1, 0.0510186238662
19222970.0, 6833454.0, 1, 0.0469103438815
19453442.0, 6820054.0, 1, 0.0396381150139
18396660.0, 7235026.0, 1, 0.0386212357364
19656446.0, 6795560.0, 1, 0.0346051609462
18588424.0, 7149888.0, 1, 0.0328032629687
19592306.0, 6801672.0, 1, 0.030431632304
19473260.0, 6804006.0, 1, 0.0260540004774
18514722.0, 7210782.0, 1, 0.0246455082291
18574080.0, 7181854.0, 1, 0.0143357113047
18532888.0, 7185144.0, 1, 0.0127587575567
18514722.0, 7210782.0, 1, 0.00885075620373
19453442.0, 6820054.0, 1, 0.0064038598538
18732978.0, 7148820.0, 1, 0.00373676406739
18532888.0, 7185144.0, 1, 0.0036289659326
18574080.0, 7181854.0, 1, 0.00303795303979
18514722.0, 7210782.0, 1, 0.0
18514722.0, 7210782.0, 1, 0.0
18532888.0, 7185144.0, 1, 0.0
18732978.0, 7148820.0, 1, 0.0
18732978.0, 7148820.0, 1, 0.0
19453442.0, 6820054.0, 1, 0.0
19453442.0, 6820054.0, 1, 0.0
21409456.0, 6425212.0, 2, inf
16285448.0, 9960804.0, 2, inf
17050424.0, 8559440.0, 2, 0.833947950717
17354170.0, 7749728.0, 2, 0.306584324778
17614432.0, 7456990.0, 2, 0.214366753617
20723346.0, 6518494.0, 2, 0.194664818199
18337640.0, 7361684.0, 2, 0.18486523484
21288408.0, 6426268.0, 2, 0.160284740349
19458462.0, 6821904.0, 2, 0.125636177408
20119016.0, 6731492.0, 2, 0.124686422111
17474772.0, 7524214.0, 2, 0.115302147049
20438166.0, 6527852.0, 2, 0.113252794373
18825824.0, 7126302.0, 2, 0.103535252429
18409792.0, 7247774.0, 2, 0.0907035984994
19775250.0, 6742328.0, 2, 0.0885738201208
17419246.0, 7729972.0, 2, 0.0873205967347
19710754.0, 6762950.0, 2, 0.0843313813094
19131094.0, 6983298.0, 2, 0.0796308380308
19237876.0, 6880860.0, 2, 0.0720228691407
18984722.0, 7030974.0, 2, 0.0702054579599
20119016.0, 6731492.0, 2, 0.0653500599936
20438166.0, 6527852.0, 2, 0.0649320253335
18626698.0, 7149994.0, 2, 0.0543772521447
18397232.0, 7343518.0, 2, 0.0462992485754
19026202.0, 7016346.0, 2, 0.0420505070793
19237876.0, 6880860.0, 2, 0.0375145468796
18590200.0, 7155976.0, 2, 0.0369003132482
18590200.0, 7155976.0, 2, 0.033086908392
20832716.0, 6539474.0, 3, inf
17082742.0, 9637466.0, 3, inf
17630030.0, 7717302.0, 3, 0.613089760248
19483650.0, 6861524.0, 3, 0.582392691546
20579454.0, 6781140.0, 3, 0.375884236057
17192712.0, 8818686.0, 3, 0.364977909158
18430622.0, 7304230.0, 3, 0.32409268905
18832642.0, 7142282.0, 3, 0.305490379195
17157228.0, 8839024.0, 3, 0.293619311463
17981832.0, 7571260.0, 3, 0.180009058611
17981832.0, 7571260.0, 3, 0.166819020793
18716890.0, 7174482.0, 3, 0.159481227759
20630562.0, 6644544.0, 3, 0.145544304385
17192712.0, 8818686.0, 3, 0.123183839412
21599914.0, 6541368.0, 4, inf
21599914.0, 6541368.0, 4, inf
17225072.0, 9789304.0, 4, inf
17321904.0, 9640422.0, 4, 0.686870328021
17635748.0, 7863284.0, 4, 0.63982137933
21062628.0, 6782132.0, 4, 0.5004515599
19664696.0, 6883020.0, 4, 0.459070032026
18243414.0, 7655686.0, 4, 0.241395331841
19586984.0, 7177626.0, 4, 0.219460715728
21436136.0, 6572724.0, 4, 0.19694097181
18448054.0, 7614354.0, 4, 0.152095514744
19181864.0, 7237354.0, 4, 0.144804672142
19114952.0, 7297500.0, 4, 0.132790448414
17700288.0, 7843240.0, 4, 0.130318873083
18604190.0, 7429534.0, 4, 0.120344325712
18804862.0, 7388758.0, 4, 0.0736346386942
17700288.0, 7843240.0, 4, 0.0724981287495
18804862.0, 7388758.0, 4, 0.0446477690849
18714314.0, 7421158.0, 4, 0.0391190716441
18732456.0, 7397704.0, 4, 0.0237717419711
18732456.0, 7397704.0, 4, 0.00690125723723
18732456.0, 7397704.0, 4, 0.0
21599914.0, 6541368.0, 4, 0.0
21828014.0, 6579946.0, 5, inf
17387756.0, 10129026.0, 5, inf
17750970.0, 8420346.0, 5, 0.718921742393
21311090.0, 6862626.0, 5, 0.463853963934
19857866.0, 6883130.0, 5, 0.372735831987
19456322.0, 7327020.0, 5, 0.242988727579
17872376.0, 7964870.0, 5, 0.241204278538
18705566.0, 7434140.0, 5, 0.236384832445
18455260.0, 7773164.0, 5, 0.214535849893
21549626.0, 6589092.0, 5, 0.196066369916
18147956.0, 7881602.0, 5, 0.185288240753
19771666.0, 6955040.0, 5, 0.16044726004
18607414.0, 7487440.0, 5, 0.151896423506
19629720.0, 7270214.0, 5, 0.132102663865
19600842.0, 7287344.0, 5, 0.0550571725371
21774078.0, 6595312.0, 6, inf
17761746.0, 8510796.0, 6, inf
18060074.0, 7998148.0, 6, 0.737864394946
21630244.0, 6741114.0, 6, 0.514033623371
19828728.0, 6966472.0, 6, 0.428874451663
18661030.0, 7526746.0, 6, 0.413359676499
20347014.0, 6898656.0, 6, 0.355225597088
19645232.0, 7385128.0, 6, 0.285074030757
20347014.0, 6898656.0, 6, 0.211419834643
19258502.0, 7455866.0, 6, 0.209369817456
18677138.0, 7500950.0, 6, 0.158361383291
19378372.0, 7434674.0, 6, 0.133314913743
19645232.0, 7385128.0, 6, 0.0715990525775
18677138.0, 7500950.0, 6, 0.0275512329858
22157352.0, 6737556.0, 7, inf
17877328.0, 8772336.0, 7, inf
20572236.0, 6960084.0, 7, 0.566614465476
19851542.0, 7117214.0, 7, 0.531091310408
18140208.0, 8556512.0, 7, 0.394867714546
18676008.0, 7618080.0, 7, 0.362697817908
18564050.0, 8167438.0, 7, 0.359002007061
18729738.0, 7508198.0, 7, 0.316104175425
18500064.0, 8264924.0, 7, 0.290239775716
18729738.0, 7508198.0, 7, 0.20470417068
20226956.0, 6972756.0, 7, 0.168769072864
20030072.0, 7045740.0, 7, 0.158707466811
20577630.0, 6979278.0, 8, inf
17979854.0, 9750514.0, 8, inf
Generacion: 15
15580728.0, 10427232.0, 1, inf
22374880.0, 6393682.0, 1, inf
22374880.0, 6393682.0, 1, inf
16165808.0, 9635534.0, 1, 0.494655574149
16834520.0, 8690830.0, 1, 0.446717595405
17237628.0, 8469994.0, 1, 0.337189974939
17340282.0, 7631018.0, 1, 0.237450523092
21273176.0, 6409966.0, 1, 0.180277740593
15846024.0, 10099198.0, 1, 0.176271539326
17711916.0, 7247964.0, 1, 0.170766305574
20736906.0, 6483066.0, 1, 0.150268567279
19172712.0, 6813670.0, 1, 0.125141155841
20163234.0, 6535040.0, 1, 0.122519652725
19865102.0, 6674326.0, 1, 0.116182018568
15692526.0, 10177108.0, 1, 0.106121912707
18305546.0, 7235964.0, 1, 0.104398366222
17546412.0, 7474076.0, 1, 0.10339219163
18693538.0, 6845864.0, 1, 0.0991104039052
21273176.0, 6409966.0, 1, 0.0829682545547
19663446.0, 6706952.0, 1, 0.07172328162
18592882.0, 7037404.0, 1, 0.0702436177724
18638810.0, 6896470.0, 1, 0.0623017991816
17474772.0, 7524214.0, 1, 0.0549065288794
20422994.0, 6511346.0, 1, 0.0520774941157
17408354.0, 7613582.0, 1, 0.0462738730041
20422994.0, 6511346.0, 1, 0.0452440738906
19473260.0, 6804006.0, 1, 0.0448149250953
18588424.0, 7149888.0, 1, 0.0425602737658
15804128.0, 10131812.0, 1, 0.0419081563026
19592306.0, 6801672.0, 1, 0.0410048695179
18390548.0, 7229758.0, 1, 0.0215037659144
19473260.0, 6804006.0, 1, 0.0199177378349
18514722.0, 7210782.0, 1, 0.0191218718484
18536776.0, 7175764.0, 1, 0.0169147760234
18427990.0, 7221920.0, 1, 0.0147088857692
19592306.0, 6801672.0, 1, 0.0110494161693
18427990.0, 7221920.0, 1, 0.00827225512513
18532888.0, 7185144.0, 1, 0.0069284443243
18514722.0, 7210782.0, 1, 0.00543510929736
18532888.0, 7185144.0, 1, 0.00499926494189
18532888.0, 7185144.0, 1, 0.0
18532888.0, 7185144.0, 1, 0.0
18532888.0, 7185144.0, 1, 0.0
19473260.0, 6804006.0, 1, 0.0
19473260.0, 6804006.0, 1, 0.0
19473260.0, 6804006.0, 1, 0.0
18514722.0, 7210782.0, 1, 0.0
22387738.0, 6411110.0, 2, inf
15908016.0, 10406482.0, 2, inf
16285448.0, 9960804.0, 2, 0.913770976456
17342282.0, 7639990.0, 2, 0.80480036038
17728282.0, 7301264.0, 2, 0.172386794034
21819392.0, 6411978.0, 2, 0.154505505226
18755422.0, 6878684.0, 2, 0.147418005983
17562392.0, 7532686.0, 2, 0.144350046866
20027446.0, 6721634.0, 2, 0.118468260429
20178022.0, 6551672.0, 2, 0.111887051733
20945274.0, 6514012.0, 2, 0.110287874385
18241208.0, 7262492.0, 2, 0.103836606847
21288408.0, 6426268.0, 2, 0.0938618131208
18732978.0, 7148820.0, 2, 0.0896468146333
19203120.0, 6849718.0, 2, 0.0834761626304
20723346.0, 6518494.0, 2, 0.0817247727479
18590200.0, 7155976.0, 2, 0.0734796166041
18396660.0, 7235026.0, 2, 0.0655452100486
21409456.0, 6425212.0, 2, 0.0635287483196
19478288.0, 6807824.0, 2, 0.0540028820628
19710754.0, 6762950.0, 2, 0.0536321921667
20438166.0, 6527852.0, 2, 0.0499730453077
19730548.0, 6749086.0, 2, 0.0492895731153
19222970.0, 6833454.0, 2, 0.0460561858657
20438166.0, 6527852.0, 2, 0.0424896113223
19453442.0, 6820054.0, 2, 0.0386292342112
18335642.0, 7260894.0, 2, 0.0308649891394
21409456.0, 6425212.0, 2, 0.0219933807222
19730548.0, 6749086.0, 2, 0.00992571037142
19453442.0, 6820054.0, 2, 0.00718830420044
18732978.0, 7148820.0, 2, 0.00525480111577
19453442.0, 6820054.0, 2, 0.0
18732978.0, 7148820.0, 2, 0.0
18732978.0, 7148820.0, 2, 0.0
18732978.0, 7148820.0, 2, 0.0
20505938.0, 6537296.0, 3, inf
17354170.0, 7749728.0, 3, inf
17354170.0, 7749728.0, 3, inf
17856442.0, 7391890.0, 3, 0.665982390603
19681590.0, 6831564.0, 3, 0.294991212089
20430564.0, 6696904.0, 3, 0.282934109765
18397232.0, 7343518.0, 3, 0.254478076593
19980640.0, 6808932.0, 3, 0.221325736784
19033520.0, 6995894.0, 3, 0.198664762431
18994094.0, 7132114.0, 3, 0.184474163589
19237876.0, 6880860.0, 3, 0.173736170987
20119016.0, 6731492.0, 3, 0.162720269536
18607290.0, 7176316.0, 3, 0.162035381576
18492698.0, 7284696.0, 3, 0.161555617447
19070956.0, 6920814.0, 3, 0.15971725182
19237876.0, 6880860.0, 3, 0.0936195260083
18832642.0, 7142282.0, 3, 0.0831837272158
18430622.0, 7304230.0, 3, 0.0788053765625
20119016.0, 6731492.0, 3, 0.0724320322351
18716890.0, 7174482.0, 3, 0.0607302279788
18760248.0, 7143012.0, 3, 0.0489254250872
18716890.0, 7174482.0, 3, 0.015269385364
18760248.0, 7143012.0, 3, 0.0143588188333
19237876.0, 6880860.0, 3, 0.0
19237876.0, 6880860.0, 3, 0.0
17354170.0, 7749728.0, 3, 0.0
17740772.0, 8584932.0, 4, inf
20959080.0, 6538016.0, 4, inf
17893210.0, 7428464.0, 4, 0.880758576122
18581838.0, 7317030.0, 4, 0.61057136361
20182742.0, 6750000.0, 4, 0.350421869326
20607720.0, 6543220.0, 4, 0.344788141406
19251606.0, 7042646.0, 4, 0.286095499454
19251606.0, 7042646.0, 4, 0.262403780139
19664696.0, 6883020.0, 4, 0.241219613618
19975632.0, 6858482.0, 4, 0.19107431529
19762818.0, 6874032.0, 4, 0.108602533315
19251606.0, 7042646.0, 4, 0.0
19251606.0, 7042646.0, 4, 0.0
18067744.0, 7484004.0, 5, inf
21599914.0, 6541368.0, 5, inf
21599914.0, 6541368.0, 5, inf
18067744.0, 7484004.0, 5, inf
19761606.0, 7244476.0, 5, 0.411808924847
19540740.0, 7301250.0, 5, 0.400724105783
20778326.0, 6551854.0, 5, 0.376191593385
20579454.0, 6781140.0, 5, 0.344569712938
19807040.0, 6984132.0, 5, 0.341752008549
20714568.0, 6659706.0, 5, 0.299542237675
20326472.0, 6880938.0, 5, 0.27986295906
18604190.0, 7429534.0, 5, 0.249722264113
18819524.0, 7370798.0, 5, 0.232728324167
20091096.0, 6914620.0, 5, 0.203829441443
19989992.0, 6983278.0, 5, 0.154161829719
18819524.0, 7370798.0, 5, 0.0984303378348
18732456.0, 7397704.0, 5, 0.0784948889867
18714314.0, 7421158.0, 5, 0.0447791401058
18720772.0, 7418436.0, 5, 0.0300175097169
21850932.0, 6556898.0, 6, inf
18070748.0, 7812296.0, 6, inf
21643132.0, 6753332.0, 6, 0.536000289168
19916810.0, 7085538.0, 6, 0.535023124869
20347014.0, 6898656.0, 6, 0.491734420834
19814406.0, 7393444.0, 6, 0.440128750678
19290002.0, 7429912.0, 6, 0.325746448107
18249142.0, 7640072.0, 6, 0.257484249751
20347014.0, 6898656.0, 6, 0.229564347311
18625588.0, 7463770.0, 6, 0.211672839873
Generacion: 16
15442996.0, 10389324.0, 1, inf
22374880.0, 6393682.0, 1, inf
22374880.0, 6393682.0, 1, inf
16868464.0, 8673956.0, 1, 0.387330678672
16633766.0, 9494854.0, 1, 0.349551296254
16236038.0, 9706098.0, 1, 0.269845763848
16917882.0, 8110988.0, 1, 0.248325980766
19314228.0, 6688662.0, 1, 0.18408690419
17263880.0, 7909658.0, 1, 0.181059189268
15779980.0, 10080926.0, 1, 0.170272827177
21688044.0, 6405388.0, 1, 0.163008278653
21273176.0, 6409966.0, 1, 0.161761248594
19999112.0, 6554474.0, 1, 0.160925779586
18236934.0, 7174520.0, 1, 0.149366491462
20576966.0, 6411286.0, 1, 0.148020685499
19172712.0, 6813670.0, 1, 0.128884678328
18303822.0, 6936972.0, 1, 0.12679115084
15723138.0, 10090804.0, 1, 0.125797215179
18693538.0, 6845864.0, 1, 0.0985159430455
17779108.0, 7231334.0, 1, 0.0941206086138
17340282.0, 7631018.0, 1, 0.0868323396061
18576894.0, 6863866.0, 1, 0.0790226333767
17611812.0, 7355828.0, 1, 0.0768377845479
17458792.0, 7465604.0, 1, 0.0726424282993
20422994.0, 6511346.0, 1, 0.0625155015272
17340282.0, 7631018.0, 1, 0.0524204269946
17526844.0, 7448302.0, 1, 0.0495487396412
20163234.0, 6535040.0, 1, 0.0423370170683
17711916.0, 7247964.0, 1, 0.0366885915944
20163234.0, 6535040.0, 1, 0.0296063522763
20422994.0, 6511346.0, 1, 0.0281421038844
17711916.0, 7247964.0, 1, 0.0186031302041
17711916.0, 7247964.0, 1, 0.0
21288408.0, 6426268.0, 2, inf
15580728.0, 10427232.0, 2, inf
16880226.0, 9131178.0, 2, 0.513763923651
16347460.0, 9940352.0, 2, 0.311563139921
17095304.0, 8409024.0, 2, 0.275316586523
17264842.0, 8299254.0, 2, 0.23548334834
17342282.0, 7639990.0, 2, 0.230493583081
20027446.0, 6721634.0, 2, 0.165050079117
18755422.0, 6878684.0, 2, 0.161965312297
15846024.0, 10099198.0, 2, 0.158976939071
20391226.0, 6551848.0, 2, 0.146258228436
16285448.0, 9960804.0, 2, 0.127554789738
19453442.0, 6820054.0, 2, 0.126305906214
20607720.0, 6543220.0, 2, 0.10652733456
18241208.0, 7262492.0, 2, 0.100457825534
17546412.0, 7474076.0, 2, 0.100139664926
17792510.0, 7282098.0, 2, 0.0995565995707
17728282.0, 7301264.0, 2, 0.0910999293566
20945274.0, 6514012.0, 2, 0.0810710309033
15846024.0, 10099198.0, 2, 0.0810706952649
17474772.0, 7524214.0, 2, 0.0772325993819
20945274.0, 6514012.0, 2, 0.067418186988
19730548.0, 6749086.0, 2, 0.0658117522493
18592882.0, 7037404.0, 2, 0.0565916443693
19503926.0, 6785114.0, 2, 0.0518710776125
18588424.0, 7149888.0, 2, 0.0444115791984
18755422.0, 6878684.0, 2, 0.043131388291
18592882.0, 7037404.0, 2, 0.0404514923212
19710754.0, 6762950.0, 2, 0.0397019546242
18335642.0, 7260894.0, 2, 0.0343462746986
18427990.0, 7221920.0, 2, 0.0264984564445
18390548.0, 7229758.0, 2, 0.0259207560041
18514722.0, 7210782.0, 2, 0.0216036218728
18536776.0, 7175764.0, 2, 0.0185419242732
19453442.0, 6820054.0, 2, 0.018126132215
19473260.0, 6804006.0, 2, 0.00938379425258
19710754.0, 6762950.0, 2, 0.00900762390131
19473260.0, 6804006.0, 2, 0.00819402585263
18532888.0, 7185144.0, 2, 0.00708914313538
18514722.0, 7210782.0, 2, 0.00596655833218
18532888.0, 7185144.0, 2, 0.00552716422616
19473260.0, 6804006.0, 2, 0.0
19473260.0, 6804006.0, 2, 0.0
19473260.0, 6804006.0, 2, 0.0
19473260.0, 6804006.0, 2, 0.0
19473260.0, 6804006.0, 2, 0.0
19473260.0, 6804006.0, 2, 0.0
20945274.0, 6514012.0, 2, 0.0
15846024.0, 10099198.0, 2, 0.0
18532888.0, 7185144.0, 2, 0.0
18532888.0, 7185144.0, 2, 0.0
18532888.0, 7185144.0, 2, 0.0
18532888.0, 7185144.0, 2, 0.0
18532888.0, 7185144.0, 2, 0.0
19453442.0, 6820054.0, 2, 0.0
19453442.0, 6820054.0, 2, 0.0
19473260.0, 6804006.0, 2, 0.0
15861158.0, 10116628.0, 3, inf
21622800.0, 6518536.0, 3, inf
17237628.0, 8469994.0, 3, 0.893528934204
17391162.0, 7857102.0, 3, 0.316867969577
17775816.0, 7357972.0, 3, 0.27309523336
17562392.0, 7532686.0, 3, 0.205481920978
20119016.0, 6731492.0, 3, 0.204626235604
18574080.0, 7181854.0, 3, 0.197485571807
20439550.0, 6594504.0, 3, 0.134159917119
19592306.0, 6801672.0, 3, 0.113424979322
21252626.0, 6564954.0, 3, 0.108554536203
20664942.0, 6589698.0, 3, 0.103335103236
18958672.0, 7091864.0, 3, 0.0979072427036
18654032.0, 7132962.0, 3, 0.0817709350057
19592306.0, 6801672.0, 3, 0.0810202319149
21599914.0, 6541368.0, 3, 0.0771487305754
19043738.0, 6907584.0, 3, 0.0698313754468
21252626.0, 6564954.0, 3, 0.0671528508777
18988790.0, 6989736.0, 3, 0.0659802273438
19237876.0, 6880860.0, 3, 0.0643858601423
20664942.0, 6589698.0, 3, 0.0459963819406
19233328.0, 6891188.0, 3, 0.0411221782864
19237876.0, 6880860.0, 3, 0.0227976893935
18590200.0, 7155976.0, 3, 0.0182709313913
18590200.0, 7155976.0, 3, 0.00919398128664
19592306.0, 6801672.0, 3, 0.0
19592306.0, 6801672.0, 3, 0.0
21630244.0, 6741114.0, 4, inf
17630030.0, 7717302.0, 4, inf
17792182.0, 7411272.0, 4, 0.647975042047
19681590.0, 6831564.0, 4, 0.452912269633
20182742.0, 6750000.0, 4, 0.445409718491
18581838.0, 7317030.0, 4, 0.444453343184
19070956.0, 6920814.0, 4, 0.353127592852
19026202.0, 7016346.0, 4, 0.235668679617
18607290.0, 7176316.0, 4, 0.179786344669
18994094.0, 7132114.0, 4, 0.177395348269
20182742.0, 6750000.0, 4, 0.134384052248
18832642.0, 7142282.0, 4, 0.0696222056731
18716890.0, 7174482.0, 4, 0.0536865032991
18732978.0, 7148820.0, 4, 0.033105104404
18760248.0, 7143012.0, 4, 0.0316121474687
18732978.0, 7148820.0, 4, 0.00997145846295
18716890.0, 7174482.0, 4, 0.0059005213074
18732978.0, 7148820.0, 4, 0.0
18732978.0, 7148820.0, 4, 0.0
18732978.0, 7148820.0, 4, 0.0
18716890.0, 7174482.0, 4, 0.0
20819370.0, 6856220.0, 5, inf
17637028.0, 7888682.0, 5, inf
17920642.0, 7486010.0, 5, 0.873181454692
18819524.0, 7370798.0, 5, 0.489589411914
18842504.0, 7156944.0, 5, 0.453609305411
19975632.0, 6858482.0, 5, 0.418078908971
19251606.0, 7042646.0, 5, 0.262664376095
19755024.0, 6989956.0, 5, 0.231724021975
19828728.0, 6966472.0, 5, 0.196662810224
19267924.0, 7023774.0, 5, 0.171342011651
18819524.0, 7370798.0, 5, 0.118810675999
19267924.0, 7023774.0, 5, 0.037882386521
Generacion: 17
20978698.0, 6355850.0, 1, inf
15442996.0, 10389324.0, 1, inf
16164420.0, 8949786.0, 1, 0.518123292252
15847512.0, 10061504.0, 1, 0.349885533249
16834520.0, 8690830.0, 1, 0.227771661444
18071076.0, 7165950.0, 1, 0.192042639405
18530998.0, 7004584.0, 1, 0.19180239556
16916236.0, 8578870.0, 1, 0.158816441005
19007892.0, 6745128.0, 1, 0.151099237215
18693538.0, 6845864.0, 1, 0.150474475202
19650236.0, 6567886.0, 1, 0.130632058336
16917882.0, 8110988.0, 1, 0.127386422783
15633264.0, 10176540.0, 1, 0.119756819255
17322916.0, 7697552.0, 1, 0.114789579878
17066932.0, 7894848.0, 1, 0.106209520536
17711916.0, 7247964.0, 1, 0.0993622150667
20809812.0, 6373086.0, 1, 0.0863150864708
19314228.0, 6688662.0, 1, 0.0852816574465
17779108.0, 7231334.0, 1, 0.0852140005628
20576966.0, 6411286.0, 1, 0.0763837431056
19314228.0, 6688662.0, 1, 0.0746977005351
16955246.0, 8093484.0, 1, 0.0694592926593
17029588.0, 7912218.0, 1, 0.0694224577662
20422994.0, 6511346.0, 1, 0.0675112112723
19852204.0, 6553746.0, 1, 0.065002710176
17408354.0, 7613582.0, 1, 0.0624186108376
17526844.0, 7448302.0, 1, 0.0619621380594
19966848.0, 6536392.0, 1, 0.0608238787087
15510548.0, 10367646.0, 1, 0.0595829694843
20462766.0, 6428310.0, 1, 0.0526217577833
17458792.0, 7465604.0, 1, 0.0489807726161
20163234.0, 6535040.0, 1, 0.0472596861602
20163234.0, 6535040.0, 1, 0.0413505999604
17526844.0, 7448302.0, 1, 0.0377220379506
15779980.0, 10080926.0, 1, 0.0359044797795
15779980.0, 10080926.0, 1, 0.0313187982704
17340282.0, 7631018.0, 1, 0.0287923624723
15510548.0, 10367646.0, 1, 0.0275426241135
17458792.0, 7465604.0, 1, 0.0134010033284
20422994.0, 6511346.0, 1, 0.0130589758809
17340282.0, 7631018.0, 1, 0.00745991527693
17458792.0, 7465604.0, 1, 0.0
19314228.0, 6688662.0, 1, 0.0
19314228.0, 6688662.0, 1, 0.0
22374880.0, 6393682.0, 2, inf
15648280.0, 10405554.0, 2, inf
16285448.0, 9960804.0, 2, 0.643759288913
16964184.0, 8119314.0, 2, 0.636551429151
17114920.0, 7901754.0, 2, 0.175685771757
21688044.0, 6405388.0, 2, 0.167842142157
18755422.0, 6878684.0, 2, 0.161577459434
17728282.0, 7301264.0, 2, 0.156096540997
20609674.0, 6429038.0, 2, 0.153519809095
20438166.0, 6527852.0, 2, 0.140553620188
15846024.0, 10099198.0, 2, 0.121736255036
18335642.0, 7260894.0, 2, 0.114648599978
20044898.0, 6656078.0, 2, 0.109361218132
15913604.0, 10075408.0, 2, 0.0998224319445
21273176.0, 6409966.0, 2, 0.0997796527057
18588424.0, 7149888.0, 2, 0.0758565390943
17342282.0, 7639990.0, 2, 0.075362411438
17410322.0, 7622770.0, 2, 0.0717024394328
17546412.0, 7474076.0, 2, 0.0716660652963
19191024.0, 6861062.0, 2, 0.0716396999451
17614432.0, 7456990.0, 2, 0.0701125864191
21273176.0, 6409966.0, 2, 0.0664296255942
19990772.0, 6733972.0, 2, 0.0509805911699
19730548.0, 6749086.0, 2, 0.0488515220954
19592306.0, 6801672.0, 2, 0.0455403194277
19222970.0, 6833454.0, 2, 0.0411443531131
18409792.0, 7247774.0, 2, 0.0391135891951
19453442.0, 6820054.0, 2, 0.0382629052503
17342282.0, 7639990.0, 2, 0.0380926946681
19710754.0, 6762950.0, 2, 0.0336591382938
18588424.0, 7149888.0, 2, 0.033614427139
20027446.0, 6721634.0, 2, 0.0274624350998
18532888.0, 7185144.0, 2, 0.0261352487419
18514722.0, 7210782.0, 2, 0.0219897955273
19473260.0, 6804006.0, 2, 0.0216979244279
18514722.0, 7210782.0, 2, 0.0119212545743
19191024.0, 6861062.0, 2, 0.00914166781951
19222970.0, 6833454.0, 2, 0.0080892912731
19453442.0, 6820054.0, 2, 0.00628630016318
19473260.0, 6804006.0, 2, 0.00352798683713
19222970.0, 6833454.0, 2, 0.0
19453442.0, 6820054.0, 2, 0.0
19473260.0, 6804006.0, 2, 0.0
19473260.0, 6804006.0, 2, 0.0
19473260.0, 6804006.0, 2, 0.0
19473260.0, 6804006.0, 2, 0.0
19473260.0, 6804006.0, 2, 0.0
17342282.0, 7639990.0, 2, 0.0
21430916.0, 6410082.0, 3, inf
16735822.0, 10231488.0, 3, inf
17169954.0, 8373666.0, 3, 0.60042904458
18430622.0, 7304230.0, 3, 0.387911765366
20439550.0, 6594504.0, 3, 0.359884628459
19631808.0, 6820228.0, 3, 0.268467140125
17775816.0, 7357972.0, 3, 0.25965883165
17391162.0, 7857102.0, 3, 0.205327650137
17264842.0, 8299254.0, 3, 0.16048901963
17694550.0, 7697392.0, 3, 0.149822063673
19043738.0, 6907584.0, 3, 0.145144946916
19043738.0, 6907584.0, 3, 0.137579760436
20945274.0, 6514012.0, 3, 0.134910081553
20945274.0, 6514012.0, 3, 0.124499506256
17545690.0, 7743200.0, 3, 0.106411606467
19458462.0, 6821904.0, 3, 0.0997693109673
19237876.0, 6880860.0, 3, 0.0567769483317
19237876.0, 6880860.0, 3, 0.0539754705111
17221636.0, 8332416.0, 3, 0.0396824460837
19237876.0, 6880860.0, 3, 0.0
20945274.0, 6514012.0, 3, 0.0
19237876.0, 6880860.0, 3, 0.0
21578312.0, 6410522.0, 4, inf
17299056.0, 9910680.0, 4, inf
17432322.0, 8394466.0, 4, 0.509684877045
17412868.0, 9464960.0, 4, 0.464326774231
18804862.0, 7388758.0, 4, 0.429537549741
17868784.0, 7463886.0, 4, 0.408777705342
17635748.0, 7863284.0, 4, 0.367862830706
19726768.0, 6823382.0, 4, 0.344331617306
20508952.0, 6768330.0, 4, 0.342868422914
21102886.0, 6531334.0, 4, 0.207765203943
21047548.0, 6703602.0, 4, 0.206503839163
19267174.0, 6957850.0, 4, 0.187639218466
19108902.0, 6974774.0, 4, 0.155261672121
19108902.0, 6974774.0, 4, 0.0758849441752
17633668.0, 9454548.0, 5, inf
21264504.0, 6588630.0, 5, inf
17754252.0, 8027120.0, 5, 0.790246702536
17984334.0, 7466556.0, 5, 0.675858837826
19314682.0, 7321854.0, 5, 0.605630655088
20754920.0, 6793840.0, 5, 0.472311982667
19861804.0, 6835048.0, 5, 0.315326759735
19790720.0, 7156698.0, 5, 0.265580712555
19828728.0, 6966472.0, 5, 0.131810659709
17787600.0, 10004444.0, 6, inf
21410620.0, 6751544.0, 6, inf
18051546.0, 7610718.0, 6, 0.946378601561
18976438.0, 7471692.0, 6, 0.632133586519
20139506.0, 6981342.0, 6, 0.59720607439
18534748.0, 7596790.0, 6, 0.298021151857
20466038.0, 6866466.0, 6, 0.296031699852
20466038.0, 6866466.0, 6, 0.125456112069
21481658.0, 6764310.0, 7, inf
18230282.0, 8212864.0, 7, inf
18848212.0, 7624284.0, 7, 1.086773922
18762818.0, 8088106.0, 7, 0.596374285599
20175900.0, 7143412.0, 7, 0.42268217243
Generacion: 18
15442996.0, 10389324.0, 1, inf
15442996.0, 10389324.0, 1, inf
21273176.0, 6409966.0, 1, inf
16165808.0, 9635534.0, 1, 0.432535500401
16448656.0, 8750598.0, 1, 0.325853499633
18501354.0, 6871638.0, 1, 0.187202078838
15847512.0, 10061504.0, 1, 0.178103308658
19365796.0, 6743276.0, 1, 0.164459133236
18071076.0, 7165950.0, 1, 0.162912482785
16955246.0, 8093484.0, 1, 0.151993977325
20163234.0, 6535040.0, 1, 0.150641747985
20576966.0, 6411286.0, 1, 0.143612358204
18849638.0, 6750468.0, 1, 0.141086597889
16709060.0, 8709640.0, 1, 0.12048290037
15593656.0, 10195270.0, 1, 0.118265147895
19603318.0, 6551338.0, 1, 0.114986919196
16912836.0, 8437368.0, 1, 0.102832579782
17336940.0, 7847618.0, 1, 0.100839994764
16838794.0, 8537440.0, 1, 0.094231602463
19535354.0, 6564058.0, 1, 0.0889734885707
17526844.0, 7448302.0, 1, 0.0823819828096
17576600.0, 7400590.0, 1, 0.0820880901257
17029588.0, 7912218.0, 1, 0.0814181108886
17161222.0, 7910080.0, 1, 0.0689511862051
18003908.0, 7180396.0, 1, 0.06650951937
17340282.0, 7631018.0, 1, 0.0661066879277
20422994.0, 6511346.0, 1, 0.0654210530491
18693538.0, 6845864.0, 1, 0.0569363589536
15510548.0, 10367646.0, 1, 0.0549041464115
17408354.0, 7613582.0, 1, 0.0532101352677
20462766.0, 6428310.0, 1, 0.0515542357398
17711916.0, 7247964.0, 1, 0.0498792866065
17779108.0, 7231334.0, 1, 0.0427370522733
15779980.0, 10080926.0, 1, 0.0403174590884
16884898.0, 8454676.0, 1, 0.037847554517
15779980.0, 10080926.0, 1, 0.0368392197969
18693538.0, 6845864.0, 1, 0.0332513976826
17711916.0, 7247964.0, 1, 0.027388641075
17408354.0, 7613582.0, 1, 0.0247051690684
17779108.0, 7231334.0, 1, 0.0243254158565
15510548.0, 10367646.0, 1, 0.0197024038511
20422994.0, 6511346.0, 1, 0.0127759715705
17340282.0, 7631018.0, 1, 0.00495483545945
15510548.0, 10367646.0, 1, 0.0
17779108.0, 7231334.0, 1, 0.0
17779108.0, 7231334.0, 1, 0.0
17779108.0, 7231334.0, 1, 0.0
18693538.0, 6845864.0, 1, 0.0
18693538.0, 6845864.0, 1, 0.0
20422994.0, 6511346.0, 1, 0.0
22387738.0, 6411110.0, 2, inf
15776102.0, 10364588.0, 2, inf
16916236.0, 8578870.0, 2, 0.578466935518
16285448.0, 9960804.0, 2, 0.530183657331
21819392.0, 6411978.0, 2, 0.244198731521
17001516.0, 8102026.0, 2, 0.203741984294
18349838.0, 7184282.0, 2, 0.189178165438
17161510.0, 7920044.0, 2, 0.16840858095
20945274.0, 6514012.0, 2, 0.135709747748
15913604.0, 10075408.0, 2, 0.129386566997
19852204.0, 6553746.0, 2, 0.129299500948
19053504.0, 6812442.0, 2, 0.127461108485
17614432.0, 7456990.0, 2, 0.122258911103
20945274.0, 6514012.0, 2, 0.102507989935
19650236.0, 6567886.0, 2, 0.0957907492199
20438166.0, 6527852.0, 2, 0.0921265861823
17410322.0, 7622770.0, 2, 0.0874506348741
20438166.0, 6527852.0, 2, 0.083248998232
17342282.0, 7639990.0, 2, 0.0811283217358
17843040.0, 7341126.0, 2, 0.0809134934294
18530998.0, 7004584.0, 2, 0.0793969352061
19604172.0, 6784140.0, 2, 0.0770752174604
18755422.0, 6878684.0, 2, 0.0769298318
19473260.0, 6804006.0, 2, 0.0682660408598
18530998.0, 7004584.0, 2, 0.0592455551702
18755422.0, 6878684.0, 2, 0.050699165799
17843040.0, 7341126.0, 2, 0.049839938848
15913604.0, 10075408.0, 2, 0.0497851173136
17775816.0, 7357972.0, 2, 0.0352133240041
17342282.0, 7639990.0, 2, 0.0316971515749
17775816.0, 7357972.0, 2, 0.0286701454895
19503926.0, 6785114.0, 2, 0.0248251856814
19473260.0, 6804006.0, 2, 0.00677200373608
20438166.0, 6527852.0, 2, 0.0
15913604.0, 10075408.0, 2, 0.0
19473260.0, 6804006.0, 2, 0.0
19473260.0, 6804006.0, 2, 0.0
17169954.0, 8373666.0, 3, inf
20959080.0, 6538016.0, 3, inf
17525344.0, 8028230.0, 3, 0.478984980006
18262078.0, 7345476.0, 3, 0.461572374118
17630030.0, 7717302.0, 3, 0.336188801197
19043738.0, 6907584.0, 3, 0.313312015734
20122006.0, 6622056.0, 3, 0.305580790529
18654032.0, 7132962.0, 3, 0.252162349962
17630030.0, 7717302.0, 3, 0.230186228975
19526182.0, 6795778.0, 3, 0.168571709079
19865102.0, 6674326.0, 3, 0.13362869483
19222970.0, 6833454.0, 3, 0.120405135137
20044898.0, 6656078.0, 3, 0.0962752589291
18409792.0, 7247774.0, 3, 0.0809171451679
19692830.0, 6751640.0, 3, 0.0793710866925
19222970.0, 6833454.0, 3, 0.0678262830731
18514722.0, 7210782.0, 3, 0.0608653923828
18409792.0, 7247774.0, 3, 0.0591356498425
19730548.0, 6749086.0, 3, 0.0506809924721
18588424.0, 7149888.0, 3, 0.0504878013499
18514722.0, 7210782.0, 3, 0.0396029132695
19730548.0, 6749086.0, 3, 0.0369018964202
18588424.0, 7149888.0, 3, 0.0286716355205
17630030.0, 7717302.0, 3, 0.0
17630030.0, 7717302.0, 3, 0.0
18409792.0, 7247774.0, 3, 0.0
19222970.0, 6833454.0, 3, 0.0
19222970.0, 6833454.0, 3, 0.0
19222970.0, 6833454.0, 3, 0.0
17432322.0, 8394466.0, 4, inf
21694788.0, 6601780.0, 4, inf
18819524.0, 7370798.0, 4, 0.559519525852
21047548.0, 6703602.0, 4, 0.555370434424
18293906.0, 7635050.0, 4, 0.526118078229
19710754.0, 6762950.0, 4, 0.423316421543
17635748.0, 7863284.0, 4, 0.370352510336
17700288.0, 7843240.0, 4, 0.281721786384
19108902.0, 6974774.0, 4, 0.24278281425
19553694.0, 6834198.0, 4, 0.207488909199
19202130.0, 6920998.0, 4, 0.182767271474
19108902.0, 6974774.0, 4, 0.0978872535624
21721690.0, 6672710.0, 5, inf
17633668.0, 9454548.0, 5, inf
18299370.0, 7810690.0, 5, 0.771367573649
18936376.0, 7484442.0, 5, 0.502200777136
20228672.0, 6794520.0, 5, 0.43732995988
19267924.0, 7023774.0, 5, 0.363095610586
21469958.0, 6750616.0, 5, 0.331644980686
18342550.0, 7791112.0, 5, 0.273100404245
19860384.0, 6871906.0, 5, 0.201031471577
19597800.0, 6924458.0, 5, 0.199518517515
21469958.0, 6750616.0, 5, 0.077360317722
17736592.0, 10269778.0, 6, inf
20326472.0, 6880938.0, 6, inf
18323010.0, 8041422.0, 6, 1.29186717065
18965330.0, 7499642.0, 6, 0.693083878905
19457604.0, 7177280.0, 6, 0.400287475217
19828728.0, 6966472.0, 6, 0.307845354128
19749854.0, 7169676.0, 6, 0.20550429572
18360898.0, 9198786.0, 7, inf
20755472.0, 6955490.0, 7, inf
19478642.0, 8349168.0, 7, 0.896479949406
19621900.0, 7232506.0, 7, 0.746275387863
Generacion: 19
15403798.0, 10238540.0, 1, inf
21787714.0, 6393250.0, 1, inf
15976452.0, 9164030.0, 1, 0.326584831225
15847512.0, 10061504.0, 1, 0.269222609259
20462766.0, 6428310.0, 1, 0.244486600533
16709060.0, 8709640.0, 1, 0.189340754614
16884898.0, 8454676.0, 1, 0.188395130172
18729140.0, 6767700.0, 1, 0.167102880513
18181028.0, 6772542.0, 1, 0.132270621319
19019134.0, 6634808.0, 1, 0.130370270379
16129946.0, 8975812.0, 1, 0.12283115468
16366460.0, 8870470.0, 1, 0.110095188049
17820848.0, 6943660.0, 1, 0.108906592776
16917882.0, 8110988.0, 1, 0.106876991768
17322916.0, 7697552.0, 1, 0.105708703108
17114920.0, 7901754.0, 1, 0.101773671452
19952412.0, 6512358.0, 1, 0.100437114155
17576600.0, 7400590.0, 1, 0.0996165945182
19304744.0, 6613098.0, 1, 0.0992617252487
17378844.0, 7430396.0, 1, 0.0969424567481
17767654.0, 7204336.0, 1, 0.0962003218563
20422994.0, 6511346.0, 1, 0.0953078992748
17711916.0, 7247964.0, 1, 0.0809649018173
19852204.0, 6553746.0, 1, 0.0787745134353
18145930.0, 6925028.0, 1, 0.0681374863528
17029588.0, 7912218.0, 1, 0.0650585272118
16342646.0, 8912282.0, 1, 0.0644434927434
19535354.0, 6564058.0, 1, 0.0623858096736
16917882.0, 8110988.0, 1, 0.0568585446305
18029256.0, 6943132.0, 1, 0.0557674442203
17340282.0, 7631018.0, 1, 0.0548937120425
15686968.0, 10099590.0, 1, 0.0421317269185
19535354.0, 6564058.0, 1, 0.0388053179261
15593656.0, 10195270.0, 1, 0.035945566729
15779980.0, 10080926.0, 1, 0.0350527851413
15661232.0, 10171408.0, 1, 0.0292622271396
17340282.0, 7631018.0, 1, 0.0233432192063
15593656.0, 10195270.0, 1, 0.0218380796761
17029588.0, 7912218.0, 1, 0.0202192884479
15661232.0, 10171408.0, 1, 0.0102368951237
20422994.0, 6511346.0, 1, 0.00649321095882
22374880.0, 6393682.0, 2, inf
15442996.0, 10389324.0, 2, inf
15442996.0, 10389324.0, 2, inf
17000304.0, 8565242.0, 2, 0.468637562635
16203384.0, 9589306.0, 2, 0.388250003872
20969210.0, 6513358.0, 2, 0.236351595023
19314228.0, 6688662.0, 2, 0.199790550951
17124668.0, 8247840.0, 2, 0.187183323962
18295374.0, 6960458.0, 2, 0.169905722606
16165808.0, 9635534.0, 2, 0.163461977379
20137146.0, 6638778.0, 2, 0.160925779586
18693538.0, 6845864.0, 2, 0.146412895137
20163234.0, 6535040.0, 2, 0.138780600487
17161222.0, 7910080.0, 2, 0.132744109065
19053504.0, 6812442.0, 2, 0.128884678328
20945274.0, 6514012.0, 2, 0.121697255616
15913604.0, 10075408.0, 2, 0.120352894715
17779108.0, 7231334.0, 2, 0.118767988039
17342282.0, 7639990.0, 2, 0.111229222258
15913604.0, 10075408.0, 2, 0.102777018492
18071076.0, 7165950.0, 2, 0.0970916258083
17334940.0, 7838646.0, 2, 0.0937160291382
15842452.0, 10340694.0, 2, 0.0759655484789
17458792.0, 7465604.0, 2, 0.0745993528625
15776102.0, 10364588.0, 2, 0.0546261272128
17578568.0, 7409778.0, 2, 0.0521214087968
15510548.0, 10367646.0, 2, 0.0437344767457
17578568.0, 7409778.0, 2, 0.0385715903813
18003908.0, 7180396.0, 2, 0.0360452950311
18003908.0, 7180396.0, 2, 0.0224381072016
17526844.0, 7448302.0, 2, 0.0194587489084
15842452.0, 10340694.0, 2, 0.0162444685844
17526844.0, 7448302.0, 2, 0.0117919698731
15510548.0, 10367646.0, 2, 0.0105104478579
20163234.0, 6535040.0, 2, 0.00902621276798
15510548.0, 10367646.0, 2, 0.0
15510548.0, 10367646.0, 2, 0.0
15842452.0, 10340694.0, 2, 0.0
15842452.0, 10340694.0, 2, 0.0
15913604.0, 10075408.0, 2, 0.0
15442996.0, 10389324.0, 2, 0.0
15908184.0, 10403450.0, 3, inf
21039924.0, 6538760.0, 3, inf
17048186.0, 10018594.0, 3, 0.506848520098
17059562.0, 8682686.0, 3, 0.365536323496
20439550.0, 6594504.0, 3, 0.324784627931
16546418.0, 10255052.0, 3, 0.321729895357
17614432.0, 7456990.0, 3, 0.315527569652
19365796.0, 6743276.0, 3, 0.298898709079
17161510.0, 7920044.0, 3, 0.270127774109
18310870.0, 7361664.0, 3, 0.209123627044
17336940.0, 7847618.0, 3, 0.208075549001
19043738.0, 6907584.0, 3, 0.206509971918
17059562.0, 8682686.0, 3, 0.199552671428
18414354.0, 7022586.0, 3, 0.180913403464
20778326.0, 6551854.0, 3, 0.131416212551
19222970.0, 6833454.0, 3, 0.105273233206
18409792.0, 7247774.0, 3, 0.0775445656044
18414354.0, 7022586.0, 3, 0.0306460858189
18409792.0, 7247774.0, 3, 0.0303583525207
21077352.0, 6621408.0, 4, inf
16600408.0, 10620978.0, 4, inf
17169954.0, 8373666.0, 4, 0.78827587742
18502654.0, 7129500.0, 4, 0.427509872623
19473260.0, 6804006.0, 4, 0.295741903918
17630030.0, 7717302.0, 4, 0.271200314096
20588434.0, 6651182.0, 4, 0.256536984915
17920642.0, 7486010.0, 4, 0.187831289483
19202130.0, 6920998.0, 4, 0.181478326612
17412852.0, 8117050.0, 4, 0.16770438796
17920642.0, 7486010.0, 4, 0.154050112196
20588434.0, 6651182.0, 4, 0.147418085171
17381538.0, 8166052.0, 4, 0.118416210742
19202130.0, 6920998.0, 4, 0.108265824564
19453442.0, 6820054.0, 4, 0.0601471518064
19453442.0, 6820054.0, 4, 0.0296653935043
19202130.0, 6920998.0, 4, 0.0
17633668.0, 9454548.0, 5, inf
21721690.0, 6672710.0, 5, inf
17635748.0, 7863284.0, 5, 0.587806517639
20743280.0, 6779942.0, 5, 0.412368141798
19553694.0, 6834198.0, 5, 0.359140802183
21047548.0, 6703602.0, 5, 0.277882972501
19235628.0, 7135050.0, 5, 0.231494395339
17987822.0, 7630388.0, 5, 0.221173410731
17987822.0, 7630388.0, 5, 0.205403618588
18544452.0, 7175442.0, 5, 0.203569647482
19267924.0, 7023774.0, 5, 0.185953017102
18514722.0, 7210782.0, 5, 0.15811014933
18514722.0, 7210782.0, 5, 0.141592569921
17700288.0, 7843240.0, 5, 0.0923024660009
19553694.0, 6834198.0, 5, 0.089407874531
17700288.0, 7843240.0, 5, 0.0775410353013
17635748.0, 7863284.0, 5, 0.00771411166924
19975632.0, 6858482.0, 6, inf
17701600.0, 7868422.0, 6, inf
18224632.0, 7650270.0, 6, 0.983926783776
19298342.0, 7192780.0, 6, 0.707390278416
18653384.0, 7297420.0, 6, 0.657458042687
19914052.0, 7022158.0, 6, 0.628844400595
18709388.0, 7201566.0, 6, 0.387228815629
20326472.0, 6880938.0, 7, inf
17736052.0, 8094754.0, 7, inf
18342446.0, 7689572.0, 7, 1.09279365185
19254516.0, 7430352.0, 7, 0.839088463585
17782464.0, 8067030.0, 7, 0.567899415895
19755952.0, 7333412.0, 7, 0.539744866263
19916810.0, 7085538.0, 7, 0.474399239192
20091096.0, 6914620.0, 7, 0.326704331592
Generacion: 20
19127760.0, 6426982.0, 1, inf
15403798.0, 10238540.0, 1, inf
17714990.0, 6829308.0, 1, 0.54829784187
18828054.0, 6591612.0, 1, 0.396465224858
15915592.0, 9113336.0, 1, 0.375340118875
15847512.0, 10061504.0, 1, 0.29365103977
16153802.0, 8944368.0, 1, 0.202728845832
17576600.0, 7400590.0, 1, 0.16803420143
16745934.0, 8692460.0, 1, 0.160688339839
16838794.0, 8537440.0, 1, 0.136413454087
17114920.0, 7901754.0, 1, 0.135087472706
16899992.0, 8330194.0, 1, 0.133121502663
17322916.0, 7697552.0, 1, 0.131547000836
16448656.0, 8750598.0, 1, 0.130664879222
16422038.0, 8858982.0, 1, 0.13001497872
18940476.0, 6572470.0, 1, 0.123672724451
17340282.0, 7631018.0, 1, 0.097340801455
17029588.0, 7912218.0, 1, 0.0931797163366
15766628.0, 10080136.0, 1, 0.0788563958552
16917882.0, 8110988.0, 1, 0.0675442655467
16955246.0, 8093484.0, 1, 0.0575903306991
15593656.0, 10195270.0, 1, 0.0572432294398
17458792.0, 7465604.0, 1, 0.0568804162492
17509000.0, 7420766.0, 1, 0.048692191049
17458792.0, 7465604.0, 1, 0.0435873264834
17576600.0, 7400590.0, 1, 0.0424554068107
15661232.0, 10171408.0, 1, 0.0420923780245
15661232.0, 10171408.0, 1, 0.0345625468764
15593656.0, 10195270.0, 1, 0.029498577799
16955246.0, 8093484.0, 1, 0.0245554945786
16917882.0, 8110988.0, 1, 0.009396371043
17576600.0, 7400590.0, 1, 0.0
15593656.0, 10195270.0, 1, 0.0
15661232.0, 10171408.0, 1, 0.0
16917882.0, 8110988.0, 1, 0.0
20462766.0, 6428310.0, 2, inf
20462766.0, 6428310.0, 2, inf
15442996.0, 10389324.0, 2, inf
18012576.0, 6870704.0, 2, 0.475529993829
16912836.0, 8437368.0, 2, 0.363269235858
18907362.0, 6654064.0, 2, 0.32245114522
16200266.0, 8955434.0, 2, 0.318526113497
16165808.0, 9635534.0, 2, 0.294073779151
17526844.0, 7448302.0, 2, 0.288328969639
17161222.0, 7910080.0, 2, 0.235748466086
17507236.0, 7614024.0, 2, 0.189417159177
15913604.0, 10075408.0, 2, 0.189305623693
16964184.0, 8119314.0, 2, 0.182600998658
16194082.0, 9131898.0, 2, 0.178562916964
19952412.0, 6512358.0, 2, 0.173385957715
19304744.0, 6613098.0, 2, 0.164577273902
19603318.0, 6551338.0, 2, 0.154456322893
15776102.0, 10364588.0, 2, 0.12605967765
20422994.0, 6511346.0, 2, 0.114709048375
15779980.0, 10080926.0, 2, 0.100398650091
15510548.0, 10367646.0, 2, 0.072603682819
20422994.0, 6511346.0, 2, 0.00817856230723
20422994.0, 6511346.0, 2, 0.0
15842452.0, 10340694.0, 3, inf
15842452.0, 10340694.0, 3, inf
21024724.0, 6522242.0, 3, inf
16429944.0, 9516716.0, 3, 0.784074564836
17028790.0, 8220872.0, 3, 0.486695335071
18217406.0, 6928262.0, 3, 0.371622148541
17614432.0, 7456990.0, 3, 0.325312057604
17610242.0, 7723074.0, 3, 0.281283928588
18755422.0, 6878684.0, 3, 0.246664522536
17157432.0, 8194328.0, 3, 0.2425666504
19314228.0, 6688662.0, 3, 0.166875766609
19852204.0, 6553746.0, 3, 0.165810597724
19193760.0, 6705792.0, 3, 0.157594455982
20438166.0, 6527852.0, 3, 0.11542199925
19966848.0, 6536392.0, 3, 0.095492913762
20438166.0, 6527852.0, 3, 0.092417321873
19966848.0, 6536392.0, 3, 0.0243588516573
15842452.0, 10340694.0, 3, 0.0
15842452.0, 10340694.0, 3, 0.0
19966848.0, 6536392.0, 3, 0.0
15908184.0, 10403450.0, 4, inf
20959080.0, 6538016.0, 4, inf
16778818.0, 9932778.0, 4, 0.498324142934
17035124.0, 8702818.0, 4, 0.489614431518
17055268.0, 8251772.0, 4, 0.329787325317
17637028.0, 7888682.0, 4, 0.269987897814
19553694.0, 6834198.0, 4, 0.231821043592
19078100.0, 6935622.0, 4, 0.229402279017
18281784.0, 7278180.0, 4, 0.225840417075
17890346.0, 7458186.0, 4, 0.22471480242
19932366.0, 6693300.0, 4, 0.167398872565
16482430.0, 10278912.0, 4, 0.164751582582
17694550.0, 7697392.0, 4, 0.161523758368
20592608.0, 6540854.0, 4, 0.158170364206
16546418.0, 10255052.0, 4, 0.148226242104
18532436.0, 6939372.0, 4, 0.117906774271
18402988.0, 6977538.0, 4, 0.103405756294
20178022.0, 6551672.0, 4, 0.100290237607
20122006.0, 6622056.0, 4, 0.0557543770388
18402988.0, 6977538.0, 4, 0.0338701993739
20122006.0, 6622056.0, 4, 0.0295213576261
18532436.0, 6939372.0, 4, 0.0265988569912
20178022.0, 6551672.0, 4, 0.0138889603326
18532436.0, 6939372.0, 4, 0.0
16407018.0, 10553722.0, 5, inf
20778326.0, 6551854.0, 5, inf
16784878.0, 9983088.0, 5, 0.735008795079
17476912.0, 8591786.0, 5, 0.604723654694
19856646.0, 6877394.0, 5, 0.302981366006
20460122.0, 6612120.0, 5, 0.256799841012
17681760.0, 8384146.0, 5, 0.238149642454
19174324.0, 7115736.0, 5, 0.224373493585
18502654.0, 7129500.0, 5, 0.207891856913
17920642.0, 7486010.0, 5, 0.199207734139
17700288.0, 7843240.0, 5, 0.18557254685
18401232.0, 7386192.0, 5, 0.17143134415
19516706.0, 6960928.0, 5, 0.148368862106
19401064.0, 7054068.0, 5, 0.117008774673
17700288.0, 7843240.0, 5, 0.0935043611443
20664942.0, 6589698.0, 5, 0.0878532397106
18409792.0, 7247774.0, 5, 0.0873447962527
17920642.0, 7486010.0, 5, 0.0753520198366
17700288.0, 7843240.0, 5, 0.0
17920642.0, 7486010.0, 5, 0.0
16538230.0, 10592320.0, 6, inf
21077352.0, 6621408.0, 6, inf
17567176.0, 8954874.0, 6, 1.06526239026
17987822.0, 7630388.0, 6, 0.517340688942
19593376.0, 7015310.0, 6, 0.498262394659
18514722.0, 7210782.0, 6, 0.390968325448
20475600.0, 6947640.0, 6, 0.351611717183
20807756.0, 6681454.0, 6, 0.214725565723
18393548.0, 7518178.0, 6, 0.130627240444
18287844.0, 7531014.0, 6, 0.117642238676
16600408.0, 10620978.0, 7, inf
21133340.0, 6689572.0, 7, inf
18111114.0, 8860946.0, 7, 1.01794426973
19912104.0, 7206978.0, 7, 0.494374978937
18555406.0, 7235376.0, 7, 0.460121720866
18258898.0, 8057432.0, 7, 0.357897144008
18302318.0, 7619738.0, 7, 0.274511714365
20699554.0, 7151404.0, 7, 0.24851200994
20780222.0, 6982894.0, 7, 0.190673957725
21047548.0, 6703602.0, 7, 0.152510521668
18406242.0, 9634362.0, 8, inf
21469958.0, 6750616.0, 8, inf
19119562.0, 7330806.0, 8, 1.30449486599
18547262.0, 7761438.0, 8, 1.03163519894
19990050.0, 7386440.0, 9, inf
18714188.0, 7885778.0, 9, inf
19816888.0, 7810526.0, 9, 1.70191715924
19867236.0, 7487218.0, 9, 0.692144412853
Generacion: 21
15403798.0, 10238540.0, 1, inf
20574864.0, 6498214.0, 1, inf
16129946.0, 8975812.0, 1, 0.382676347141
15817622.0, 9955942.0, 1, 0.363137001146
18016714.0, 6706106.0, 1, 0.23231719782
18828054.0, 6591612.0, 1, 0.214368972132
18940476.0, 6572470.0, 1, 0.208177657398
19852204.0, 6553746.0, 1, 0.208129322834
18012576.0, 6870704.0, 1, 0.186372187152
16404970.0, 8713590.0, 1, 0.175610681426
16838794.0, 8537440.0, 1, 0.16203257231
17779108.0, 7231334.0, 1, 0.159005616414
17322916.0, 7697552.0, 1, 0.115964338295
17114920.0, 7901754.0, 1, 0.114117184543
16884898.0, 8454676.0, 1, 0.100802940959
16917882.0, 8110988.0, 1, 0.0991127672113
19966848.0, 6536392.0, 1, 0.0928509146849
20422994.0, 6511346.0, 1, 0.0917221360704
17029588.0, 7912218.0, 1, 0.082138590486
15570404.0, 10099584.0, 1, 0.0791330782502
16279892.0, 8858976.0, 1, 0.0786705332884
16955246.0, 8093484.0, 1, 0.074744548893
17458792.0, 7465604.0, 1, 0.0710138850502
17408354.0, 7613582.0, 1, 0.0671423925125
17585352.0, 7335706.0, 1, 0.0669734460565
17711916.0, 7247964.0, 1, 0.0653737763751
16343558.0, 8836068.0, 1, 0.0630579233367
15779980.0, 10080926.0, 1, 0.0607344119973
15687496.0, 10088986.0, 1, 0.0455169225771
15460844.0, 10221028.0, 1, 0.0435005955014
17509000.0, 7420766.0, 1, 0.0401640571065
17340282.0, 7631018.0, 1, 0.0389722334025
20422994.0, 6511346.0, 1, 0.0360653939238
17576600.0, 7400590.0, 1, 0.0304198907644
19966848.0, 6536392.0, 1, 0.0288664914151
16884898.0, 8454676.0, 1, 0.0285060517571
15460844.0, 10221028.0, 1, 0.0258690656345
16917882.0, 8110988.0, 1, 0.0110583747364
17576600.0, 7400590.0, 1, 0.00708667657057
19966848.0, 6536392.0, 1, 0.0
20422994.0, 6511346.0, 1, 0.0
16884898.0, 8454676.0, 1, 0.0
16917882.0, 8110988.0, 1, 0.0
16917882.0, 8110988.0, 1, 0.0
17576600.0, 7400590.0, 1, 0.0
15442996.0, 10389324.0, 2, inf
20945274.0, 6514012.0, 2, inf
20945274.0, 6514012.0, 2, inf
15442996.0, 10389324.0, 2, inf
15828236.0, 10058602.0, 2, 0.463869093274
16366460.0, 8870470.0, 2, 0.417473732502
20438166.0, 6527852.0, 2, 0.381232934844
19019134.0, 6634808.0, 2, 0.346148362006
16448656.0, 8750598.0, 2, 0.289397886841
17915288.0, 7409782.0, 2, 0.280734695619
18136810.0, 6782568.0, 2, 0.276568407646
16964184.0, 8119314.0, 2, 0.26783832786
18525168.0, 6767538.0, 2, 0.137834637097
17511000.0, 7429738.0, 2, 0.128491279282
18849638.0, 6750468.0, 2, 0.12402496244
17342514.0, 7808206.0, 2, 0.0951677800834
17041094.0, 7984564.0, 2, 0.0785558963507
15661232.0, 10171408.0, 2, 0.077899572956
15510548.0, 10367646.0, 2, 0.0774558062148
17472228.0, 7595674.0, 2, 0.0681082115249
17359400.0, 7680854.0, 2, 0.06017422192
15593656.0, 10195270.0, 2, 0.0567620063284
17161222.0, 7910080.0, 2, 0.0521686650229
17001516.0, 8102026.0, 2, 0.0487492408839
17161222.0, 7910080.0, 2, 0.0481203598697
16422038.0, 8858982.0, 2, 0.0458707591359
17410322.0, 7622770.0, 2, 0.0424858544607
15593656.0, 10195270.0, 2, 0.0212617292431
20945274.0, 6514012.0, 2, 0.0
15776102.0, 10364588.0, 3, inf
15776102.0, 10364588.0, 3, inf
21024724.0, 6522242.0, 3, inf
16431880.0, 9005880.0, 3, 0.715053223258
17109980.0, 8238234.0, 3, 0.349449293737
15847512.0, 10061504.0, 3, 0.28833971376
18235326.0, 7085458.0, 3, 0.271959516729
17958342.0, 7443284.0, 3, 0.229417314948
15847512.0, 10061504.0, 3, 0.190217348187
19314228.0, 6688662.0, 3, 0.170396442133
20047042.0, 6675730.0, 3, 0.16977013207
19193760.0, 6705792.0, 3, 0.155921865309
18755422.0, 6878684.0, 3, 0.155357925314
18638810.0, 6896470.0, 3, 0.152906432556
17456248.0, 7848584.0, 3, 0.148547145907
20468432.0, 6604174.0, 3, 0.147557300615
17256686.0, 8001374.0, 3, 0.146914803001
20773022.0, 6537316.0, 3, 0.127311631381
17526844.0, 7448302.0, 3, 0.125342094687
17507236.0, 7614024.0, 3, 0.117626846411
20137146.0, 6638778.0, 3, 0.0989088325373
17157432.0, 8194328.0, 3, 0.0895959672105
17526844.0, 7448302.0, 3, 0.00504181067678
17526844.0, 7448302.0, 3, 0.0
16025632.0, 10582866.0, 4, inf
20959080.0, 6538016.0, 4, inf
16458328.0, 9860168.0, 4, 0.778127772433
17169954.0, 8373666.0, 4, 0.616813041075
17543696.0, 7599510.0, 4, 0.391137444473
19879858.0, 6691174.0, 4, 0.339335396293
19078100.0, 6935622.0, 4, 0.322457623841
18281784.0, 7278180.0, 4, 0.292929448832
17419202.0, 8153056.0, 4, 0.267149758602
18514722.0, 7210782.0, 4, 0.246101568011
19550700.0, 6755870.0, 4, 0.222949115664
16470982.0, 10532046.0, 5, inf
21089048.0, 6632906.0, 5, inf
17234748.0, 8871118.0, 5, 0.899705004854
19553694.0, 6834198.0, 5, 0.44766489402
20686048.0, 6693802.0, 5, 0.384091598403
17610242.0, 7723074.0, 5, 0.381510215236
16482430.0, 10278912.0, 5, 0.363531397011
19113522.0, 7111590.0, 5, 0.235531223836
16482430.0, 10278912.0, 5, 0.227828059096
19085938.0, 7357630.0, 5, 0.226982396745
18054874.0, 7714308.0, 5, 0.225622295804
18357354.0, 7358176.0, 5, 0.181885210613
18353420.0, 7448344.0, 5, 0.156835318638
17630030.0, 7717302.0, 5, 0.0985291853453
21047548.0, 6703602.0, 6, inf
17025798.0, 10448130.0, 6, inf
17700288.0, 7843240.0, 6, 1.06460860532
19975632.0, 6858482.0, 6, 0.60225491009
19119994.0, 7164076.0, 6, 0.402383857166
18442834.0, 7781032.0, 6, 0.336413779352
18808868.0, 7615694.0, 6, 0.204392600286
18992494.0, 7449850.0, 6, 0.128743884308
18944442.0, 7482710.0, 6, 0.0899479275446
18031138.0, 8968866.0, 7, inf
21525530.0, 6979798.0, 7, inf
18269722.0, 8117306.0, 7, 0.704194166832
19049210.0, 7808020.0, 7, 0.453136662311
20595762.0, 7089510.0, 7, 0.421631399104
19378490.0, 7172148.0, 7, 0.421037771753
19257520.0, 7364934.0, 7, 0.413914374368
20305262.0, 7123854.0, 7, 0.389896247412
18743390.0, 7973602.0, 7, 0.37856120058
18319240.0, 8263804.0, 8, inf
21059168.0, 7170832.0, 8, inf
19621124.0, 7405266.0, 8, 0.765243051661
19994504.0, 7345482.0, 8, 0.739339596781
19403280.0, 7990756.0, 8, 0.686389570478
19466862.0, 7971392.0, 8, 0.615193382822
18665120.0, 8653910.0, 9, inf
20132406.0, 7533780.0, 9, inf
19743554.0, 8066634.0, 9, 1.6437804562
Generacion: 22
15403798.0, 10238540.0, 1, inf
20696572.0, 6485866.0, 1, inf
15403798.0, 10238540.0, 1, inf
17321632.0, 6852856.0, 1, 0.557297829806
15759300.0, 9914890.0, 1, 0.386634195573
16129946.0, 8975812.0, 1, 0.379735434477
17244028.0, 7851646.0, 1, 0.306197527357
18637858.0, 6748540.0, 1, 0.290501230456
18940476.0, 6572470.0, 1, 0.203590070639
19852204.0, 6553746.0, 1, 0.183287943859
16404970.0, 8713590.0, 1, 0.173145714768
20070532.0, 6500012.0, 1, 0.147658739082
16838794.0, 8537440.0, 1, 0.121099564155
18828054.0, 6591612.0, 1, 0.104094232918
16911998.0, 8353244.0, 1, 0.0866663814851
16917882.0, 8110988.0, 1, 0.0716150037059
18637858.0, 6748540.0, 1, 0.063732809753
16853516.0, 8390582.0, 1, 0.0629148657296
16343558.0, 8836068.0, 1, 0.0623738165955
16981586.0, 7977896.0, 1, 0.0623490992671
15643462.0, 10081798.0, 1, 0.0582804326074
19952412.0, 6512358.0, 1, 0.0555690590022
16838794.0, 8537440.0, 1, 0.0497213902564
15570404.0, 10099584.0, 1, 0.0461653381441
16279892.0, 8858976.0, 1, 0.0431629189249
15460844.0, 10221028.0, 1, 0.0431400814451
16955246.0, 8093484.0, 1, 0.0378609392708
17151812.0, 7881510.0, 1, 0.0377458697062
16279892.0, 8858976.0, 1, 0.0344347706917
17029588.0, 7912218.0, 1, 0.0336240120089
17114920.0, 7901754.0, 1, 0.031275581462
15643462.0, 10081798.0, 1, 0.0266256195102
15570404.0, 10099584.0, 1, 0.025439474022
15460844.0, 10221028.0, 1, 0.0253664594196
19852204.0, 6553746.0, 1, 0.0239224917831
17029588.0, 7912218.0, 1, 0.0118577579211
16955246.0, 8093484.0, 1, 0.00964100369347
16917882.0, 8110988.0, 1, 0.00577611167276
16955246.0, 8093484.0, 1, 0.0
15403798.0, 10238540.0, 1, 0.0
15403798.0, 10238540.0, 1, 0.0
16279892.0, 8858976.0, 1, 0.0
15442996.0, 10389324.0, 2, inf
20422994.0, 6511346.0, 2, inf
20422994.0, 6511346.0, 2, inf
18380824.0, 6889086.0, 2, 0.419586373692
16175582.0, 9368230.0, 2, 0.350262592925
17779108.0, 7231334.0, 2, 0.294025795367
16171744.0, 10022386.0, 2, 0.263764932134
16422038.0, 8858982.0, 2, 0.224261731198
19193760.0, 6705792.0, 2, 0.195579870628
19932366.0, 6693300.0, 2, 0.182619439258
19193760.0, 6705792.0, 2, 0.166461492541
16422038.0, 8858982.0, 2, 0.153746085644
17161222.0, 7910080.0, 2, 0.151245549412
15759776.0, 10067312.0, 2, 0.114412491625
16884898.0, 8454676.0, 2, 0.109866951555
15593656.0, 10195270.0, 2, 0.107388775952
16964184.0, 8119314.0, 2, 0.104280650821
17517626.0, 7357130.0, 2, 0.103086712838
17340282.0, 7631018.0, 2, 0.0984558884072
16884898.0, 8454676.0, 2, 0.0974069630691
17472228.0, 7595674.0, 2, 0.0880960441442
16912836.0, 8437368.0, 2, 0.0876254638524
17041094.0, 7984564.0, 2, 0.0815659036123
17509000.0, 7420766.0, 2, 0.0706285365293
20122006.0, 6622056.0, 2, 0.0658922233639
15510548.0, 10367646.0, 2, 0.0580146325967
20022828.0, 6643202.0, 2, 0.0564517662255
20122006.0, 6622056.0, 2, 0.0484636517304
17340282.0, 7631018.0, 2, 0.0450698657138
15687496.0, 10088986.0, 2, 0.0419211283136
17001516.0, 8102026.0, 2, 0.0377858847799
15687496.0, 10088986.0, 2, 0.0244323761513
15510548.0, 10367646.0, 2, 0.0222783866709
16912836.0, 8437368.0, 2, 0.0147739981563
17001516.0, 8102026.0, 2, 0.012405386065
17001516.0, 8102026.0, 2, 0.0
17340282.0, 7631018.0, 2, 0.0
20422994.0, 6511346.0, 2, 0.0
20438166.0, 6527852.0, 3, inf
15765376.0, 10263492.0, 3, inf
20438166.0, 6527852.0, 3, inf
16525136.0, 8978888.0, 3, 0.682807445722
15779980.0, 10080926.0, 3, 0.506470259601
18993958.0, 6903966.0, 3, 0.497110301948
20140972.0, 6628672.0, 3, 0.409750215967
17022440.0, 8523482.0, 3, 0.310699056323
18470032.0, 7149872.0, 3, 0.236467154551
17124764.0, 7993548.0, 3, 0.215310525209
17359400.0, 7680854.0, 3, 0.183446328475
17028790.0, 8220872.0, 3, 0.163756796908
17576600.0, 7400590.0, 3, 0.162123985757
17507236.0, 7614024.0, 3, 0.121506226243
18401232.0, 7386192.0, 3, 0.109651333332
17982364.0, 7388226.0, 3, 0.0929495491045
17982364.0, 7388226.0, 3, 0.0873799730207
18470002.0, 7368448.0, 3, 0.0779844515505
20438166.0, 6527852.0, 3, 0.0
20438166.0, 6527852.0, 3, 0.0
20959080.0, 6538016.0, 4, inf
15776102.0, 10364588.0, 4, inf
15776102.0, 10364588.0, 4, inf
17059562.0, 8682686.0, 4, 0.940995375778
15842452.0, 10340694.0, 4, 0.687162139537
19018002.0, 6971492.0, 4, 0.45329898223
20217886.0, 6733640.0, 4, 0.438357755119
17397772.0, 7888194.0, 4, 0.339309534716
18514722.0, 7210782.0, 4, 0.216888221363
17901450.0, 7402470.0, 4, 0.175372628599
18467924.0, 7395310.0, 4, 0.168418175152
17545690.0, 7743200.0, 4, 0.15990734428
20723702.0, 6553396.0, 4, 0.155637112877
17578568.0, 7409778.0, 4, 0.149429958123
20778326.0, 6551854.0, 4, 0.0494329230632
17578568.0, 7409778.0, 4, 0.00825326071499
15776102.0, 10364588.0, 4, 0.0
15776102.0, 10364588.0, 4, 0.0
21047548.0, 6703602.0, 5, inf
17419202.0, 8153056.0, 5, inf
17419202.0, 8153056.0, 5, inf
19314722.0, 7212520.0, 5, 0.567216951058
17915288.0, 7409782.0, 5, 0.515751998211
20614428.0, 7103708.0, 5, 0.479884815208
17662782.0, 7598294.0, 5, 0.455698732573
19378490.0, 7172148.0, 5, 0.433279973742
20759886.0, 7028418.0, 5, 0.395410310999
17570920.0, 7932728.0, 5, 0.314451335749
17915288.0, 7409782.0, 5, 0.205686596278
17443946.0, 7966656.0, 5, 0.193822228565
17466824.0, 8111680.0, 6, inf
21565482.0, 6744316.0, 6, inf
19610168.0, 7285498.0, 6, 0.960746801268
17694550.0, 7697392.0, 6, 0.568297401594
18342926.0, 7466970.0, 6, 0.470955797138
19379172.0, 7328626.0, 6, 0.441901288409
17920642.0, 7486010.0, 6, 0.326707746253
19621338.0, 7478790.0, 7, inf
17559090.0, 8494718.0, 7, inf
18621490.0, 7997560.0, 7, 1.32748210554
19156906.0, 7933226.0, 7, 0.750268708868
19317412.0, 7578174.0, 7, 0.672517894455
19867236.0, 7487218.0, 8, inf
18417350.0, 9806196.0, 8, inf
18809862.0, 8344662.0, 8, 0.961769463543
19586218.0, 7858008.0, 8, 0.923138885945
19004432.0, 8247970.0, 8, 0.684516069095
18871472.0, 8302206.0, 8, 0.175892711532
20366702.0, 7566498.0, 9, inf
18743690.0, 10610354.0, 9, inf
Generacion: 23
21819392.0, 6411978.0, 1, inf
15396190.0, 10357056.0, 1, inf
17321632.0, 6852856.0, 1, 0.370986811848
15683244.0, 9920758.0, 1, 0.346930134674
16129946.0, 8975812.0, 1, 0.325183601685
21288408.0, 6426268.0, 1, 0.294587197478
17066932.0, 7894848.0, 1, 0.269938485016
18828054.0, 6591612.0, 1, 0.233214096056
20070532.0, 6500012.0, 1, 0.212824550736
20070532.0, 6500012.0, 1, 0.212128581397
17865480.0, 6825946.0, 1, 0.14179052591
18525168.0, 6767538.0, 1, 0.139869030301
15545662.0, 9985616.0, 1, 0.11073703901
16887968.0, 8302554.0, 1, 0.0922533096534
16655268.0, 8670714.0, 1, 0.0823931223908
16404970.0, 8713590.0, 1, 0.0700135660762
15460844.0, 10221028.0, 1, 0.0685535711688
16727360.0, 8586552.0, 1, 0.0623547023252
17714990.0, 6829308.0, 1, 0.0620923738841
18637858.0, 6748540.0, 1, 0.05732238348
16917882.0, 8110988.0, 1, 0.0543752651851
16200266.0, 8955434.0, 1, 0.052960069151
18828054.0, 6591612.0, 1, 0.0528295824944
16884898.0, 8454676.0, 1, 0.0457376758484
17066932.0, 7894848.0, 1, 0.0440560748187
16343558.0, 8836068.0, 1, 0.0409576528416
15403798.0, 10238540.0, 1, 0.0389227248331
16838794.0, 8537440.0, 1, 0.0383277210421
16981586.0, 7977896.0, 1, 0.0367725136987
16955246.0, 8093484.0, 1, 0.0351163303808
18637858.0, 6748540.0, 1, 0.0344263975637
16279892.0, 8858976.0, 1, 0.0343620925004
17029588.0, 7912218.0, 1, 0.0343381837792
17714990.0, 6829308.0, 1, 0.0293980813625
16884898.0, 8454676.0, 1, 0.0214570076503
16981586.0, 7977896.0, 1, 0.0207488450215
16404970.0, 8713590.0, 1, 0.020429189699
16838794.0, 8537440.0, 1, 0.019626658525
16279892.0, 8858976.0, 1, 0.018203350172
15460844.0, 10221028.0, 1, 0.0176438894534
16343558.0, 8836068.0, 1, 0.015367692816
16917882.0, 8110988.0, 1, 0.00909409991738
16955246.0, 8093484.0, 1, 0.00853767961485
15403798.0, 10238540.0, 1, 0.00562340496604
15403798.0, 10238540.0, 1, 0.0
15403798.0, 10238540.0, 1, 0.0
15460844.0, 10221028.0, 1, 0.0
15460844.0, 10221028.0, 1, 0.0
16279892.0, 8858976.0, 1, 0.0
16279892.0, 8858976.0, 1, 0.0
16279892.0, 8858976.0, 1, 0.0
16404970.0, 8713590.0, 1, 0.0
16838794.0, 8537440.0, 1, 0.0
16917882.0, 8110988.0, 1, 0.0
16955246.0, 8093484.0, 1, 0.0
16981586.0, 7977896.0, 1, 0.0
16981586.0, 7977896.0, 1, 0.0
18637858.0, 6748540.0, 1, 0.0
15403798.0, 10238540.0, 1, 0.0
15403798.0, 10238540.0, 1, 0.0
15403798.0, 10238540.0, 1, 0.0
15403798.0, 10238540.0, 1, 0.0
15403798.0, 10238540.0, 1, 0.0
15442996.0, 10389324.0, 2, inf
15442996.0, 10389324.0, 2, inf
20422994.0, 6511346.0, 2, inf
16342646.0, 8912282.0, 2, 0.373485214058
15995486.0, 10029956.0, 2, 0.372550723706
17901808.0, 6861838.0, 2, 0.353032007349
16911998.0, 8353244.0, 2, 0.313722797557
20019288.0, 6615754.0, 2, 0.279953267775
18933004.0, 6829788.0, 2, 0.275228623875
19183768.0, 6632000.0, 2, 0.213425114863
17161222.0, 7910080.0, 2, 0.189482438389
16366460.0, 8870470.0, 2, 0.138157106076
17711916.0, 7247964.0, 2, 0.126345616631
17578568.0, 7409778.0, 2, 0.122445229385
16366460.0, 8870470.0, 2, 0.120327734605
19099758.0, 6727364.0, 2, 0.10135710508
15593656.0, 10195270.0, 2, 0.10040014699
17559816.0, 7604362.0, 2, 0.0867337237
17340282.0, 7631018.0, 2, 0.0856297788385
16964184.0, 8119314.0, 2, 0.0827561758529
15510548.0, 10367646.0, 2, 0.0802930192676
17711916.0, 7247964.0, 2, 0.079857323222
15643462.0, 10081798.0, 2, 0.0663535044649
17001516.0, 8102026.0, 2, 0.0569928013741
17408354.0, 7613582.0, 2, 0.0509568354382
15759776.0, 10067312.0, 2, 0.0462070515759
15847512.0, 10061504.0, 2, 0.0423348526112
17340282.0, 7631018.0, 2, 0.0404519952669
15940636.0, 10043976.0, 2, 0.0378488338992
17001516.0, 8102026.0, 2, 0.036527484106
17340282.0, 7631018.0, 2, 0.0
15621164.0, 10497642.0, 3, inf
20959080.0, 6538016.0, 3, inf
20140972.0, 6628672.0, 3, 0.53431333613
18380824.0, 6889086.0, 3, 0.436987878992
15779980.0, 10080926.0, 3, 0.431865815517
16502224.0, 8983318.0, 3, 0.417915511347
17035124.0, 8702818.0, 3, 0.2966156114
17157432.0, 8194328.0, 3, 0.232065229729
18271056.0, 7313730.0, 3, 0.214910229485
17507236.0, 7614024.0, 3, 0.209464450745
20778326.0, 6551854.0, 3, 0.176158649895
16525136.0, 8978888.0, 3, 0.170672992302
17109980.0, 8238234.0, 3, 0.15133175604
17843040.0, 7341126.0, 3, 0.149104247299
15687496.0, 10088986.0, 3, 0.134993687803
17507236.0, 7614024.0, 3, 0.134452087168
18380824.0, 6889086.0, 3, 0.086331152998
17843040.0, 7341126.0, 3, 0.0698280305377
20793042.0, 6634962.0, 4, inf
15742626.0, 10275706.0, 4, inf
17115016.0, 8454286.0, 4, 0.817270605612
19473800.0, 6938980.0, 4, 0.539077982659
20754920.0, 6793840.0, 4, 0.344718882382
18562282.0, 7175856.0, 4, 0.335207541105
18231254.0, 7387298.0, 4, 0.243646385232
17509490.0, 8162924.0, 4, 0.206802503833
17630030.0, 7717302.0, 4, 0.164043495143
17203786.0, 8353554.0, 4, 0.158135377279
17592884.0, 7881132.0, 4, 0.146265949465
18401232.0, 7386192.0, 4, 0.123621290623
17630030.0, 7717302.0, 4, 0.0979969504359
20704750.0, 6994118.0, 5, inf
15776102.0, 10364588.0, 5, inf
17307724.0, 8363158.0, 5, 1.0988854929
15842452.0, 10340694.0, 5, 0.904572381771
17635748.0, 7863284.0, 5, 0.68285314072
19114952.0, 7297500.0, 5, 0.615664702976
19937704.0, 7137096.0, 5, 0.264898475426
19703382.0, 7202162.0, 5, 0.214523583696
20828164.0, 7032250.0, 6, inf
16576838.0, 10419318.0, 6, inf
17681760.0, 8384146.0, 6, 0.6197028261
18206388.0, 7868032.0, 6, 0.617318820986
19621338.0, 7478790.0, 6, 0.538203856751
20600660.0, 7409188.0, 6, 0.325248986638
17681760.0, 8384146.0, 6, 0.270058606285
19963496.0, 7445002.0, 6, 0.250906171026
17854922.0, 8162372.0, 6, 0.246785724226
17761844.0, 8349740.0, 6, 0.10620798141
17756742.0, 8562262.0, 7, inf
21104940.0, 7236494.0, 7, inf
18758096.0, 7949456.0, 7, 1.25558763659
20535404.0, 7699516.0, 7, 0.744412363407
19918056.0, 7753448.0, 7, 0.71934992702
17909868.0, 8841388.0, 8, inf
20053240.0, 7793340.0, 8, inf
Generacion: 24
21273176.0, 6409966.0, 1, inf
15396190.0, 10357056.0, 1, inf
19014720.0, 6445794.0, 1, 0.400204360534
21084776.0, 6432978.0, 1, 0.393365203713
17137942.0, 7175528.0, 1, 0.307328467974
15860506.0, 9129552.0, 1, 0.28538154735
15740250.0, 9907758.0, 1, 0.230615051211
17066932.0, 7894848.0, 1, 0.205078299318
17990104.0, 6729276.0, 1, 0.192565959411
18723386.0, 6642056.0, 1, 0.177458928605
17321632.0, 6852856.0, 1, 0.148681266739
15999702.0, 8955584.0, 1, 0.101924951234
16838794.0, 8537440.0, 1, 0.0947857885146
16887968.0, 8302554.0, 1, 0.0926861689119
15575722.0, 10189252.0, 1, 0.0870858147579
16404970.0, 8713590.0, 1, 0.0775487860647
16200266.0, 8955434.0, 1, 0.0721515514681
18940476.0, 6572470.0, 1, 0.0687053649199
15603204.0, 9972904.0, 1, 0.0684312519842
17714990.0, 6829308.0, 1, 0.0677836940965
16917882.0, 8110988.0, 1, 0.0548911571819
16404970.0, 8713590.0, 1, 0.0548592493718
16838794.0, 8537440.0, 1, 0.052472651888
17865480.0, 6825946.0, 1, 0.0500981238049
16884898.0, 8454676.0, 1, 0.0463851291814
16344840.0, 8728318.0, 1, 0.041479522628
16990278.0, 7960656.0, 1, 0.040340936327
16955246.0, 8093484.0, 1, 0.0400098142178
15403798.0, 10238540.0, 1, 0.0397328473565
16343558.0, 8836068.0, 1, 0.0381316960347
17321632.0, 6852856.0, 1, 0.0372217313116
16279892.0, 8858976.0, 1, 0.03527085425
18828054.0, 6591612.0, 1, 0.0319092411793
17714990.0, 6829308.0, 1, 0.0315725771363
15460844.0, 10221028.0, 1, 0.0239837806456
15683244.0, 9920758.0, 1, 0.022911121801
18828054.0, 6591612.0, 1, 0.0226594580424
17865480.0, 6825946.0, 1, 0.0220571941525
16884898.0, 8454676.0, 1, 0.0214907355742
16279892.0, 8858976.0, 1, 0.0193525509966
17029588.0, 7912218.0, 1, 0.0186261030885
16990278.0, 7960656.0, 1, 0.0182327041592
15603204.0, 9972904.0, 1, 0.0178874583109
15460844.0, 10221028.0, 1, 0.017757164005
15683244.0, 9920758.0, 1, 0.0169127915488
17029588.0, 7912218.0, 1, 0.0110895131266
16955246.0, 8093484.0, 1, 0.0103955380444
16917882.0, 8110988.0, 1, 0.00952468349411
16343558.0, 8836068.0, 1, 0.00602190838488
15403798.0, 10238540.0, 1, 0.00573122738103
15460844.0, 10221028.0, 1, 0.0
15603204.0, 9972904.0, 1, 0.0
16279892.0, 8858976.0, 1, 0.0
16279892.0, 8858976.0, 1, 0.0
16917882.0, 8110988.0, 1, 0.0
16917882.0, 8110988.0, 1, 0.0
17029588.0, 7912218.0, 1, 0.0
17029588.0, 7912218.0, 1, 0.0
17714990.0, 6829308.0, 1, 0.0
17865480.0, 6825946.0, 1, 0.0
17865480.0, 6825946.0, 1, 0.0
17865480.0, 6825946.0, 1, 0.0
15403798.0, 10238540.0, 1, 0.0
15403798.0, 10238540.0, 1, 0.0
15403798.0, 10238540.0, 1, 0.0
15403798.0, 10238540.0, 1, 0.0
15403798.0, 10238540.0, 1, 0.0
15460844.0, 10221028.0, 1, 0.0
15460844.0, 10221028.0, 1, 0.0
15510548.0, 10367646.0, 2, inf
21819392.0, 6411978.0, 2, inf
21819392.0, 6411978.0, 2, inf
19952412.0, 6512358.0, 2, 0.410389531267
18907362.0, 6654064.0, 2, 0.324302898305
15998174.0, 10031192.0, 2, 0.29568825459
16082716.0, 9101098.0, 2, 0.287688835481
17901808.0, 6861838.0, 2, 0.285279018915
17340282.0, 7631018.0, 2, 0.215333338208
19482374.0, 6570024.0, 2, 0.201471945768
17263880.0, 7909658.0, 2, 0.172768671925
17347202.0, 7110114.0, 2, 0.166862114853
17001516.0, 8102026.0, 2, 0.16025199733
16732142.0, 8766198.0, 2, 0.14914697921
16916236.0, 8578870.0, 2, 0.140567396183
16936498.0, 8338292.0, 2, 0.134064554549
17558258.0, 6936640.0, 2, 0.11659413891
16422038.0, 8858982.0, 2, 0.0869546669251
17548844.0, 7101736.0, 2, 0.0773085292174
16398224.0, 8900794.0, 2, 0.0758336493782
16129946.0, 8975812.0, 2, 0.0741966403804
15779980.0, 10080926.0, 2, 0.0638552652481
15661232.0, 10171408.0, 2, 0.0537723648616
15661232.0, 10171408.0, 2, 0.0447209960125
15687496.0, 10088986.0, 2, 0.0416964784148
16129946.0, 8975812.0, 2, 0.0264510016457
15670222.0, 10212024.0, 3, inf
21658666.0, 6541156.0, 3, inf
16138480.0, 9145570.0, 3, 0.399221866556
15946166.0, 10173632.0, 3, 0.368711810737
17745148.0, 6970274.0, 3, 0.368052919394
17511000.0, 7429738.0, 3, 0.365580814398
16983480.0, 8674722.0, 3, 0.324344877942
18881670.0, 6918874.0, 3, 0.308434714219
20140972.0, 6628672.0, 3, 0.307756624133
19241822.0, 6755500.0, 3, 0.289344099535
20792100.0, 6576074.0, 3, 0.277277802805
17312410.0, 8047008.0, 3, 0.267327602039
17157432.0, 8194328.0, 3, 0.225926250695
16502224.0, 8983318.0, 3, 0.182323189731
16431880.0, 9005880.0, 3, 0.104940887546
21077352.0, 6621408.0, 4, inf
15708628.0, 10249696.0, 4, inf
15708628.0, 10249696.0, 4, inf
16631096.0, 9532634.0, 4, 0.789248953262
19106662.0, 6943450.0, 4, 0.549656466193
17169954.0, 8373666.0, 4, 0.486356171545
20233394.0, 6692814.0, 4, 0.347261791203
18003908.0, 7180396.0, 4, 0.344971595778
17543696.0, 7599510.0, 4, 0.326227068621
17477062.0, 8339714.0, 4, 0.282981424258
17775816.0, 7357972.0, 4, 0.126970761917
20519764.0, 6638486.0, 4, 0.12018698434
20793042.0, 6634962.0, 4, 0.108565473581
17843040.0, 7341126.0, 4, 0.0914274185796
21500306.0, 6637656.0, 5, inf
15760698.0, 10326852.0, 5, inf
17630030.0, 7717302.0, 5, 1.25411665326
20308130.0, 6815144.0, 5, 0.50975590155
18449616.0, 7192670.0, 5, 0.461526656302
18271056.0, 7313730.0, 5, 0.249613698179
20782778.0, 6738752.0, 5, 0.172202568709
20754920.0, 6793840.0, 5, 0.103403887577
18282126.0, 7215570.0, 5, 0.0639248764859
15776102.0, 10364588.0, 6, inf
20689848.0, 6977660.0, 6, inf
17630520.0, 10296718.0, 6, 0.950819822477
17696900.0, 8468190.0, 6, 0.724347110767
19311164.0, 7193012.0, 6, 0.702868822057
18495250.0, 7845542.0, 6, 0.534059873824
17720608.0, 7905502.0, 6, 0.346311355466
17761844.0, 8349740.0, 7, inf
21039246.0, 7189030.0, 7, inf
18883960.0, 7901666.0, 7, 1.04532704536
19990614.0, 7502354.0, 7, 0.948089338575
18295168.0, 8115224.0, 7, 0.728414136354
20600660.0, 7409188.0, 7, 0.589899982071
21104940.0, 7236494.0, 8, inf
18133820.0, 8361552.0, 8, inf
19065092.0, 8283672.0, 8, 0.747083776275
20514392.0, 7668534.0, 8, 0.713634120666
Generacion: 25
15396190.0, 10357056.0, 1, inf
23073800.0, 6397026.0, 1, inf
21273176.0, 6409966.0, 1, 0.328810781183
17258674.0, 7183218.0, 1, 0.296301685841
15860506.0, 9129552.0, 1, 0.22344819314
15740250.0, 9907758.0, 1, 0.222886155904
17066932.0, 7894848.0, 1, 0.213927706307
19127760.0, 6426982.0, 1, 0.212194846107
20576966.0, 6411286.0, 1, 0.189090769646
18154450.0, 6614188.0, 1, 0.143905410696
16361670.0, 8756826.0, 1, 0.135363857609
17321632.0, 6852856.0, 1, 0.134658549106
16838794.0, 8537440.0, 1, 0.126717145612
18828054.0, 6591612.0, 1, 0.112913764223
20576966.0, 6411286.0, 1, 0.0946441696887
17990104.0, 6729276.0, 1, 0.0921971865902
17714990.0, 6829308.0, 1, 0.0765456543028
15999702.0, 8955584.0, 1, 0.0728951076169
15542794.0, 10203558.0, 1, 0.0661167656972
16875476.0, 8520038.0, 1, 0.0657190548764
15545662.0, 9985616.0, 1, 0.0625302219274
15915592.0, 9113336.0, 1, 0.0620611015435
16990278.0, 7960656.0, 1, 0.0620513997479
18940476.0, 6572470.0, 1, 0.0611354832306
19014720.0, 6445794.0, 1, 0.0611326443281
17839136.0, 6816656.0, 1, 0.0610937013547
16887968.0, 8302554.0, 1, 0.058816050554
16917882.0, 8110988.0, 1, 0.0578043829886
16887968.0, 8302554.0, 1, 0.0500019548893
16917882.0, 8110988.0, 1, 0.0418586032619
16266706.0, 8778408.0, 1, 0.0389566307253
15403798.0, 10238540.0, 1, 0.0373582329395
15683244.0, 9920758.0, 1, 0.0343009716327
16115270.0, 8883696.0, 1, 0.0335085811369
16062134.0, 8900254.0, 1, 0.0332059988325
16266706.0, 8778408.0, 1, 0.0251743260611
16115270.0, 8883696.0, 1, 0.0239056488036
15603204.0, 9972904.0, 1, 0.0206628623367
17026968.0, 7921528.0, 1, 0.0173518084597
15485788.0, 10216558.0, 1, 0.015085477351
17321632.0, 6852856.0, 1, 0.0141466277355
15603204.0, 9972904.0, 1, 0.0136351959667
15460844.0, 10221028.0, 1, 0.00855895616632
15460844.0, 10221028.0, 1, 0.007671116447
17029588.0, 7912218.0, 1, 0.00721500596138
15403798.0, 10238540.0, 1, 0.00541312209719
17029588.0, 7912218.0, 1, 0.00472758243684
15545662.0, 9985616.0, 1, 0.00358363044049
17029588.0, 7912218.0, 1, 0.0
17321632.0, 6852856.0, 1, 0.0
17321632.0, 6852856.0, 1, 0.0
17321632.0, 6852856.0, 1, 0.0
15403798.0, 10238540.0, 1, 0.0
15403798.0, 10238540.0, 1, 0.0
15403798.0, 10238540.0, 1, 0.0
15403798.0, 10238540.0, 1, 0.0
15403798.0, 10238540.0, 1, 0.0
15403798.0, 10238540.0, 1, 0.0
15545662.0, 9985616.0, 1, 0.0
16917882.0, 8110988.0, 1, 0.0
20070532.0, 6500012.0, 2, inf
15449816.0, 10340174.0, 2, inf
16129946.0, 8975812.0, 2, 0.366220178811
15998174.0, 10031192.0, 2, 0.343843792026
17397772.0, 7888194.0, 2, 0.308766160662
17487394.0, 7005166.0, 2, 0.285727771555
18723386.0, 6642056.0, 2, 0.272211376326
16916236.0, 8578870.0, 2, 0.272040113465
19482374.0, 6570024.0, 2, 0.228631255289
17865480.0, 6825946.0, 2, 0.212729648529
16368406.0, 8806540.0, 2, 0.210656647249
17161510.0, 7920044.0, 2, 0.169603096254
18875066.0, 6619652.0, 2, 0.137265707875
16995850.0, 8205470.0, 2, 0.130449412782
16922036.0, 8221970.0, 2, 0.114465278498
19852204.0, 6553746.0, 2, 0.113606216811
15847512.0, 10061504.0, 2, 0.0822857861534
15687496.0, 10088986.0, 2, 0.0689337244505
17745148.0, 6970274.0, 2, 0.0663016119291
17835610.0, 6929878.0, 2, 0.0636256826214
19966848.0, 6536392.0, 2, 0.06124245901
15575722.0, 10189252.0, 2, 0.058053380845
17865480.0, 6825946.0, 2, 0.0543503667712
16279892.0, 8858976.0, 2, 0.0495806638303
15524058.0, 10308716.0, 2, 0.0471763111517
16279892.0, 8858976.0, 2, 0.0461054472605
18875066.0, 6619652.0, 2, 0.0457494946259
15661232.0, 10171408.0, 2, 0.0345362681796
17745148.0, 6970274.0, 2, 0.0286635604086
17487394.0, 7005166.0, 2, 0.0284817704003
15524058.0, 10308716.0, 2, 0.0193727930839
15633264.0, 10176540.0, 2, 0.0137894503559
15633264.0, 10176540.0, 2, 0.0093630186241
17865480.0, 6825946.0, 2, 0.0
17865480.0, 6825946.0, 2, 0.0
17865480.0, 6825946.0, 2, 0.0
17865480.0, 6825946.0, 2, 0.0
20163234.0, 6535040.0, 3, inf
15581104.0, 10291204.0, 3, inf
16190860.0, 9090364.0, 3, 0.736111489902
17028668.0, 8606654.0, 3, 0.370647155782
17256686.0, 8001374.0, 3, 0.309682184756
15593656.0, 10195270.0, 3, 0.296897419937
18775202.0, 6753944.0, 3, 0.244297329839
18910494.0, 6654456.0, 3, 0.241560533432
19737428.0, 6635380.0, 3, 0.239043372098
17507236.0, 7614024.0, 3, 0.227131937632
18025978.0, 6847002.0, 3, 0.219333252252
17034198.0, 8389472.0, 3, 0.210905570399
17868668.0, 6955324.0, 3, 0.157504838267
15593656.0, 10195270.0, 3, 0.155873691317
17507888.0, 7354150.0, 3, 0.128859975698
19968310.0, 6623706.0, 3, 0.119640948561
17581312.0, 7190728.0, 3, 0.106220004348
17581312.0, 7190728.0, 3, 0.0786953737991
17901808.0, 6861838.0, 3, 0.0519874406488
17901808.0, 6861838.0, 3, 0.0111822185909
21658666.0, 6541156.0, 4, inf
15670222.0, 10212024.0, 4, inf
17126932.0, 8399710.0, 4, 0.864009284446
17937294.0, 6869838.0, 4, 0.5630225727
20118578.0, 6710596.0, 4, 0.540860241204
17543696.0, 7599510.0, 4, 0.42502723207
20793042.0, 6634962.0, 4, 0.303334675964
17312410.0, 8047008.0, 4, 0.287581296708
17937294.0, 6869838.0, 4, 0.109106186285
17937294.0, 6869838.0, 4, 0.0
16763728.0, 10400328.0, 5, inf
21863866.0, 6557672.0, 5, inf
17940866.0, 6878956.0, 5, 0.802571500047
17349146.0, 8477134.0, 5, 0.688303582861
20743280.0, 6779942.0, 5, 0.626171543429
17787600.0, 7637016.0, 5, 0.341246063451
20913006.0, 6712128.0, 5, 0.27755960438
17608828.0, 7940076.0, 5, 0.191605549703
17546514.0, 8191646.0, 5, 0.105721344077
17419792.0, 8249720.0, 5, 0.0849575027155
17428022.0, 8210100.0, 5, 0.0399597630083
18380824.0, 6889086.0, 6, inf
17490758.0, 9298436.0, 6, inf
17532116.0, 8314570.0, 6, 1.29128305665
18054874.0, 7714308.0, 6, 1.17249951157
18120210.0, 7081540.0, 6, 0.70871694335
17761844.0, 8349740.0, 7, inf
18834694.0, 6902486.0, 7, inf
18258898.0, 8057432.0, 7, 1.02770515918
18741452.0, 7620288.0, 7, 0.972294840821
18442834.0, 7781032.0, 7, 0.751837658005
19235248.0, 7244634.0, 8, inf
18494676.0, 8597210.0, 8, inf
Generacion: 26
21186558.0, 6293676.0, 1, inf
15307054.0, 10433632.0, 1, inf
15860506.0, 9129552.0, 1, 0.222267830529
15740250.0, 9907758.0, 1, 0.221263733388
16707520.0, 8437430.0, 1, 0.208645532632
17027528.0, 7319250.0, 1, 0.199069873238
19482374.0, 6570024.0, 1, 0.183282372043
16320338.0, 8766650.0, 1, 0.174555773054
17026968.0, 7921528.0, 1, 0.166908852019
20576966.0, 6411286.0, 1, 0.155624897341
18828054.0, 6591612.0, 1, 0.14376608703
18154450.0, 6614188.0, 1, 0.137723003117
20070532.0, 6500012.0, 1, 0.110453951647
17137942.0, 7175528.0, 1, 0.102272788634
18940476.0, 6572470.0, 1, 0.0967910191046
16062134.0, 8900254.0, 1, 0.0924233766496
19966848.0, 6536392.0, 1, 0.091188021212
15860506.0, 9129552.0, 1, 0.0758400049911
17529700.0, 6819712.0, 1, 0.0719727773863
20462766.0, 6428310.0, 1, 0.0708242109978
15495622.0, 10182968.0, 1, 0.069548463502
16981586.0, 7977896.0, 1, 0.0643173772848
17321632.0, 6852856.0, 1, 0.0598194268226
17197514.0, 7015538.0, 1, 0.0597556223924
16279892.0, 8858976.0, 1, 0.059338000863
15545662.0, 9985616.0, 1, 0.0574569518375
17839136.0, 6816656.0, 1, 0.0545818042335
16887968.0, 8302554.0, 1, 0.0528671053753
16911510.0, 8210746.0, 1, 0.0513603166057
17197514.0, 7015538.0, 1, 0.0494277339179
17986686.0, 6808574.0, 1, 0.0467835003962
17990104.0, 6729276.0, 1, 0.044869288516
16062134.0, 8900254.0, 1, 0.0442640063335
15396190.0, 10357056.0, 1, 0.0437878199074
18110570.0, 6710048.0, 1, 0.0436439787639
20462766.0, 6428310.0, 1, 0.0367429148881
16887968.0, 8302554.0, 1, 0.0365831694682
16917882.0, 8110988.0, 1, 0.0349313189347
15403798.0, 10238540.0, 1, 0.0345452035234
16917882.0, 8110988.0, 1, 0.0332319326473
15438592.0, 10198152.0, 1, 0.0290409750065
17839136.0, 6816656.0, 1, 0.0258338264238
19966848.0, 6536392.0, 1, 0.0257585787335
17321632.0, 6852856.0, 1, 0.0253760299523
17442302.0, 6835196.0, 1, 0.0242639764748
15603204.0, 9972904.0, 1, 0.0223826660239
15683244.0, 9920758.0, 1, 0.0222915018713
15396190.0, 10357056.0, 1, 0.0197908016456
18940476.0, 6572470.0, 1, 0.0197118282184
17442302.0, 6835196.0, 1, 0.0191306051682
16279892.0, 8858976.0, 1, 0.0168497890798
15683244.0, 9920758.0, 1, 0.0167535232303
15603204.0, 9972904.0, 1, 0.0166839572736
18154450.0, 6614188.0, 1, 0.0129164126374
18110570.0, 6710048.0, 1, 0.0121077083903
15545662.0, 9985616.0, 1, 0.0115814860447
15403798.0, 10238540.0, 1, 0.0110496459425
15403798.0, 10238540.0, 1, 0.0
15403798.0, 10238540.0, 1, 0.0
15403798.0, 10238540.0, 1, 0.0
15545662.0, 9985616.0, 1, 0.0
15683244.0, 9920758.0, 1, 0.0
16917882.0, 8110988.0, 1, 0.0
16917882.0, 8110988.0, 1, 0.0
17442302.0, 6835196.0, 1, 0.0
17839136.0, 6816656.0, 1, 0.0
18154450.0, 6614188.0, 1, 0.0
20462766.0, 6428310.0, 1, 0.0
15403798.0, 10238540.0, 1, 0.0
15403798.0, 10238540.0, 1, 0.0
21273176.0, 6409966.0, 2, inf
15460844.0, 10221028.0, 2, inf
20609674.0, 6429038.0, 2, 0.407978744502
18977032.0, 6588022.0, 2, 0.356033917751
17258674.0, 7183218.0, 2, 0.319466827808
15940636.0, 10043976.0, 2, 0.268330954452
15985432.0, 9193012.0, 2, 0.246262784637
16368406.0, 8806540.0, 2, 0.225146187132
17029588.0, 7912218.0, 2, 0.209789368513
17360408.0, 6911624.0, 2, 0.171372126524
16875476.0, 8520038.0, 2, 0.148463200742
17865480.0, 6825946.0, 2, 0.140435825535
18455930.0, 6779922.0, 2, 0.137588362302
17029588.0, 7912218.0, 2, 0.120690866693
21088020.0, 6417334.0, 2, 0.119158560501
16922036.0, 8221970.0, 2, 0.117112347142
17714990.0, 6829308.0, 2, 0.109378016693
16920044.0, 8286714.0, 2, 0.0862218243559
16875476.0, 8520038.0, 2, 0.0828442551691
18639710.0, 6624290.0, 2, 0.0826570622928
15779980.0, 10080926.0, 2, 0.0815082935946
16249804.0, 8967840.0, 2, 0.0762160578618
18568524.0, 6762564.0, 2, 0.0724558894828
18836694.0, 6623388.0, 2, 0.0675520773605
15661232.0, 10171408.0, 2, 0.0503307368192
16185130.0, 9072644.0, 2, 0.0419105442017
16043958.0, 9173200.0, 2, 0.0389314748861
16196668.0, 8984398.0, 2, 0.0386269774937
15542794.0, 10203558.0, 2, 0.0358734335804
16089708.0, 9113014.0, 2, 0.0339034251336
16113284.0, 9089448.0, 2, 0.0270100105539
15633264.0, 10176540.0, 2, 0.0169117873408
15633264.0, 10176540.0, 2, 0.011901200495
15485788.0, 10216558.0, 2, 0.0109806687588
15485788.0, 10216558.0, 2, 0.00770268757423
15485788.0, 10216558.0, 2, 0.0
21819392.0, 6411978.0, 3, inf
21819392.0, 6411978.0, 3, inf
15524058.0, 10308716.0, 3, inf
15524058.0, 10308716.0, 3, inf
18723386.0, 6642056.0, 3, 0.527135810748
16235148.0, 9080802.0, 3, 0.476990619001
15601434.0, 10204016.0, 3, 0.414512747399
20920802.0, 6584754.0, 3, 0.407003240713
16419342.0, 8851584.0, 3, 0.23699758451
17479712.0, 7304140.0, 3, 0.218952889977
17379030.0, 7791292.0, 3, 0.208601992348
17161510.0, 7920044.0, 3, 0.208283689718
17034198.0, 8389472.0, 3, 0.197753233405
18025978.0, 6847002.0, 3, 0.183323523268
17487394.0, 7005166.0, 3, 0.148189801238
21658666.0, 6541156.0, 3, 0.143834266499
21184956.0, 6579754.0, 3, 0.128396410632
16916236.0, 8578870.0, 3, 0.0834809949218
17937294.0, 6869838.0, 3, 0.0773259145716
16916236.0, 8578870.0, 3, 0.0757138903186
16952300.0, 8561138.0, 3, 0.0673422478358
17937294.0, 6869838.0, 3, 0.0488157933946
15581104.0, 10291204.0, 3, 0.039159634953
17487394.0, 7005166.0, 3, 0.035948803335
17937294.0, 6869838.0, 3, 0.0
17937294.0, 6869838.0, 3, 0.0
17937294.0, 6869838.0, 3, 0.0
17937294.0, 6869838.0, 3, 0.0
17937294.0, 6869838.0, 3, 0.0
15760698.0, 10326852.0, 4, inf
21834088.0, 6427992.0, 4, inf
15760698.0, 10326852.0, 4, inf
20233394.0, 6692814.0, 4, 0.573350225211
16240814.0, 9244164.0, 4, 0.449188044551
15817208.0, 10309052.0, 4, 0.356745870472
17581312.0, 7190728.0, 4, 0.351605061709
17100742.0, 8582302.0, 4, 0.325543155122
18058500.0, 6852466.0, 4, 0.297493401144
18864316.0, 6756936.0, 4, 0.266886620176
17463690.0, 7841482.0, 4, 0.221631752173
17419792.0, 8249720.0, 4, 0.214413567069
16499658.0, 8928280.0, 4, 0.205035150264
18729140.0, 6767700.0, 4, 0.157181805851
16489896.0, 8989568.0, 4, 0.123638940934
Generacion: 27
15251506.0, 10450084.0, 1, inf
19822694.0, 6273594.0, 1, inf
17037622.0, 7118450.0, 1, 0.330009577587
16917882.0, 8110988.0, 1, 0.244192870977
15740250.0, 9907758.0, 1, 0.22822091283
19127760.0, 6426982.0, 1, 0.217984408438
15860506.0, 9129552.0, 1, 0.198380844711
16675858.0, 8453042.0, 1, 0.189578384549
16458066.0, 8701544.0, 1, 0.167410883412
18828054.0, 6591612.0, 1, 0.125446384893
18275566.0, 6595074.0, 1, 0.125439680699
16266706.0, 8778408.0, 1, 0.118389369157
16887968.0, 8302554.0, 1, 0.0922692066842
17403102.0, 6832300.0, 1, 0.0916898182803
15307054.0, 10433632.0, 1, 0.0839667730958
15999702.0, 8955584.0, 1, 0.0830771462095
19014720.0, 6445794.0, 1, 0.0758055240947
18940476.0, 6572470.0, 1, 0.0757493431973
17161722.0, 6955492.0, 1, 0.0740000847609
16086926.0, 8856902.0, 1, 0.0739267388668
15915592.0, 9113336.0, 1, 0.072104843725
16917882.0, 8110988.0, 1, 0.0720622057908
17714990.0, 6829308.0, 1, 0.0712584285885
18110570.0, 6710048.0, 1, 0.0635087331167
15545662.0, 9985616.0, 1, 0.0634766398259
15438592.0, 10198152.0, 1, 0.0585002529435
15403798.0, 10238540.0, 1, 0.054323539962
17986686.0, 6808574.0, 1, 0.0539478625811
17161722.0, 6955492.0, 1, 0.0517230063604
18154450.0, 6614188.0, 1, 0.0494478070133
17990104.0, 6729276.0, 1, 0.0453400811658
16887968.0, 8302554.0, 1, 0.0425762024344
17321632.0, 6852856.0, 1, 0.04239720309
17321632.0, 6852856.0, 1, 0.0399039897146
17839136.0, 6816656.0, 1, 0.0353075991761
15438592.0, 10198152.0, 1, 0.0330931163752
15403798.0, 10238540.0, 1, 0.0308341849989
15860506.0, 9129552.0, 1, 0.0301900706052
17839136.0, 6816656.0, 1, 0.0290934844754
17714990.0, 6829308.0, 1, 0.0278747577455
18275566.0, 6595074.0, 1, 0.0273244450514
15545662.0, 9985616.0, 1, 0.0264664992877
18828054.0, 6591612.0, 1, 0.0254225324633
15603204.0, 9972904.0, 1, 0.0250735788823
15683244.0, 9920758.0, 1, 0.0249563227117
16062134.0, 8900254.0, 1, 0.0240377268304
15683244.0, 9920758.0, 1, 0.0206223330355
15603204.0, 9972904.0, 1, 0.0205533756095
16062134.0, 8900254.0, 1, 0.0186715020075
18154450.0, 6614188.0, 1, 0.0141758254387
17990104.0, 6729276.0, 1, 0.00535159277482
17714990.0, 6829308.0, 1, 0.0
17714990.0, 6829308.0, 1, 0.0
18154450.0, 6614188.0, 1, 0.0
18275566.0, 6595074.0, 1, 0.0
18275566.0, 6595074.0, 1, 0.0
18828054.0, 6591612.0, 1, 0.0
15403798.0, 10238540.0, 1, 0.0
15403798.0, 10238540.0, 1, 0.0
15403798.0, 10238540.0, 1, 0.0
15403798.0, 10238540.0, 1, 0.0
15403798.0, 10238540.0, 1, 0.0
15403798.0, 10238540.0, 1, 0.0
15545662.0, 9985616.0, 1, 0.0
15545662.0, 9985616.0, 1, 0.0
15545662.0, 9985616.0, 1, 0.0
15683244.0, 9920758.0, 1, 0.0
16062134.0, 8900254.0, 1, 0.0
17321632.0, 6852856.0, 1, 0.0
17321632.0, 6852856.0, 1, 0.0
17714990.0, 6829308.0, 1, 0.0
21230622.0, 6276784.0, 2, inf
15298702.0, 10468490.0, 2, inf
15739040.0, 10138318.0, 2, 0.4024184517
16115270.0, 8883696.0, 2, 0.39638450105
17066932.0, 7894848.0, 2, 0.334254017066
17197514.0, 7015538.0, 2, 0.251040011277
16736514.0, 8518710.0, 2, 0.220100677063
19966848.0, 6536392.0, 2, 0.197548769775
17865480.0, 6825946.0, 2, 0.184063399454
16343558.0, 8836068.0, 2, 0.158153117756
18836694.0, 6623388.0, 2, 0.155001902037
20576966.0, 6411286.0, 2, 0.140039071553
18455930.0, 6779922.0, 2, 0.136666313218
20576966.0, 6411286.0, 2, 0.134941027495
17442302.0, 6835196.0, 2, 0.114362660634
19482374.0, 6570024.0, 2, 0.113306250657
18639710.0, 6624290.0, 2, 0.101532742834
15354226.0, 10454222.0, 2, 0.0863699204096
16898672.0, 8305734.0, 2, 0.0862858312009
15460844.0, 10221028.0, 2, 0.0788772867588
16922036.0, 8221970.0, 2, 0.0783761118185
19603318.0, 6551338.0, 2, 0.0657415498514
17197514.0, 7015538.0, 2, 0.0650369785614
16279892.0, 8858976.0, 2, 0.0498471108634
17442302.0, 6835196.0, 2, 0.0434729729401
18455930.0, 6779922.0, 2, 0.0419613148599
16922036.0, 8221970.0, 2, 0.0398722323564
15575722.0, 10189252.0, 2, 0.034046356566
19482374.0, 6570024.0, 2, 0.0331195315459
15575722.0, 10189252.0, 2, 0.0273121655835
15485788.0, 10216558.0, 2, 0.0269467580488
19603318.0, 6551338.0, 2, 0.023954289518
16920044.0, 8286714.0, 2, 0.0239219627416
20576966.0, 6411286.0, 2, 0.0
17442302.0, 6835196.0, 2, 0.0
17442302.0, 6835196.0, 2, 0.0
17442302.0, 6835196.0, 2, 0.0
15645744.0, 10422460.0, 3, inf
20609674.0, 6429038.0, 3, inf
19852204.0, 6553746.0, 3, 0.463644711716
18729140.0, 6767700.0, 3, 0.441333988478
16176230.0, 9140564.0, 3, 0.411390055399
17146498.0, 7904078.0, 3, 0.31976599674
16922712.0, 8439492.0, 3, 0.302848920462
16249804.0, 8967840.0, 3, 0.282714841616
15655556.0, 10191934.0, 3, 0.265252116111
17283622.0, 7105926.0, 3, 0.255588377641
18025978.0, 6847002.0, 3, 0.185096537769
17745148.0, 6970274.0, 3, 0.162705975842
15655556.0, 10191934.0, 3, 0.162617918305
17087862.0, 8225400.0, 3, 0.144171590113
17404220.0, 7090740.0, 3, 0.12694479014
17034198.0, 8389472.0, 3, 0.0868811734095
16196668.0, 8984398.0, 3, 0.058073852041
17937294.0, 6869838.0, 3, 0.0444268466209
17937294.0, 6869838.0, 3, 0.0430160428041
20873238.0, 6523498.0, 4, inf
15727784.0, 10197056.0, 4, inf
17105246.0, 8551072.0, 4, 0.78868564863
17598510.0, 7286916.0, 4, 0.371860026294
19405148.0, 6812722.0, 4, 0.308560634512
18884244.0, 6826552.0, 4, 0.27253500917
20217754.0, 6645086.0, 4, 0.266129489897
17452972.0, 7978940.0, 4, 0.250255445568
18058500.0, 6852466.0, 4, 0.220000461149
17945868.0, 6964790.0, 4, 0.207661450952
17203786.0, 8353554.0, 4, 0.189731647406
17351000.0, 8029536.0, 4, 0.150404175365
20443554.0, 6576442.0, 4, 0.131497538148
20796708.0, 6575362.0, 4, 0.0827523696582
20796708.0, 6575362.0, 4, 0.0151673160397
15752804.0, 10251522.0, 5, inf
21184956.0, 6579754.0, 5, inf
17230124.0, 8417400.0, 5, 1.26628285439
15809120.0, 10238778.0, 5, 0.771478638811
18236198.0, 7229822.0, 5, 0.624976864824
20233394.0, 6692814.0, 5, 0.603544496365
18429664.0, 6933438.0, 5, 0.513915273301
15767404.0, 10457936.0, 6, inf
Generacion: 28
19185380.0, 6284830.0, 1, inf
15251506.0, 10450084.0, 1, inf
15251506.0, 10450084.0, 1, inf
16808386.0, 8032440.0, 1, 0.328512353204
16906902.0, 7329338.0, 1, 0.277704325231
16675858.0, 8453042.0, 1, 0.24969158907
15804256.0, 9530108.0, 1, 0.217402141118
18154450.0, 6614188.0, 1, 0.193299518999
16458066.0, 8701544.0, 1, 0.182121722185
18828054.0, 6591612.0, 1, 0.175827355237
17037622.0, 7118450.0, 1, 0.125472925729
16266706.0, 8778408.0, 1, 0.114160660795
15740250.0, 9907758.0, 1, 0.105157798592
15860506.0, 9129552.0, 1, 0.1024682287
15307054.0, 10433632.0, 1, 0.0895007627785
17403102.0, 6832300.0, 1, 0.0842177745163
19014720.0, 6445794.0, 1, 0.0825369944994
17714990.0, 6829308.0, 1, 0.0823201711529
19127760.0, 6426982.0, 1, 0.0820266344011
15495622.0, 10182968.0, 1, 0.0782433850299
15999702.0, 8955584.0, 1, 0.0773100810082
15885298.0, 9086200.0, 1, 0.0771504302731
17132118.0, 7045174.0, 1, 0.0706696954735
18016714.0, 6706106.0, 1, 0.0694076266102
17839136.0, 6816656.0, 1, 0.0677850414324
17283788.0, 6939118.0, 1, 0.065290491445
17161722.0, 6955492.0, 1, 0.0640169424917
16140062.0, 8840344.0, 1, 0.0637730766297
15545662.0, 9985616.0, 1, 0.062007855298
17899764.0, 6742608.0, 1, 0.0593547322707
18940476.0, 6572470.0, 1, 0.0589904872228
15403798.0, 10238540.0, 1, 0.0556826763716
17321632.0, 6852856.0, 1, 0.0414197666205
18154450.0, 6614188.0, 1, 0.0404328919634
17990104.0, 6729276.0, 1, 0.038492415535
15403798.0, 10238540.0, 1, 0.0342889592396
16115270.0, 8883696.0, 1, 0.0341927569317
18828054.0, 6591612.0, 1, 0.0339980137746
17714990.0, 6829308.0, 1, 0.0322765279974
16055284.0, 8944168.0, 1, 0.0291540645776
15603204.0, 9972904.0, 1, 0.0271465959366
15683244.0, 9920758.0, 1, 0.0270103434791
15860506.0, 9129552.0, 1, 0.0247068906985
15438592.0, 10198152.0, 1, 0.0241935672672
16062134.0, 8900254.0, 1, 0.024050230338
18940476.0, 6572470.0, 1, 0.0234686370878
15683244.0, 9920758.0, 1, 0.0234674139441
15603204.0, 9972904.0, 1, 0.0233982705018
17403102.0, 6832300.0, 1, 0.0214281886759
15740250.0, 9907758.0, 1, 0.019391533527
15545662.0, 9985616.0, 1, 0.0157722001192
17321632.0, 6852856.0, 1, 0.014555146786
15438592.0, 10198152.0, 1, 0.0124901123647
16062134.0, 8900254.0, 1, 0.00571655384546
15545662.0, 9985616.0, 1, 0.0
15545662.0, 9985616.0, 1, 0.0
15603204.0, 9972904.0, 1, 0.0
15603204.0, 9972904.0, 1, 0.0
15603204.0, 9972904.0, 1, 0.0
15603204.0, 9972904.0, 1, 0.0
15683244.0, 9920758.0, 1, 0.0
15740250.0, 9907758.0, 1, 0.0
15860506.0, 9129552.0, 1, 0.0
15860506.0, 9129552.0, 1, 0.0
16062134.0, 8900254.0, 1, 0.0
16062134.0, 8900254.0, 1, 0.0
17321632.0, 6852856.0, 1, 0.0
17321632.0, 6852856.0, 1, 0.0
17714990.0, 6829308.0, 1, 0.0
17714990.0, 6829308.0, 1, 0.0
17714990.0, 6829308.0, 1, 0.0
18154450.0, 6614188.0, 1, 0.0
18828054.0, 6591612.0, 1, 0.0
18828054.0, 6591612.0, 1, 0.0
18828054.0, 6591612.0, 1, 0.0
15251506.0, 10450084.0, 1, 0.0
15251506.0, 10450084.0, 1, 0.0
15251506.0, 10450084.0, 1, 0.0
15403798.0, 10238540.0, 1, 0.0
15403798.0, 10238540.0, 1, 0.0
15438592.0, 10198152.0, 1, 0.0
15438592.0, 10198152.0, 1, 0.0
15438592.0, 10198152.0, 1, 0.0
15438592.0, 10198152.0, 1, 0.0
15545662.0, 9985616.0, 1, 0.0
15545662.0, 9985616.0, 1, 0.0
15545662.0, 9985616.0, 1, 0.0
15545662.0, 9985616.0, 1, 0.0
15298702.0, 10468490.0, 2, inf
19802394.0, 6290512.0, 2, inf
15915592.0, 9113336.0, 2, 0.375459323128
15707486.0, 9963728.0, 2, 0.317166246582
16343558.0, 8836068.0, 2, 0.284257340863
17197514.0, 7015538.0, 2, 0.270477983644
18110570.0, 6710048.0, 2, 0.234503605737
17066932.0, 7894848.0, 2, 0.218754915397
18723386.0, 6642056.0, 2, 0.191385034091
18875066.0, 6619652.0, 2, 0.185766609847
17865480.0, 6825946.0, 2, 0.178336463325
19482374.0, 6570024.0, 2, 0.17805208269
16887968.0, 8302554.0, 2, 0.166732190378
16274360.0, 8920944.0, 2, 0.161389752224
19603318.0, 6551338.0, 2, 0.13795851883
16887968.0, 8302554.0, 2, 0.134338805293
16917882.0, 8110988.0, 2, 0.124872323802
17442302.0, 6835196.0, 2, 0.112255524039
15633264.0, 10176540.0, 2, 0.0939715859637
17029588.0, 7912218.0, 2, 0.084828228515
15460844.0, 10221028.0, 2, 0.077426269053
17360408.0, 6911624.0, 2, 0.0664971413147
17318184.0, 6997878.0, 2, 0.0610408319368
15542794.0, 10203558.0, 2, 0.048932358624
15460844.0, 10221028.0, 2, 0.040183466438
17066932.0, 7894848.0, 2, 0.0331519474149
17442302.0, 6835196.0, 2, 0.0203977375498
15581104.0, 10291204.0, 3, inf
21186558.0, 6293676.0, 3, inf
16080524.0, 9342936.0, 3, 0.374928127563
17611596.0, 6860582.0, 3, 0.345824571254
17560158.0, 7897246.0, 3, 0.340568149387
20143378.0, 6627628.0, 3, 0.308172984204
15792626.0, 10125948.0, 3, 0.289757573607
16555266.0, 8882228.0, 3, 0.286293467624
19183768.0, 6632000.0, 3, 0.226654795229
18025978.0, 6847002.0, 3, 0.222602118245
16311016.0, 8996852.0, 3, 0.199941095737
20736236.0, 6507212.0, 3, 0.181046904515
18729140.0, 6767700.0, 3, 0.171087458459
17249040.0, 7963456.0, 3, 0.161871710838
16920044.0, 8286714.0, 3, 0.149325931991
20988146.0, 6506334.0, 3, 0.133753412654
18910494.0, 6654456.0, 3, 0.0892433321017
16920044.0, 8286714.0, 3, 0.081271558768
15710310.0, 10237232.0, 3, 0.0790745823266
16964184.0, 8119314.0, 3, 0.0764975202555
18849638.0, 6750468.0, 3, 0.0606816402337
16964184.0, 8119314.0, 3, 0.0465077004514
16922036.0, 8221970.0, 3, 0.0260352383422
16922036.0, 8221970.0, 3, 0.0237151146334
15817208.0, 10309052.0, 4, inf
20873238.0, 6523498.0, 4, inf
16821340.0, 10115944.0, 4, 0.747781045382
17034198.0, 8389472.0, 4, 0.659371873305
19241822.0, 6755500.0, 4, 0.515313891528
17537452.0, 8156024.0, 4, 0.395618241023
20217754.0, 6645086.0, 4, 0.383953531238
17629248.0, 7337364.0, 4, 0.35932288653
17901808.0, 6861838.0, 4, 0.347739010173
17780002.0, 6977390.0, 4, 0.179523868025
16817092.0, 10383956.0, 5, inf
Generacion: 29
15251506.0, 10450084.0, 1, inf
15251506.0, 10450084.0, 1, inf
19185380.0, 6284830.0, 1, inf
16808386.0, 8032440.0, 1, 0.350743365331
17025916.0, 7313618.0, 1, 0.319317634588
16458066.0, 8701544.0, 1, 0.245894798815
18828054.0, 6591612.0, 1, 0.225169421584
15786902.0, 9905538.0, 1, 0.217402141118
15860506.0, 9129552.0, 1, 0.200302793522
18275566.0, 6595074.0, 1, 0.176651794755
16115270.0, 8883696.0, 1, 0.148353417727
18986544.0, 6409982.0, 1, 0.131234314266
16675858.0, 8453042.0, 1, 0.126820650179
17132118.0, 7045174.0, 1, 0.11518407706
17403102.0, 6832300.0, 1, 0.105645963192
16707520.0, 8437430.0, 1, 0.105279119732
17714990.0, 6829308.0, 1, 0.0823201711529
19072340.0, 6303642.0, 1, 0.080591244708
17281742.0, 6937718.0, 1, 0.0706080086501
18063094.0, 6627720.0, 1, 0.0694076266102
17990104.0, 6729276.0, 1, 0.0691013407471
15545662.0, 9985616.0, 1, 0.065653251233
18154450.0, 6614188.0, 1, 0.0618485781701
15307054.0, 10433632.0, 1, 0.0609583918622
15438592.0, 10198152.0, 1, 0.0598706562643
17899764.0, 6742608.0, 1, 0.0593547322707
15403798.0, 10238540.0, 1, 0.0556826763716
15915592.0, 9113336.0, 1, 0.0546170802374
17839136.0, 6816656.0, 1, 0.0493357517566
16055284.0, 8944168.0, 1, 0.0460529686057
16055284.0, 8944168.0, 1, 0.0423553758717
17321632.0, 6852856.0, 1, 0.0410836526644
15915592.0, 9113336.0, 1, 0.0394031940662
15438592.0, 10198152.0, 1, 0.0369138526652
17197514.0, 7015538.0, 1, 0.0353069509544
15403798.0, 10238540.0, 1, 0.0342889592396
17714990.0, 6829308.0, 1, 0.0322765279974
15545662.0, 9985616.0, 1, 0.0302693599164
15740250.0, 9907758.0, 1, 0.0300041456557
16062134.0, 8900254.0, 1, 0.0297667841835
16707520.0, 8437430.0, 1, 0.0293885246132
15307054.0, 10433632.0, 1, 0.0285423709163
17197514.0, 7015538.0, 1, 0.0285260074933
15603204.0, 9972904.0, 1, 0.0271465959366
15683244.0, 9920758.0, 1, 0.0270103434791
15683244.0, 9920758.0, 1, 0.0234674139441
15603204.0, 9972904.0, 1, 0.0233982705018
15860506.0, 9129552.0, 1, 0.0226034694181
17839136.0, 6816656.0, 1, 0.0184492896757
17321632.0, 6852856.0, 1, 0.0150752447861
15545662.0, 9985616.0, 1, 0.0
15545662.0, 9985616.0, 1, 0.0
15545662.0, 9985616.0, 1, 0.0
15545662.0, 9985616.0, 1, 0.0
15545662.0, 9985616.0, 1, 0.0
15603204.0, 9972904.0, 1, 0.0
15603204.0, 9972904.0, 1, 0.0
15603204.0, 9972904.0, 1, 0.0
15603204.0, 9972904.0, 1, 0.0
15683244.0, 9920758.0, 1, 0.0
15683244.0, 9920758.0, 1, 0.0
15860506.0, 9129552.0, 1, 0.0
15915592.0, 9113336.0, 1, 0.0
16055284.0, 8944168.0, 1, 0.0
17321632.0, 6852856.0, 1, 0.0
17714990.0, 6829308.0, 1, 0.0
17714990.0, 6829308.0, 1, 0.0
17714990.0, 6829308.0, 1, 0.0
17714990.0, 6829308.0, 1, 0.0
15251506.0, 10450084.0, 1, 0.0
15251506.0, 10450084.0, 1, 0.0
15251506.0, 10450084.0, 1, 0.0
15251506.0, 10450084.0, 1, 0.0
15307054.0, 10433632.0, 1, 0.0
15307054.0, 10433632.0, 1, 0.0
15307054.0, 10433632.0, 1, 0.0
15307054.0, 10433632.0, 1, 0.0
15403798.0, 10238540.0, 1, 0.0
15438592.0, 10198152.0, 1, 0.0
15438592.0, 10198152.0, 1, 0.0
15438592.0, 10198152.0, 1, 0.0
15545662.0, 9985616.0, 1, 0.0
15545662.0, 9985616.0, 1, 0.0
15545662.0, 9985616.0, 1, 0.0
15298702.0, 10468490.0, 2, inf
20724410.0, 6412302.0, 2, inf
16649758.0, 8908330.0, 2, 0.490423991672
15821844.0, 9946758.0, 2, 0.433862573562
19127760.0, 6426982.0, 2, 0.323366120226
17852368.0, 6821194.0, 2, 0.317209048997
18875066.0, 6619652.0, 2, 0.306780425462
17087864.0, 7322420.0, 2, 0.223676389656
17029588.0, 7912218.0, 2, 0.158925831186
16678234.0, 8597732.0, 2, 0.125389105783
15485788.0, 10216558.0, 2, 0.119899401014
17442302.0, 6835196.0, 2, 0.112966369165
16753446.0, 8477244.0, 2, 0.111297355699
16847516.0, 8272842.0, 2, 0.0948340089846
16917882.0, 8110988.0, 2, 0.0925827115343
15707486.0, 9963728.0, 2, 0.0914064954128
17283788.0, 6939118.0, 2, 0.0839796372834
15633264.0, 10176540.0, 2, 0.079885112537
17157642.0, 7100676.0, 2, 0.0779177621646
17026968.0, 7921528.0, 2, 0.0695924196904
19014720.0, 6445794.0, 2, 0.063696559062
17360408.0, 6911624.0, 2, 0.0548359650296
16911510.0, 8210746.0, 2, 0.0528719815009
17157642.0, 7100676.0, 2, 0.0526906336262
19014720.0, 6445794.0, 2, 0.0303771657444
15575722.0, 10189252.0, 2, 0.0197095096557
15575722.0, 10189252.0, 2, 0.0173373726819
15575722.0, 10189252.0, 2, 0.0
17157642.0, 7100676.0, 2, 0.0
15739040.0, 10138318.0, 3, inf
19981738.0, 6431036.0, 3, inf
16752714.0, 9368832.0, 3, 0.605577560614
17865480.0, 6825946.0, 3, 0.598951476246
17234008.0, 7148776.0, 3, 0.561306935269
19183768.0, 6632000.0, 3, 0.536417994382
16217816.0, 9962020.0, 3, 0.446482712878
16964184.0, 8119314.0, 3, 0.363014211444
16887968.0, 8302554.0, 3, 0.295646977671
19887502.0, 6604142.0, 3, 0.242288699559
16922036.0, 8221970.0, 3, 0.0673910873594
16887968.0, 8302554.0, 3, 0.0536159222026
15967854.0, 10217012.0, 4, inf
20988146.0, 6506334.0, 4, inf
16964904.0, 8417530.0, 4, 0.611128210371
16874704.0, 10099572.0, 4, 0.599975717721
19365796.0, 6743276.0, 4, 0.582641064626
17643916.0, 7219206.0, 4, 0.3651848791
18663278.0, 6949934.0, 4, 0.322906417026
18266372.0, 7128854.0, 4, 0.275615140958
17545788.0, 7951328.0, 4, 0.228453382441
16359166.0, 10196124.0, 4, 0.212286105845
17337880.0, 8174222.0, 4, 0.123966010536
17389396.0, 7989904.0, 4, 0.101481795188
17337880.0, 8174222.0, 4, 0.0758312428499
17545788.0, 7951328.0, 4, 0.0299422172181
17337880.0, 8174222.0, 4, 0.0
17545788.0, 7951328.0, 4, 0.0
16763728.0, 10400328.0, 5, inf
18670624.0, 7081268.0, 5, inf
17289230.0, 9330014.0, 5, 1.01075486735
18109344.0, 7411050.0, 5, 0.734551827413
17538108.0, 8393424.0, 5, 0.491703388871
17716550.0, 7858670.0, 5, 0.468018603698
17695766.0, 8244576.0, 5, 0.1756899552
17672870.0, 8365768.0, 5, 0.127524250197
17722078.0, 8113412.0, 6, inf
Generacion: 30
15251506.0, 10450084.0, 1, inf
15251506.0, 10450084.0, 1, inf
20724410.0, 6412302.0, 1, inf
18874122.0, 6429124.0, 1, 0.390907087109
16921072.0, 7586146.0, 1, 0.216670414482
15683244.0, 9920758.0, 1, 0.210575425054
15860506.0, 9129552.0, 1, 0.206015871296
18828054.0, 6591612.0, 1, 0.150466462545
16808386.0, 8032440.0, 1, 0.139632328401
18275566.0, 6595074.0, 1, 0.128671001268
16784486.0, 8385572.0, 1, 0.119868857687
16458066.0, 8701544.0, 1, 0.11688384893
17027528.0, 7319250.0, 1, 0.111454656345
16259014.0, 8847640.0, 1, 0.107747015812
16653062.0, 8666408.0, 1, 0.101338779744
16675858.0, 8453042.0, 1, 0.0935656228525
17157642.0, 7100676.0, 1, 0.0887047392137
16798264.0, 8059346.0, 1, 0.0826428414188
17321632.0, 6852856.0, 1, 0.0810597092809
18016714.0, 6706106.0, 1, 0.078795338466
17082356.0, 7255108.0, 1, 0.0779064100214
17161722.0, 6955492.0, 1, 0.0651748657507
17986686.0, 6808574.0, 1, 0.0598256521959
15545662.0, 9985616.0, 1, 0.05939031796
15495622.0, 10182968.0, 1, 0.0592967661637
15307054.0, 10433632.0, 1, 0.0584662643372
15403798.0, 10238540.0, 1, 0.054674127658
17442302.0, 6835196.0, 1, 0.0541987903203
17714990.0, 6829308.0, 1, 0.0529585054312
15999702.0, 8955584.0, 1, 0.0492248254516
15915592.0, 9113336.0, 1, 0.049134197149
15683244.0, 9920758.0, 1, 0.045303536467
18154450.0, 6614188.0, 1, 0.044894594053
15860506.0, 9129552.0, 1, 0.0364050867736
16115270.0, 8883696.0, 1, 0.0303654330149
17839136.0, 6816656.0, 1, 0.030093496288
18154450.0, 6614188.0, 1, 0.0299006819575
15403798.0, 10238540.0, 1, 0.0276794254403
17161722.0, 6955492.0, 1, 0.0261643966025
16062134.0, 8900254.0, 1, 0.0259370821681
17839136.0, 6816656.0, 1, 0.0246853464824
17714990.0, 6829308.0, 1, 0.0241419788612
17442302.0, 6835196.0, 1, 0.0235068498694
15603204.0, 9972904.0, 1, 0.0234284953554
15307054.0, 10433632.0, 1, 0.0217514184305
16055284.0, 8944168.0, 1, 0.0210316243328
15438592.0, 10198152.0, 1, 0.0204229488056
15915592.0, 9113336.0, 1, 0.0193845068401
16115270.0, 8883696.0, 1, 0.0186385773006
15999702.0, 8955584.0, 1, 0.018195735381
15603204.0, 9972904.0, 1, 0.017773039982
15495622.0, 10182968.0, 1, 0.0129037067209
15545662.0, 9985616.0, 1, 0.0122914894194
15438592.0, 10198152.0, 1, 0.010117982725
16798264.0, 8059346.0, 1, 0.00918105280519
16055284.0, 8944168.0, 1, 0.00407891549887
15307054.0, 10433632.0, 1, 0.0
15307054.0, 10433632.0, 1, 0.0
15307054.0, 10433632.0, 1, 0.0
15307054.0, 10433632.0, 1, 0.0
15438592.0, 10198152.0, 1, 0.0
15545662.0, 9985616.0, 1, 0.0
15545662.0, 9985616.0, 1, 0.0
15545662.0, 9985616.0, 1, 0.0
15545662.0, 9985616.0, 1, 0.0
15545662.0, 9985616.0, 1, 0.0
15545662.0, 9985616.0, 1, 0.0
15603204.0, 9972904.0, 1, 0.0
15603204.0, 9972904.0, 1, 0.0
15603204.0, 9972904.0, 1, 0.0
15603204.0, 9972904.0, 1, 0.0
15603204.0, 9972904.0, 1, 0.0
15603204.0, 9972904.0, 1, 0.0
15603204.0, 9972904.0, 1, 0.0
15683244.0, 9920758.0, 1, 0.0
15683244.0, 9920758.0, 1, 0.0
15683244.0, 9920758.0, 1, 0.0
15683244.0, 9920758.0, 1, 0.0
15860506.0, 9129552.0, 1, 0.0
15860506.0, 9129552.0, 1, 0.0
15860506.0, 9129552.0, 1, 0.0
15915592.0, 9113336.0, 1, 0.0
17161722.0, 6955492.0, 1, 0.0
17714990.0, 6829308.0, 1, 0.0
17714990.0, 6829308.0, 1, 0.0
17714990.0, 6829308.0, 1, 0.0
17714990.0, 6829308.0, 1, 0.0
17714990.0, 6829308.0, 1, 0.0
17839136.0, 6816656.0, 1, 0.0
17839136.0, 6816656.0, 1, 0.0
17839136.0, 6816656.0, 1, 0.0
15251506.0, 10450084.0, 1, 0.0
15251506.0, 10450084.0, 1, 0.0
15251506.0, 10450084.0, 1, 0.0
15251506.0, 10450084.0, 1, 0.0
15251506.0, 10450084.0, 1, 0.0
15307054.0, 10433632.0, 1, 0.0
15354226.0, 10454222.0, 2, inf
19014720.0, 6445794.0, 2, inf
16139916.0, 8894246.0, 2, 0.471638707449
16080608.0, 10025378.0, 2, 0.45831029833
18110570.0, 6710048.0, 2, 0.356910878231
17026968.0, 7921528.0, 2, 0.351345838628
18940476.0, 6572470.0, 2, 0.312926777454
17865480.0, 6825946.0, 2, 0.288275893938
17197514.0, 7015538.0, 2, 0.258986769091
16651604.0, 8760118.0, 2, 0.23786483011
17318184.0, 6997878.0, 2, 0.229778084198
15633264.0, 10176540.0, 2, 0.218121231844
16836426.0, 8703496.0, 2, 0.191436522911
15460844.0, 10221028.0, 2, 0.145504140344
16933798.0, 8135100.0, 2, 0.120314807791
16920044.0, 8286714.0, 2, 0.107733838028
16920044.0, 8286714.0, 2, 0.0606671700997
17197514.0, 7015538.0, 2, 0.0509966964043
20505938.0, 6537296.0, 3, inf
15488820.0, 10354868.0, 3, inf
16630072.0, 9036198.0, 3, 0.759169131794
17066642.0, 8097990.0, 3, 0.614778856732
18988196.0, 6602582.0, 3, 0.600760711295
17940866.0, 6878956.0, 3, 0.457453610569
16020950.0, 10200496.0, 3, 0.441301923954
17234008.0, 7148776.0, 3, 0.253438561777
17258066.0, 7032472.0, 3, 0.211567682771
15967854.0, 10217012.0, 3, 0.14650010342
17234008.0, 7148776.0, 3, 0.0638244293486
19183768.0, 6632000.0, 4, inf
15555258.0, 10436876.0, 4, inf
19183768.0, 6632000.0, 4, inf
16686916.0, 9398744.0, 4, 1.33096174679
17256016.0, 7156156.0, 4, 0.921619109152
18461482.0, 6981606.0, 4, 0.669038253214
17256016.0, 7156156.0, 4, 0.202716583078
16763728.0, 10400328.0, 5, inf
20499524.0, 6649200.0, 5, inf
16910962.0, 9553234.0, 5, 0.720122922294
17452972.0, 7978940.0, 5, 0.635259529548
19553694.0, 6834198.0, 5, 0.567256396662
18793574.0, 7064100.0, 5, 0.558969086531
17999486.0, 7370376.0, 5, 0.313239151063
17624352.0, 7886612.0, 5, 0.289497928511
16874704.0, 10099572.0, 5, 0.26523548647
17984586.0, 7426792.0, 5, 0.238037619452
17375032.0, 9841682.0, 6, inf
20770730.0, 6691904.0, 6, inf
19178386.0, 7190656.0, 6, 1.03132199711
18442834.0, 7781032.0, 6, 0.766068249757
17537452.0, 8156024.0, 6, 0.606656817716
17601150.0, 8140590.0, 6, 0.385679653872
21627304.0, 6809262.0, 7, inf
Generacion: 31
19720262.0, 6397264.0, 1, inf
15251506.0, 10450084.0, 1, inf
15251506.0, 10450084.0, 1, inf
17053652.0, 7611338.0, 1, 0.311647051445
15740250.0, 9907758.0, 1, 0.234890540442
18986544.0, 6409982.0, 1, 0.21772797155
15860506.0, 9129552.0, 1, 0.204342850161
17078728.0, 7050656.0, 1, 0.157255111823
18275566.0, 6595074.0, 1, 0.156306799363
18828054.0, 6591612.0, 1, 0.154368200255
17321632.0, 6852856.0, 1, 0.12380703532
16798264.0, 8059346.0, 1, 0.117553552442
16794298.0, 8304152.0, 1, 0.113595439593
16798264.0, 8059346.0, 1, 0.111429784385
16454940.0, 8765758.0, 1, 0.0991895093071
16653062.0, 8666408.0, 1, 0.0969812390158
17714990.0, 6829308.0, 1, 0.0911458265816
16055284.0, 8944168.0, 1, 0.0853688022268
17990104.0, 6729276.0, 1, 0.0670149841227
18940476.0, 6572470.0, 1, 0.0652499143656
16320338.0, 8766650.0, 1, 0.0640472315621
17318184.0, 6997878.0, 1, 0.0627860263414
15545662.0, 9985616.0, 1, 0.0615714969325
15495622.0, 10182968.0, 1, 0.0614569236598
15307054.0, 10433632.0, 1, 0.0605676513302
16675858.0, 8453042.0, 1, 0.0597314988196
16259014.0, 8847640.0, 1, 0.0566515279348
15403798.0, 10238540.0, 1, 0.0559234058176
15915592.0, 9113336.0, 1, 0.0540677330821
18063094.0, 6627720.0, 1, 0.0535020110365
17839136.0, 6816656.0, 1, 0.0493411820642
18016714.0, 6706106.0, 1, 0.0413915123312
16194962.0, 8882542.0, 1, 0.0410629677564
16707520.0, 8437430.0, 1, 0.0399704435544
17839136.0, 6816656.0, 1, 0.0369047805276
15915592.0, 9113336.0, 1, 0.0352608709019
17132118.0, 7045174.0, 1, 0.0352465244773
17197514.0, 7015538.0, 1, 0.0343154799071
17714990.0, 6829308.0, 1, 0.0335911610912
15403798.0, 10238540.0, 1, 0.031614384729
15860506.0, 9129552.0, 1, 0.0309115620562
18154450.0, 6614188.0, 1, 0.0304417544265
16653062.0, 8666408.0, 1, 0.0296149912807
15603204.0, 9972904.0, 1, 0.0257431107718
15307054.0, 10433632.0, 1, 0.0257083736059
15683244.0, 9920758.0, 1, 0.0256231668769
18154450.0, 6614188.0, 1, 0.0251594955357
16707520.0, 8437430.0, 1, 0.0232709596632
15438592.0, 10198152.0, 1, 0.0227273477102
16062134.0, 8900254.0, 1, 0.022725975763
16115270.0, 8883696.0, 1, 0.0219187011895
15683244.0, 9920758.0, 1, 0.0211186679759
15603204.0, 9972904.0, 1, 0.0210476063447
17197514.0, 7015538.0, 1, 0.0189915100256
18940476.0, 6572470.0, 1, 0.01503204029
15495622.0, 10182968.0, 1, 0.0149442743125
15545662.0, 9985616.0, 1, 0.0143343286451
16115270.0, 8883696.0, 1, 0.0121752974698
15438592.0, 10198152.0, 1, 0.0115325865856
16675858.0, 8453042.0, 1, 0.0089533285372
17321632.0, 6852856.0, 1, 0.00658185469809
16062134.0, 8900254.0, 1, 0.00561841538294
17318184.0, 6997878.0, 1, 0.00512903912769
17714990.0, 6829308.0, 1, 0.0
17714990.0, 6829308.0, 1, 0.0
17839136.0, 6816656.0, 1, 0.0
17839136.0, 6816656.0, 1, 0.0
17839136.0, 6816656.0, 1, 0.0
18154450.0, 6614188.0, 1, 0.0
18154450.0, 6614188.0, 1, 0.0
18154450.0, 6614188.0, 1, 0.0
15251506.0, 10450084.0, 1, 0.0
15251506.0, 10450084.0, 1, 0.0
15251506.0, 10450084.0, 1, 0.0
15251506.0, 10450084.0, 1, 0.0
15251506.0, 10450084.0, 1, 0.0
15251506.0, 10450084.0, 1, 0.0
15251506.0, 10450084.0, 1, 0.0
15251506.0, 10450084.0, 1, 0.0
15251506.0, 10450084.0, 1, 0.0
15251506.0, 10450084.0, 1, 0.0
15307054.0, 10433632.0, 1, 0.0
15307054.0, 10433632.0, 1, 0.0
15307054.0, 10433632.0, 1, 0.0
15307054.0, 10433632.0, 1, 0.0
15403798.0, 10238540.0, 1, 0.0
15403798.0, 10238540.0, 1, 0.0
15438592.0, 10198152.0, 1, 0.0
15438592.0, 10198152.0, 1, 0.0
15495622.0, 10182968.0, 1, 0.0
15495622.0, 10182968.0, 1, 0.0
15545662.0, 9985616.0, 1, 0.0
15545662.0, 9985616.0, 1, 0.0
15545662.0, 9985616.0, 1, 0.0
15545662.0, 9985616.0, 1, 0.0
15545662.0, 9985616.0, 1, 0.0
15545662.0, 9985616.0, 1, 0.0
15603204.0, 9972904.0, 1, 0.0
15603204.0, 9972904.0, 1, 0.0
15603204.0, 9972904.0, 1, 0.0
15603204.0, 9972904.0, 1, 0.0
15603204.0, 9972904.0, 1, 0.0
15603204.0, 9972904.0, 1, 0.0
15603204.0, 9972904.0, 1, 0.0
15683244.0, 9920758.0, 1, 0.0
15683244.0, 9920758.0, 1, 0.0
15683244.0, 9920758.0, 1, 0.0
15683244.0, 9920758.0, 1, 0.0
15860506.0, 9129552.0, 1, 0.0
15915592.0, 9113336.0, 1, 0.0
15915592.0, 9113336.0, 1, 0.0
16062134.0, 8900254.0, 1, 0.0
16675858.0, 8453042.0, 1, 0.0
17321632.0, 6852856.0, 1, 0.0
17321632.0, 6852856.0, 1, 0.0
17714990.0, 6829308.0, 1, 0.0
20505938.0, 6537296.0, 2, inf
15298702.0, 10468490.0, 2, inf
15935434.0, 9300970.0, 2, 0.696538600474
18718874.0, 6678872.0, 2, 0.610582509551
16829606.0, 8341488.0, 2, 0.436687368096
17737658.0, 6847706.0, 2, 0.28845513189
17036930.0, 8113944.0, 2, 0.260596048819
17082356.0, 7255108.0, 2, 0.247590279336
15633264.0, 10176540.0, 2, 0.233774073591
15354226.0, 10454222.0, 2, 0.124230394094
15575722.0, 10189252.0, 2, 0.124222123244
17379138.0, 7138560.0, 2, 0.0898203660743
17459294.0, 6965754.0, 2, 0.0857618170635
16987248.0, 8207760.0, 2, 0.0767949326685
16847516.0, 8272842.0, 2, 0.064290788229
15633264.0, 10176540.0, 2, 0.0612624891547
17234008.0, 7148776.0, 2, 0.0549191028806
17558258.0, 6936640.0, 2, 0.0418579510945
17558258.0, 6936640.0, 2, 0.0416277355453
17082356.0, 7255108.0, 2, 0.0357719007948
17234008.0, 7148776.0, 2, 0.031722021499
17234008.0, 7148776.0, 2, 0.0
15760698.0, 10326852.0, 3, inf
21020826.0, 6845344.0, 3, inf
18064476.0, 6866016.0, 3, 0.593244005586
17637326.0, 7489122.0, 3, 0.355951444258
16836426.0, 8703496.0, 3, 0.316276025242
16259972.0, 9910722.0, 3, 0.273954369721
17937294.0, 6869838.0, 3, 0.260181140293
17500068.0, 7909790.0, 3, 0.249970753453
16945650.0, 8323024.0, 3, 0.244886366575
16293570.0, 9427160.0, 3, 0.228222476199
16752714.0, 9368832.0, 3, 0.228120635222
16020950.0, 10200496.0, 3, 0.214442493344
Generacion: 32
20760706.0, 6387658.0, 1, inf
15251506.0, 10450084.0, 1, inf
15251506.0, 10450084.0, 1, inf
19700580.0, 6414512.0, 1, 0.505257907858
16915540.0, 8043554.0, 1, 0.337695775257
17161722.0, 6955492.0, 1, 0.328088159955
18223096.0, 6569024.0, 1, 0.322255991586
15818294.0, 9902214.0, 1, 0.213390103996
15860506.0, 9129552.0, 1, 0.194697296501
16675858.0, 8453042.0, 1, 0.161443605367
16320338.0, 8766650.0, 1, 0.159866809527
16798264.0, 8059346.0, 1, 0.144304654407
17839136.0, 6816656.0, 1, 0.106006323368
17529700.0, 6819712.0, 1, 0.102845441094
16675858.0, 8453042.0, 1, 0.0994156924831
15403798.0, 10238540.0, 1, 0.0818414254139
15885298.0, 9086200.0, 1, 0.0680897726986
15545662.0, 9985616.0, 1, 0.0627622174955
17321632.0, 6852856.0, 1, 0.0590014808076
18154450.0, 6614188.0, 1, 0.0587706014693
15438592.0, 10198152.0, 1, 0.0586331243422
15307054.0, 10433632.0, 1, 0.058106291559
17839136.0, 6816656.0, 1, 0.0579863410299
18154450.0, 6614188.0, 1, 0.055843686324
15999702.0, 8955584.0, 1, 0.0422411585674
17283788.0, 6939118.0, 1, 0.0387236809571
16194962.0, 8882542.0, 1, 0.0349671132959
16259014.0, 8847640.0, 1, 0.0331478178457
16315214.0, 8836554.0, 1, 0.0310675618707
15438592.0, 10198152.0, 1, 0.029376606301
17237622.0, 6948220.0, 1, 0.0261873524676
16055284.0, 8944168.0, 1, 0.024952257252
15999702.0, 8955584.0, 1, 0.023576134928
15603204.0, 9972904.0, 1, 0.0232808829431
15683244.0, 9920758.0, 1, 0.0231835911403
15545662.0, 9985616.0, 1, 0.0225639283593
15307054.0, 10433632.0, 1, 0.0216102411932
16062134.0, 8900254.0, 1, 0.0204547544302
16115270.0, 8883696.0, 1, 0.0185411477422
15860506.0, 9129552.0, 1, 0.018333548423
15683244.0, 9920758.0, 1, 0.01772848347
15603204.0, 9972904.0, 1, 0.0176575898709
15740250.0, 9907758.0, 1, 0.0173661804133
18187530.0, 6607946.0, 1, 0.0155854760822
17321632.0, 6852856.0, 1, 0.0150279086031
15740250.0, 9907758.0, 1, 0.0117121206446
16115270.0, 8883696.0, 1, 0.00992902423844
18187530.0, 6607946.0, 1, 0.00799226704689
16062134.0, 8900254.0, 1, 0.00531926434717
15603204.0, 9972904.0, 1, 0.0
15603204.0, 9972904.0, 1, 0.0
15603204.0, 9972904.0, 1, 0.0
15603204.0, 9972904.0, 1, 0.0
15603204.0, 9972904.0, 1, 0.0
15683244.0, 9920758.0, 1, 0.0
15683244.0, 9920758.0, 1, 0.0
15683244.0, 9920758.0, 1, 0.0
15683244.0, 9920758.0, 1, 0.0
15740250.0, 9907758.0, 1, 0.0
15740250.0, 9907758.0, 1, 0.0
15740250.0, 9907758.0, 1, 0.0
15860506.0, 9129552.0, 1, 0.0
15860506.0, 9129552.0, 1, 0.0
15860506.0, 9129552.0, 1, 0.0
15860506.0, 9129552.0, 1, 0.0
15860506.0, 9129552.0, 1, 0.0
16062134.0, 8900254.0, 1, 0.0
16062134.0, 8900254.0, 1, 0.0
16675858.0, 8453042.0, 1, 0.0
16675858.0, 8453042.0, 1, 0.0
17321632.0, 6852856.0, 1, 0.0
17839136.0, 6816656.0, 1, 0.0
18154450.0, 6614188.0, 1, 0.0
18154450.0, 6614188.0, 1, 0.0
18154450.0, 6614188.0, 1, 0.0
15251506.0, 10450084.0, 1, 0.0
15251506.0, 10450084.0, 1, 0.0
15251506.0, 10450084.0, 1, 0.0
15251506.0, 10450084.0, 1, 0.0
15251506.0, 10450084.0, 1, 0.0
15251506.0, 10450084.0, 1, 0.0
15251506.0, 10450084.0, 1, 0.0
15251506.0, 10450084.0, 1, 0.0
15251506.0, 10450084.0, 1, 0.0
15307054.0, 10433632.0, 1, 0.0
15307054.0, 10433632.0, 1, 0.0
15307054.0, 10433632.0, 1, 0.0
15307054.0, 10433632.0, 1, 0.0
15438592.0, 10198152.0, 1, 0.0
15438592.0, 10198152.0, 1, 0.0
15545662.0, 9985616.0, 1, 0.0
15545662.0, 9985616.0, 1, 0.0
15545662.0, 9985616.0, 1, 0.0
15545662.0, 9985616.0, 1, 0.0
15545662.0, 9985616.0, 1, 0.0
15545662.0, 9985616.0, 1, 0.0
15603204.0, 9972904.0, 1, 0.0
18940476.0, 6572470.0, 2, inf
15460844.0, 10221028.0, 2, inf
18940476.0, 6572470.0, 2, inf
17037242.0, 8128458.0, 2, 0.429074278138
18181296.0, 6630888.0, 2, 0.385027733057
16678234.0, 8597732.0, 2, 0.344420976011
15870312.0, 9239438.0, 2, 0.323214015297
17197514.0, 7015538.0, 2, 0.308360334042
15723138.0, 10090804.0, 2, 0.296190305733
18828054.0, 6591612.0, 2, 0.191116111453
16139916.0, 8894246.0, 2, 0.157882037555
15915592.0, 9113336.0, 2, 0.151633975027
17714990.0, 6829308.0, 2, 0.142581753749
16079786.0, 8905836.0, 2, 0.124516117576
17611596.0, 6860582.0, 2, 0.123501698053
16951312.0, 8322886.0, 2, 0.118059277969
16826876.0, 8357916.0, 2, 0.113733883294
15666108.0, 10105988.0, 2, 0.10267800355
16139916.0, 8894246.0, 2, 0.0985493820807
15485788.0, 10216558.0, 2, 0.0905204109178
17377398.0, 6925930.0, 2, 0.0870249646173
17714990.0, 6829308.0, 2, 0.0840971906133
17318184.0, 6997878.0, 2, 0.0684101172787
17197514.0, 7015538.0, 2, 0.0505757997669
16829606.0, 8341488.0, 2, 0.0453623062618
18828054.0, 6591612.0, 2, 0.0430733897331
17209102.0, 6999062.0, 2, 0.039519222958
17377398.0, 6925930.0, 2, 0.0349279543462
18940476.0, 6572470.0, 2, 0.0
17197514.0, 7015538.0, 2, 0.0
17197514.0, 7015538.0, 2, 0.0
17714990.0, 6829308.0, 2, 0.0
17714990.0, 6829308.0, 2, 0.0
17714990.0, 6829308.0, 2, 0.0
17714990.0, 6829308.0, 2, 0.0
18940476.0, 6572470.0, 2, 0.0
18940476.0, 6572470.0, 2, 0.0
15846008.0, 10437784.0, 3, inf
17937294.0, 6869838.0, 3, inf
16239262.0, 8943878.0, 3, 1.07994967477
16949674.0, 8467548.0, 3, 0.594296820312
17054608.0, 8214522.0, 3, 0.505577898102
17234008.0, 7148776.0, 3, 0.428585517081
17258066.0, 7032472.0, 3, 0.414472427128
18162468.0, 7256078.0, 4, inf
16242122.0, 10340116.0, 4, inf
16813340.0, 9358690.0, 4, 0.911923981014
17107434.0, 8429432.0, 4, 0.668915483289
16272268.0, 9900580.0, 4, 0.615683367409
17637326.0, 7489122.0, 4, 0.408919864819
17371092.0, 8191468.0, 4, 0.372954062422
17500068.0, 7909790.0, 4, 0.366374402862
17984586.0, 7426792.0, 4, 0.349026746441
Generacion: 33
15251506.0, 10450084.0, 1, inf
15251506.0, 10450084.0, 1, inf
20712616.0, 6536480.0, 1, inf
20011966.0, 6537178.0, 1, 0.464178977271
18223096.0, 6569024.0, 1, 0.359812761869
17193462.0, 7500612.0, 1, 0.252462350927
16889518.0, 7782856.0, 1, 0.215133001517
16429526.0, 8671802.0, 1, 0.158058212487
16798264.0, 8059346.0, 1, 0.150637024339
17197514.0, 7015538.0, 1, 0.131289895512
15778936.0, 9545030.0, 1, 0.126335056316
16794298.0, 8304152.0, 1, 0.113224030321
15860506.0, 9129552.0, 1, 0.110702240349
16266706.0, 8778408.0, 1, 0.110031057395
15740250.0, 9907758.0, 1, 0.10306262489
15750668.0, 9545264.0, 1, 0.099767786955
18016714.0, 6706106.0, 1, 0.0892863406703
17839136.0, 6816656.0, 1, 0.0849093612801
17529700.0, 6819712.0, 1, 0.083840813559
15885298.0, 9086200.0, 1, 0.0699407125167
16086926.0, 8856902.0, 1, 0.0685937462719
16675858.0, 8453042.0, 1, 0.0616950487929
15545662.0, 9985616.0, 1, 0.0609638623525
15495622.0, 10182968.0, 1, 0.0608701085185
15307054.0, 10433632.0, 1, 0.0600212622806
15403798.0, 10238540.0, 1, 0.0562209359733
16675858.0, 8453042.0, 1, 0.0490957428046
18063094.0, 6627720.0, 1, 0.0487080374334
17403102.0, 6832300.0, 1, 0.0465688669217
18154450.0, 6614188.0, 1, 0.0442963798455
15999702.0, 8955584.0, 1, 0.0435526480505
16707520.0, 8437430.0, 1, 0.0398527775769
17283788.0, 6939118.0, 1, 0.0397506290266
17321632.0, 6852856.0, 1, 0.0369597885978
17237622.0, 6948220.0, 1, 0.0353246456986
17839136.0, 6816656.0, 1, 0.0332976985816
15403798.0, 10238540.0, 1, 0.0280349794108
15860506.0, 9129552.0, 1, 0.0260137815823
15999702.0, 8955584.0, 1, 0.0238658590976
15603204.0, 9972904.0, 1, 0.0238609771346
15683244.0, 9920758.0, 1, 0.0237628285897
15307054.0, 10433632.0, 1, 0.0219188777307
16055284.0, 8944168.0, 1, 0.0213986437107
15438592.0, 10198152.0, 1, 0.0207628314409
16707520.0, 8437430.0, 1, 0.019879338081
15683244.0, 9920758.0, 1, 0.01797810747
17197514.0, 7015538.0, 1, 0.0179429986389
15603204.0, 9972904.0, 1, 0.0179045180112
16062134.0, 8900254.0, 1, 0.0157605957681
15495622.0, 10182968.0, 1, 0.0130427721586
15545662.0, 9985616.0, 1, 0.0124111293045
16062134.0, 8900254.0, 1, 0.0123315814435
17321632.0, 6852856.0, 1, 0.0121821743566
15438592.0, 10198152.0, 1, 0.0102510320178
15740250.0, 9907758.0, 1, 0.00522941718538
16055284.0, 8944168.0, 1, 0.00417132813225
15545662.0, 9985616.0, 1, 0.0
15545662.0, 9985616.0, 1, 0.0
15545662.0, 9985616.0, 1, 0.0
15545662.0, 9985616.0, 1, 0.0
15603204.0, 9972904.0, 1, 0.0
15603204.0, 9972904.0, 1, 0.0
15683244.0, 9920758.0, 1, 0.0
15683244.0, 9920758.0, 1, 0.0
15683244.0, 9920758.0, 1, 0.0
15683244.0, 9920758.0, 1, 0.0
15683244.0, 9920758.0, 1, 0.0
15683244.0, 9920758.0, 1, 0.0
15740250.0, 9907758.0, 1, 0.0
15740250.0, 9907758.0, 1, 0.0
15860506.0, 9129552.0, 1, 0.0
15860506.0, 9129552.0, 1, 0.0
15860506.0, 9129552.0, 1, 0.0
16062134.0, 8900254.0, 1, 0.0
16062134.0, 8900254.0, 1, 0.0
16062134.0, 8900254.0, 1, 0.0
16062134.0, 8900254.0, 1, 0.0
16675858.0, 8453042.0, 1, 0.0
16675858.0, 8453042.0, 1, 0.0
17321632.0, 6852856.0, 1, 0.0
17839136.0, 6816656.0, 1, 0.0
15251506.0, 10450084.0, 1, 0.0
15251506.0, 10450084.0, 1, 0.0
15251506.0, 10450084.0, 1, 0.0
15251506.0, 10450084.0, 1, 0.0
15251506.0, 10450084.0, 1, 0.0
15251506.0, 10450084.0, 1, 0.0
15251506.0, 10450084.0, 1, 0.0
15307054.0, 10433632.0, 1, 0.0
15307054.0, 10433632.0, 1, 0.0
15307054.0, 10433632.0, 1, 0.0
15307054.0, 10433632.0, 1, 0.0
15307054.0, 10433632.0, 1, 0.0
15307054.0, 10433632.0, 1, 0.0
15438592.0, 10198152.0, 1, 0.0
15545662.0, 9985616.0, 1, 0.0
15545662.0, 9985616.0, 1, 0.0
15545662.0, 9985616.0, 1, 0.0
15545662.0, 9985616.0, 1, 0.0
15545662.0, 9985616.0, 1, 0.0
15545662.0, 9985616.0, 1, 0.0
15545662.0, 9985616.0, 1, 0.0
15545662.0, 9985616.0, 1, 0.0
15545662.0, 9985616.0, 1, 0.0
15383006.0, 10476598.0, 2, inf
18828054.0, 6591612.0, 2, inf
16915540.0, 8043554.0, 2, 0.392295422299
17234008.0, 7148776.0, 2, 0.386034406938
16678234.0, 8597732.0, 2, 0.373879015044
15904142.0, 9334424.0, 2, 0.231300989573
17865480.0, 6825946.0, 2, 0.223011467498
16115270.0, 8883696.0, 2, 0.222522135315
18275566.0, 6595074.0, 2, 0.219798367062
15818294.0, 9902214.0, 2, 0.191456172349
16887968.0, 8302554.0, 2, 0.141993042623
17611596.0, 6860582.0, 2, 0.132277431375
16115270.0, 8883696.0, 2, 0.131568348476
15666108.0, 10105988.0, 2, 0.123908605276
17348824.0, 6930278.0, 2, 0.120509358282
18275566.0, 6595074.0, 2, 0.119927490465
15460844.0, 10221028.0, 2, 0.116662756749
15915592.0, 9113336.0, 2, 0.1148691892
17318184.0, 6997878.0, 2, 0.0895694816362
16894214.0, 8289652.0, 2, 0.074670278704
15759300.0, 9914890.0, 2, 0.0663131413509
15915592.0, 9113336.0, 2, 0.0624332192829
15575722.0, 10189252.0, 2, 0.0609092001956
17714990.0, 6829308.0, 2, 0.0517329554328
17714990.0, 6829308.0, 2, 0.0308777367482
15759300.0, 9914890.0, 2, 0.0303138193226
15542794.0, 10203558.0, 2, 0.0274701486054
15542794.0, 10203558.0, 2, 0.0140548658169
17714990.0, 6829308.0, 2, 0.0
17714990.0, 6829308.0, 2, 0.0
18275566.0, 6595074.0, 2, 0.0
15915592.0, 9113336.0, 2, 0.0
15915592.0, 9113336.0, 2, 0.0
15915592.0, 9113336.0, 2, 0.0
17714990.0, 6829308.0, 2, 0.0
18046780.0, 6827182.0, 3, inf
15576666.0, 10220520.0, 3, inf
15768176.0, 10036630.0, 3, 0.618872330278
17256016.0, 7156156.0, 3, 0.595239503093
17054608.0, 8214522.0, 3, 0.487185695867
16139916.0, 8894246.0, 3, 0.452172685102
17800022.0, 7100698.0, 3, 0.417079611022
17069814.0, 8117418.0, 3, 0.393433185982
16425258.0, 8885140.0, 3, 0.313145567851
16425258.0, 8885140.0, 3, 0.257469304868
16139916.0, 8894246.0, 3, 0.153178571727
Generacion: 34
15251506.0, 10450084.0, 1, inf
15251506.0, 10450084.0, 1, inf
20528354.0, 6352430.0, 1, inf
19940020.0, 6593446.0, 1, 0.486134597943
18275566.0, 6595074.0, 1, 0.335647854145
16861736.0, 8000600.0, 1, 0.165552886685
16945496.0, 7743184.0, 1, 0.158112082829
16653136.0, 8651410.0, 1, 0.15694019143
17088540.0, 7491656.0, 1, 0.14591680005
16794298.0, 8304152.0, 1, 0.135829923454
17197514.0, 7015538.0, 1, 0.132154627871
18181296.0, 6630888.0, 1, 0.116957148175
15804256.0, 9530108.0, 1, 0.102550837877
15860506.0, 9129552.0, 1, 0.102450778144
15740250.0, 9907758.0, 1, 0.099266829277
15750668.0, 9545264.0, 1, 0.0958521656125
17075180.0, 7518458.0, 1, 0.0884912652053
16266706.0, 8778408.0, 1, 0.0883462070044
17839136.0, 6816656.0, 1, 0.0688617535123
15885298.0, 9086200.0, 1, 0.0688341383775
17839136.0, 6816656.0, 1, 0.0679293592361
17403102.0, 6832300.0, 1, 0.0641215098222
17281742.0, 6937718.0, 1, 0.0632224918852
17714990.0, 6829308.0, 1, 0.0621926012321
15545662.0, 9985616.0, 1, 0.0590668081036
15495622.0, 10182968.0, 1, 0.0589697804841
16707520.0, 8437430.0, 1, 0.0587806423957
15307054.0, 10433632.0, 1, 0.0581373959094
16266706.0, 8778408.0, 1, 0.0549927892057
16675858.0, 8453042.0, 1, 0.0544103119003
16140062.0, 8840344.0, 1, 0.0543928949407
15403798.0, 10238540.0, 1, 0.0542043661917
15999702.0, 8955584.0, 1, 0.0424089820828
17197514.0, 7015538.0, 1, 0.039642697943
17321632.0, 6852856.0, 1, 0.0361490398253
15403798.0, 10238540.0, 1, 0.0281900433943
18187530.0, 6607946.0, 1, 0.0266049544366
16055284.0, 8944168.0, 1, 0.0253341535701
15999702.0, 8955584.0, 1, 0.024466351135
17714990.0, 6829308.0, 1, 0.0242567185337
15603204.0, 9972904.0, 1, 0.0236304340223
15683244.0, 9920758.0, 1, 0.0235288582331
15307054.0, 10433632.0, 1, 0.0223486521983
15860506.0, 9129552.0, 1, 0.0212394848485
16062134.0, 8900254.0, 1, 0.0207865114827
15438592.0, 10198152.0, 1, 0.0206639596413
16115270.0, 8883696.0, 1, 0.0206493598344
15683244.0, 9920758.0, 1, 0.0183406928558
15603204.0, 9972904.0, 1, 0.0182704087371
17403102.0, 6832300.0, 1, 0.0161693148412
15804256.0, 9530108.0, 1, 0.0143013685507
15778936.0, 9545030.0, 1, 0.0138540065784
15495622.0, 10182968.0, 1, 0.0131884686745
15545662.0, 9985616.0, 1, 0.0125851966559
17321632.0, 6852856.0, 1, 0.0125759659672
15438592.0, 10198152.0, 1, 0.0102992438949
16115270.0, 8883696.0, 1, 0.00873910800317
16675858.0, 8453042.0, 1, 0.00811596456311
16062134.0, 8900254.0, 1, 0.0053389721645
15740250.0, 9907758.0, 1, 0.00514683167196
15251506.0, 10450084.0, 1, 0.0
15251506.0, 10450084.0, 1, 0.0
15251506.0, 10450084.0, 1, 0.0
15251506.0, 10450084.0, 1, 0.0
15251506.0, 10450084.0, 1, 0.0
15307054.0, 10433632.0, 1, 0.0
15307054.0, 10433632.0, 1, 0.0
15307054.0, 10433632.0, 1, 0.0
15403798.0, 10238540.0, 1, 0.0
15438592.0, 10198152.0, 1, 0.0
15438592.0, 10198152.0, 1, 0.0
15438592.0, 10198152.0, 1, 0.0
15438592.0, 10198152.0, 1, 0.0
15545662.0, 9985616.0, 1, 0.0
15545662.0, 9985616.0, 1, 0.0
15545662.0, 9985616.0, 1, 0.0
15545662.0, 9985616.0, 1, 0.0
15545662.0, 9985616.0, 1, 0.0
15545662.0, 9985616.0, 1, 0.0
15545662.0, 9985616.0, 1, 0.0
15545662.0, 9985616.0, 1, 0.0
15545662.0, 9985616.0, 1, 0.0
15545662.0, 9985616.0, 1, 0.0
15545662.0, 9985616.0, 1, 0.0
15545662.0, 9985616.0, 1, 0.0
15545662.0, 9985616.0, 1, 0.0
15545662.0, 9985616.0, 1, 0.0
15545662.0, 9985616.0, 1, 0.0
15603204.0, 9972904.0, 1, 0.0
15603204.0, 9972904.0, 1, 0.0
15603204.0, 9972904.0, 1, 0.0
15603204.0, 9972904.0, 1, 0.0
15603204.0, 9972904.0, 1, 0.0
15683244.0, 9920758.0, 1, 0.0
15683244.0, 9920758.0, 1, 0.0
15683244.0, 9920758.0, 1, 0.0
15683244.0, 9920758.0, 1, 0.0
15683244.0, 9920758.0, 1, 0.0
15683244.0, 9920758.0, 1, 0.0
15683244.0, 9920758.0, 1, 0.0
15683244.0, 9920758.0, 1, 0.0
15683244.0, 9920758.0, 1, 0.0
15740250.0, 9907758.0, 1, 0.0
15860506.0, 9129552.0, 1, 0.0
15860506.0, 9129552.0, 1, 0.0
15860506.0, 9129552.0, 1, 0.0
15860506.0, 9129552.0, 1, 0.0
16675858.0, 8453042.0, 1, 0.0
17197514.0, 7015538.0, 1, 0.0
17197514.0, 7015538.0, 1, 0.0
17714990.0, 6829308.0, 1, 0.0
15251506.0, 10450084.0, 1, 0.0
15251506.0, 10450084.0, 1, 0.0
15251506.0, 10450084.0, 1, 0.0
15251506.0, 10450084.0, 1, 0.0
15251506.0, 10450084.0, 1, 0.0
15251506.0, 10450084.0, 1, 0.0
15251506.0, 10450084.0, 1, 0.0
15251506.0, 10450084.0, 1, 0.0
15251506.0, 10450084.0, 1, 0.0
15356574.0, 10563630.0, 2, inf
17442302.0, 6835196.0, 2, inf
16139916.0, 8894246.0, 2, 0.555731501497
16770132.0, 8568898.0, 2, 0.429614698858
16955626.0, 8218860.0, 2, 0.279722076274
15485788.0, 10216558.0, 2, 0.236479784806
15915592.0, 9113336.0, 2, 0.231101339253
17011550.0, 7807658.0, 2, 0.220255485447
17240912.0, 7510076.0, 2, 0.197633655478
15832500.0, 9532058.0, 2, 0.193446185283
16847804.0, 8557872.0, 2, 0.182818278422
17283788.0, 6939118.0, 2, 0.181382917186
17258674.0, 7183218.0, 2, 0.173692993546
15904142.0, 9334424.0, 2, 0.152143427093
15818294.0, 9902214.0, 2, 0.137774693255
15633264.0, 10176540.0, 2, 0.11611010839
17011550.0, 7807658.0, 2, 0.106626906588
15684208.0, 10015072.0, 2, 0.095935028404
15759300.0, 9914890.0, 2, 0.0945569303084
17240912.0, 7510076.0, 2, 0.0883301775806
15666108.0, 10105988.0, 2, 0.0677322349728
15608354.0, 10420360.0, 3, inf
15608354.0, 10420360.0, 3, inf
17480900.0, 6895562.0, 3, inf
15985432.0, 9193012.0, 3, 0.831958545103
17036930.0, 8113944.0, 3, 0.641614068976
17309126.0, 7090274.0, 3, 0.582754400759
16954922.0, 8685096.0, 3, 0.495426532966
16525102.0, 8896780.0, 3, 0.379453913584
16422506.0, 9020398.0, 3, 0.372243460575
Generacion: 35
15251506.0, 10450084.0, 1, inf
15251506.0, 10450084.0, 1, inf
20235698.0, 6570332.0, 1, inf
16800464.0, 7596510.0, 1, 0.406194820803
18633312.0, 6607602.0, 1, 0.363592850559
19940020.0, 6593446.0, 1, 0.331099918387
16707520.0, 8437430.0, 1, 0.245770021922
17037622.0, 7118450.0, 1, 0.229406481785
18154450.0, 6614188.0, 1, 0.149099975509
15804256.0, 9530108.0, 1, 0.123454545544
18016714.0, 6706106.0, 1, 0.11544862152
15860506.0, 9129552.0, 1, 0.114294823945
15740250.0, 9907758.0, 1, 0.104869620977
15750668.0, 9545264.0, 1, 0.0991037917315
17403102.0, 6832300.0, 1, 0.0924536369067
17237622.0, 6948220.0, 1, 0.0884773171478
15403798.0, 10238540.0, 1, 0.0870856390037
16484700.0, 8762912.0, 1, 0.0769103503073
17714990.0, 6829308.0, 1, 0.0658364716858
15545662.0, 9985616.0, 1, 0.0624120691863
15495622.0, 10182968.0, 1, 0.0623093444117
15307054.0, 10433632.0, 1, 0.0614294928818
16672700.0, 8623136.0, 1, 0.0556878543813
17839136.0, 6816656.0, 1, 0.0534020382844
15999702.0, 8955584.0, 1, 0.0518119879455
15915592.0, 9113336.0, 1, 0.0517124733201
16675858.0, 8453042.0, 1, 0.0501939460451
17197514.0, 7015538.0, 1, 0.0494309326102
16320338.0, 8766650.0, 1, 0.0477311488735
16194962.0, 8882542.0, 1, 0.0428293260306
16575960.0, 8667236.0, 1, 0.040144493818
17839136.0, 6816656.0, 1, 0.0388892754301
16266706.0, 8778408.0, 1, 0.0376007955085
17197514.0, 7015538.0, 1, 0.0345724483051
17403102.0, 6832300.0, 1, 0.0339721514937
16115270.0, 8883696.0, 1, 0.0312150964378
16055284.0, 8944168.0, 1, 0.0267872230289
17714990.0, 6829308.0, 1, 0.0256791322842
15603204.0, 9972904.0, 1, 0.0249854501653
15683244.0, 9920758.0, 1, 0.0248779101668
15307054.0, 10433632.0, 1, 0.023650644411
16653136.0, 8651410.0, 1, 0.0227717339096
16575960.0, 8667236.0, 1, 0.0223890152507
16062134.0, 8900254.0, 1, 0.0219796702234
15438592.0, 10198152.0, 1, 0.0218521193107
15915592.0, 9113336.0, 1, 0.0210550017125
15999702.0, 8955584.0, 1, 0.0198178092322
15683244.0, 9920758.0, 1, 0.019409501046
15603204.0, 9972904.0, 1, 0.0193352694971
16266706.0, 8778408.0, 1, 0.0174249151275
15860506.0, 9129552.0, 1, 0.0154653294045
16194962.0, 8882542.0, 1, 0.0146917507396
15495622.0, 10182968.0, 1, 0.01395339386
15545662.0, 9985616.0, 1, 0.0133162397326
15438592.0, 10198152.0, 1, 0.0108945229337
15778936.0, 9545030.0, 1, 0.00951765323604
16653136.0, 8651410.0, 1, 0.00800433665083
16062134.0, 8900254.0, 1, 0.00564214368988
15740250.0, 9907758.0, 1, 0.00544093803715
15778936.0, 9545030.0, 1, 0.00514037425466
16675858.0, 8453042.0, 1, 0.0046575717422
15750668.0, 9545264.0, 1, 0.0021505215363
15438592.0, 10198152.0, 1, 0.0
15438592.0, 10198152.0, 1, 0.0
15438592.0, 10198152.0, 1, 0.0
15545662.0, 9985616.0, 1, 0.0
15545662.0, 9985616.0, 1, 0.0
15545662.0, 9985616.0, 1, 0.0
15545662.0, 9985616.0, 1, 0.0
15545662.0, 9985616.0, 1, 0.0
15545662.0, 9985616.0, 1, 0.0
15545662.0, 9985616.0, 1, 0.0
15545662.0, 9985616.0, 1, 0.0
15603204.0, 9972904.0, 1, 0.0
15603204.0, 9972904.0, 1, 0.0
15603204.0, 9972904.0, 1, 0.0
15603204.0, 9972904.0, 1, 0.0
15603204.0, 9972904.0, 1, 0.0
15603204.0, 9972904.0, 1, 0.0
15603204.0, 9972904.0, 1, 0.0
15603204.0, 9972904.0, 1, 0.0
15603204.0, 9972904.0, 1, 0.0
15683244.0, 9920758.0, 1, 0.0
15683244.0, 9920758.0, 1, 0.0
15683244.0, 9920758.0, 1, 0.0
15683244.0, 9920758.0, 1, 0.0
15683244.0, 9920758.0, 1, 0.0
15683244.0, 9920758.0, 1, 0.0
15740250.0, 9907758.0, 1, 0.0
15860506.0, 9129552.0, 1, 0.0
15860506.0, 9129552.0, 1, 0.0
15860506.0, 9129552.0, 1, 0.0
15860506.0, 9129552.0, 1, 0.0
15915592.0, 9113336.0, 1, 0.0
15999702.0, 8955584.0, 1, 0.0
16062134.0, 8900254.0, 1, 0.0
16062134.0, 8900254.0, 1, 0.0
16062134.0, 8900254.0, 1, 0.0
16062134.0, 8900254.0, 1, 0.0
16575960.0, 8667236.0, 1, 0.0
16675858.0, 8453042.0, 1, 0.0
17197514.0, 7015538.0, 1, 0.0
17197514.0, 7015538.0, 1, 0.0
17197514.0, 7015538.0, 1, 0.0
17403102.0, 6832300.0, 1, 0.0
17403102.0, 6832300.0, 1, 0.0
17403102.0, 6832300.0, 1, 0.0
17403102.0, 6832300.0, 1, 0.0
17714990.0, 6829308.0, 1, 0.0
17839136.0, 6816656.0, 1, 0.0
17839136.0, 6816656.0, 1, 0.0
15251506.0, 10450084.0, 1, 0.0
15251506.0, 10450084.0, 1, 0.0
15251506.0, 10450084.0, 1, 0.0
15251506.0, 10450084.0, 1, 0.0
15251506.0, 10450084.0, 1, 0.0
15251506.0, 10450084.0, 1, 0.0
15251506.0, 10450084.0, 1, 0.0
15251506.0, 10450084.0, 1, 0.0
15251506.0, 10450084.0, 1, 0.0
15307054.0, 10433632.0, 1, 0.0
15307054.0, 10433632.0, 1, 0.0
15438592.0, 10198152.0, 1, 0.0
15438592.0, 10198152.0, 1, 0.0
18050906.0, 6804638.0, 2, inf
15298702.0, 10468490.0, 2, inf
16815358.0, 8283654.0, 2, 0.426738723445
16315214.0, 8836554.0, 2, 0.412071600717
16043958.0, 9173200.0, 2, 0.399749400728
17442302.0, 6835196.0, 2, 0.318973296691
16020950.0, 10200496.0, 2, 0.312546715509
15460844.0, 10221028.0, 2, 0.251761112731
17033762.0, 7845342.0, 2, 0.249829842783
15967854.0, 10217012.0, 2, 0.209115741781
16861736.0, 8000600.0, 2, 0.198987505938
16139916.0, 8894246.0, 2, 0.190442632698
17256016.0, 7156156.0, 2, 0.167874084544
17196480.0, 7530886.0, 2, 0.166773375166
17318184.0, 6997878.0, 2, 0.155287908066
17240912.0, 7510076.0, 2, 0.112741940444
15460844.0, 10221028.0, 2, 0.0600096249161
17240912.0, 7510076.0, 2, 0.0111677798593
17611596.0, 6860582.0, 3, inf
15555258.0, 10436876.0, 3, inf
16955626.0, 8218860.0, 3, 0.994146674635
17286464.0, 7418744.0, 3, 0.698799544237
16235958.0, 9257820.0, 3, 0.691668447227
16289562.0, 9240336.0, 3, 0.640488567332
15691706.0, 10571372.0, 4, inf
18266372.0, 7128854.0, 4, inf
Generacion: 36
15251506.0, 10450084.0, 1, inf
15251506.0, 10450084.0, 1, inf
20784116.0, 6564626.0, 1, inf
20235698.0, 6570332.0, 1, 0.536610974681
18016714.0, 6706106.0, 1, 0.446790703169
17017230.0, 7682524.0, 1, 0.314216029176
16861736.0, 8000600.0, 1, 0.195199064144
17197514.0, 7015538.0, 1, 0.178911512346
16817684.0, 8300824.0, 1, 0.140300905726
16478094.0, 8574422.0, 1, 0.137659275964
15768124.0, 9503990.0, 1, 0.126844598802
16266706.0, 8778408.0, 1, 0.109916041217
15860506.0, 9129552.0, 1, 0.106325679456
15740250.0, 9907758.0, 1, 0.103598686494
15750668.0, 9545264.0, 1, 0.0964501616566
16707520.0, 8437430.0, 1, 0.0848438338082
15403798.0, 10238540.0, 1, 0.0843805035276
16706448.0, 8552362.0, 1, 0.076725570496
15545662.0, 9985616.0, 1, 0.0611929839211
15495622.0, 10182968.0, 1, 0.0611004417033
15307054.0, 10433632.0, 1, 0.060250919351
17529700.0, 6819712.0, 1, 0.0591692524436
17839136.0, 6816656.0, 1, 0.0580095436011
15999702.0, 8955584.0, 1, 0.0506468720604
15915592.0, 9113336.0, 1, 0.0505572217868
17197514.0, 7015538.0, 1, 0.049911333502
17986686.0, 6808574.0, 1, 0.0497759238025
17360744.0, 6930624.0, 1, 0.0490573299132
17403102.0, 6832300.0, 1, 0.0481877874911
16259014.0, 8847640.0, 1, 0.0437994617074
17237622.0, 6948220.0, 1, 0.0352619342026
17990104.0, 6729276.0, 1, 0.0317996370577
16115270.0, 8883696.0, 1, 0.0302427587396
17839136.0, 6816656.0, 1, 0.0274556713829
17283788.0, 6939118.0, 1, 0.0267825539921
16055284.0, 8944168.0, 1, 0.0255246441567
15603204.0, 9972904.0, 1, 0.0238213278641
15683244.0, 9920758.0, 1, 0.0237244477298
17529700.0, 6819712.0, 1, 0.0236686703111
15307054.0, 10433632.0, 1, 0.0217203911226
16062134.0, 8900254.0, 1, 0.0209062895497
15860506.0, 9129552.0, 1, 0.0208712355053
15438592.0, 10198152.0, 1, 0.0207026301711
15915592.0, 9113336.0, 1, 0.0193761002978
16115270.0, 8883696.0, 1, 0.018883876748
15999702.0, 8955584.0, 1, 0.0181407246999
15683244.0, 9920758.0, 1, 0.0178127603138
15603204.0, 9972904.0, 1, 0.0177386377779
15495622.0, 10182968.0, 1, 0.0129524606326
15750668.0, 9545264.0, 1, 0.0125057031605
15545662.0, 9985616.0, 1, 0.0123162421997
17403102.0, 6832300.0, 1, 0.010895833569
16259014.0, 8847640.0, 1, 0.0106700319261
15438592.0, 10198152.0, 1, 0.0101967991997
16062134.0, 8900254.0, 1, 0.00549964473007
15740250.0, 9907758.0, 1, 0.00522882614887
15251506.0, 10450084.0, 1, 0.0
15251506.0, 10450084.0, 1, 0.0
15251506.0, 10450084.0, 1, 0.0
15438592.0, 10198152.0, 1, 0.0
15438592.0, 10198152.0, 1, 0.0
15438592.0, 10198152.0, 1, 0.0
15438592.0, 10198152.0, 1, 0.0
15438592.0, 10198152.0, 1, 0.0
15438592.0, 10198152.0, 1, 0.0
15545662.0, 9985616.0, 1, 0.0
15545662.0, 9985616.0, 1, 0.0
15545662.0, 9985616.0, 1, 0.0
15545662.0, 9985616.0, 1, 0.0
15545662.0, 9985616.0, 1, 0.0
15545662.0, 9985616.0, 1, 0.0
15545662.0, 9985616.0, 1, 0.0
15545662.0, 9985616.0, 1, 0.0
15545662.0, 9985616.0, 1, 0.0
15545662.0, 9985616.0, 1, 0.0
15545662.0, 9985616.0, 1, 0.0
15545662.0, 9985616.0, 1, 0.0
15545662.0, 9985616.0, 1, 0.0
15603204.0, 9972904.0, 1, 0.0
15603204.0, 9972904.0, 1, 0.0
15603204.0, 9972904.0, 1, 0.0
15603204.0, 9972904.0, 1, 0.0
15603204.0, 9972904.0, 1, 0.0
15603204.0, 9972904.0, 1, 0.0
15603204.0, 9972904.0, 1, 0.0
15683244.0, 9920758.0, 1, 0.0
15683244.0, 9920758.0, 1, 0.0
15683244.0, 9920758.0, 1, 0.0
15683244.0, 9920758.0, 1, 0.0
15683244.0, 9920758.0, 1, 0.0
15750668.0, 9545264.0, 1, 0.0
15860506.0, 9129552.0, 1, 0.0
15915592.0, 9113336.0, 1, 0.0
15999702.0, 8955584.0, 1, 0.0
15999702.0, 8955584.0, 1, 0.0
15999702.0, 8955584.0, 1, 0.0
16062134.0, 8900254.0, 1, 0.0
16062134.0, 8900254.0, 1, 0.0
16062134.0, 8900254.0, 1, 0.0
16062134.0, 8900254.0, 1, 0.0
16115270.0, 8883696.0, 1, 0.0
16115270.0, 8883696.0, 1, 0.0
17197514.0, 7015538.0, 1, 0.0
17197514.0, 7015538.0, 1, 0.0
17197514.0, 7015538.0, 1, 0.0
17403102.0, 6832300.0, 1, 0.0
17403102.0, 6832300.0, 1, 0.0
17403102.0, 6832300.0, 1, 0.0
17403102.0, 6832300.0, 1, 0.0
17403102.0, 6832300.0, 1, 0.0
17839136.0, 6816656.0, 1, 0.0
17839136.0, 6816656.0, 1, 0.0
17839136.0, 6816656.0, 1, 0.0
17839136.0, 6816656.0, 1, 0.0
15251506.0, 10450084.0, 1, 0.0
15251506.0, 10450084.0, 1, 0.0
15361542.0, 10447586.0, 2, inf
18386714.0, 6773402.0, 2, inf
17066642.0, 8097990.0, 2, 0.413495612818
17234008.0, 7148776.0, 2, 0.365530875579
17714990.0, 6829308.0, 2, 0.230556717243
16920044.0, 8286714.0, 2, 0.226180951197
15460844.0, 10221028.0, 2, 0.216811127401
16381172.0, 8826946.0, 2, 0.205923728607
17558258.0, 6936640.0, 2, 0.203252934791
15778936.0, 9545030.0, 2, 0.192355658423
16770132.0, 8568898.0, 2, 0.18748807929
15895168.0, 9198760.0, 2, 0.169968953155
15460844.0, 10221028.0, 2, 0.166810528362
16021492.0, 9169452.0, 2, 0.163783184581
16139916.0, 8894246.0, 2, 0.154652132902
15804256.0, 9530108.0, 2, 0.132665672297
17234008.0, 7148776.0, 2, 0.113061359166
15778936.0, 9545030.0, 2, 0.109209711419
16653136.0, 8651410.0, 2, 0.0909500236422
17611596.0, 6860582.0, 2, 0.0810217583105
16575960.0, 8667236.0, 2, 0.0689794318202
16575960.0, 8667236.0, 2, 0.0686964171079
16139916.0, 8894246.0, 2, 0.0574631962083
17714990.0, 6829308.0, 2, 0.0493937869295
16139916.0, 8894246.0, 2, 0.0
16139916.0, 8894246.0, 2, 0.0
15778936.0, 9545030.0, 2, 0.0
16139916.0, 8894246.0, 2, 0.0
15832500.0, 9532058.0, 3, inf
17737658.0, 6847706.0, 3, inf
17256016.0, 7156156.0, 3, 1.30122014175
16603726.0, 8742938.0, 3, 1.03208365841
16176230.0, 9140564.0, 3, 0.446817613321
16525102.0, 8896780.0, 3, 0.372516107649
Generacion: 37
20011966.0, 6537178.0, 1, inf
15251506.0, 10450084.0, 1, inf
15251506.0, 10450084.0, 1, inf
18016714.0, 6706106.0, 1, 0.445317270777
16921072.0, 7586146.0, 1, 0.344474423355
16815358.0, 8283654.0, 1, 0.296934171781
17037622.0, 7118450.0, 1, 0.20389760641
16494840.0, 8397676.0, 1, 0.145156923495
15821712.0, 9488834.0, 1, 0.114183992637
15740250.0, 9907758.0, 1, 0.110126286433
15750668.0, 9545264.0, 1, 0.103897505671
15860506.0, 9129552.0, 1, 0.103391307859
16471318.0, 8697012.0, 1, 0.0965365395746
15307054.0, 10433632.0, 1, 0.0860541699402
16478094.0, 8574422.0, 1, 0.0814407846016
17529700.0, 6819712.0, 1, 0.0682183277477
17839136.0, 6816656.0, 1, 0.0670667539557
17986686.0, 6808574.0, 1, 0.0655553569152
15545662.0, 9985616.0, 1, 0.0625236593345
15495622.0, 10182968.0, 1, 0.062416106703
16266706.0, 8778408.0, 1, 0.0589149870665
16219518.0, 8840754.0, 1, 0.0587190902184
15403798.0, 10238540.0, 1, 0.0571675536808
17377398.0, 6925930.0, 1, 0.0523624367138
15999702.0, 8955584.0, 1, 0.0519915788553
15915592.0, 9113336.0, 1, 0.0518873872436
17197514.0, 7015538.0, 1, 0.0507916037767
17403102.0, 6832300.0, 1, 0.0505221558679
18016714.0, 6706106.0, 1, 0.04947979945
17197514.0, 7015538.0, 1, 0.0347258935798
17839136.0, 6816656.0, 1, 0.0317759090709
16266706.0, 8778408.0, 1, 0.0307144182899
15403798.0, 10238540.0, 1, 0.0306441462328
15804256.0, 9530108.0, 1, 0.0293452745468
17529700.0, 6819712.0, 1, 0.0273746537301
17237622.0, 6948220.0, 1, 0.0269018956393
16115270.0, 8883696.0, 1, 0.0261303616333
15603204.0, 9972904.0, 1, 0.0254141555539
15683244.0, 9920758.0, 1, 0.0253015613929
16055284.0, 8944168.0, 1, 0.0228986233895
16062134.0, 8900254.0, 1, 0.0223848074978
15438592.0, 10198152.0, 1, 0.0223016751271
16115270.0, 8883696.0, 1, 0.0221363987703
17283788.0, 6939118.0, 1, 0.0219902144697
15915592.0, 9113336.0, 1, 0.0218126951006
15999702.0, 8955584.0, 1, 0.0205859853355
15683244.0, 9920758.0, 1, 0.0201358401633
15603204.0, 9972904.0, 1, 0.0200622375774
15495622.0, 10182968.0, 1, 0.0143920811063
15545662.0, 9985616.0, 1, 0.0137603255773
17283788.0, 6939118.0, 1, 0.0130681873928
15860506.0, 9129552.0, 1, 0.0122934469607
15438592.0, 10198152.0, 1, 0.0111894494279
17237622.0, 6948220.0, 1, 0.0107513846087
17403102.0, 6832300.0, 1, 0.00861652456058
15750668.0, 9545264.0, 1, 0.00606178005711
16062134.0, 8900254.0, 1, 0.00567057413378
16055284.0, 8944168.0, 1, 0.00435646129795
15545662.0, 9985616.0, 1, 0.0
15545662.0, 9985616.0, 1, 0.0
15545662.0, 9985616.0, 1, 0.0
15545662.0, 9985616.0, 1, 0.0
15603204.0, 9972904.0, 1, 0.0
15603204.0, 9972904.0, 1, 0.0
15603204.0, 9972904.0, 1, 0.0
15603204.0, 9972904.0, 1, 0.0
15603204.0, 9972904.0, 1, 0.0
15603204.0, 9972904.0, 1, 0.0
15603204.0, 9972904.0, 1, 0.0
15683244.0, 9920758.0, 1, 0.0
15683244.0, 9920758.0, 1, 0.0
15683244.0, 9920758.0, 1, 0.0
15683244.0, 9920758.0, 1, 0.0
15683244.0, 9920758.0, 1, 0.0
15750668.0, 9545264.0, 1, 0.0
15750668.0, 9545264.0, 1, 0.0
15860506.0, 9129552.0, 1, 0.0
15860506.0, 9129552.0, 1, 0.0
15860506.0, 9129552.0, 1, 0.0
15860506.0, 9129552.0, 1, 0.0
15860506.0, 9129552.0, 1, 0.0
15915592.0, 9113336.0, 1, 0.0
15999702.0, 8955584.0, 1, 0.0
16055284.0, 8944168.0, 1, 0.0
16055284.0, 8944168.0, 1, 0.0
16062134.0, 8900254.0, 1, 0.0
16062134.0, 8900254.0, 1, 0.0
16062134.0, 8900254.0, 1, 0.0
16062134.0, 8900254.0, 1, 0.0
16062134.0, 8900254.0, 1, 0.0
16062134.0, 8900254.0, 1, 0.0
16115270.0, 8883696.0, 1, 0.0
16115270.0, 8883696.0, 1, 0.0
16115270.0, 8883696.0, 1, 0.0
17197514.0, 7015538.0, 1, 0.0
17197514.0, 7015538.0, 1, 0.0
17197514.0, 7015538.0, 1, 0.0
17197514.0, 7015538.0, 1, 0.0
17237622.0, 6948220.0, 1, 0.0
17403102.0, 6832300.0, 1, 0.0
17403102.0, 6832300.0, 1, 0.0
17403102.0, 6832300.0, 1, 0.0
17403102.0, 6832300.0, 1, 0.0
17403102.0, 6832300.0, 1, 0.0
17403102.0, 6832300.0, 1, 0.0
15251506.0, 10450084.0, 1, 0.0
15251506.0, 10450084.0, 1, 0.0
15251506.0, 10450084.0, 1, 0.0
15403798.0, 10238540.0, 1, 0.0
15403798.0, 10238540.0, 1, 0.0
15438592.0, 10198152.0, 1, 0.0
15438592.0, 10198152.0, 1, 0.0
15545662.0, 9985616.0, 1, 0.0
15545662.0, 9985616.0, 1, 0.0
15545662.0, 9985616.0, 1, 0.0
15545662.0, 9985616.0, 1, 0.0
15545662.0, 9985616.0, 1, 0.0
15545662.0, 9985616.0, 1, 0.0
15545662.0, 9985616.0, 1, 0.0
15485788.0, 10216558.0, 2, inf
20375692.0, 6667170.0, 2, inf
18025978.0, 6847002.0, 2, 0.590349826688
15649326.0, 9976110.0, 2, 0.375376456776
15930362.0, 9206900.0, 2, 0.227978213683
16608076.0, 8545362.0, 2, 0.225273726169
16944400.0, 8019400.0, 2, 0.215006799118
17138320.0, 7661782.0, 2, 0.197130693354
17256016.0, 7156156.0, 2, 0.195946265354
16424920.0, 8815316.0, 2, 0.156547637581
16079786.0, 8905836.0, 2, 0.153252999736
16817684.0, 8300824.0, 2, 0.122153498215
17017230.0, 7682524.0, 2, 0.119674277347
15985432.0, 9193012.0, 2, 0.115379038412
17608576.0, 6989978.0, 2, 0.0986852300402
16817684.0, 8300824.0, 2, 0.0948096220841
17318184.0, 6997878.0, 2, 0.0894956868002
17737658.0, 6847706.0, 2, 0.0885683706457
17611596.0, 6860582.0, 2, 0.0664811851435
15930362.0, 9206900.0, 2, 0.0613854901591
17309126.0, 7090274.0, 2, 0.057306581726
16259014.0, 8847640.0, 2, 0.0503243394645
16259014.0, 8847640.0, 2, 0.0457595843965
17017230.0, 7682524.0, 2, 0.0207377772721
17017230.0, 7682524.0, 2, 0.0
15666108.0, 10105988.0, 3, inf
18064476.0, 6866016.0, 3, inf
17036930.0, 8113944.0, 3, 0.882868029879
16071060.0, 9515870.0, 3, 0.807192165814
17658426.0, 6977928.0, 3, 0.758068719362
16637072.0, 8802390.0, 3, 0.562306731411
Generacion: 38
23380950.0, 6443630.0, 1, inf
15251506.0, 10450084.0, 1, inf
15251506.0, 10450084.0, 1, inf
20824110.0, 6503932.0, 1, 0.437766843223
16898136.0, 8079826.0, 1, 0.293848635234
18302412.0, 6611774.0, 1, 0.268801026091
16921072.0, 7586146.0, 1, 0.257114952646
16417138.0, 8515082.0, 1, 0.242504124071
19887660.0, 6551230.0, 1, 0.228910584651
17037622.0, 7118450.0, 1, 0.176427233364
20011966.0, 6537178.0, 1, 0.126997831604
15804256.0, 9530108.0, 1, 0.117271715411
15860506.0, 9129552.0, 1, 0.106753795169
15740250.0, 9907758.0, 1, 0.0974898022095
15750668.0, 9545264.0, 1, 0.0970693552515
16320338.0, 8766650.0, 1, 0.0842300385208
15307054.0, 10433632.0, 1, 0.0715341903722
18016714.0, 6706106.0, 1, 0.0607193423911
17839136.0, 6816656.0, 1, 0.058993698925
15545662.0, 9985616.0, 1, 0.0563367422233
15495622.0, 10182968.0, 1, 0.0562737612864
15403798.0, 10238540.0, 1, 0.0529744290352
17986686.0, 6808574.0, 1, 0.0494367850211
15999702.0, 8955584.0, 1, 0.0462115912421
15915592.0, 9113336.0, 1, 0.0461505784594
17529700.0, 6819712.0, 1, 0.0412055422255
17403102.0, 6832300.0, 1, 0.0389425675579
17197514.0, 7015538.0, 1, 0.0364706471002
16266706.0, 8778408.0, 1, 0.0328768510143
16115270.0, 8883696.0, 1, 0.0328158382316
17197514.0, 7015538.0, 1, 0.0306202254845
17377398.0, 6925930.0, 1, 0.0297518448833
18016714.0, 6706106.0, 1, 0.0272387436705
17237622.0, 6948220.0, 1, 0.0258301760923
16115270.0, 8883696.0, 1, 0.0227609198947
15403798.0, 10238540.0, 1, 0.0219811795866
16266706.0, 8778408.0, 1, 0.0215628529756
15603204.0, 9972904.0, 1, 0.0200937203391
15683244.0, 9920758.0, 1, 0.0200277871708
17360744.0, 6930624.0, 1, 0.0186632030355
16055284.0, 8944168.0, 1, 0.0177979366738
16062134.0, 8900254.0, 1, 0.0174970550883
15438592.0, 10198152.0, 1, 0.0170959746451
17529700.0, 6819712.0, 1, 0.0163355439904
17251450.0, 6938632.0, 1, 0.0158373545359
15915592.0, 9113336.0, 1, 0.0143938104371
15999702.0, 8955584.0, 1, 0.0131957435181
15683244.0, 9920758.0, 1, 0.0130904563565
15603204.0, 9972904.0, 1, 0.0130185723413
15860506.0, 9129552.0, 1, 0.0109667617976
15495622.0, 10182968.0, 1, 0.00994528753021
15545662.0, 9985616.0, 1, 0.00932828306691
15438592.0, 10198152.0, 1, 0.00806988252096
17403102.0, 6832300.0, 1, 0.00630377034545
15750668.0, 9545264.0, 1, 0.00506441075218
16062134.0, 8900254.0, 1, 0.00497544772708
15740250.0, 9907758.0, 1, 0.00452627902772
17251450.0, 6938632.0, 1, 0.00369975231279
16055284.0, 8944168.0, 1, 0.00369201854007
17529700.0, 6819712.0, 1, 0.0
15251506.0, 10450084.0, 1, 0.0
15251506.0, 10450084.0, 1, 0.0
15251506.0, 10450084.0, 1, 0.0
15403798.0, 10238540.0, 1, 0.0
15495622.0, 10182968.0, 1, 0.0
15495622.0, 10182968.0, 1, 0.0
15545662.0, 9985616.0, 1, 0.0
15545662.0, 9985616.0, 1, 0.0
15545662.0, 9985616.0, 1, 0.0
15545662.0, 9985616.0, 1, 0.0
15545662.0, 9985616.0, 1, 0.0
15545662.0, 9985616.0, 1, 0.0
15545662.0, 9985616.0, 1, 0.0
15545662.0, 9985616.0, 1, 0.0
15545662.0, 9985616.0, 1, 0.0
15545662.0, 9985616.0, 1, 0.0
15545662.0, 9985616.0, 1, 0.0
15545662.0, 9985616.0, 1, 0.0
15603204.0, 9972904.0, 1, 0.0
15603204.0, 9972904.0, 1, 0.0
15603204.0, 9972904.0, 1, 0.0
15603204.0, 9972904.0, 1, 0.0
15603204.0, 9972904.0, 1, 0.0
15603204.0, 9972904.0, 1, 0.0
15683244.0, 9920758.0, 1, 0.0
15683244.0, 9920758.0, 1, 0.0
15683244.0, 9920758.0, 1, 0.0
15740250.0, 9907758.0, 1, 0.0
15740250.0, 9907758.0, 1, 0.0
15750668.0, 9545264.0, 1, 0.0
15750668.0, 9545264.0, 1, 0.0
15750668.0, 9545264.0, 1, 0.0
15750668.0, 9545264.0, 1, 0.0
15860506.0, 9129552.0, 1, 0.0
15860506.0, 9129552.0, 1, 0.0
15860506.0, 9129552.0, 1, 0.0
15860506.0, 9129552.0, 1, 0.0
15999702.0, 8955584.0, 1, 0.0
15999702.0, 8955584.0, 1, 0.0
16062134.0, 8900254.0, 1, 0.0
16062134.0, 8900254.0, 1, 0.0
16062134.0, 8900254.0, 1, 0.0
16062134.0, 8900254.0, 1, 0.0
16115270.0, 8883696.0, 1, 0.0
16115270.0, 8883696.0, 1, 0.0
16115270.0, 8883696.0, 1, 0.0
16266706.0, 8778408.0, 1, 0.0
17197514.0, 7015538.0, 1, 0.0
17403102.0, 6832300.0, 1, 0.0
17403102.0, 6832300.0, 1, 0.0
17403102.0, 6832300.0, 1, 0.0
17403102.0, 6832300.0, 1, 0.0
17403102.0, 6832300.0, 1, 0.0
17403102.0, 6832300.0, 1, 0.0
15449816.0, 10340174.0, 2, inf
20971718.0, 6593014.0, 2, inf
20251354.0, 6681438.0, 2, 0.496964270828
17865480.0, 6825946.0, 2, 0.432971885644
17234008.0, 7148776.0, 2, 0.354058966037
16944400.0, 8019400.0, 2, 0.326463725098
16446088.0, 8814006.0, 2, 0.306481408389
15930362.0, 9206900.0, 2, 0.26985219938
17017230.0, 7682524.0, 2, 0.260624130007
15649326.0, 9976110.0, 2, 0.218607595739
17714990.0, 6829308.0, 2, 0.20051094449
16079786.0, 8905836.0, 2, 0.18038523632
20375692.0, 6667170.0, 2, 0.154053378701
15649326.0, 9976110.0, 2, 0.107775726771
15985432.0, 9193012.0, 2, 0.107404822162
16963356.0, 7941712.0, 2, 0.10309098155
15575722.0, 10189252.0, 2, 0.0994944953338
16424920.0, 8815316.0, 2, 0.0908427604581
17865480.0, 6825946.0, 2, 0.0658179636024
15460844.0, 10221028.0, 2, 0.0630775707738
16176230.0, 9140564.0, 3, inf
18058500.0, 6852466.0, 3, inf
17024644.0, 8951846.0, 3, 1.13664300054
17901808.0, 6861838.0, 3, 0.791690402083
17544658.0, 8039302.0, 3, 0.776014728018
17420690.0, 8052586.0, 3, 0.675091689055
16242122.0, 10340116.0, 4, inf
18064476.0, 6866016.0, 4, inf
16242122.0, 10340116.0, 4, inf
17562492.0, 8200110.0, 4, 1.51132531413
16320182.0, 9252662.0, 4, 1.34052949737
18036818.0, 7274728.0, 4, 0.377927464174
18036818.0, 7274728.0, 4, 0.281543038456
18086716.0, 7072732.0, 5, inf
16446716.0, 9325206.0, 5, inf
17701744.0, 8936010.0, 5, 1.96233060535
Generacion: 39
15251506.0, 10450084.0, 1, inf
15251506.0, 10450084.0, 1, inf
20466104.0, 6488966.0, 1, inf
19887660.0, 6551230.0, 1, 0.474917146576
18154450.0, 6614188.0, 1, 0.369206016566
16911510.0, 8210746.0, 1, 0.196361373584
16921072.0, 7586146.0, 1, 0.180033471423
17037622.0, 7118450.0, 1, 0.165420167721
16921072.0, 7586146.0, 1, 0.119905414515
15860506.0, 9129552.0, 1, 0.111685761659
15804256.0, 9530108.0, 1, 0.111398491192
15683244.0, 9920758.0, 1, 0.110144172069
15750668.0, 9545264.0, 1, 0.105071489573
16417138.0, 8515082.0, 1, 0.103386738122
17976154.0, 6801306.0, 1, 0.0906459220829
18063094.0, 6627720.0, 1, 0.0814303892935
16659572.0, 8410748.0, 1, 0.0810946225009
16815358.0, 8283654.0, 1, 0.0696230528789
16266706.0, 8778408.0, 1, 0.068874482768
16320338.0, 8766650.0, 1, 0.0647701440223
17839136.0, 6816656.0, 1, 0.06321550507
17529700.0, 6819712.0, 1, 0.0625182271802
15545662.0, 9985616.0, 1, 0.0608570888209
15495622.0, 10182968.0, 1, 0.0607589029204
15307054.0, 10433632.0, 1, 0.059904154771
17078728.0, 7050656.0, 1, 0.0566429266721
15403798.0, 10238540.0, 1, 0.0559241739556
16358036.0, 8591222.0, 1, 0.0556214479528
16716506.0, 8338402.0, 1, 0.0536966822183
15999702.0, 8955584.0, 1, 0.0504840433563
15915592.0, 9113336.0, 1, 0.0503889257652
17403102.0, 6832300.0, 1, 0.0479148805414
17377398.0, 6925930.0, 1, 0.0477902304725
17251450.0, 6938632.0, 1, 0.0435681901294
17197514.0, 7015538.0, 1, 0.0421947381394
16115270.0, 8883696.0, 1, 0.0367702300094
16115270.0, 8883696.0, 1, 0.0332209142663
16696566.0, 8406116.0, 1, 0.0291822309775
15403798.0, 10238540.0, 1, 0.0287486440167
17839136.0, 6816656.0, 1, 0.0270473503455
16358036.0, 8591222.0, 1, 0.0264511664113
15683244.0, 9920758.0, 1, 0.0260943209464
16055284.0, 8944168.0, 1, 0.0259408218861
17529700.0, 6819712.0, 1, 0.0250491138564
15603204.0, 9972904.0, 1, 0.0241992563604
15307054.0, 10433632.0, 1, 0.0227059055777
16062134.0, 8900254.0, 1, 0.0212761195083
15438592.0, 10198152.0, 1, 0.0211327165761
15915592.0, 9113336.0, 1, 0.0202235126379
17197514.0, 7015538.0, 1, 0.0192089497793
15999702.0, 8955584.0, 1, 0.0190117335392
15603204.0, 9972904.0, 1, 0.0185584126951
15750668.0, 9545264.0, 1, 0.0167560482668
15860506.0, 9129552.0, 1, 0.0148808189154
15804256.0, 9530108.0, 1, 0.0146132176977
17251450.0, 6938632.0, 1, 0.0135499413882
15495622.0, 10182968.0, 1, 0.0134293988278
15545662.0, 9985616.0, 1, 0.0128053325919
15438592.0, 10198152.0, 1, 0.0105056835193
17377398.0, 6925930.0, 1, 0.00813590947244
17403102.0, 6832300.0, 1, 0.00810712971884
16062134.0, 8900254.0, 1, 0.00549375293956
16062134.0, 8900254.0, 1, 0.0
16062134.0, 8900254.0, 1, 0.0
16062134.0, 8900254.0, 1, 0.0
16115270.0, 8883696.0, 1, 0.0
17197514.0, 7015538.0, 1, 0.0
17197514.0, 7015538.0, 1, 0.0
17197514.0, 7015538.0, 1, 0.0
17197514.0, 7015538.0, 1, 0.0
17377398.0, 6925930.0, 1, 0.0
15251506.0, 10450084.0, 1, 0.0
15251506.0, 10450084.0, 1, 0.0
15251506.0, 10450084.0, 1, 0.0
15251506.0, 10450084.0, 1, 0.0
15251506.0, 10450084.0, 1, 0.0
15307054.0, 10433632.0, 1, 0.0
15403798.0, 10238540.0, 1, 0.0
15545662.0, 9985616.0, 1, 0.0
15545662.0, 9985616.0, 1, 0.0
15545662.0, 9985616.0, 1, 0.0
15545662.0, 9985616.0, 1, 0.0
15545662.0, 9985616.0, 1, 0.0
15545662.0, 9985616.0, 1, 0.0
15545662.0, 9985616.0, 1, 0.0
15545662.0, 9985616.0, 1, 0.0
15603204.0, 9972904.0, 1, 0.0
15603204.0, 9972904.0, 1, 0.0
15603204.0, 9972904.0, 1, 0.0
15603204.0, 9972904.0, 1, 0.0
15603204.0, 9972904.0, 1, 0.0
15603204.0, 9972904.0, 1, 0.0
15683244.0, 9920758.0, 1, 0.0
15683244.0, 9920758.0, 1, 0.0
15750668.0, 9545264.0, 1, 0.0
15750668.0, 9545264.0, 1, 0.0
15750668.0, 9545264.0, 1, 0.0
15750668.0, 9545264.0, 1, 0.0
15860506.0, 9129552.0, 1, 0.0
15860506.0, 9129552.0, 1, 0.0
15860506.0, 9129552.0, 1, 0.0
15860506.0, 9129552.0, 1, 0.0
15860506.0, 9129552.0, 1, 0.0
15999702.0, 8955584.0, 1, 0.0
15999702.0, 8955584.0, 1, 0.0
15999702.0, 8955584.0, 1, 0.0
15999702.0, 8955584.0, 1, 0.0
16062134.0, 8900254.0, 1, 0.0
16062134.0, 8900254.0, 1, 0.0
16062134.0, 8900254.0, 1, 0.0
16062134.0, 8900254.0, 1, 0.0
16062134.0, 8900254.0, 1, 0.0
16062134.0, 8900254.0, 1, 0.0
16062134.0, 8900254.0, 1, 0.0
15460844.0, 10221028.0, 2, inf
20112010.0, 6584714.0, 2, inf
18181296.0, 6630888.0, 2, 0.463967540577
16995850.0, 8205470.0, 2, 0.43395724263
16446088.0, 8814006.0, 2, 0.37344166855
15962664.0, 10037844.0, 2, 0.303289341221
17017230.0, 7682524.0, 2, 0.280981681524
15985432.0, 9193012.0, 2, 0.265546008414
17107386.0, 7270932.0, 2, 0.252985285379
16139916.0, 8894246.0, 2, 0.203269044375
17318184.0, 6997878.0, 2, 0.160404106124
17986686.0, 6808574.0, 2, 0.154821965653
17714990.0, 6829308.0, 2, 0.104771982472
15666108.0, 10105988.0, 2, 0.0922052599237
17318184.0, 6997878.0, 2, 0.0916789215064
17714990.0, 6829308.0, 2, 0.0910151589652
15985432.0, 9193012.0, 2, 0.0870568881306
15723138.0, 10090804.0, 2, 0.082499351805
18181296.0, 6630888.0, 2, 0.0545391444576
20847090.0, 6614404.0, 3, inf
16193574.0, 9024420.0, 3, inf
20251354.0, 6681438.0, 3, 0.751525479357
18210830.0, 7060296.0, 3, 0.719843597914
17037242.0, 8128458.0, 3, 0.580061073917
16503682.0, 9015840.0, 3, 0.553062891223
17824068.0, 7159202.0, 3, 0.480050640633
17138320.0, 7661782.0, 3, 0.451842483069
17084210.0, 7918534.0, 3, 0.119417804362
17110116.0, 7878400.0, 3, 0.0954493642678
17110116.0, 7878400.0, 3, 0.0227137950759
17194974.0, 10008104.0, 4, inf
19259128.0, 7149638.0, 4, inf
18411796.0, 7442374.0, 4, 0.817462595856
17375032.0, 9841682.0, 4, 0.576428332218
17475710.0, 8409086.0, 4, 0.531405838825
17538108.0, 8393424.0, 4, 0.428746031254
Generacion: 40
15251506.0, 10450084.0, 1, inf
20112010.0, 6584714.0, 1, inf
15251506.0, 10450084.0, 1, inf
18154450.0, 6614188.0, 1, 0.406249186118
16921072.0, 7586146.0, 1, 0.347175541854
16815358.0, 8283654.0, 1, 0.344002031448
17037622.0, 7118450.0, 1, 0.20449571006
16417138.0, 8515082.0, 1, 0.173659551241
15860506.0, 9129552.0, 1, 0.11496021227
15804256.0, 9530108.0, 1, 0.114652013779
15683244.0, 9920758.0, 1, 0.113610521745
15750668.0, 9545264.0, 1, 0.10816828777
15460844.0, 10221028.0, 1, 0.0946204186832
15307054.0, 10433632.0, 1, 0.0860605610941
16358036.0, 8591222.0, 1, 0.0849981448885
15545662.0, 9985616.0, 1, 0.072741527224
17529700.0, 6819712.0, 1, 0.0669199660503
17839136.0, 6816656.0, 1, 0.0657542302993
17986686.0, 6808574.0, 1, 0.0651350024634
18016714.0, 6706106.0, 1, 0.062508456872
15403798.0, 10238540.0, 1, 0.0622083959765
16320338.0, 8766650.0, 1, 0.0564187764664
17197514.0, 7015538.0, 1, 0.0527923318532
15999702.0, 8955584.0, 1, 0.0522470566161
15915592.0, 9113336.0, 1, 0.0521450095856
18063094.0, 6627720.0, 1, 0.0521176730142
17403102.0, 6832300.0, 1, 0.0502690482545
17377398.0, 6925930.0, 1, 0.0501353172669
17251450.0, 6938632.0, 1, 0.0458086939424
16266706.0, 8778408.0, 1, 0.0382730362139
16115270.0, 8883696.0, 1, 0.0381709891833
17197514.0, 7015538.0, 1, 0.0377208922767
16115270.0, 8883696.0, 1, 0.0354401176322
16266706.0, 8778408.0, 1, 0.0341983218921
17839136.0, 6816656.0, 1, 0.0311475441326
15683244.0, 9920758.0, 1, 0.0273623709422
17529700.0, 6819712.0, 1, 0.0268368800533
18154450.0, 6614188.0, 1, 0.026420724952
15603204.0, 9972904.0, 1, 0.0253292484512
15403798.0, 10238540.0, 1, 0.0244345935016
16055284.0, 8944168.0, 1, 0.0227963183944
16062134.0, 8900254.0, 1, 0.0222930784012
15915592.0, 9113336.0, 1, 0.0214999897334
15545662.0, 9985616.0, 1, 0.0207391427496
15999702.0, 8955584.0, 1, 0.0202581939933
15603204.0, 9972904.0, 1, 0.0197561171209
15750668.0, 9545264.0, 1, 0.0177927825199
15860506.0, 9129552.0, 1, 0.0157680738662
15804256.0, 9530108.0, 1, 0.0154938439736
17251450.0, 6938632.0, 1, 0.0143828935857
16320338.0, 8766650.0, 1, 0.0107978679474
17377398.0, 6925930.0, 1, 0.0085744424457
17403102.0, 6832300.0, 1, 0.00854494979687
16062134.0, 8900254.0, 1, 0.00569299675752
16055284.0, 8944168.0, 1, 0.00436272307092
17197514.0, 7015538.0, 1, 0.0
17197514.0, 7015538.0, 1, 0.0
17197514.0, 7015538.0, 1, 0.0
17251450.0, 6938632.0, 1, 0.0
15251506.0, 10450084.0, 1, 0.0
15251506.0, 10450084.0, 1, 0.0
15251506.0, 10450084.0, 1, 0.0
15403798.0, 10238540.0, 1, 0.0
15403798.0, 10238540.0, 1, 0.0
15403798.0, 10238540.0, 1, 0.0
15545662.0, 9985616.0, 1, 0.0
15545662.0, 9985616.0, 1, 0.0
15545662.0, 9985616.0, 1, 0.0
15545662.0, 9985616.0, 1, 0.0
15545662.0, 9985616.0, 1, 0.0
15545662.0, 9985616.0, 1, 0.0
15545662.0, 9985616.0, 1, 0.0
15545662.0, 9985616.0, 1, 0.0
15545662.0, 9985616.0, 1, 0.0
15545662.0, 9985616.0, 1, 0.0
15545662.0, 9985616.0, 1, 0.0
15545662.0, 9985616.0, 1, 0.0
15603204.0, 9972904.0, 1, 0.0
15603204.0, 9972904.0, 1, 0.0
15603204.0, 9972904.0, 1, 0.0
15603204.0, 9972904.0, 1, 0.0
15603204.0, 9972904.0, 1, 0.0
15603204.0, 9972904.0, 1, 0.0
15603204.0, 9972904.0, 1, 0.0
15683244.0, 9920758.0, 1, 0.0
15750668.0, 9545264.0, 1, 0.0
15750668.0, 9545264.0, 1, 0.0
15750668.0, 9545264.0, 1, 0.0
15804256.0, 9530108.0, 1, 0.0
15860506.0, 9129552.0, 1, 0.0
15860506.0, 9129552.0, 1, 0.0
15915592.0, 9113336.0, 1, 0.0
15915592.0, 9113336.0, 1, 0.0
15915592.0, 9113336.0, 1, 0.0
15915592.0, 9113336.0, 1, 0.0
15999702.0, 8955584.0, 1, 0.0
15999702.0, 8955584.0, 1, 0.0
15999702.0, 8955584.0, 1, 0.0
16055284.0, 8944168.0, 1, 0.0
16055284.0, 8944168.0, 1, 0.0
16062134.0, 8900254.0, 1, 0.0
16062134.0, 8900254.0, 1, 0.0
16062134.0, 8900254.0, 1, 0.0
16062134.0, 8900254.0, 1, 0.0
16062134.0, 8900254.0, 1, 0.0
16062134.0, 8900254.0, 1, 0.0
16062134.0, 8900254.0, 1, 0.0
16115270.0, 8883696.0, 1, 0.0
16115270.0, 8883696.0, 1, 0.0
16266706.0, 8778408.0, 1, 0.0
16266706.0, 8778408.0, 1, 0.0
20154292.0, 6664686.0, 2, inf
15857218.0, 9985396.0, 2, inf
17852368.0, 6821194.0, 2, 0.617240149684
17123466.0, 7232872.0, 2, 0.380124942497
16000696.0, 9357312.0, 2, 0.34631712304
17714990.0, 6829308.0, 2, 0.293600403949
17040736.0, 7570540.0, 2, 0.289762890145
16230780.0, 9124060.0, 2, 0.267261461495
17013012.0, 8142552.0, 2, 0.25853622414
16446088.0, 8814006.0, 2, 0.228956789048
16487368.0, 8562048.0, 2, 0.198200766925
17037242.0, 8128458.0, 2, 0.178707765326
16487368.0, 8562048.0, 2, 0.135933738024
20288556.0, 6762410.0, 3, inf
16253732.0, 9339514.0, 3, inf
18495552.0, 6934742.0, 3, 0.549674328517
17447564.0, 7512444.0, 3, 0.515647202082
16628988.0, 8683556.0, 3, 0.496287495002
17780002.0, 6977390.0, 3, 0.445481157326
17103772.0, 8069324.0, 3, 0.431670524795
17110116.0, 7878400.0, 3, 0.301293710156
16555336.0, 8998014.0, 3, 0.297366784804
18371148.0, 6954300.0, 3, 0.193892355354
16320182.0, 9252662.0, 3, 0.115280809243
16320182.0, 9252662.0, 3, 0.0919824997568
18234910.0, 7178458.0, 4, inf
16788820.0, 9212268.0, 4, inf
17601150.0, 8140590.0, 4, 1.10098030661
18162468.0, 7256078.0, 4, 0.911326418884
17111426.0, 8405536.0, 4, 0.643661898156
17205102.0, 8148804.0, 4, 0.394295364931
17137602.0, 8393716.0, 4, 0.191010864604
17205102.0, 8148804.0, 4, 0.0507163180289
18615160.0, 7381270.0, 5, inf
17166988.0, 9381294.0, 5, inf
18411796.0, 7442374.0, 5, 1.13155743452
17537452.0, 8156024.0, 5, 1.12974165054
17426010.0, 8743760.0, 5, 0.699278645384
17475710.0, 8409086.0, 5, 0.370818039915
Generacion: 41
15251506.0, 10450084.0, 1, inf
15251506.0, 10450084.0, 1, inf
20893298.0, 6435298.0, 1, inf
19915878.0, 6586922.0, 1, 0.328087676054
18275566.0, 6595074.0, 1, 0.319002125814
16919478.0, 7580790.0, 1, 0.318977956694
16849076.0, 8264906.0, 1, 0.185130979961
20740842.0, 6475952.0, 1, 0.175698670572
20112010.0, 6584714.0, 1, 0.17386408055
17037622.0, 7118450.0, 1, 0.136432696239
15860506.0, 9129552.0, 1, 0.109534118439
15804256.0, 9530108.0, 1, 0.109268599966
16487368.0, 8562048.0, 1, 0.106119426628
16707520.0, 8437430.0, 1, 0.101926493901
15740250.0, 9907758.0, 1, 0.100393980346
15750668.0, 9545264.0, 1, 0.0997881444697
17986686.0, 6808574.0, 1, 0.0859925808314
17839136.0, 6816656.0, 1, 0.0837743953102
17529700.0, 6819712.0, 1, 0.0811830328819
18141150.0, 6686332.0, 1, 0.0781534666755
16608076.0, 8545362.0, 1, 0.0700614057083
15545662.0, 9985616.0, 1, 0.0688354927572
15460844.0, 10221028.0, 1, 0.0687475774282
16320338.0, 8766650.0, 1, 0.0604683179775
15403798.0, 10238540.0, 1, 0.0587047009212
15307054.0, 10433632.0, 1, 0.0584391824476
17157642.0, 7100676.0, 1, 0.0539738874078
16194962.0, 8882542.0, 1, 0.0530668852123
15999702.0, 8955584.0, 1, 0.0491445886444
15915592.0, 9113336.0, 1, 0.0490566733154
17403102.0, 6832300.0, 1, 0.0489244220789
18154450.0, 6614188.0, 1, 0.0465555309597
17251450.0, 6938632.0, 1, 0.0460358028392
16815358.0, 8283654.0, 1, 0.0440023771204
17251450.0, 6938632.0, 1, 0.0360451808733
16266706.0, 8778408.0, 1, 0.0354438210305
16320338.0, 8766650.0, 1, 0.0325345157042
17197514.0, 7015538.0, 1, 0.0307661946459
17403102.0, 6832300.0, 1, 0.0300155218081
17197514.0, 7015538.0, 1, 0.0262229490509
17037622.0, 7118450.0, 1, 0.0253679992744
15603204.0, 9972904.0, 1, 0.0231877297133
15683244.0, 9920758.0, 1, 0.0230927244384
16815358.0, 8283654.0, 1, 0.0218071847795
15403798.0, 10238540.0, 1, 0.0215096194526
15307054.0, 10433632.0, 1, 0.0212455954174
16055284.0, 8944168.0, 1, 0.0207899017445
16062134.0, 8900254.0, 1, 0.0203563515534
15460844.0, 10221028.0, 1, 0.0193957520856
15915592.0, 9113336.0, 1, 0.0189474532985
16115270.0, 8883696.0, 1, 0.0182495538882
15545662.0, 9985616.0, 1, 0.0182001715491
15999702.0, 8955584.0, 1, 0.017751872762
15683244.0, 9920758.0, 1, 0.0174250123448
15603204.0, 9972904.0, 1, 0.0173532775126
16266706.0, 8778408.0, 1, 0.0156452011034
15860506.0, 9129552.0, 1, 0.0140093059865
15804256.0, 9530108.0, 1, 0.0137452819513
16847516.0, 8272842.0, 1, 0.0106462081999
16115270.0, 8883696.0, 1, 0.00970572160698
15750668.0, 9545264.0, 1, 0.00562162195107
16062134.0, 8900254.0, 1, 0.00533840792611
15740250.0, 9907758.0, 1, 0.00508460702674
16055284.0, 8944168.0, 1, 0.00405764227634
15545662.0, 9985616.0, 1, 0.0
15545662.0, 9985616.0, 1, 0.0
15545662.0, 9985616.0, 1, 0.0
15545662.0, 9985616.0, 1, 0.0
15545662.0, 9985616.0, 1, 0.0
15545662.0, 9985616.0, 1, 0.0
15545662.0, 9985616.0, 1, 0.0
15545662.0, 9985616.0, 1, 0.0
15603204.0, 9972904.0, 1, 0.0
15603204.0, 9972904.0, 1, 0.0
15683244.0, 9920758.0, 1, 0.0
15750668.0, 9545264.0, 1, 0.0
15750668.0, 9545264.0, 1, 0.0
15750668.0, 9545264.0, 1, 0.0
15750668.0, 9545264.0, 1, 0.0
15804256.0, 9530108.0, 1, 0.0
15860506.0, 9129552.0, 1, 0.0
15860506.0, 9129552.0, 1, 0.0
15860506.0, 9129552.0, 1, 0.0
15999702.0, 8955584.0, 1, 0.0
15999702.0, 8955584.0, 1, 0.0
15999702.0, 8955584.0, 1, 0.0
15999702.0, 8955584.0, 1, 0.0
15999702.0, 8955584.0, 1, 0.0
15999702.0, 8955584.0, 1, 0.0
16055284.0, 8944168.0, 1, 0.0
16055284.0, 8944168.0, 1, 0.0
16055284.0, 8944168.0, 1, 0.0
16055284.0, 8944168.0, 1, 0.0
16055284.0, 8944168.0, 1, 0.0
16055284.0, 8944168.0, 1, 0.0
16055284.0, 8944168.0, 1, 0.0
16055284.0, 8944168.0, 1, 0.0
16062134.0, 8900254.0, 1, 0.0
16062134.0, 8900254.0, 1, 0.0
16062134.0, 8900254.0, 1, 0.0
16062134.0, 8900254.0, 1, 0.0
16062134.0, 8900254.0, 1, 0.0
16062134.0, 8900254.0, 1, 0.0
16115270.0, 8883696.0, 1, 0.0
16115270.0, 8883696.0, 1, 0.0
16115270.0, 8883696.0, 1, 0.0
16115270.0, 8883696.0, 1, 0.0
16266706.0, 8778408.0, 1, 0.0
16266706.0, 8778408.0, 1, 0.0
16266706.0, 8778408.0, 1, 0.0
16815358.0, 8283654.0, 1, 0.0
17037622.0, 7118450.0, 1, 0.0
17197514.0, 7015538.0, 1, 0.0
17251450.0, 6938632.0, 1, 0.0
17251450.0, 6938632.0, 1, 0.0
15251506.0, 10450084.0, 1, 0.0
15251506.0, 10450084.0, 1, 0.0
15251506.0, 10450084.0, 1, 0.0
15251506.0, 10450084.0, 1, 0.0
15307054.0, 10433632.0, 1, 0.0
15307054.0, 10433632.0, 1, 0.0
15403798.0, 10238540.0, 1, 0.0
15403798.0, 10238540.0, 1, 0.0
15460844.0, 10221028.0, 1, 0.0
15545662.0, 9985616.0, 1, 0.0
15545662.0, 9985616.0, 1, 0.0
15545662.0, 9985616.0, 1, 0.0
15545662.0, 9985616.0, 1, 0.0
19430366.0, 6605328.0, 2, inf
15354226.0, 10454222.0, 2, inf
17040736.0, 7570540.0, 2, 0.412347543691
17865480.0, 6825946.0, 2, 0.384787200355
16826876.0, 8357916.0, 2, 0.355812450856
17598352.0, 7499300.0, 2, 0.324506829141
15857218.0, 9985396.0, 2, 0.293758831193
16000696.0, 9357312.0, 2, 0.251814578393
17611596.0, 6860582.0, 2, 0.202688719748
16315214.0, 8836554.0, 2, 0.164031243767
16566942.0, 8810142.0, 2, 0.131005621207
15510682.0, 10238466.0, 2, 0.123182798244
16678234.0, 8597732.0, 2, 0.118877772177
16230780.0, 9124060.0, 2, 0.113083291266
15614664.0, 10123448.0, 2, 0.112143219699
16052022.0, 9200132.0, 2, 0.0993781403278
17865480.0, 6825946.0, 2, 0.0942395759356
16653136.0, 8651410.0, 2, 0.0824905643992
16176230.0, 9140564.0, 2, 0.0636193641845
17714990.0, 6829308.0, 2, 0.0450451839882
15575722.0, 10189252.0, 2, 0.0386238620667
15599486.0, 10173660.0, 2, 0.0266505058553
Generacion: 42
15251506.0, 10450084.0, 1, inf
15251506.0, 10450084.0, 1, inf
19127760.0, 6426982.0, 1, inf
16675858.0, 8453042.0, 1, 0.289324972852
19021900.0, 6513582.0, 1, 0.261631575848
18275566.0, 6595074.0, 1, 0.248792716252
16800464.0, 7596510.0, 1, 0.24360673087
16919478.0, 7580790.0, 1, 0.180010969961
17529700.0, 6819712.0, 1, 0.156451040832
17037622.0, 7118450.0, 1, 0.14588415543
17986686.0, 6808574.0, 1, 0.141254669745
15750668.0, 9545264.0, 1, 0.11843922988
15860506.0, 9129552.0, 1, 0.117542353619
15750668.0, 9545264.0, 1, 0.106018856965
15740250.0, 9907758.0, 1, 0.104809576095
15495622.0, 10182968.0, 1, 0.0803964813641
16487368.0, 8562048.0, 1, 0.078919409372
16527476.0, 8477164.0, 1, 0.0757218571247
17157642.0, 7100676.0, 1, 0.0668293640724
17321632.0, 6852856.0, 1, 0.0655536906875
15545662.0, 9985616.0, 1, 0.0638994291049
15403798.0, 10238540.0, 1, 0.0632097149334
18154450.0, 6614188.0, 1, 0.0629283793674
15307054.0, 10433632.0, 1, 0.0628232593502
16486698.0, 8752342.0, 1, 0.0590008660723
18063094.0, 6627720.0, 1, 0.0583808191768
15999702.0, 8955584.0, 1, 0.0535506354038
15915592.0, 9113336.0, 1, 0.0534226768128
16454940.0, 8765758.0, 1, 0.0464741838411
18016714.0, 6706106.0, 1, 0.0440732432429
16115270.0, 8883696.0, 1, 0.0431833448838
16266706.0, 8778408.0, 1, 0.041990235686
16266706.0, 8778408.0, 1, 0.0400068888628
16115270.0, 8883696.0, 1, 0.0398789302718
17403102.0, 6832300.0, 1, 0.0377693725932
16320338.0, 8766650.0, 1, 0.0376473830246
17251450.0, 6938632.0, 1, 0.0372217196506
16800464.0, 7596510.0, 1, 0.0360534168644
17251450.0, 6938632.0, 1, 0.0352353262068
17197514.0, 7015538.0, 1, 0.0350767421092
17037622.0, 7118450.0, 1, 0.0348968947585
17990104.0, 6729276.0, 1, 0.0332165529736
15860506.0, 9129552.0, 1, 0.0323668409617
17197514.0, 7015538.0, 1, 0.0294023146271
15403798.0, 10238540.0, 1, 0.0293109768365
15307054.0, 10433632.0, 1, 0.0290474985553
15603204.0, 9972904.0, 1, 0.0278063844842
15683244.0, 9920758.0, 1, 0.027668106652
15915592.0, 9113336.0, 1, 0.0257295050183
16055284.0, 8944168.0, 1, 0.0252545593908
16062134.0, 8900254.0, 1, 0.0246235377911
15999702.0, 8955584.0, 1, 0.0245363958205
15460844.0, 10221028.0, 1, 0.0241771475264
17403102.0, 6832300.0, 1, 0.0241466433967
15683244.0, 9920758.0, 1, 0.0238801390631
15603204.0, 9972904.0, 1, 0.0238085525112
15545662.0, 9985616.0, 1, 0.0160691216071
16320338.0, 8766650.0, 1, 0.0140577580677
15460844.0, 10221028.0, 1, 0.0133249243229
15740250.0, 9907758.0, 1, 0.00591898378277
16062134.0, 8900254.0, 1, 0.00588289966013
16055284.0, 8944168.0, 1, 0.00460478143195
15403798.0, 10238540.0, 1, 0.0
15460844.0, 10221028.0, 1, 0.0
15460844.0, 10221028.0, 1, 0.0
15545662.0, 9985616.0, 1, 0.0
15545662.0, 9985616.0, 1, 0.0
15545662.0, 9985616.0, 1, 0.0
15545662.0, 9985616.0, 1, 0.0
15545662.0, 9985616.0, 1, 0.0
15545662.0, 9985616.0, 1, 0.0
15545662.0, 9985616.0, 1, 0.0
15545662.0, 9985616.0, 1, 0.0
15545662.0, 9985616.0, 1, 0.0
15545662.0, 9985616.0, 1, 0.0
15603204.0, 9972904.0, 1, 0.0
15603204.0, 9972904.0, 1, 0.0
15603204.0, 9972904.0, 1, 0.0
15603204.0, 9972904.0, 1, 0.0
15603204.0, 9972904.0, 1, 0.0
15740250.0, 9907758.0, 1, 0.0
15740250.0, 9907758.0, 1, 0.0
15750668.0, 9545264.0, 1, 0.0
15750668.0, 9545264.0, 1, 0.0
15750668.0, 9545264.0, 1, 0.0
15750668.0, 9545264.0, 1, 0.0
15860506.0, 9129552.0, 1, 0.0
15860506.0, 9129552.0, 1, 0.0
15860506.0, 9129552.0, 1, 0.0
15860506.0, 9129552.0, 1, 0.0
15999702.0, 8955584.0, 1, 0.0
16055284.0, 8944168.0, 1, 0.0
16055284.0, 8944168.0, 1, 0.0
16055284.0, 8944168.0, 1, 0.0
16055284.0, 8944168.0, 1, 0.0
16055284.0, 8944168.0, 1, 0.0
16055284.0, 8944168.0, 1, 0.0
16062134.0, 8900254.0, 1, 0.0
16062134.0, 8900254.0, 1, 0.0
16115270.0, 8883696.0, 1, 0.0
16115270.0, 8883696.0, 1, 0.0
16115270.0, 8883696.0, 1, 0.0
16115270.0, 8883696.0, 1, 0.0
16266706.0, 8778408.0, 1, 0.0
16266706.0, 8778408.0, 1, 0.0
16266706.0, 8778408.0, 1, 0.0
16320338.0, 8766650.0, 1, 0.0
16320338.0, 8766650.0, 1, 0.0
16800464.0, 7596510.0, 1, 0.0
17197514.0, 7015538.0, 1, 0.0
17197514.0, 7015538.0, 1, 0.0
17251450.0, 6938632.0, 1, 0.0
17403102.0, 6832300.0, 1, 0.0
15251506.0, 10450084.0, 1, 0.0
15251506.0, 10450084.0, 1, 0.0
15251506.0, 10450084.0, 1, 0.0
15251506.0, 10450084.0, 1, 0.0
15307054.0, 10433632.0, 1, 0.0
15307054.0, 10433632.0, 1, 0.0
15307054.0, 10433632.0, 1, 0.0
15542794.0, 10203558.0, 2, inf
19915878.0, 6586922.0, 2, inf
17865480.0, 6825946.0, 2, 0.474884378155
17272014.0, 7985524.0, 2, 0.425292344106
15845642.0, 9713900.0, 2, 0.326631169068
17318184.0, 6997878.0, 2, 0.305352004629
15633264.0, 10176540.0, 2, 0.204643185505
16970184.0, 8248202.0, 2, 0.176514064272
16052334.0, 9341814.0, 2, 0.17613078718
16052334.0, 9341814.0, 2, 0.168877044657
16425258.0, 8885140.0, 2, 0.152439954923
16608076.0, 8545362.0, 2, 0.14220016213
17459294.0, 6965754.0, 2, 0.137444343749
16372658.0, 8901986.0, 2, 0.13364058453
17737658.0, 6847706.0, 2, 0.13154010946
16819084.0, 8378794.0, 2, 0.130104912597
17865480.0, 6825946.0, 2, 0.0953194035367
16608076.0, 8545362.0, 2, 0.0878613384764
16372658.0, 8901986.0, 2, 0.0779069128391
16847516.0, 8272842.0, 2, 0.0706609680509
17318184.0, 6997878.0, 2, 0.0194400538524
16052334.0, 9341814.0, 2, 0.0
17318184.0, 6997878.0, 2, 0.0
15581104.0, 10291204.0, 3, inf
18058500.0, 6852466.0, 3, inf
16570864.0, 9584946.0, 3, 1.21995197325
17140162.0, 8260152.0, 3, 0.831532486471
17625386.0, 8189248.0, 3, 0.548274081165
17780002.0, 6977390.0, 3, 0.50959173083
17625386.0, 8189248.0, 3, 0.0830298847909
Generacion: 43
15251506.0, 10450084.0, 1, inf
20760706.0, 6387658.0, 1, inf
15251506.0, 10450084.0, 1, inf
18275566.0, 6595074.0, 1, 0.455794157665
17036930.0, 8113944.0, 1, 0.304285431884
17037622.0, 7118450.0, 1, 0.266834517775
16707520.0, 8437430.0, 1, 0.118137660749
16527476.0, 8477164.0, 1, 0.117600619633
17976154.0, 6801306.0, 1, 0.116365193931
17529700.0, 6819712.0, 1, 0.111646711467
16486698.0, 8752342.0, 1, 0.10885795273
15860506.0, 9129552.0, 1, 0.108599106953
15804256.0, 9530108.0, 1, 0.108327198146
15740250.0, 9907758.0, 1, 0.0995783365462
15750668.0, 9545264.0, 1, 0.0989579197887
16920044.0, 8286714.0, 1, 0.0803108006983
18154450.0, 6614188.0, 1, 0.0743168579286
18275566.0, 6595074.0, 1, 0.0730414933222
15495622.0, 10182968.0, 1, 0.0717522704977
16941278.0, 8283544.0, 1, 0.0637452852421
15545662.0, 9985616.0, 1, 0.0590245494124
15307054.0, 10433632.0, 1, 0.058106291559
17157642.0, 7100676.0, 1, 0.0543553716819
15403798.0, 10238540.0, 1, 0.0543391384333
17403102.0, 6832300.0, 1, 0.0491538874942
15999702.0, 8955584.0, 1, 0.0489209110109
15915592.0, 9113336.0, 1, 0.0488308797904
18016714.0, 6706106.0, 1, 0.0484353621055
17251450.0, 6938632.0, 1, 0.0464580981978
16320338.0, 8766650.0, 1, 0.0463481135568
17251450.0, 6938632.0, 1, 0.0359646767195
16266706.0, 8778408.0, 1, 0.0356525069975
16115270.0, 8883696.0, 1, 0.035562475777
16115270.0, 8883696.0, 1, 0.0315637281532
17197514.0, 7015538.0, 1, 0.030747597073
17403102.0, 6832300.0, 1, 0.0306256867274
16266706.0, 8778408.0, 1, 0.0303821681691
15438592.0, 10198152.0, 1, 0.0303469034409
18016714.0, 6706106.0, 1, 0.0299886118299
15403798.0, 10238540.0, 1, 0.0275022869806
17197514.0, 7015538.0, 1, 0.0261684009641
15603204.0, 9972904.0, 1, 0.0232808829431
15683244.0, 9920758.0, 1, 0.0231835911403
15307054.0, 10433632.0, 1, 0.0216102411932
16055284.0, 8944168.0, 1, 0.0208987390378
16062134.0, 8900254.0, 1, 0.0204547544302
15915592.0, 9113336.0, 1, 0.0192588929082
15999702.0, 8955584.0, 1, 0.0180773329241
15683244.0, 9920758.0, 1, 0.01772848347
15603204.0, 9972904.0, 1, 0.0176575898709
15860506.0, 9129552.0, 1, 0.0142018973372
15804256.0, 9530108.0, 1, 0.0139409695074
15545662.0, 9985616.0, 1, 0.0122121531469
15750668.0, 9545264.0, 1, 0.00562179430952
16062134.0, 8900254.0, 1, 0.00531926434717
15740250.0, 9907758.0, 1, 0.00509107694999
17037622.0, 7118450.0, 1, 0.00450082623159
16055284.0, 8944168.0, 1, 0.00405351821419
15999702.0, 8955584.0, 1, 0.0
16055284.0, 8944168.0, 1, 0.0
16055284.0, 8944168.0, 1, 0.0
16055284.0, 8944168.0, 1, 0.0
16062134.0, 8900254.0, 1, 0.0
16062134.0, 8900254.0, 1, 0.0
16062134.0, 8900254.0, 1, 0.0
16062134.0, 8900254.0, 1, 0.0
16062134.0, 8900254.0, 1, 0.0
16062134.0, 8900254.0, 1, 0.0
16062134.0, 8900254.0, 1, 0.0
16115270.0, 8883696.0, 1, 0.0
16115270.0, 8883696.0, 1, 0.0
16115270.0, 8883696.0, 1, 0.0
16266706.0, 8778408.0, 1, 0.0
17037622.0, 7118450.0, 1, 0.0
17037622.0, 7118450.0, 1, 0.0
17037622.0, 7118450.0, 1, 0.0
17197514.0, 7015538.0, 1, 0.0
17197514.0, 7015538.0, 1, 0.0
17197514.0, 7015538.0, 1, 0.0
15251506.0, 10450084.0, 1, 0.0
15251506.0, 10450084.0, 1, 0.0
15251506.0, 10450084.0, 1, 0.0
15251506.0, 10450084.0, 1, 0.0
15403798.0, 10238540.0, 1, 0.0
15545662.0, 9985616.0, 1, 0.0
15545662.0, 9985616.0, 1, 0.0
15545662.0, 9985616.0, 1, 0.0
15545662.0, 9985616.0, 1, 0.0
15545662.0, 9985616.0, 1, 0.0
15545662.0, 9985616.0, 1, 0.0
15545662.0, 9985616.0, 1, 0.0
15545662.0, 9985616.0, 1, 0.0
15603204.0, 9972904.0, 1, 0.0
15603204.0, 9972904.0, 1, 0.0
15683244.0, 9920758.0, 1, 0.0
15740250.0, 9907758.0, 1, 0.0
15750668.0, 9545264.0, 1, 0.0
15750668.0, 9545264.0, 1, 0.0
15750668.0, 9545264.0, 1, 0.0
15804256.0, 9530108.0, 1, 0.0
15804256.0, 9530108.0, 1, 0.0
15860506.0, 9129552.0, 1, 0.0
15860506.0, 9129552.0, 1, 0.0
15860506.0, 9129552.0, 1, 0.0
15915592.0, 9113336.0, 1, 0.0
15555258.0, 10436876.0, 2, inf
20167880.0, 6643436.0, 2, inf
17986686.0, 6808574.0, 2, 0.641446014294
17110116.0, 7878400.0, 2, 0.395031951053
16833198.0, 8543944.0, 2, 0.359122549986
15899250.0, 9699314.0, 2, 0.229486545039
16063564.0, 9095476.0, 2, 0.210203591584
17147192.0, 7303644.0, 2, 0.204792945187
15768176.0, 10036630.0, 2, 0.199293729874
16000696.0, 9357312.0, 2, 0.194802220201
16386940.0, 8877566.0, 2, 0.188603215299
16644890.0, 8858106.0, 2, 0.184694230552
15575722.0, 10189252.0, 2, 0.151669901471
17442302.0, 6835196.0, 2, 0.142097337175
17249614.0, 7216254.0, 2, 0.117674340407
17318184.0, 6997878.0, 2, 0.111229801525
17410386.0, 6926530.0, 2, 0.069793425601
17442302.0, 6835196.0, 2, 0.0139371795739
17937294.0, 6869838.0, 3, inf
15581104.0, 10291204.0, 3, inf
17937294.0, 6869838.0, 3, inf
16176230.0, 9140564.0, 3, 0.669438391475
16957058.0, 8851260.0, 3, 0.606234885209
17241806.0, 7996678.0, 3, 0.565157113612
17624352.0, 7886612.0, 3, 0.526336345716
15766820.0, 10219432.0, 3, 0.518278097689
17780002.0, 6977390.0, 3, 0.430000602495
16425258.0, 8885140.0, 3, 0.415952366382
15710310.0, 10237232.0, 3, 0.0997980547833
17937294.0, 6869838.0, 3, 0.0
17937294.0, 6869838.0, 3, 0.0
17800022.0, 7100698.0, 4, inf
17800022.0, 7100698.0, 4, inf
16298450.0, 10326280.0, 4, inf
16298450.0, 10326280.0, 4, inf
16525102.0, 8896780.0, 4, 0.84378846445
17445384.0, 8450216.0, 4, 0.83257583293
16437296.0, 9006414.0, 4, 0.594118981092
17601150.0, 8140590.0, 4, 0.364809828078
17448962.0, 8195816.0, 4, 0.15252027527
17601150.0, 8140590.0, 4, 0.13722740649
17537452.0, 8156024.0, 4, 0.118473700596
19096346.0, 7151256.0, 5, inf
16679424.0, 9768354.0, 5, inf
19096346.0, 7151256.0, 5, inf
Generacion: 44
20639430.0, 6408172.0, 1, inf
15251506.0, 10450084.0, 1, inf
15251506.0, 10450084.0, 1, inf
18154450.0, 6614188.0, 1, 0.507507317154
17037622.0, 7118450.0, 1, 0.268568584668
17036930.0, 8113944.0, 1, 0.255048720617
17976154.0, 6801306.0, 1, 0.166801963819
16486698.0, 8752342.0, 1, 0.110065917584
15860506.0, 9129552.0, 1, 0.109324598614
15804256.0, 9530108.0, 1, 0.109046569451
15740250.0, 9907758.0, 1, 0.105414003566
16794298.0, 8304152.0, 1, 0.0999241084762
15750668.0, 9545264.0, 1, 0.0996297390001
16527476.0, 8477164.0, 1, 0.0956208809107
16675858.0, 8453042.0, 1, 0.0923267223628
16989754.0, 8284636.0, 1, 0.0920914746656
17529700.0, 6819712.0, 1, 0.0866928308309
18154450.0, 6614188.0, 1, 0.0840617178047
15495622.0, 10182968.0, 1, 0.0724552529049
15438592.0, 10198152.0, 1, 0.0688443381879
15307054.0, 10433632.0, 1, 0.0685692786287
17360408.0, 6911624.0, 1, 0.0610130364268
15545662.0, 9985616.0, 1, 0.0595062061557
17442302.0, 6835196.0, 1, 0.0541603692996
15999702.0, 8955584.0, 1, 0.0493450862452
15915592.0, 9113336.0, 1, 0.049253028525
17157642.0, 7100676.0, 1, 0.0433395346542
17036930.0, 8113944.0, 1, 0.0423589440972
17251450.0, 6938632.0, 1, 0.0392497648958
16266706.0, 8778408.0, 1, 0.0360031701667
16115270.0, 8883696.0, 1, 0.0359111124465
16320338.0, 8766650.0, 1, 0.0337854756081
16115270.0, 8883696.0, 1, 0.0322031343718
17197514.0, 7015538.0, 1, 0.0310743282407
16266706.0, 8778408.0, 1, 0.0310155775917
15307054.0, 10433632.0, 1, 0.0284838355379
15438592.0, 10198152.0, 1, 0.0281701226218
17197514.0, 7015538.0, 1, 0.0264273865549
15603204.0, 9972904.0, 1, 0.0235811291129
15683244.0, 9920758.0, 1, 0.023481647383
16055284.0, 8944168.0, 1, 0.0211806927602
17529700.0, 6819712.0, 1, 0.0207748754145
16062134.0, 8900254.0, 1, 0.0207267145675
15915592.0, 9113336.0, 1, 0.0196227990368
15999702.0, 8955584.0, 1, 0.0184352422567
15683244.0, 9920758.0, 1, 0.0180717430079
15603204.0, 9972904.0, 1, 0.0180004896011
17251450.0, 6938632.0, 1, 0.0166925208189
15860506.0, 9129552.0, 1, 0.0144519762858
15804256.0, 9530108.0, 1, 0.0141897241635
16527476.0, 8477164.0, 1, 0.0135363743164
16320338.0, 8766650.0, 1, 0.0134940210313
15545662.0, 9985616.0, 1, 0.0124324823315
17157642.0, 7100676.0, 1, 0.0117976766553
15750668.0, 9545264.0, 1, 0.00568329385752
16062134.0, 8900254.0, 1, 0.00536793773577
17037622.0, 7118450.0, 1, 0.00452585916118
16055284.0, 8944168.0, 1, 0.00409576753513
15750668.0, 9545264.0, 1, 0.0
15750668.0, 9545264.0, 1, 0.0
15750668.0, 9545264.0, 1, 0.0
15804256.0, 9530108.0, 1, 0.0
15804256.0, 9530108.0, 1, 0.0
15804256.0, 9530108.0, 1, 0.0
15804256.0, 9530108.0, 1, 0.0
15804256.0, 9530108.0, 1, 0.0
15860506.0, 9129552.0, 1, 0.0
15860506.0, 9129552.0, 1, 0.0
15860506.0, 9129552.0, 1, 0.0
15860506.0, 9129552.0, 1, 0.0
15915592.0, 9113336.0, 1, 0.0
15999702.0, 8955584.0, 1, 0.0
15999702.0, 8955584.0, 1, 0.0
15999702.0, 8955584.0, 1, 0.0
15999702.0, 8955584.0, 1, 0.0
15999702.0, 8955584.0, 1, 0.0
15999702.0, 8955584.0, 1, 0.0
16055284.0, 8944168.0, 1, 0.0
16062134.0, 8900254.0, 1, 0.0
16062134.0, 8900254.0, 1, 0.0
16062134.0, 8900254.0, 1, 0.0
16062134.0, 8900254.0, 1, 0.0
16062134.0, 8900254.0, 1, 0.0
16062134.0, 8900254.0, 1, 0.0
16062134.0, 8900254.0, 1, 0.0
16062134.0, 8900254.0, 1, 0.0
16062134.0, 8900254.0, 1, 0.0
16115270.0, 8883696.0, 1, 0.0
16266706.0, 8778408.0, 1, 0.0
17036930.0, 8113944.0, 1, 0.0
17037622.0, 7118450.0, 1, 0.0
17037622.0, 7118450.0, 1, 0.0
17157642.0, 7100676.0, 1, 0.0
17197514.0, 7015538.0, 1, 0.0
17197514.0, 7015538.0, 1, 0.0
17197514.0, 7015538.0, 1, 0.0
17197514.0, 7015538.0, 1, 0.0
17251450.0, 6938632.0, 1, 0.0
17529700.0, 6819712.0, 1, 0.0
18154450.0, 6614188.0, 1, 0.0
18154450.0, 6614188.0, 1, 0.0
18154450.0, 6614188.0, 1, 0.0
15251506.0, 10450084.0, 1, 0.0
15251506.0, 10450084.0, 1, 0.0
15251506.0, 10450084.0, 1, 0.0
15307054.0, 10433632.0, 1, 0.0
15307054.0, 10433632.0, 1, 0.0
15307054.0, 10433632.0, 1, 0.0
15545662.0, 9985616.0, 1, 0.0
15545662.0, 9985616.0, 1, 0.0
15545662.0, 9985616.0, 1, 0.0
15545662.0, 9985616.0, 1, 0.0
15545662.0, 9985616.0, 1, 0.0
15603204.0, 9972904.0, 1, 0.0
15603204.0, 9972904.0, 1, 0.0
15603204.0, 9972904.0, 1, 0.0
15603204.0, 9972904.0, 1, 0.0
15603204.0, 9972904.0, 1, 0.0
15603204.0, 9972904.0, 1, 0.0
15603204.0, 9972904.0, 1, 0.0
15683244.0, 9920758.0, 1, 0.0
15683244.0, 9920758.0, 1, 0.0
15683244.0, 9920758.0, 1, 0.0
15750668.0, 9545264.0, 1, 0.0
19887264.0, 6761902.0, 2, inf
15412142.0, 10547748.0, 2, inf
17865480.0, 6825946.0, 2, 0.604175263943
17110116.0, 7878400.0, 2, 0.439202519492
15570404.0, 10099584.0, 2, 0.348777488198
16000696.0, 9357312.0, 2, 0.307849615183
17318184.0, 6997878.0, 2, 0.245814442899
16898672.0, 8305734.0, 2, 0.18500296624
16678234.0, 8597732.0, 2, 0.174356371194
17377398.0, 6925930.0, 2, 0.128070100806
16829606.0, 8341488.0, 2, 0.126387409021
15460844.0, 10221028.0, 2, 0.110782407746
16599800.0, 8807164.0, 2, 0.102625405792
16246694.0, 9010190.0, 2, 0.0999351041352
16099540.0, 9161784.0, 2, 0.0878206656162
16134662.0, 9078986.0, 2, 0.0729249838959
16372658.0, 8901986.0, 2, 0.0693863387995
17318184.0, 6997878.0, 2, 0.0654988457653
16555266.0, 8882228.0, 2, 0.0606326810966
16052334.0, 9341814.0, 2, 0.0590923431357
15460844.0, 10221028.0, 2, 0.0429612628802
17377398.0, 6925930.0, 2, 0.0396417670952
16372658.0, 8901986.0, 2, 0.0333665252729
16555266.0, 8882228.0, 2, 0.015170373302
16052334.0, 9341814.0, 2, 0.0146422081273
17937294.0, 6869838.0, 3, inf
Generacion: 45
15251506.0, 10450084.0, 1, inf
15251506.0, 10450084.0, 1, inf
20760706.0, 6387658.0, 1, inf
18275566.0, 6595074.0, 1, 0.455794157665
17037622.0, 7118450.0, 1, 0.274851453466
17037242.0, 8128458.0, 1, 0.268292235844
17529700.0, 6819712.0, 1, 0.190070685402
15438592.0, 10198152.0, 1, 0.153593695912
16602092.0, 8733764.0, 1, 0.141729277033
18154450.0, 6614188.0, 1, 0.118106290098
15740250.0, 9907758.0, 1, 0.114106761726
15860506.0, 9129552.0, 1, 0.108599106953
15804256.0, 9530108.0, 1, 0.108327198146
15750668.0, 9545264.0, 1, 0.0989579197887
16675858.0, 8453042.0, 1, 0.0748491726391
18275566.0, 6595074.0, 1, 0.0730414933222
18154450.0, 6614188.0, 1, 0.0725757617618
15307054.0, 10433632.0, 1, 0.0680481341919
15545662.0, 9985616.0, 1, 0.0627622174955
17019570.0, 8195056.0, 1, 0.0602291757821
16707520.0, 8437430.0, 1, 0.0581490979435
16920044.0, 8286714.0, 1, 0.0580236276691
16320338.0, 8766650.0, 1, 0.0540367822691
17321632.0, 6852856.0, 1, 0.053701553217
16259014.0, 8847640.0, 1, 0.0534053567761
15999702.0, 8955584.0, 1, 0.0489209110109
15915592.0, 9113336.0, 1, 0.0488308797904
17157642.0, 7100676.0, 1, 0.0427428050887
16794298.0, 8304152.0, 1, 0.0386297508541
17251450.0, 6938632.0, 1, 0.0316701072009
16266706.0, 8778408.0, 1, 0.0310675618707
17251450.0, 6938632.0, 1, 0.0309046460876
17197514.0, 7015538.0, 1, 0.030747597073
16115270.0, 8883696.0, 1, 0.0301675181771
17403102.0, 6832300.0, 1, 0.0280394105782
15603204.0, 9972904.0, 1, 0.0280050087339
15307054.0, 10433632.0, 1, 0.0279258587057
16826374.0, 8288312.0, 1, 0.0271172385022
15603204.0, 9972904.0, 1, 0.0264809412334
17197514.0, 7015538.0, 1, 0.0261684009641
15545662.0, 9985616.0, 1, 0.0225639283593
16055284.0, 8944168.0, 1, 0.0208987390378
16062134.0, 8900254.0, 1, 0.0204547544302
16794298.0, 8304152.0, 1, 0.0196506182155
15915592.0, 9113336.0, 1, 0.0192588929082
16115270.0, 8883696.0, 1, 0.0185204422729
15999702.0, 8955584.0, 1, 0.0180773329241
15740250.0, 9907758.0, 1, 0.0179272492273
17403102.0, 6832300.0, 1, 0.0178866320552
16320338.0, 8766650.0, 1, 0.0178301515872
16675858.0, 8453042.0, 1, 0.0172326266945
15860506.0, 9129552.0, 1, 0.0142018973372
15804256.0, 9530108.0, 1, 0.0139409695074
17157642.0, 7100676.0, 1, 0.0116125665932
15750668.0, 9545264.0, 1, 0.00562179430952
16062134.0, 8900254.0, 1, 0.00531926434717
16055284.0, 8944168.0, 1, 0.00405351821419
15307054.0, 10433632.0, 1, 0.0
15307054.0, 10433632.0, 1, 0.0
15307054.0, 10433632.0, 1, 0.0
15307054.0, 10433632.0, 1, 0.0
15307054.0, 10433632.0, 1, 0.0
15545662.0, 9985616.0, 1, 0.0
15545662.0, 9985616.0, 1, 0.0
15545662.0, 9985616.0, 1, 0.0
15545662.0, 9985616.0, 1, 0.0
15545662.0, 9985616.0, 1, 0.0
15545662.0, 9985616.0, 1, 0.0
15545662.0, 9985616.0, 1, 0.0
15545662.0, 9985616.0, 1, 0.0
15603204.0, 9972904.0, 1, 0.0
15603204.0, 9972904.0, 1, 0.0
15603204.0, 9972904.0, 1, 0.0
15603204.0, 9972904.0, 1, 0.0
15603204.0, 9972904.0, 1, 0.0
15750668.0, 9545264.0, 1, 0.0
15750668.0, 9545264.0, 1, 0.0
15750668.0, 9545264.0, 1, 0.0
15750668.0, 9545264.0, 1, 0.0
15804256.0, 9530108.0, 1, 0.0
15804256.0, 9530108.0, 1, 0.0
15804256.0, 9530108.0, 1, 0.0
15804256.0, 9530108.0, 1, 0.0
15804256.0, 9530108.0, 1, 0.0
15860506.0, 9129552.0, 1, 0.0
15860506.0, 9129552.0, 1, 0.0
15860506.0, 9129552.0, 1, 0.0
15860506.0, 9129552.0, 1, 0.0
15915592.0, 9113336.0, 1, 0.0
15999702.0, 8955584.0, 1, 0.0
15999702.0, 8955584.0, 1, 0.0
15999702.0, 8955584.0, 1, 0.0
15999702.0, 8955584.0, 1, 0.0
16055284.0, 8944168.0, 1, 0.0
16055284.0, 8944168.0, 1, 0.0
16055284.0, 8944168.0, 1, 0.0
16055284.0, 8944168.0, 1, 0.0
16055284.0, 8944168.0, 1, 0.0
16055284.0, 8944168.0, 1, 0.0
16055284.0, 8944168.0, 1, 0.0
16062134.0, 8900254.0, 1, 0.0
16062134.0, 8900254.0, 1, 0.0
16062134.0, 8900254.0, 1, 0.0
16062134.0, 8900254.0, 1, 0.0
16062134.0, 8900254.0, 1, 0.0
16115270.0, 8883696.0, 1, 0.0
16115270.0, 8883696.0, 1, 0.0
16115270.0, 8883696.0, 1, 0.0
16115270.0, 8883696.0, 1, 0.0
16320338.0, 8766650.0, 1, 0.0
16320338.0, 8766650.0, 1, 0.0
17157642.0, 7100676.0, 1, 0.0
15251506.0, 10450084.0, 1, 0.0
15251506.0, 10450084.0, 1, 0.0
15251506.0, 10450084.0, 1, 0.0
15251506.0, 10450084.0, 1, 0.0
15251506.0, 10450084.0, 1, 0.0
20352824.0, 6916428.0, 2, inf
15412142.0, 10547748.0, 2, inf
17829376.0, 6916896.0, 2, 0.570276702913
17050684.0, 7552382.0, 2, 0.432226067364
15877042.0, 9939336.0, 2, 0.299969288319
16955426.0, 8300808.0, 2, 0.278082146508
16599800.0, 8807164.0, 2, 0.218170497067
17318184.0, 6997878.0, 2, 0.20664476993
16000696.0, 9357312.0, 2, 0.200026088749
16082716.0, 9101098.0, 2, 0.192346715753
16315214.0, 8836554.0, 2, 0.178852484842
15633264.0, 10176540.0, 2, 0.161811871137
16955426.0, 8300808.0, 2, 0.158721639263
17584706.0, 6952764.0, 2, 0.125766859249
15449816.0, 10340174.0, 2, 0.0998301358442
16052334.0, 9341814.0, 2, 0.0871576591545
15460844.0, 10221028.0, 2, 0.0821919474012
17318184.0, 6997878.0, 2, 0.0665659043691
16585158.0, 8820914.0, 2, 0.0656940255343
16955426.0, 8300808.0, 2, 0.0
16955426.0, 8300808.0, 2, 0.0
17318184.0, 6997878.0, 2, 0.0
15555258.0, 10436876.0, 3, inf
17900558.0, 6959904.0, 3, inf
16230780.0, 9124060.0, 3, 1.31710997584
17251802.0, 7828996.0, 3, 0.60682449656
17066642.0, 8097990.0, 3, 0.394632022294
17066642.0, 8097990.0, 3, 0.332936736229
17155370.0, 7965054.0, 3, 0.156313830532
19204792.0, 7214462.0, 4, inf
17255686.0, 9992366.0, 4, inf
18769510.0, 7479404.0, 4, 1.17446284774
17360246.0, 7848124.0, 4, 1.00221431509
Generacion: 46
21079810.0, 6560188.0, 1, inf
15251506.0, 10450084.0, 1, inf
15251506.0, 10450084.0, 1, inf
18275566.0, 6595074.0, 1, 0.67583291259
17037622.0, 7118450.0, 1, 0.281198512279
17036930.0, 8113944.0, 1, 0.279170360335
17529700.0, 6819712.0, 1, 0.131209153823
16602092.0, 8733764.0, 1, 0.12050933308
15860506.0, 9129552.0, 1, 0.112424910172
15804256.0, 9530108.0, 1, 0.112167888575
15683244.0, 9920758.0, 1, 0.110263584375
15750668.0, 9545264.0, 1, 0.105725042803
15403798.0, 10238540.0, 1, 0.0831051524507
17251450.0, 6938632.0, 1, 0.0823802131495
17529700.0, 6819712.0, 1, 0.0794703434952
17403102.0, 6832300.0, 1, 0.0783126724885
16675858.0, 8453042.0, 1, 0.0775994230962
15545662.0, 9985616.0, 1, 0.0645108195646
15438592.0, 10198152.0, 1, 0.0606077973475
15307054.0, 10433632.0, 1, 0.0596842573655
16707520.0, 8437430.0, 1, 0.0585976082214
16320338.0, 8766650.0, 1, 0.0513650680409
16922036.0, 8221970.0, 1, 0.0502141647526
15915592.0, 9113336.0, 1, 0.0500057606627
15999702.0, 8955584.0, 1, 0.0447582649933
17157642.0, 7100676.0, 1, 0.0424795719781
16933798.0, 8135100.0, 1, 0.0400272441697
16794298.0, 8304152.0, 1, 0.037876013762
16266706.0, 8778408.0, 1, 0.0362690383873
16115270.0, 8883696.0, 1, 0.0361839364434
16847516.0, 8272842.0, 1, 0.0341609312063
17197514.0, 7015538.0, 1, 0.0311411105664
16115270.0, 8883696.0, 1, 0.0302395278943
16266706.0, 8778408.0, 1, 0.029005561742
15438592.0, 10198152.0, 1, 0.0287534926985
17197514.0, 7015538.0, 1, 0.0266118067222
15683244.0, 9920758.0, 1, 0.0249738737086
16024204.0, 8917252.0, 1, 0.0249358947027
15999702.0, 8955584.0, 1, 0.0242855474282
15603204.0, 9972904.0, 1, 0.0232783547377
15545662.0, 9985616.0, 1, 0.0216386495253
16602092.0, 8733764.0, 1, 0.0211107226841
15307054.0, 10433632.0, 1, 0.0208284158822
16794298.0, 8304152.0, 1, 0.0201586151212
15915592.0, 9113336.0, 1, 0.0186000483814
16320338.0, 8766650.0, 1, 0.0176562014374
15603204.0, 9972904.0, 1, 0.0170009367361
16675858.0, 8453042.0, 1, 0.0166699869935
15750668.0, 9545264.0, 1, 0.0154646220474
15860506.0, 9129552.0, 1, 0.0138199270974
15804256.0, 9530108.0, 1, 0.0135474262388
16062134.0, 8900254.0, 1, 0.0134866715294
17157642.0, 7100676.0, 1, 0.0114103720309
16815358.0, 8283654.0, 1, 0.010787106703
16062134.0, 8900254.0, 1, 0.0107645657097
16933798.0, 8135100.0, 1, 0.00745678860676
16815358.0, 8283654.0, 1, 0.00639290984354
15603204.0, 9972904.0, 1, 0.0
15603204.0, 9972904.0, 1, 0.0
15603204.0, 9972904.0, 1, 0.0
15683244.0, 9920758.0, 1, 0.0
15750668.0, 9545264.0, 1, 0.0
15750668.0, 9545264.0, 1, 0.0
15750668.0, 9545264.0, 1, 0.0
15750668.0, 9545264.0, 1, 0.0
15750668.0, 9545264.0, 1, 0.0
15804256.0, 9530108.0, 1, 0.0
15860506.0, 9129552.0, 1, 0.0
15860506.0, 9129552.0, 1, 0.0
15860506.0, 9129552.0, 1, 0.0
15860506.0, 9129552.0, 1, 0.0
15915592.0, 9113336.0, 1, 0.0
15915592.0, 9113336.0, 1, 0.0
15915592.0, 9113336.0, 1, 0.0
15915592.0, 9113336.0, 1, 0.0
15915592.0, 9113336.0, 1, 0.0
15999702.0, 8955584.0, 1, 0.0
15999702.0, 8955584.0, 1, 0.0
15999702.0, 8955584.0, 1, 0.0
15999702.0, 8955584.0, 1, 0.0
15999702.0, 8955584.0, 1, 0.0
15999702.0, 8955584.0, 1, 0.0
15999702.0, 8955584.0, 1, 0.0
15999702.0, 8955584.0, 1, 0.0
15999702.0, 8955584.0, 1, 0.0
16062134.0, 8900254.0, 1, 0.0
16062134.0, 8900254.0, 1, 0.0
16115270.0, 8883696.0, 1, 0.0
16115270.0, 8883696.0, 1, 0.0
16115270.0, 8883696.0, 1, 0.0
16115270.0, 8883696.0, 1, 0.0
16115270.0, 8883696.0, 1, 0.0
16115270.0, 8883696.0, 1, 0.0
16115270.0, 8883696.0, 1, 0.0
16115270.0, 8883696.0, 1, 0.0
16266706.0, 8778408.0, 1, 0.0
16266706.0, 8778408.0, 1, 0.0
16266706.0, 8778408.0, 1, 0.0
16320338.0, 8766650.0, 1, 0.0
16320338.0, 8766650.0, 1, 0.0
16320338.0, 8766650.0, 1, 0.0
16320338.0, 8766650.0, 1, 0.0
16602092.0, 8733764.0, 1, 0.0
16675858.0, 8453042.0, 1, 0.0
16794298.0, 8304152.0, 1, 0.0
17197514.0, 7015538.0, 1, 0.0
15307054.0, 10433632.0, 1, 0.0
15307054.0, 10433632.0, 1, 0.0
15307054.0, 10433632.0, 1, 0.0
15307054.0, 10433632.0, 1, 0.0
15307054.0, 10433632.0, 1, 0.0
15307054.0, 10433632.0, 1, 0.0
15307054.0, 10433632.0, 1, 0.0
15438592.0, 10198152.0, 1, 0.0
15545662.0, 9985616.0, 1, 0.0
15545662.0, 9985616.0, 1, 0.0
15545662.0, 9985616.0, 1, 0.0
15545662.0, 9985616.0, 1, 0.0
15603204.0, 9972904.0, 1, 0.0
15603204.0, 9972904.0, 1, 0.0
15603204.0, 9972904.0, 1, 0.0
20007988.0, 6744984.0, 2, inf
15608354.0, 10420360.0, 2, inf
17829376.0, 6916896.0, 2, 0.57411324951
17283788.0, 6939118.0, 2, 0.363386277163
16019924.0, 9531090.0, 2, 0.329303072173
17179978.0, 7828178.0, 2, 0.308326036139
15817622.0, 9955942.0, 2, 0.263499268536
16055284.0, 8944168.0, 2, 0.231826783269
16687196.0, 8532262.0, 2, 0.217586752241
15633264.0, 10176540.0, 2, 0.17392418233
16372658.0, 8901986.0, 2, 0.172731332899
17708820.0, 6934382.0, 2, 0.130053772022
16776192.0, 8439378.0, 2, 0.0980081564559
16826374.0, 8288312.0, 2, 0.0906432149496
16372658.0, 8901986.0, 2, 0.0829687769142
17069814.0, 8117418.0, 2, 0.0713086308443
16989754.0, 8284636.0, 2, 0.0692850207924
17155370.0, 7965054.0, 2, 0.0566875228173
17155370.0, 7965054.0, 2, 0.0470485429432
17037242.0, 8128458.0, 2, 0.0325438660031
17019570.0, 8195056.0, 2, 0.0283897142821
17019570.0, 8195056.0, 2, 0.0248969782
16055284.0, 8944168.0, 2, 0.019513953172
16055284.0, 8944168.0, 2, 0.0
17900558.0, 6959904.0, 3, inf
16762736.0, 8839592.0, 3, inf
16887968.0, 8302554.0, 3, 1.37505629904
17318184.0, 6997878.0, 3, 1.09997073663
17780002.0, 6977390.0, 3, 0.415181558856
Generacion: 47
15251506.0, 10450084.0, 1, inf
21478034.0, 6515956.0, 1, inf
15251506.0, 10450084.0, 1, inf
18275566.0, 6595074.0, 1, 0.606846714464
21199778.0, 6545254.0, 1, 0.534437125967
17036930.0, 8113944.0, 1, 0.297900263164
17037622.0, 7118450.0, 1, 0.278719730736
17865480.0, 6825946.0, 1, 0.200419977579
17403102.0, 6832300.0, 1, 0.155469062173
17197514.0, 7015538.0, 1, 0.131432543656
16602092.0, 8733764.0, 1, 0.116606163209
15740250.0, 9907758.0, 1, 0.114150895012
15860506.0, 9129552.0, 1, 0.110662685993
15804256.0, 9530108.0, 1, 0.110422102476
15750668.0, 9545264.0, 1, 0.100747277458
16675858.0, 8453042.0, 1, 0.0764406006359
15495622.0, 10182968.0, 1, 0.0712194407525
15545662.0, 9985616.0, 1, 0.0594055288005
15307054.0, 10433632.0, 1, 0.058510825912
15403798.0, 10238540.0, 1, 0.0551776681714
15940384.0, 9069984.0, 1, 0.0536066702606
15999702.0, 8955584.0, 1, 0.0504339592109
16320338.0, 8766650.0, 1, 0.0482392976677
16780876.0, 8348490.0, 1, 0.0478142129127
16911510.0, 8210746.0, 1, 0.0359267766195
16266706.0, 8778408.0, 1, 0.0353761966664
16115270.0, 8883696.0, 1, 0.0352965375048
16911510.0, 8210746.0, 1, 0.0348833446538
16847516.0, 8272842.0, 1, 0.033974501992
16115270.0, 8883696.0, 1, 0.0285299090659
16707520.0, 8437430.0, 1, 0.027692313849
16266706.0, 8778408.0, 1, 0.0273098165829
17037622.0, 7118450.0, 1, 0.0262699202144
15403798.0, 10238540.0, 1, 0.0258034524834
15603204.0, 9972904.0, 1, 0.0258006232153
15603204.0, 9972904.0, 1, 0.0252412306593
16602092.0, 8733764.0, 1, 0.0202062104644
16055284.0, 8944168.0, 1, 0.0200889652947
15915592.0, 9113336.0, 1, 0.0198664536383
15307054.0, 10433632.0, 1, 0.0197192579681
16062134.0, 8900254.0, 1, 0.0196961299939
15438592.0, 10198152.0, 1, 0.0194252590504
15740250.0, 9907758.0, 1, 0.0182323604531
16320338.0, 8766650.0, 1, 0.0169726266758
16675858.0, 8453042.0, 1, 0.0158154026411
16707520.0, 8437430.0, 1, 0.0157495553503
16794298.0, 8304152.0, 1, 0.0146523982439
15860506.0, 9129552.0, 1, 0.013155806199
15804256.0, 9530108.0, 1, 0.012886369109
15545662.0, 9985616.0, 1, 0.0112677931352
16815358.0, 8283654.0, 1, 0.0103749793185
15438592.0, 10198152.0, 1, 0.00944758516445
15915592.0, 9113336.0, 1, 0.00810355235864
16794298.0, 8304152.0, 1, 0.00736591873128
16815358.0, 8283654.0, 1, 0.00613056062193
15750668.0, 9545264.0, 1, 0.00552560561447
16062134.0, 8900254.0, 1, 0.00530894226062
16055284.0, 8944168.0, 1, 0.00400191818819
15603204.0, 9972904.0, 1, 0.0
15603204.0, 9972904.0, 1, 0.0
15603204.0, 9972904.0, 1, 0.0
15740250.0, 9907758.0, 1, 0.0
15740250.0, 9907758.0, 1, 0.0
15750668.0, 9545264.0, 1, 0.0
15804256.0, 9530108.0, 1, 0.0
15804256.0, 9530108.0, 1, 0.0
15804256.0, 9530108.0, 1, 0.0
15804256.0, 9530108.0, 1, 0.0
15860506.0, 9129552.0, 1, 0.0
15860506.0, 9129552.0, 1, 0.0
15860506.0, 9129552.0, 1, 0.0
15860506.0, 9129552.0, 1, 0.0
15860506.0, 9129552.0, 1, 0.0
15860506.0, 9129552.0, 1, 0.0
15860506.0, 9129552.0, 1, 0.0
15860506.0, 9129552.0, 1, 0.0
15860506.0, 9129552.0, 1, 0.0
15860506.0, 9129552.0, 1, 0.0
15915592.0, 9113336.0, 1, 0.0
15915592.0, 9113336.0, 1, 0.0
15915592.0, 9113336.0, 1, 0.0
16055284.0, 8944168.0, 1, 0.0
16055284.0, 8944168.0, 1, 0.0
16055284.0, 8944168.0, 1, 0.0
16055284.0, 8944168.0, 1, 0.0
16062134.0, 8900254.0, 1, 0.0
16062134.0, 8900254.0, 1, 0.0
16062134.0, 8900254.0, 1, 0.0
16062134.0, 8900254.0, 1, 0.0
16062134.0, 8900254.0, 1, 0.0
16062134.0, 8900254.0, 1, 0.0
16062134.0, 8900254.0, 1, 0.0
16062134.0, 8900254.0, 1, 0.0
16062134.0, 8900254.0, 1, 0.0
16115270.0, 8883696.0, 1, 0.0
16115270.0, 8883696.0, 1, 0.0
16266706.0, 8778408.0, 1, 0.0
16266706.0, 8778408.0, 1, 0.0
16266706.0, 8778408.0, 1, 0.0
16266706.0, 8778408.0, 1, 0.0
16675858.0, 8453042.0, 1, 0.0
16707520.0, 8437430.0, 1, 0.0
16707520.0, 8437430.0, 1, 0.0
16815358.0, 8283654.0, 1, 0.0
16815358.0, 8283654.0, 1, 0.0
15251506.0, 10450084.0, 1, 0.0
15251506.0, 10450084.0, 1, 0.0
15251506.0, 10450084.0, 1, 0.0
15251506.0, 10450084.0, 1, 0.0
15307054.0, 10433632.0, 1, 0.0
15307054.0, 10433632.0, 1, 0.0
15403798.0, 10238540.0, 1, 0.0
15545662.0, 9985616.0, 1, 0.0
15545662.0, 9985616.0, 1, 0.0
15545662.0, 9985616.0, 1, 0.0
15545662.0, 9985616.0, 1, 0.0
15545662.0, 9985616.0, 1, 0.0
15545662.0, 9985616.0, 1, 0.0
15545662.0, 9985616.0, 1, 0.0
15545662.0, 9985616.0, 1, 0.0
15545662.0, 9985616.0, 1, 0.0
15545662.0, 9985616.0, 1, 0.0
15545662.0, 9985616.0, 1, 0.0
15603204.0, 9972904.0, 1, 0.0
15603204.0, 9972904.0, 1, 0.0
20385184.0, 6616594.0, 2, inf
15445282.0, 10454770.0, 2, inf
17737658.0, 6847706.0, 2, 0.655118752565
20259898.0, 6626066.0, 2, 0.596161087721
15930362.0, 9206900.0, 2, 0.49671110595
17158466.0, 7827250.0, 2, 0.374797870461
17410386.0, 6926530.0, 2, 0.372458478563
15575722.0, 10189252.0, 2, 0.338126314428
16803020.0, 8527122.0, 2, 0.273346935744
16425258.0, 8885140.0, 2, 0.184786767313
16372658.0, 8901986.0, 2, 0.184014850584
17066642.0, 8097990.0, 2, 0.150701789273
16922036.0, 8221970.0, 2, 0.108777481628
15460844.0, 10221028.0, 2, 0.0851905436867
16922036.0, 8221970.0, 2, 0.0563945873355
15542794.0, 10203558.0, 2, 0.0315340496997
15766820.0, 10219432.0, 3, inf
21288946.0, 6755580.0, 3, inf
17937294.0, 6869838.0, 3, 0.672589588773
15996936.0, 9216348.0, 3, 0.519161299509
17780002.0, 6977390.0, 3, 0.415001388616
17185496.0, 7948872.0, 3, 0.309967485104
16525102.0, 8896780.0, 3, 0.301341317073
17022568.0, 8458720.0, 3, 0.279809798371
17185496.0, 7948872.0, 3, 0.254849944309
Generacion: 48
15251506.0, 10450084.0, 1, inf
15251506.0, 10450084.0, 1, inf
18729140.0, 6767700.0, 1, inf
17158466.0, 7827250.0, 1, 0.354626604395
17865480.0, 6825946.0, 1, 0.338659575179
17197514.0, 7015538.0, 1, 0.235940507199
17708820.0, 6934382.0, 1, 0.207166817793
16486698.0, 8752342.0, 1, 0.18739481798
17053902.0, 8169342.0, 1, 0.175156051007
17251450.0, 6938632.0, 1, 0.152402417577
15860506.0, 9129552.0, 1, 0.124616350803
15804256.0, 9530108.0, 1, 0.12418559817
15740250.0, 9907758.0, 1, 0.121358248171
15750668.0, 9545264.0, 1, 0.113849359473
16911510.0, 8210746.0, 1, 0.0996366953672
16675858.0, 8453042.0, 1, 0.090383333021
15545662.0, 9985616.0, 1, 0.0701398486334
15495622.0, 10182968.0, 1, 0.0699926220995
16815358.0, 8283654.0, 1, 0.0694085863508
15307054.0, 10433632.0, 1, 0.0689527374537
15403798.0, 10238540.0, 1, 0.0629848868978
15999702.0, 8955584.0, 1, 0.058822344152
15915592.0, 9113336.0, 1, 0.0586797184472
16675858.0, 8453042.0, 1, 0.0586329477849
16320338.0, 8766650.0, 1, 0.0510301616062
16707520.0, 8437430.0, 1, 0.0508643692193
16815358.0, 8283654.0, 1, 0.0508081437282
16115270.0, 8883696.0, 1, 0.048042241567
16266706.0, 8778408.0, 1, 0.0467387381844
16266706.0, 8778408.0, 1, 0.0440143261234
16115270.0, 8883696.0, 1, 0.0438717004187
15403798.0, 10238540.0, 1, 0.0387868083754
16707520.0, 8437430.0, 1, 0.0352486583514
15307054.0, 10433632.0, 1, 0.0322866715075
17197514.0, 7015538.0, 1, 0.0321131634458
15603204.0, 9972904.0, 1, 0.0307072419308
15683244.0, 9920758.0, 1, 0.0305531141531
15915592.0, 9113336.0, 1, 0.0285896528465
16055284.0, 8944168.0, 1, 0.0279081320546
15438592.0, 10198152.0, 1, 0.027366975236
15999702.0, 8955584.0, 1, 0.0272861494639
16062134.0, 8900254.0, 1, 0.027204780293
15683244.0, 9920758.0, 1, 0.0265459696563
15603204.0, 9972904.0, 1, 0.0264677594534
15860506.0, 9129552.0, 1, 0.0205784590291
15804256.0, 9530108.0, 1, 0.0202906020321
16320338.0, 8766650.0, 1, 0.0193075057592
15495622.0, 10182968.0, 1, 0.0185125089746
15545662.0, 9985616.0, 1, 0.0178412047326
17251450.0, 6938632.0, 1, 0.0166635388007
15438592.0, 10198152.0, 1, 0.0141284938655
15750668.0, 9545264.0, 1, 0.00711152683325
16062134.0, 8900254.0, 1, 0.00646627353812
16055284.0, 8944168.0, 1, 0.00506989553952
15750668.0, 9545264.0, 1, 0.0
15804256.0, 9530108.0, 1, 0.0
15804256.0, 9530108.0, 1, 0.0
15860506.0, 9129552.0, 1, 0.0
15860506.0, 9129552.0, 1, 0.0
15860506.0, 9129552.0, 1, 0.0
15860506.0, 9129552.0, 1, 0.0
15860506.0, 9129552.0, 1, 0.0
15860506.0, 9129552.0, 1, 0.0
15915592.0, 9113336.0, 1, 0.0
15915592.0, 9113336.0, 1, 0.0
15999702.0, 8955584.0, 1, 0.0
15999702.0, 8955584.0, 1, 0.0
15999702.0, 8955584.0, 1, 0.0
15999702.0, 8955584.0, 1, 0.0
15999702.0, 8955584.0, 1, 0.0
16062134.0, 8900254.0, 1, 0.0
16062134.0, 8900254.0, 1, 0.0
16062134.0, 8900254.0, 1, 0.0
16062134.0, 8900254.0, 1, 0.0
16062134.0, 8900254.0, 1, 0.0
16062134.0, 8900254.0, 1, 0.0
16062134.0, 8900254.0, 1, 0.0
16062134.0, 8900254.0, 1, 0.0
16062134.0, 8900254.0, 1, 0.0
16062134.0, 8900254.0, 1, 0.0
16062134.0, 8900254.0, 1, 0.0
16062134.0, 8900254.0, 1, 0.0
16062134.0, 8900254.0, 1, 0.0
16062134.0, 8900254.0, 1, 0.0
16115270.0, 8883696.0, 1, 0.0
16115270.0, 8883696.0, 1, 0.0
16115270.0, 8883696.0, 1, 0.0
16115270.0, 8883696.0, 1, 0.0
16266706.0, 8778408.0, 1, 0.0
16266706.0, 8778408.0, 1, 0.0
16266706.0, 8778408.0, 1, 0.0
16266706.0, 8778408.0, 1, 0.0
16675858.0, 8453042.0, 1, 0.0
16675858.0, 8453042.0, 1, 0.0
16707520.0, 8437430.0, 1, 0.0
16815358.0, 8283654.0, 1, 0.0
16815358.0, 8283654.0, 1, 0.0
15251506.0, 10450084.0, 1, 0.0
15307054.0, 10433632.0, 1, 0.0
15403798.0, 10238540.0, 1, 0.0
15403798.0, 10238540.0, 1, 0.0
15438592.0, 10198152.0, 1, 0.0
15438592.0, 10198152.0, 1, 0.0
15545662.0, 9985616.0, 1, 0.0
15545662.0, 9985616.0, 1, 0.0
15545662.0, 9985616.0, 1, 0.0
15545662.0, 9985616.0, 1, 0.0
15545662.0, 9985616.0, 1, 0.0
15545662.0, 9985616.0, 1, 0.0
15545662.0, 9985616.0, 1, 0.0
15545662.0, 9985616.0, 1, 0.0
15545662.0, 9985616.0, 1, 0.0
15545662.0, 9985616.0, 1, 0.0
15545662.0, 9985616.0, 1, 0.0
15545662.0, 9985616.0, 1, 0.0
15545662.0, 9985616.0, 1, 0.0
15545662.0, 9985616.0, 1, 0.0
15603204.0, 9972904.0, 1, 0.0
15603204.0, 9972904.0, 1, 0.0
15603204.0, 9972904.0, 1, 0.0
15603204.0, 9972904.0, 1, 0.0
15603204.0, 9972904.0, 1, 0.0
15603204.0, 9972904.0, 1, 0.0
15603204.0, 9972904.0, 1, 0.0
15603204.0, 9972904.0, 1, 0.0
15683244.0, 9920758.0, 1, 0.0
21020826.0, 6845344.0, 2, inf
15326338.0, 10734164.0, 2, inf
17780002.0, 6977390.0, 2, 0.950696825717
17241428.0, 7961446.0, 2, 0.37918113247
15821844.0, 9946758.0, 2, 0.262762520291
16317792.0, 8894398.0, 2, 0.238773672041
16000696.0, 9357312.0, 2, 0.207259238905
15460844.0, 10221028.0, 2, 0.185683554319
16685728.0, 8565602.0, 2, 0.162623878496
16000696.0, 9357312.0, 2, 0.150445053095
16826374.0, 8288312.0, 2, 0.12986175243
15766820.0, 10219432.0, 2, 0.123849373256
17199900.0, 8055800.0, 2, 0.123080994664
16506098.0, 8773908.0, 2, 0.0817375693356
16587890.0, 8757864.0, 2, 0.0674241282589
16922036.0, 8221970.0, 2, 0.0658549296726
16922036.0, 8221970.0, 2, 0.0595292375017
15460844.0, 10221028.0, 2, 0.0240307924566
16587492.0, 8760716.0, 2, 0.0184890363919
15766820.0, 10219432.0, 2, 0.0100730845819
16372658.0, 8901986.0, 3, inf
20081824.0, 7109252.0, 3, inf
20081824.0, 7109252.0, 3, inf
18194368.0, 8273878.0, 3, 1.27570838875
Generacion: 49
18223096.0, 6569024.0, 1, inf
15251506.0, 10450084.0, 1, inf
15251506.0, 10450084.0, 1, inf
17158466.0, 7827250.0, 1, 0.264828287547
17197514.0, 7015538.0, 1, 0.250915197248
17321632.0, 6852856.0, 1, 0.225013211859
17737658.0, 6847706.0, 1, 0.189949499304
16266706.0, 8778408.0, 1, 0.153646431249
16993004.0, 7883232.0, 1, 0.152685426179
16898136.0, 8079826.0, 1, 0.149347170862
16675858.0, 8453042.0, 1, 0.141710516834
16266706.0, 8778408.0, 1, 0.12645257491
15860506.0, 9129552.0, 1, 0.121745437109
15804256.0, 9530108.0, 1, 0.121241329881
15740250.0, 9907758.0, 1, 0.112584441303
15750668.0, 9545264.0, 1, 0.111434215329
18016170.0, 6800126.0, 1, 0.102484863725
18136810.0, 6782568.0, 1, 0.0991743593717
16675858.0, 8453042.0, 1, 0.0944892152274
16707520.0, 8437430.0, 1, 0.0905893424885
16815358.0, 8283654.0, 1, 0.0895194809775
18181296.0, 6630888.0, 1, 0.0840590617988
16140062.0, 8840344.0, 1, 0.0780899409257
15545662.0, 9985616.0, 1, 0.0702140696734
15495622.0, 10182968.0, 1, 0.0700417713415
15307054.0, 10433632.0, 1, 0.0689607332949
15403798.0, 10238540.0, 1, 0.061976593491
16847516.0, 8272842.0, 1, 0.0605546208855
15999702.0, 8955584.0, 1, 0.059351092081
15915592.0, 9113336.0, 1, 0.059184178072
17865480.0, 6825946.0, 1, 0.0563169415298
17197514.0, 7015538.0, 1, 0.055057338958
17865480.0, 6825946.0, 1, 0.0496675040272
15403798.0, 10238540.0, 1, 0.0429627435943
15307054.0, 10433632.0, 1, 0.0367953563341
15603204.0, 9972904.0, 1, 0.0328000642213
15683244.0, 9920758.0, 1, 0.0326196894051
15915592.0, 9113336.0, 1, 0.0324829522574
15999702.0, 8955584.0, 1, 0.0312461767374
15683244.0, 9920758.0, 1, 0.0302846755287
15603204.0, 9972904.0, 1, 0.0302104689975
16055284.0, 8944168.0, 1, 0.0300194146526
15438592.0, 10198152.0, 1, 0.0295981811883
16062134.0, 8900254.0, 1, 0.0291962862938
16115270.0, 8883696.0, 1, 0.0290514804933
17158466.0, 7827250.0, 1, 0.0275648497927
15860506.0, 9129552.0, 1, 0.0231075000585
15804256.0, 9530108.0, 1, 0.0228343787978
15495622.0, 10182968.0, 1, 0.0207518030074
15545662.0, 9985616.0, 1, 0.0201148636145
16847516.0, 8272842.0, 1, 0.0198204883419
15438592.0, 10198152.0, 1, 0.0156212163517
16115270.0, 8883696.0, 1, 0.0126093685097
15750668.0, 9545264.0, 1, 0.00741098593401
15740250.0, 9907758.0, 1, 0.00685546759624
16062134.0, 8900254.0, 1, 0.00657152345029
16055284.0, 8944168.0, 1, 0.00524662767439
15999702.0, 8955584.0, 1, 0.0
15999702.0, 8955584.0, 1, 0.0
15999702.0, 8955584.0, 1, 0.0
15999702.0, 8955584.0, 1, 0.0
15999702.0, 8955584.0, 1, 0.0
15999702.0, 8955584.0, 1, 0.0
16055284.0, 8944168.0, 1, 0.0
16055284.0, 8944168.0, 1, 0.0
16062134.0, 8900254.0, 1, 0.0
16062134.0, 8900254.0, 1, 0.0
16062134.0, 8900254.0, 1, 0.0
16062134.0, 8900254.0, 1, 0.0
16062134.0, 8900254.0, 1, 0.0
16062134.0, 8900254.0, 1, 0.0
16115270.0, 8883696.0, 1, 0.0
16115270.0, 8883696.0, 1, 0.0
16115270.0, 8883696.0, 1, 0.0
16115270.0, 8883696.0, 1, 0.0
16115270.0, 8883696.0, 1, 0.0
16115270.0, 8883696.0, 1, 0.0
16115270.0, 8883696.0, 1, 0.0
16115270.0, 8883696.0, 1, 0.0
16115270.0, 8883696.0, 1, 0.0
16266706.0, 8778408.0, 1, 0.0
16266706.0, 8778408.0, 1, 0.0
16266706.0, 8778408.0, 1, 0.0
16675858.0, 8453042.0, 1, 0.0
16675858.0, 8453042.0, 1, 0.0
16675858.0, 8453042.0, 1, 0.0
16675858.0, 8453042.0, 1, 0.0
17158466.0, 7827250.0, 1, 0.0
15251506.0, 10450084.0, 1, 0.0
15251506.0, 10450084.0, 1, 0.0
15251506.0, 10450084.0, 1, 0.0
15251506.0, 10450084.0, 1, 0.0
15307054.0, 10433632.0, 1, 0.0
15307054.0, 10433632.0, 1, 0.0
15307054.0, 10433632.0, 1, 0.0
15438592.0, 10198152.0, 1, 0.0
15438592.0, 10198152.0, 1, 0.0
15438592.0, 10198152.0, 1, 0.0
15438592.0, 10198152.0, 1, 0.0
15438592.0, 10198152.0, 1, 0.0
15438592.0, 10198152.0, 1, 0.0
15495622.0, 10182968.0, 1, 0.0
15545662.0, 9985616.0, 1, 0.0
15545662.0, 9985616.0, 1, 0.0
15545662.0, 9985616.0, 1, 0.0
15545662.0, 9985616.0, 1, 0.0
15545662.0, 9985616.0, 1, 0.0
15545662.0, 9985616.0, 1, 0.0
15545662.0, 9985616.0, 1, 0.0
15545662.0, 9985616.0, 1, 0.0
15545662.0, 9985616.0, 1, 0.0
15545662.0, 9985616.0, 1, 0.0
15545662.0, 9985616.0, 1, 0.0
15603204.0, 9972904.0, 1, 0.0
15603204.0, 9972904.0, 1, 0.0
15603204.0, 9972904.0, 1, 0.0
15603204.0, 9972904.0, 1, 0.0
15603204.0, 9972904.0, 1, 0.0
15603204.0, 9972904.0, 1, 0.0
15683244.0, 9920758.0, 1, 0.0
15683244.0, 9920758.0, 1, 0.0
15683244.0, 9920758.0, 1, 0.0
15683244.0, 9920758.0, 1, 0.0
15740250.0, 9907758.0, 1, 0.0
15740250.0, 9907758.0, 1, 0.0
15740250.0, 9907758.0, 1, 0.0
15750668.0, 9545264.0, 1, 0.0
15750668.0, 9545264.0, 1, 0.0
15860506.0, 9129552.0, 1, 0.0
15860506.0, 9129552.0, 1, 0.0
15860506.0, 9129552.0, 1, 0.0
15860506.0, 9129552.0, 1, 0.0
15860506.0, 9129552.0, 1, 0.0
15860506.0, 9129552.0, 1, 0.0
15915592.0, 9113336.0, 1, 0.0
15915592.0, 9113336.0, 1, 0.0
15915592.0, 9113336.0, 1, 0.0
15915592.0, 9113336.0, 1, 0.0
15915592.0, 9113336.0, 1, 0.0
15915592.0, 9113336.0, 1, 0.0
15999702.0, 8955584.0, 1, 0.0
15460844.0, 10221028.0, 2, inf
18058500.0, 6852466.0, 2, inf
15460844.0, 10221028.0, 2, inf
15996936.0, 9216348.0, 2, 0.675744589675
17377398.0, 6925930.0, 2, 0.625021846069
17279166.0, 7947274.0, 2, 0.483744291991
16922036.0, 8221970.0, 2, 0.241994115589
16249804.0, 8967840.0, 2, 0.235271702462
17036930.0, 8113944.0, 2, 0.219028600061
Generacion: 50
15251506.0, 10450084.0, 1, inf
18063094.0, 6627720.0, 1, inf
15251506.0, 10450084.0, 1, inf
16490244.0, 8185428.0, 1, 0.395969260527
17132118.0, 7045174.0, 1, 0.270497339628
17019298.0, 7807192.0, 1, 0.268730027655
16841998.0, 7962310.0, 1, 0.257877069938
16320338.0, 8766650.0, 1, 0.234640320787
17529700.0, 6819712.0, 1, 0.200586340361
17986686.0, 6808574.0, 1, 0.178147270892
15860506.0, 9129552.0, 1, 0.124385227351
15804256.0, 9530108.0, 1, 0.123852432361
15740250.0, 9907758.0, 1, 0.115110403422
15750668.0, 9545264.0, 1, 0.113894720327
16086926.0, 8856902.0, 1, 0.104637436387
16993004.0, 7883232.0, 1, 0.103642140778
17442302.0, 6835196.0, 1, 0.0842580881848
17360408.0, 6911624.0, 1, 0.0835667019717
15438592.0, 10198152.0, 1, 0.0818897651169
15307054.0, 10433632.0, 1, 0.0813626608613
17283788.0, 6939118.0, 1, 0.0766905117583
18016170.0, 6800126.0, 1, 0.0744907996358
15545662.0, 9985616.0, 1, 0.0720968897764
15495622.0, 10182968.0, 1, 0.0719147862819
15940384.0, 9069984.0, 1, 0.0711862730931
16266706.0, 8778408.0, 1, 0.0670186190312
15307054.0, 10433632.0, 1, 0.0510883799072
15438592.0, 10198152.0, 1, 0.0507566480261
17209102.0, 6999062.0, 1, 0.0506780132268
15999702.0, 8955584.0, 1, 0.0496980216805
16266706.0, 8778408.0, 1, 0.0396108002608
15603204.0, 9972904.0, 1, 0.0341083570255
15683244.0, 9920758.0, 1, 0.0339177174296
15683244.0, 9920758.0, 1, 0.031868934493
15603204.0, 9972904.0, 1, 0.0317935884506
16055284.0, 8944168.0, 1, 0.0312576010403
15915592.0, 9113336.0, 1, 0.03093415885
17197514.0, 7015538.0, 1, 0.0275698748853
15860506.0, 9129552.0, 1, 0.0242488882131
15999702.0, 8955584.0, 1, 0.0240843191235
15804256.0, 9530108.0, 1, 0.0239715729181
15495622.0, 10182968.0, 1, 0.0217701820148
15545662.0, 9985616.0, 1, 0.0211234618175
16062134.0, 8900254.0, 1, 0.0203064944059
16062134.0, 8900254.0, 1, 0.0137780179076
15915592.0, 9113336.0, 1, 0.0130601934256
17197514.0, 7015538.0, 1, 0.0118748313047
15750668.0, 9545264.0, 1, 0.00767046478991
15740250.0, 9907758.0, 1, 0.00710641594474
16055284.0, 8944168.0, 1, 0.005422978984
15545662.0, 9985616.0, 1, 0.0
15545662.0, 9985616.0, 1, 0.0
15545662.0, 9985616.0, 1, 0.0
15545662.0, 9985616.0, 1, 0.0
15603204.0, 9972904.0, 1, 0.0
15603204.0, 9972904.0, 1, 0.0
15603204.0, 9972904.0, 1, 0.0
15603204.0, 9972904.0, 1, 0.0
15603204.0, 9972904.0, 1, 0.0
15683244.0, 9920758.0, 1, 0.0
15683244.0, 9920758.0, 1, 0.0
15683244.0, 9920758.0, 1, 0.0
15683244.0, 9920758.0, 1, 0.0
15740250.0, 9907758.0, 1, 0.0
15740250.0, 9907758.0, 1, 0.0
15740250.0, 9907758.0, 1, 0.0
15740250.0, 9907758.0, 1, 0.0
15740250.0, 9907758.0, 1, 0.0
15750668.0, 9545264.0, 1, 0.0
15750668.0, 9545264.0, 1, 0.0
15750668.0, 9545264.0, 1, 0.0
15750668.0, 9545264.0, 1, 0.0
15750668.0, 9545264.0, 1, 0.0
15804256.0, 9530108.0, 1, 0.0
15804256.0, 9530108.0, 1, 0.0
15804256.0, 9530108.0, 1, 0.0
15860506.0, 9129552.0, 1, 0.0
15860506.0, 9129552.0, 1, 0.0
15860506.0, 9129552.0, 1, 0.0
15860506.0, 9129552.0, 1, 0.0
15860506.0, 9129552.0, 1, 0.0
15860506.0, 9129552.0, 1, 0.0
15860506.0, 9129552.0, 1, 0.0
15915592.0, 9113336.0, 1, 0.0
15915592.0, 9113336.0, 1, 0.0
15915592.0, 9113336.0, 1, 0.0
15915592.0, 9113336.0, 1, 0.0
15999702.0, 8955584.0, 1, 0.0
16055284.0, 8944168.0, 1, 0.0
16055284.0, 8944168.0, 1, 0.0
16055284.0, 8944168.0, 1, 0.0
16055284.0, 8944168.0, 1, 0.0
16055284.0, 8944168.0, 1, 0.0
16055284.0, 8944168.0, 1, 0.0
16062134.0, 8900254.0, 1, 0.0
16062134.0, 8900254.0, 1, 0.0
16062134.0, 8900254.0, 1, 0.0
16062134.0, 8900254.0, 1, 0.0
16062134.0, 8900254.0, 1, 0.0
16062134.0, 8900254.0, 1, 0.0
16062134.0, 8900254.0, 1, 0.0
16062134.0, 8900254.0, 1, 0.0
16062134.0, 8900254.0, 1, 0.0
16062134.0, 8900254.0, 1, 0.0
16062134.0, 8900254.0, 1, 0.0
16062134.0, 8900254.0, 1, 0.0
15251506.0, 10450084.0, 1, 0.0
15251506.0, 10450084.0, 1, 0.0
15251506.0, 10450084.0, 1, 0.0
15251506.0, 10450084.0, 1, 0.0
15495622.0, 10182968.0, 1, 0.0
15545662.0, 9985616.0, 1, 0.0
15545662.0, 9985616.0, 1, 0.0
18181296.0, 6630888.0, 2, inf
15298702.0, 10468490.0, 2, inf
18181296.0, 6630888.0, 2, inf
17611596.0, 6860582.0, 2, 0.50618924744
17158466.0, 7827250.0, 2, 0.433101682737
15759300.0, 9914890.0, 2, 0.427141236616
16115270.0, 8883696.0, 2, 0.275074825502
15930362.0, 9206900.0, 2, 0.266553929529
17865480.0, 6825946.0, 2, 0.214809764315
16675858.0, 8453042.0, 2, 0.19854161544
15460844.0, 10221028.0, 2, 0.168020797852
18174474.0, 6785588.0, 2, 0.160387748815
16115270.0, 8883696.0, 2, 0.15726162769
15985432.0, 9193012.0, 2, 0.148366692527
15460844.0, 10221028.0, 2, 0.136021896951
16847516.0, 8272842.0, 2, 0.127843107177
16675858.0, 8453042.0, 2, 0.123203414844
17017666.0, 8062376.0, 2, 0.110422333265
17117708.0, 7865140.0, 2, 0.110113884938
17017666.0, 8062376.0, 2, 0.0895486490043
16815358.0, 8283654.0, 2, 0.0512267808919
16707520.0, 8437430.0, 2, 0.0510547136497
16707520.0, 8437430.0, 2, 0.0414782204559
16815358.0, 8283654.0, 2, 0.0402274393692
16115270.0, 8883696.0, 2, 0.0
16707520.0, 8437430.0, 2, 0.0
16815358.0, 8283654.0, 2, 0.0
16815358.0, 8283654.0, 2, 0.0
16115270.0, 8883696.0, 2, 0.0
16115270.0, 8883696.0, 2, 0.0
16115270.0, 8883696.0, 2, 0.0
21065618.0, 6822194.0, 3, inf
15555258.0, 10436876.0, 3, inf
18046780.0, 6827182.0, 3, 0.580897498991
17937294.0, 6869838.0, 3, 0.529440272242
16052022.0, 9200132.0, 3, 0.502291150634
16489896.0, 8989568.0, 3, 0.479230882088
Generacion: 51
19529590.0, 6792490.0, 1, inf
15251506.0, 10450084.0, 1, inf
15251506.0, 10450084.0, 1, inf
17986686.0, 6808574.0, 1, 0.474915886955
17082356.0, 7255108.0, 1, 0.258099091635
16490244.0, 8185428.0, 1, 0.232240065708
16291208.0, 8740076.0, 1, 0.214374865304
17019298.0, 7807192.0, 1, 0.192617456971
16614680.0, 8167192.0, 1, 0.177222567851
17529700.0, 6819712.0, 1, 0.14289924668
15768124.0, 9503990.0, 1, 0.139331807
15750668.0, 9545264.0, 1, 0.116907228239
15740250.0, 9907758.0, 1, 0.11243235137
15860506.0, 9129552.0, 1, 0.108167879612
16963356.0, 7941712.0, 1, 0.0974914936412
17197514.0, 7015538.0, 1, 0.0856658463616
15495622.0, 10182968.0, 1, 0.0831357033818
15885298.0, 9086200.0, 1, 0.0801005031289
15438592.0, 10198152.0, 1, 0.0777118545241
15307054.0, 10433632.0, 1, 0.0773654377637
17283788.0, 6939118.0, 1, 0.0734903931707
16963356.0, 7941712.0, 1, 0.0685772879584
15545662.0, 9985616.0, 1, 0.0674071952085
16140062.0, 8840344.0, 1, 0.0634840410441
17403102.0, 6832300.0, 1, 0.0576974858176
17321632.0, 6852856.0, 1, 0.0570940321887
17197514.0, 7015538.0, 1, 0.0478116413687
15999702.0, 8955584.0, 1, 0.041438237497
16266706.0, 8778408.0, 1, 0.0400830852274
15999702.0, 8955584.0, 1, 0.0372219913358
15307054.0, 10433632.0, 1, 0.03524498073
15438592.0, 10198152.0, 1, 0.0348983047457
16086926.0, 8856902.0, 1, 0.0345952511549
15860506.0, 9129552.0, 1, 0.0334468467669
16024204.0, 8917252.0, 1, 0.0297208796076
16993004.0, 7883232.0, 1, 0.0277198281091
15603204.0, 9972904.0, 1, 0.0277073269345
15683244.0, 9920758.0, 1, 0.027582037202
16266706.0, 8778408.0, 1, 0.0226608663617
15683244.0, 9920758.0, 1, 0.0222635591057
15603204.0, 9972904.0, 1, 0.022184818819
16993004.0, 7883232.0, 1, 0.0221348620276
16062134.0, 8900254.0, 1, 0.0207187189415
15545662.0, 9985616.0, 1, 0.0151723337907
16062134.0, 8900254.0, 1, 0.0104424349623
15740250.0, 9907758.0, 1, 0.0059894513509
15683244.0, 9920758.0, 1, 0.0
15683244.0, 9920758.0, 1, 0.0
15740250.0, 9907758.0, 1, 0.0
15740250.0, 9907758.0, 1, 0.0
15740250.0, 9907758.0, 1, 0.0
15740250.0, 9907758.0, 1, 0.0
15740250.0, 9907758.0, 1, 0.0
15860506.0, 9129552.0, 1, 0.0
15860506.0, 9129552.0, 1, 0.0
15860506.0, 9129552.0, 1, 0.0
15860506.0, 9129552.0, 1, 0.0
15860506.0, 9129552.0, 1, 0.0
15860506.0, 9129552.0, 1, 0.0
15860506.0, 9129552.0, 1, 0.0
15860506.0, 9129552.0, 1, 0.0
15860506.0, 9129552.0, 1, 0.0
15999702.0, 8955584.0, 1, 0.0
15999702.0, 8955584.0, 1, 0.0
16062134.0, 8900254.0, 1, 0.0
16062134.0, 8900254.0, 1, 0.0
16062134.0, 8900254.0, 1, 0.0
16963356.0, 7941712.0, 1, 0.0
17197514.0, 7015538.0, 1, 0.0
15251506.0, 10450084.0, 1, 0.0
15251506.0, 10450084.0, 1, 0.0
15251506.0, 10450084.0, 1, 0.0
15307054.0, 10433632.0, 1, 0.0
15438592.0, 10198152.0, 1, 0.0
15545662.0, 9985616.0, 1, 0.0
15545662.0, 9985616.0, 1, 0.0
15545662.0, 9985616.0, 1, 0.0
15545662.0, 9985616.0, 1, 0.0
15545662.0, 9985616.0, 1, 0.0
15545662.0, 9985616.0, 1, 0.0
15545662.0, 9985616.0, 1, 0.0
15545662.0, 9985616.0, 1, 0.0
15545662.0, 9985616.0, 1, 0.0
15545662.0, 9985616.0, 1, 0.0
15545662.0, 9985616.0, 1, 0.0
15603204.0, 9972904.0, 1, 0.0
15603204.0, 9972904.0, 1, 0.0
15603204.0, 9972904.0, 1, 0.0
15603204.0, 9972904.0, 1, 0.0
15603204.0, 9972904.0, 1, 0.0
15603204.0, 9972904.0, 1, 0.0
15603204.0, 9972904.0, 1, 0.0
15603204.0, 9972904.0, 1, 0.0
15603204.0, 9972904.0, 1, 0.0
15603204.0, 9972904.0, 1, 0.0
15683244.0, 9920758.0, 1, 0.0
15683244.0, 9920758.0, 1, 0.0
15298702.0, 10468490.0, 2, inf
17865480.0, 6825946.0, 2, inf
15298702.0, 10468490.0, 2, inf
17117708.0, 7865140.0, 2, 0.535809164646
15804256.0, 9530108.0, 2, 0.427786020421
17243312.0, 7306614.0, 2, 0.356326332432
17360408.0, 6911624.0, 2, 0.265931731823
15575722.0, 10189252.0, 2, 0.225712766391
16543840.0, 8478128.0, 2, 0.22460414915
17611596.0, 6860582.0, 2, 0.220294236268
16675858.0, 8453042.0, 2, 0.212832090117
16320338.0, 8766650.0, 2, 0.212409742305
16675858.0, 8453042.0, 2, 0.179028828664
15915592.0, 9113336.0, 2, 0.168840929302
15438554.0, 10460146.0, 2, 0.131106052694
15460844.0, 10221028.0, 2, 0.127809211566
16259014.0, 8847640.0, 2, 0.112026194572
15575722.0, 10189252.0, 2, 0.0977589321406
15915592.0, 9113336.0, 2, 0.0898180475662
16115270.0, 8883696.0, 2, 0.0726033106263
16055284.0, 8944168.0, 2, 0.0710246778033
16055284.0, 8944168.0, 2, 0.0698124218362
16115270.0, 8883696.0, 2, 0.0332687314923
16115270.0, 8883696.0, 2, 0.0
16115270.0, 8883696.0, 2, 0.0
16115270.0, 8883696.0, 2, 0.0
15915592.0, 9113336.0, 2, 0.0
15915592.0, 9113336.0, 2, 0.0
15915592.0, 9113336.0, 2, 0.0
15915592.0, 9113336.0, 2, 0.0
15915592.0, 9113336.0, 2, 0.0
15915592.0, 9113336.0, 2, 0.0
16055284.0, 8944168.0, 2, 0.0
16055284.0, 8944168.0, 2, 0.0
16055284.0, 8944168.0, 2, 0.0
16115270.0, 8883696.0, 2, 0.0
16115270.0, 8883696.0, 2, 0.0
16115270.0, 8883696.0, 2, 0.0
16115270.0, 8883696.0, 2, 0.0
18308056.0, 6855482.0, 3, inf
15389758.0, 10469038.0, 3, inf
17365110.0, 8758362.0, 3, 0.592415846155
15899884.0, 9814494.0, 3, 0.55723888649
16372658.0, 8901986.0, 3, 0.545308433291
17409408.0, 7402746.0, 3, 0.465225337769
17892790.0, 6962430.0, 3, 0.328362988212
15985432.0, 9193012.0, 3, 0.249043388036
17374366.0, 8001614.0, 3, 0.221426882084
16099540.0, 9161784.0, 3, 0.213226273079
17937294.0, 6869838.0, 3, 0.171893656507
17374366.0, 8001614.0, 3, 0.168899875346
17427178.0, 7865142.0, 4, inf
15967854.0, 10217012.0, 4, inf
Generacion: 52
15251506.0, 10450084.0, 1, inf
21842244.0, 6601280.0, 1, inf
15251506.0, 10450084.0, 1, inf
19921514.0, 6620034.0, 1, 0.580272827142
18063094.0, 6627720.0, 1, 0.342554377199
16291208.0, 8740076.0, 1, 0.187985631327
17019298.0, 7807192.0, 1, 0.176756995916
16490244.0, 8185428.0, 1, 0.162989617946
17082356.0, 7255108.0, 1, 0.160915703877
17986686.0, 6808574.0, 1, 0.116327269048
15860506.0, 9129552.0, 1, 0.11243094247
15804256.0, 9530108.0, 1, 0.112203653812
16841998.0, 7962310.0, 1, 0.111488371813
15740250.0, 9907758.0, 1, 0.102832954505
15750668.0, 9545264.0, 1, 0.102314347939
17529700.0, 6819712.0, 1, 0.0947105902488
17197514.0, 7015538.0, 1, 0.0753354985703
16614680.0, 8167192.0, 1, 0.072113075519
17082356.0, 7255108.0, 1, 0.0718129795444
15541838.0, 10188514.0, 1, 0.071466835468
15999702.0, 8955584.0, 1, 0.0674262255151
15545662.0, 9985616.0, 1, 0.0614478927537
15307054.0, 10433632.0, 1, 0.0591171844541
15403798.0, 10238540.0, 1, 0.0559682199527
15915592.0, 9113336.0, 1, 0.0493453709525
16266706.0, 8778408.0, 1, 0.0489848211796
16140062.0, 8840344.0, 1, 0.0476720610593
17377398.0, 6925930.0, 1, 0.0458568404187
17403102.0, 6832300.0, 1, 0.0435355087372
16993004.0, 7883232.0, 1, 0.0434390893423
16614680.0, 8167192.0, 1, 0.0392286181754
17197514.0, 7015538.0, 1, 0.0373282205965
16490244.0, 8185428.0, 1, 0.0349374447135
17283788.0, 6939118.0, 1, 0.0340587840023
16963356.0, 7941712.0, 1, 0.0336077464164
15438592.0, 10198152.0, 1, 0.0261589664506
15403798.0, 10238540.0, 1, 0.0251724304967
16024204.0, 8917252.0, 1, 0.0238485817109
15603204.0, 9972904.0, 1, 0.0222793614385
15683244.0, 9920758.0, 1, 0.0221980351895
16086926.0, 8856902.0, 1, 0.0193259818969
15307054.0, 10433632.0, 1, 0.018953355688
16062134.0, 8900254.0, 1, 0.0170188047644
15915592.0, 9113336.0, 1, 0.0169751054188
17283788.0, 6939118.0, 1, 0.0165167070704
15683244.0, 9920758.0, 1, 0.0155219878981
15603204.0, 9972904.0, 1, 0.0154471594579
17986686.0, 6808574.0, 1, 0.0144871248723
15860506.0, 9129552.0, 1, 0.0127479612052
15804256.0, 9530108.0, 1, 0.0124725509739
16963356.0, 7941712.0, 1, 0.00985022641549
16062134.0, 8900254.0, 1, 0.00817807937296
16086926.0, 8856902.0, 1, 0.00806375814485
15438592.0, 10198152.0, 1, 0.00778338123397
17403102.0, 6832300.0, 1, 0.00717064488806
15750668.0, 9545264.0, 1, 0.00551854976797
15740250.0, 9907758.0, 1, 0.00495837575028
15545662.0, 9985616.0, 1, 0.00388305237308
15545662.0, 9985616.0, 1, 0.0
15545662.0, 9985616.0, 1, 0.0
15545662.0, 9985616.0, 1, 0.0
15545662.0, 9985616.0, 1, 0.0
15545662.0, 9985616.0, 1, 0.0
15545662.0, 9985616.0, 1, 0.0
15545662.0, 9985616.0, 1, 0.0
15603204.0, 9972904.0, 1, 0.0
15603204.0, 9972904.0, 1, 0.0
15603204.0, 9972904.0, 1, 0.0
15603204.0, 9972904.0, 1, 0.0
15603204.0, 9972904.0, 1, 0.0
15603204.0, 9972904.0, 1, 0.0
15603204.0, 9972904.0, 1, 0.0
15603204.0, 9972904.0, 1, 0.0
15603204.0, 9972904.0, 1, 0.0
15603204.0, 9972904.0, 1, 0.0
15603204.0, 9972904.0, 1, 0.0
15603204.0, 9972904.0, 1, 0.0
15603204.0, 9972904.0, 1, 0.0
15683244.0, 9920758.0, 1, 0.0
15683244.0, 9920758.0, 1, 0.0
15683244.0, 9920758.0, 1, 0.0
15683244.0, 9920758.0, 1, 0.0
15683244.0, 9920758.0, 1, 0.0
15683244.0, 9920758.0, 1, 0.0
15683244.0, 9920758.0, 1, 0.0
15740250.0, 9907758.0, 1, 0.0
15740250.0, 9907758.0, 1, 0.0
15740250.0, 9907758.0, 1, 0.0
15740250.0, 9907758.0, 1, 0.0
15860506.0, 9129552.0, 1, 0.0
15860506.0, 9129552.0, 1, 0.0
15860506.0, 9129552.0, 1, 0.0
15860506.0, 9129552.0, 1, 0.0
15860506.0, 9129552.0, 1, 0.0
15915592.0, 9113336.0, 1, 0.0
15915592.0, 9113336.0, 1, 0.0
15915592.0, 9113336.0, 1, 0.0
15915592.0, 9113336.0, 1, 0.0
15915592.0, 9113336.0, 1, 0.0
15915592.0, 9113336.0, 1, 0.0
16062134.0, 8900254.0, 1, 0.0
16062134.0, 8900254.0, 1, 0.0
16062134.0, 8900254.0, 1, 0.0
16062134.0, 8900254.0, 1, 0.0
16490244.0, 8185428.0, 1, 0.0
16963356.0, 7941712.0, 1, 0.0
17082356.0, 7255108.0, 1, 0.0
17403102.0, 6832300.0, 1, 0.0
15251506.0, 10450084.0, 1, 0.0
15251506.0, 10450084.0, 1, 0.0
15251506.0, 10450084.0, 1, 0.0
15251506.0, 10450084.0, 1, 0.0
15251506.0, 10450084.0, 1, 0.0
15251506.0, 10450084.0, 1, 0.0
15251506.0, 10450084.0, 1, 0.0
15251506.0, 10450084.0, 1, 0.0
15438592.0, 10198152.0, 1, 0.0
15438592.0, 10198152.0, 1, 0.0
15438592.0, 10198152.0, 1, 0.0
15438592.0, 10198152.0, 1, 0.0
15438592.0, 10198152.0, 1, 0.0
15545662.0, 9985616.0, 1, 0.0
15545662.0, 9985616.0, 1, 0.0
15545662.0, 9985616.0, 1, 0.0
17865480.0, 6825946.0, 2, inf
15354226.0, 10454222.0, 2, inf
17206842.0, 7474380.0, 2, 0.437424751274
17117708.0, 7865140.0, 2, 0.417975907427
15930362.0, 9206900.0, 2, 0.369284370827
16259014.0, 8847640.0, 2, 0.350544552363
16590228.0, 8298046.0, 2, 0.337944539818
17584706.0, 6952764.0, 2, 0.330346752453
16714664.0, 8279810.0, 2, 0.329360972297
15821844.0, 9946758.0, 2, 0.294345809385
15741750.0, 10002360.0, 2, 0.164842105551
15460844.0, 10221028.0, 2, 0.161230526977
17611596.0, 6860582.0, 2, 0.146758981066
15575722.0, 10189252.0, 2, 0.0972551361652
16055284.0, 8944168.0, 2, 0.0821692307488
15575722.0, 10189252.0, 2, 0.0748714614917
16115270.0, 8883696.0, 2, 0.0633420003543
16055284.0, 8944168.0, 2, 0.0603096656653
16079786.0, 8905836.0, 2, 0.040553739645
16115270.0, 8883696.0, 2, 0.0240674944243
15575722.0, 10189252.0, 2, 0.0
15575722.0, 10189252.0, 2, 0.0
16115270.0, 8883696.0, 2, 0.0
16115270.0, 8883696.0, 2, 0.0
16115270.0, 8883696.0, 2, 0.0
15383006.0, 10476598.0, 3, inf
Generacion: 53
15251506.0, 10450084.0, 1, inf
21555948.0, 6550650.0, 1, inf
15251506.0, 10450084.0, 1, inf
18343856.0, 6553106.0, 1, 0.531745510525
16994138.0, 7657040.0, 1, 0.203203644404
17037622.0, 7118450.0, 1, 0.19677072707
16316918.0, 8338366.0, 1, 0.173808834639
16291208.0, 8740076.0, 1, 0.156783591832
16907362.0, 8144350.0, 1, 0.132829942147
17986686.0, 6808574.0, 1, 0.122955214604
18302412.0, 6611774.0, 1, 0.122167828767
15804256.0, 9530108.0, 1, 0.111221613009
15750668.0, 9545264.0, 1, 0.106999912825
15860506.0, 9129552.0, 1, 0.106654039859
15740250.0, 9907758.0, 1, 0.102002866665
15403798.0, 10238540.0, 1, 0.0812525878238
17197514.0, 7015538.0, 1, 0.0800309100879
16614680.0, 8167192.0, 1, 0.0766969058399
17529700.0, 6819712.0, 1, 0.0757145124915
16993004.0, 7883232.0, 1, 0.0715907572587
15495622.0, 10182968.0, 1, 0.0714875839172
16993004.0, 7883232.0, 1, 0.067142924736
15885298.0, 9086200.0, 1, 0.0666926898889
15545662.0, 9985616.0, 1, 0.0597376373052
16490244.0, 8185428.0, 1, 0.0589583931005
15307054.0, 10433632.0, 1, 0.058841781083
17986686.0, 6808574.0, 1, 0.0529362397389
17251450.0, 6938632.0, 1, 0.0524864554859
17360408.0, 6911624.0, 1, 0.0513233583225
17403102.0, 6832300.0, 1, 0.0404232015451
15999702.0, 8955584.0, 1, 0.0373826093686
16140062.0, 8840344.0, 1, 0.0341418184038
16490244.0, 8185428.0, 1, 0.0321692551104
16140062.0, 8840344.0, 1, 0.0282207819062
15999702.0, 8955584.0, 1, 0.0279767148871
16086926.0, 8856902.0, 1, 0.0277245766362
17529700.0, 6819712.0, 1, 0.0229370740713
15603204.0, 9972904.0, 1, 0.0224999253706
15683244.0, 9920758.0, 1, 0.022414905951
15860506.0, 9129552.0, 1, 0.020039791413
15307054.0, 10433632.0, 1, 0.019564444617
15438592.0, 10198152.0, 1, 0.0194034033893
16062134.0, 8900254.0, 1, 0.0171339037865
15683244.0, 9920758.0, 1, 0.0160296275151
15603204.0, 9972904.0, 1, 0.0159557706425
16024204.0, 8917252.0, 1, 0.0158465374661
15804256.0, 9530108.0, 1, 0.0128089984312
15545662.0, 9985616.0, 1, 0.0111972210358
17403102.0, 6832300.0, 1, 0.0100002113686
15438592.0, 10198152.0, 1, 0.00941286428176
16062134.0, 8900254.0, 1, 0.00829155956101
16024204.0, 8917252.0, 1, 0.00824556024814
15740250.0, 9907758.0, 1, 0.00498630282435
15740250.0, 9907758.0, 1, 0.0
15740250.0, 9907758.0, 1, 0.0
15740250.0, 9907758.0, 1, 0.0
15740250.0, 9907758.0, 1, 0.0
15860506.0, 9129552.0, 1, 0.0
15860506.0, 9129552.0, 1, 0.0
15860506.0, 9129552.0, 1, 0.0
15860506.0, 9129552.0, 1, 0.0
15860506.0, 9129552.0, 1, 0.0
15860506.0, 9129552.0, 1, 0.0
15860506.0, 9129552.0, 1, 0.0
16062134.0, 8900254.0, 1, 0.0
16062134.0, 8900254.0, 1, 0.0
16062134.0, 8900254.0, 1, 0.0
16062134.0, 8900254.0, 1, 0.0
16062134.0, 8900254.0, 1, 0.0
16062134.0, 8900254.0, 1, 0.0
16140062.0, 8840344.0, 1, 0.0
16490244.0, 8185428.0, 1, 0.0
16490244.0, 8185428.0, 1, 0.0
17403102.0, 6832300.0, 1, 0.0
17529700.0, 6819712.0, 1, 0.0
17986686.0, 6808574.0, 1, 0.0
15251506.0, 10450084.0, 1, 0.0
15251506.0, 10450084.0, 1, 0.0
15251506.0, 10450084.0, 1, 0.0
15251506.0, 10450084.0, 1, 0.0
15251506.0, 10450084.0, 1, 0.0
15251506.0, 10450084.0, 1, 0.0
15251506.0, 10450084.0, 1, 0.0
15307054.0, 10433632.0, 1, 0.0
15307054.0, 10433632.0, 1, 0.0
15438592.0, 10198152.0, 1, 0.0
15545662.0, 9985616.0, 1, 0.0
15545662.0, 9985616.0, 1, 0.0
15545662.0, 9985616.0, 1, 0.0
15545662.0, 9985616.0, 1, 0.0
15545662.0, 9985616.0, 1, 0.0
15545662.0, 9985616.0, 1, 0.0
15545662.0, 9985616.0, 1, 0.0
15545662.0, 9985616.0, 1, 0.0
15545662.0, 9985616.0, 1, 0.0
15603204.0, 9972904.0, 1, 0.0
15683244.0, 9920758.0, 1, 0.0
15683244.0, 9920758.0, 1, 0.0
15683244.0, 9920758.0, 1, 0.0
15683244.0, 9920758.0, 1, 0.0
15683244.0, 9920758.0, 1, 0.0
15683244.0, 9920758.0, 1, 0.0
21589802.0, 6619454.0, 2, inf
15460844.0, 10221028.0, 2, inf
20288556.0, 6762410.0, 2, 0.421709982905
17937294.0, 6869838.0, 2, 0.399205907575
17082356.0, 7255108.0, 2, 0.30498116979
16714664.0, 8279810.0, 2, 0.304818009919
20297378.0, 6737880.0, 2, 0.252003775705
15818294.0, 9902214.0, 2, 0.248057164849
15915592.0, 9113336.0, 2, 0.241829138706
16344840.0, 8728318.0, 2, 0.202953992963
16590228.0, 8298046.0, 2, 0.184871544123
17377398.0, 6925930.0, 2, 0.125861989038
17937294.0, 6869838.0, 2, 0.121180629056
17234008.0, 7148776.0, 2, 0.0959229792759
16327108.0, 8874382.0, 2, 0.0805983047598
17283788.0, 6939118.0, 2, 0.0734862769435
15684208.0, 10015072.0, 2, 0.0711986615772
16714664.0, 8279810.0, 2, 0.0650559212391
17082356.0, 7255108.0, 2, 0.0642057374028
15915592.0, 9113336.0, 2, 0.062845703714
17207792.0, 7239934.0, 2, 0.0542672790634
15633264.0, 10176540.0, 2, 0.0542211657329
16055284.0, 8944168.0, 2, 0.0509683177048
16115270.0, 8883696.0, 2, 0.0407107731274
15707486.0, 9963728.0, 2, 0.0400681725593
15759300.0, 9914890.0, 2, 0.0351591736204
16055284.0, 8944168.0, 2, 0.0334352531435
16079786.0, 8905836.0, 2, 0.0265777446804
15575722.0, 10189252.0, 2, 0.0222627936602
15542794.0, 10203558.0, 2, 0.017343103649
15633264.0, 10176540.0, 2, 0.0118415844017
17283788.0, 6939118.0, 2, 0.0117838307482
15542794.0, 10203558.0, 2, 0.0102231852131
16115270.0, 8883696.0, 2, 0.00837565640753
16115270.0, 8883696.0, 2, 0.0
17283788.0, 6939118.0, 2, 0.0
15915592.0, 9113336.0, 2, 0.0
15915592.0, 9113336.0, 2, 0.0
15915592.0, 9113336.0, 2, 0.0
15915592.0, 9113336.0, 2, 0.0
15915592.0, 9113336.0, 2, 0.0
15915592.0, 9113336.0, 2, 0.0
16115270.0, 8883696.0, 2, 0.0
22337880.0, 6705546.0, 3, inf
15576666.0, 10220520.0, 3, inf
17318184.0, 6997878.0, 3, 1.101977299
17117708.0, 7865140.0, 3, 0.539749041549
16733988.0, 8591374.0, 3, 0.37501970306
Generacion: 54
15251506.0, 10450084.0, 1, inf
18343856.0, 6553106.0, 1, inf
15251506.0, 10450084.0, 1, inf
17037622.0, 7118450.0, 1, 0.26092574937
16993004.0, 7883232.0, 1, 0.24508213529
17986686.0, 6808574.0, 1, 0.213334932854
16291208.0, 8740076.0, 1, 0.207435558802
16841998.0, 7962310.0, 1, 0.195208627033
16614680.0, 8167192.0, 1, 0.171003845438
16316918.0, 8338366.0, 1, 0.159132369443
17529700.0, 6819712.0, 1, 0.151009715724
15750668.0, 9545264.0, 1, 0.12853852277
17986686.0, 6808574.0, 1, 0.118359268185
17237622.0, 6948220.0, 1, 0.115290346508
15860506.0, 9129552.0, 1, 0.114692684078
15740250.0, 9907758.0, 1, 0.111453781392
15750668.0, 9545264.0, 1, 0.110044439216
16490244.0, 8185428.0, 1, 0.0794852288228
16086926.0, 8856902.0, 1, 0.0771849569823
17321632.0, 6852856.0, 1, 0.0763267789322
17403102.0, 6832300.0, 1, 0.0757898029425
15940384.0, 9069984.0, 1, 0.0705130658721
15545662.0, 9985616.0, 1, 0.0692501730948
15495622.0, 10182968.0, 1, 0.0690846032207
15307054.0, 10433632.0, 1, 0.0680254194903
15403798.0, 10238540.0, 1, 0.0613140187756
16490244.0, 8185428.0, 1, 0.0607294531318
17037622.0, 7118450.0, 1, 0.0581110754
16316918.0, 8338366.0, 1, 0.0475593472117
15860506.0, 9129552.0, 1, 0.0466437827944
17529700.0, 6819712.0, 1, 0.0437972037357
15403798.0, 10238540.0, 1, 0.041648873258
15885298.0, 9086200.0, 1, 0.0411165312272
16086926.0, 8856902.0, 1, 0.0379958179427
15999702.0, 8955584.0, 1, 0.0372795044654
15307054.0, 10433632.0, 1, 0.0355066779466
16993004.0, 7883232.0, 1, 0.0347206431214
15603204.0, 9972904.0, 1, 0.0319889927648
15683244.0, 9920758.0, 1, 0.0318156618029
15683244.0, 9920758.0, 1, 0.0292191462081
15603204.0, 9972904.0, 1, 0.0291452427886
15999702.0, 8955584.0, 1, 0.0290185152193
15438592.0, 10198152.0, 1, 0.0288062131451
17251450.0, 6938632.0, 1, 0.0264825818946
17251450.0, 6938632.0, 1, 0.0251557291414
16062134.0, 8900254.0, 1, 0.0233902700937
16024204.0, 8917252.0, 1, 0.022102092434
15495622.0, 10182968.0, 1, 0.0200782206655
15545662.0, 9985616.0, 1, 0.0194438829813
15438592.0, 10198152.0, 1, 0.0151479896115
16062134.0, 8900254.0, 1, 0.0123790451511
16024204.0, 8917252.0, 1, 0.0122852653396
15740250.0, 9907758.0, 1, 0.00670487712469
17986686.0, 6808574.0, 1, 0.0
15251506.0, 10450084.0, 1, 0.0
15251506.0, 10450084.0, 1, 0.0
15251506.0, 10450084.0, 1, 0.0
15251506.0, 10450084.0, 1, 0.0
15251506.0, 10450084.0, 1, 0.0
15251506.0, 10450084.0, 1, 0.0
15251506.0, 10450084.0, 1, 0.0
15307054.0, 10433632.0, 1, 0.0
15403798.0, 10238540.0, 1, 0.0
15438592.0, 10198152.0, 1, 0.0
15438592.0, 10198152.0, 1, 0.0
15438592.0, 10198152.0, 1, 0.0
15545662.0, 9985616.0, 1, 0.0
15545662.0, 9985616.0, 1, 0.0
15545662.0, 9985616.0, 1, 0.0
15545662.0, 9985616.0, 1, 0.0
15545662.0, 9985616.0, 1, 0.0
15545662.0, 9985616.0, 1, 0.0
15545662.0, 9985616.0, 1, 0.0
15545662.0, 9985616.0, 1, 0.0
15545662.0, 9985616.0, 1, 0.0
15545662.0, 9985616.0, 1, 0.0
15603204.0, 9972904.0, 1, 0.0
15603204.0, 9972904.0, 1, 0.0
15603204.0, 9972904.0, 1, 0.0
15603204.0, 9972904.0, 1, 0.0
15683244.0, 9920758.0, 1, 0.0
15683244.0, 9920758.0, 1, 0.0
15683244.0, 9920758.0, 1, 0.0
15683244.0, 9920758.0, 1, 0.0
15683244.0, 9920758.0, 1, 0.0
15683244.0, 9920758.0, 1, 0.0
15683244.0, 9920758.0, 1, 0.0
15683244.0, 9920758.0, 1, 0.0
15740250.0, 9907758.0, 1, 0.0
15740250.0, 9907758.0, 1, 0.0
15740250.0, 9907758.0, 1, 0.0
15740250.0, 9907758.0, 1, 0.0
15860506.0, 9129552.0, 1, 0.0
15860506.0, 9129552.0, 1, 0.0
15860506.0, 9129552.0, 1, 0.0
15860506.0, 9129552.0, 1, 0.0
15860506.0, 9129552.0, 1, 0.0
16024204.0, 8917252.0, 1, 0.0
16062134.0, 8900254.0, 1, 0.0
16062134.0, 8900254.0, 1, 0.0
16062134.0, 8900254.0, 1, 0.0
16062134.0, 8900254.0, 1, 0.0
16062134.0, 8900254.0, 1, 0.0
16062134.0, 8900254.0, 1, 0.0
16086926.0, 8856902.0, 1, 0.0
16490244.0, 8185428.0, 1, 0.0
16490244.0, 8185428.0, 1, 0.0
16490244.0, 8185428.0, 1, 0.0
16490244.0, 8185428.0, 1, 0.0
17037622.0, 7118450.0, 1, 0.0
17529700.0, 6819712.0, 1, 0.0
17529700.0, 6819712.0, 1, 0.0
15361542.0, 10447586.0, 2, inf
19819190.0, 6612506.0, 2, inf
17107386.0, 7270932.0, 2, 0.469654519055
17865480.0, 6825946.0, 2, 0.439159343789
15818294.0, 9902214.0, 2, 0.329933990583
16714664.0, 8279810.0, 2, 0.290980868374
16348574.0, 8618088.0, 2, 0.259257693017
15895168.0, 9198760.0, 2, 0.227527738712
17318184.0, 6997878.0, 2, 0.220110290917
17611596.0, 6860582.0, 2, 0.132971653127
15460844.0, 10221028.0, 2, 0.115408544888
16590228.0, 8298046.0, 2, 0.111366362288
15575722.0, 10189252.0, 2, 0.100616364347
16714664.0, 8279810.0, 2, 0.092855771122
17865480.0, 6825946.0, 2, 0.0894145967649
16115270.0, 8883696.0, 2, 0.0772177378384
17714990.0, 6829308.0, 2, 0.0659860620809
15575722.0, 10189252.0, 2, 0.0627026538093
16079786.0, 8905836.0, 2, 0.06206603305
15915592.0, 9113336.0, 2, 0.0591085952636
16590228.0, 8298046.0, 2, 0.0589661504072
15915592.0, 9113336.0, 2, 0.0586875697887
16115270.0, 8883696.0, 2, 0.0581109362076
16079786.0, 8905836.0, 2, 0.0426072445747
15915592.0, 9113336.0, 2, 0.0
16115270.0, 8883696.0, 2, 0.0
20035164.0, 6760488.0, 3, inf
15383006.0, 10476598.0, 3, inf
17759362.0, 8161812.0, 3, 0.513428812536
16397288.0, 8869002.0, 3, 0.513382836375
17475710.0, 8409086.0, 3, 0.483087102395
18046780.0, 6827182.0, 3, 0.480371493134
15848354.0, 10105850.0, 3, 0.459330319821
17937294.0, 6869838.0, 3, 0.420928715656
15930362.0, 9206900.0, 3, 0.280655312166
16043958.0, 9173200.0, 3, 0.170174316054
16013676.0, 9194962.0, 3, 0.0334865381328
18058500.0, 6852466.0, 4, inf
Generacion: 55
15251506.0, 10450084.0, 1, inf
15251506.0, 10450084.0, 1, inf
18063094.0, 6627720.0, 1, inf
17037622.0, 7118450.0, 1, 0.263287837905
16993004.0, 7883232.0, 1, 0.210625822829
16614680.0, 8167192.0, 1, 0.183480387621
16316918.0, 8338366.0, 1, 0.166741660527
17714990.0, 6829308.0, 1, 0.166116715805
16490244.0, 8185428.0, 1, 0.150687509124
15750668.0, 9545264.0, 1, 0.133901207764
16291208.0, 8740076.0, 1, 0.132981943798
15740250.0, 9907758.0, 1, 0.122216819367
15860506.0, 9129552.0, 1, 0.117575618958
17403102.0, 6832300.0, 1, 0.11630730562
17157642.0, 7100676.0, 1, 0.115669444211
15750668.0, 9545264.0, 1, 0.112463205617
16841998.0, 7962310.0, 1, 0.0967643682171
16841998.0, 7962310.0, 1, 0.0862392066064
16266706.0, 8778408.0, 1, 0.0799901659577
17237622.0, 6948220.0, 1, 0.0757584346889
17990104.0, 6729276.0, 1, 0.0744907996358
16963356.0, 7941712.0, 1, 0.0743966823168
15545662.0, 9985616.0, 1, 0.0720968897764
15495622.0, 10182968.0, 1, 0.0719147862819
15307054.0, 10433632.0, 1, 0.0707964248879
17321632.0, 6852856.0, 1, 0.0707434866389
17986686.0, 6808574.0, 1, 0.0638552458659
15403798.0, 10238540.0, 1, 0.0634148312832
17865480.0, 6825946.0, 1, 0.0580697433188
15885298.0, 9086200.0, 1, 0.0520318445706
15999702.0, 8955584.0, 1, 0.0507185211927
15860506.0, 9129552.0, 1, 0.0504078512971
16140062.0, 8840344.0, 1, 0.049375458112
16316918.0, 8338366.0, 1, 0.0491556632193
17281742.0, 6937718.0, 1, 0.0474022572059
15403798.0, 10238540.0, 1, 0.0449752603396
17865480.0, 6825946.0, 1, 0.0439890060206
15885298.0, 9086200.0, 1, 0.0429893158221
15999702.0, 8955584.0, 1, 0.0428861712647
15307054.0, 10433632.0, 1, 0.0387131670382
16140062.0, 8840344.0, 1, 0.035102513299
15603204.0, 9972904.0, 1, 0.0341083570255
15683244.0, 9920758.0, 1, 0.0339177174296
15683244.0, 9920758.0, 1, 0.031868934493
15603204.0, 9972904.0, 1, 0.0317935884506
16993004.0, 7883232.0, 1, 0.0311687561683
15438592.0, 10198152.0, 1, 0.0308501467028
16086926.0, 8856902.0, 1, 0.0302406006188
17403102.0, 6832300.0, 1, 0.0297592688892
16062134.0, 8900254.0, 1, 0.0248322690994
16024204.0, 8917252.0, 1, 0.0235189457215
15495622.0, 10182968.0, 1, 0.0217701820148
15545662.0, 9985616.0, 1, 0.0211234618175
15438592.0, 10198152.0, 1, 0.0163476236598
17251450.0, 6938632.0, 1, 0.0132823778604
16062134.0, 8900254.0, 1, 0.0132647788602
16024204.0, 8917252.0, 1, 0.0131616343027
16086926.0, 8856902.0, 1, 0.013149666851
17986686.0, 6808574.0, 1, 0.00576051451286
17251450.0, 6938632.0, 1, 0.0051573360734
15403798.0, 10238540.0, 1, 0.0
15438592.0, 10198152.0, 1, 0.0
15495622.0, 10182968.0, 1, 0.0
15495622.0, 10182968.0, 1, 0.0
15545662.0, 9985616.0, 1, 0.0
15545662.0, 9985616.0, 1, 0.0
15545662.0, 9985616.0, 1, 0.0
15545662.0, 9985616.0, 1, 0.0
15545662.0, 9985616.0, 1, 0.0
15545662.0, 9985616.0, 1, 0.0
15545662.0, 9985616.0, 1, 0.0
15603204.0, 9972904.0, 1, 0.0
15603204.0, 9972904.0, 1, 0.0
15683244.0, 9920758.0, 1, 0.0
15683244.0, 9920758.0, 1, 0.0
15683244.0, 9920758.0, 1, 0.0
15683244.0, 9920758.0, 1, 0.0
15683244.0, 9920758.0, 1, 0.0
15683244.0, 9920758.0, 1, 0.0
15683244.0, 9920758.0, 1, 0.0
15683244.0, 9920758.0, 1, 0.0
15860506.0, 9129552.0, 1, 0.0
15860506.0, 9129552.0, 1, 0.0
15860506.0, 9129552.0, 1, 0.0
15860506.0, 9129552.0, 1, 0.0
15860506.0, 9129552.0, 1, 0.0
15860506.0, 9129552.0, 1, 0.0
15860506.0, 9129552.0, 1, 0.0
15860506.0, 9129552.0, 1, 0.0
15885298.0, 9086200.0, 1, 0.0
15885298.0, 9086200.0, 1, 0.0
15999702.0, 8955584.0, 1, 0.0
15999702.0, 8955584.0, 1, 0.0
15999702.0, 8955584.0, 1, 0.0
16062134.0, 8900254.0, 1, 0.0
16062134.0, 8900254.0, 1, 0.0
16062134.0, 8900254.0, 1, 0.0
16062134.0, 8900254.0, 1, 0.0
16062134.0, 8900254.0, 1, 0.0
16062134.0, 8900254.0, 1, 0.0
16086926.0, 8856902.0, 1, 0.0
16316918.0, 8338366.0, 1, 0.0
16316918.0, 8338366.0, 1, 0.0
16841998.0, 7962310.0, 1, 0.0
16841998.0, 7962310.0, 1, 0.0
16993004.0, 7883232.0, 1, 0.0
16993004.0, 7883232.0, 1, 0.0
16993004.0, 7883232.0, 1, 0.0
17403102.0, 6832300.0, 1, 0.0
17986686.0, 6808574.0, 1, 0.0
17986686.0, 6808574.0, 1, 0.0
15251506.0, 10450084.0, 1, 0.0
15251506.0, 10450084.0, 1, 0.0
15251506.0, 10450084.0, 1, 0.0
15251506.0, 10450084.0, 1, 0.0
15251506.0, 10450084.0, 1, 0.0
15251506.0, 10450084.0, 1, 0.0
15251506.0, 10450084.0, 1, 0.0
15251506.0, 10450084.0, 1, 0.0
15251506.0, 10450084.0, 1, 0.0
15251506.0, 10450084.0, 1, 0.0
15307054.0, 10433632.0, 1, 0.0
15403798.0, 10238540.0, 1, 0.0
15403798.0, 10238540.0, 1, 0.0
15403798.0, 10238540.0, 1, 0.0
18046780.0, 6827182.0, 2, inf
15383006.0, 10476598.0, 2, inf
16000696.0, 9357312.0, 2, 0.362361210098
17141306.0, 7786708.0, 2, 0.316092888369
15821844.0, 9946758.0, 2, 0.299048938295
17283788.0, 6939118.0, 2, 0.279779402547
17442302.0, 6835196.0, 2, 0.266129890079
17110116.0, 7878400.0, 2, 0.264932028183
16348574.0, 8618088.0, 2, 0.231736164384
16115270.0, 8883696.0, 2, 0.199454466936
16416920.0, 8451260.0, 2, 0.178415428273
16590228.0, 8298046.0, 2, 0.158755367759
16714664.0, 8279810.0, 2, 0.156707114536
16714664.0, 8279810.0, 2, 0.153452501042
16055284.0, 8944168.0, 2, 0.135727427984
15575722.0, 10189252.0, 2, 0.104736100753
15684208.0, 10015072.0, 2, 0.0993977329975
15460844.0, 10221028.0, 2, 0.0987234405401
17410386.0, 6926530.0, 2, 0.0879836375801
15389758.0, 10469038.0, 2, 0.0704935681861
15684208.0, 10015072.0, 2, 0.0594455874418
17283788.0, 6939118.0, 2, 0.0569380909597
15542794.0, 10203558.0, 2, 0.0518331775302
16055284.0, 8944168.0, 2, 0.0370630519728
17117708.0, 7865140.0, 2, 0.0368340671939
Generacion: 56
18187530.0, 6607946.0, 1, inf
15251506.0, 10450084.0, 1, inf
15251506.0, 10450084.0, 1, inf
17019298.0, 7807192.0, 1, 0.265504591677
17132118.0, 7045174.0, 1, 0.208414786004
16291208.0, 8740076.0, 1, 0.190887259827
16316918.0, 8338366.0, 1, 0.146714866179
15750668.0, 9545264.0, 1, 0.135140939486
17403102.0, 6832300.0, 1, 0.133903230732
15750668.0, 9545264.0, 1, 0.131162481728
16726454.0, 8044230.0, 1, 0.130748751726
15683244.0, 9920758.0, 1, 0.124991839888
15860506.0, 9129552.0, 1, 0.116642164456
17714990.0, 6829308.0, 1, 0.107103048125
16440704.0, 8320016.0, 1, 0.0988397002333
17986686.0, 6808574.0, 1, 0.0935001617408
17251450.0, 6938632.0, 1, 0.0865326389291
15940384.0, 9069984.0, 1, 0.0729612770783
17986686.0, 6808574.0, 1, 0.0729282386915
15545662.0, 9985616.0, 1, 0.0709637650172
15495622.0, 10182968.0, 1, 0.0707893795217
15307054.0, 10433632.0, 1, 0.0696964010893
16490244.0, 8185428.0, 1, 0.0661640778322
16841998.0, 7962310.0, 1, 0.0626555929487
15403798.0, 10238540.0, 1, 0.062627657782
17132118.0, 7045174.0, 1, 0.0617678079347
17161722.0, 6955492.0, 1, 0.0611686988926
16963356.0, 7941712.0, 1, 0.0565548230128
16140062.0, 8840344.0, 1, 0.055789404134
17865480.0, 6825946.0, 1, 0.0557778339264
17403102.0, 6832300.0, 1, 0.0524308994219
17714990.0, 6829308.0, 1, 0.0520351260903
15860506.0, 9129552.0, 1, 0.0486937582556
16581656.0, 8184920.0, 1, 0.0471288030598
16841998.0, 7962310.0, 1, 0.0447149793476
16140062.0, 8840344.0, 1, 0.0441948730283
15403798.0, 10238540.0, 1, 0.0434625399655
16614680.0, 8167192.0, 1, 0.0432513999904
15885298.0, 9086200.0, 1, 0.0427100487745
16614680.0, 8167192.0, 1, 0.0426839499617
17865480.0, 6825946.0, 1, 0.0421573937298
15999702.0, 8955584.0, 1, 0.0381203883954
15307054.0, 10433632.0, 1, 0.0372326752392
15683244.0, 9920758.0, 1, 0.0365365208702
15603204.0, 9972904.0, 1, 0.0331707445687
15603204.0, 9972904.0, 1, 0.0305699320854
15999702.0, 8955584.0, 1, 0.0301802502333
15438592.0, 10198152.0, 1, 0.0299360837785
16993004.0, 7883232.0, 1, 0.029889074344
16086926.0, 8856902.0, 1, 0.0293812458238
17237622.0, 6948220.0, 1, 0.0283467729056
16062134.0, 8900254.0, 1, 0.0242021328465
16993004.0, 7883232.0, 1, 0.0241763410931
16024204.0, 8917252.0, 1, 0.0228955686367
15495622.0, 10182968.0, 1, 0.0209954237375
15545662.0, 9985616.0, 1, 0.0203520319593
16490244.0, 8185428.0, 1, 0.0170053771265
15438592.0, 10198152.0, 1, 0.0158026868934
16963356.0, 7941712.0, 1, 0.0154590877064
16316918.0, 8338366.0, 1, 0.0135327271114
16062134.0, 8900254.0, 1, 0.0128681719548
16024204.0, 8917252.0, 1, 0.0127693989203
16086926.0, 8856902.0, 1, 0.0127536523826
17237622.0, 6948220.0, 1, 0.00660246696678
15251506.0, 10450084.0, 1, 0.0
15251506.0, 10450084.0, 1, 0.0
15251506.0, 10450084.0, 1, 0.0
15251506.0, 10450084.0, 1, 0.0
15307054.0, 10433632.0, 1, 0.0
15307054.0, 10433632.0, 1, 0.0
15403798.0, 10238540.0, 1, 0.0
15403798.0, 10238540.0, 1, 0.0
15438592.0, 10198152.0, 1, 0.0
15438592.0, 10198152.0, 1, 0.0
15438592.0, 10198152.0, 1, 0.0
15495622.0, 10182968.0, 1, 0.0
15495622.0, 10182968.0, 1, 0.0
15545662.0, 9985616.0, 1, 0.0
15545662.0, 9985616.0, 1, 0.0
15545662.0, 9985616.0, 1, 0.0
15545662.0, 9985616.0, 1, 0.0
15603204.0, 9972904.0, 1, 0.0
15603204.0, 9972904.0, 1, 0.0
15683244.0, 9920758.0, 1, 0.0
15683244.0, 9920758.0, 1, 0.0
15683244.0, 9920758.0, 1, 0.0
15683244.0, 9920758.0, 1, 0.0
15683244.0, 9920758.0, 1, 0.0
15750668.0, 9545264.0, 1, 0.0
15750668.0, 9545264.0, 1, 0.0
15750668.0, 9545264.0, 1, 0.0
15860506.0, 9129552.0, 1, 0.0
15860506.0, 9129552.0, 1, 0.0
15860506.0, 9129552.0, 1, 0.0
15860506.0, 9129552.0, 1, 0.0
15860506.0, 9129552.0, 1, 0.0
15860506.0, 9129552.0, 1, 0.0
15999702.0, 8955584.0, 1, 0.0
15999702.0, 8955584.0, 1, 0.0
15999702.0, 8955584.0, 1, 0.0
15999702.0, 8955584.0, 1, 0.0
16062134.0, 8900254.0, 1, 0.0
16062134.0, 8900254.0, 1, 0.0
16062134.0, 8900254.0, 1, 0.0
16086926.0, 8856902.0, 1, 0.0
16316918.0, 8338366.0, 1, 0.0
16316918.0, 8338366.0, 1, 0.0
16316918.0, 8338366.0, 1, 0.0
16316918.0, 8338366.0, 1, 0.0
16490244.0, 8185428.0, 1, 0.0
16614680.0, 8167192.0, 1, 0.0
16614680.0, 8167192.0, 1, 0.0
16841998.0, 7962310.0, 1, 0.0
16841998.0, 7962310.0, 1, 0.0
17865480.0, 6825946.0, 1, 0.0
17986686.0, 6808574.0, 1, 0.0
15251506.0, 10450084.0, 1, 0.0
15251506.0, 10450084.0, 1, 0.0
15251506.0, 10450084.0, 1, 0.0
15251506.0, 10450084.0, 1, 0.0
15251506.0, 10450084.0, 1, 0.0
15251506.0, 10450084.0, 1, 0.0
15383006.0, 10476598.0, 2, inf
15383006.0, 10476598.0, 2, inf
20007988.0, 6744984.0, 2, inf
18058500.0, 6852466.0, 2, 0.48117780862
15975696.0, 9488294.0, 2, 0.31914833707
17157642.0, 7100676.0, 2, 0.288754140328
15821844.0, 9946758.0, 2, 0.274324317047
16714664.0, 8279810.0, 2, 0.224865622721
17110116.0, 7878400.0, 2, 0.224389026787
17141306.0, 7786708.0, 2, 0.218690842966
16055284.0, 8944168.0, 2, 0.192198788701
15575722.0, 10189252.0, 2, 0.151553385332
16344840.0, 8728318.0, 2, 0.140364104086
17937294.0, 6869838.0, 2, 0.130717848828
17459294.0, 6965754.0, 2, 0.130578471517
17558258.0, 6936640.0, 2, 0.129055376736
15460844.0, 10221028.0, 2, 0.115185797174
16416920.0, 8451260.0, 2, 0.11171830313
16590228.0, 8298046.0, 2, 0.11032259821
16259014.0, 8847640.0, 2, 0.0912752329977
15389758.0, 10469038.0, 2, 0.0853176944118
16115270.0, 8883696.0, 2, 0.0699175284191
16416920.0, 8451260.0, 2, 0.0566432986526
16416920.0, 8451260.0, 2, 0.0
16416920.0, 8451260.0, 2, 0.0
17780002.0, 6977390.0, 3, inf
15576666.0, 10220520.0, 3, inf
17251526.0, 8020944.0, 3, 1.21378997906
Generacion: 57
15251506.0, 10450084.0, 1, inf
15251506.0, 10450084.0, 1, inf
18343856.0, 6553106.0, 1, inf
17078728.0, 7050656.0, 1, 0.285517264976
16993004.0, 7883232.0, 1, 0.223234104864
16231042.0, 8729046.0, 1, 0.207435558802
15778936.0, 9545030.0, 1, 0.142194745617
16316918.0, 8338366.0, 1, 0.14028179229
16726454.0, 8044230.0, 1, 0.126084375006
15860506.0, 9129552.0, 1, 0.124429070683
18063094.0, 6627720.0, 1, 0.12379911558
15740250.0, 9907758.0, 1, 0.111453781392
18302412.0, 6611774.0, 1, 0.109939070463
17403102.0, 6832300.0, 1, 0.106132780154
17714990.0, 6829308.0, 1, 0.104104541863
15750668.0, 9545264.0, 1, 0.102160525454
17986686.0, 6808574.0, 1, 0.0941233026873
17839136.0, 6816656.0, 1, 0.0931812214605
17201200.0, 7032946.0, 1, 0.0846009862754
17321632.0, 6852856.0, 1, 0.0763267789322
16440704.0, 8320016.0, 1, 0.0745662557901
15545662.0, 9985616.0, 1, 0.0692501730948
16963356.0, 7941712.0, 1, 0.0691242520273
15495622.0, 10182968.0, 1, 0.0690846032207
15307054.0, 10433632.0, 1, 0.0680254194903
16490244.0, 8185428.0, 1, 0.0640971950434
15403798.0, 10238540.0, 1, 0.0613140187756
16841998.0, 7962310.0, 1, 0.060266004558
15915592.0, 9113336.0, 1, 0.058294234921
16086926.0, 8856902.0, 1, 0.0577285565102
15999702.0, 8955584.0, 1, 0.0484040219761
17251450.0, 6938632.0, 1, 0.0468971913718
16581656.0, 8184920.0, 1, 0.0449194704325
16993004.0, 7883232.0, 1, 0.042727812179
16841998.0, 7962310.0, 1, 0.0426500980694
16614680.0, 8167192.0, 1, 0.0422324244842
15403798.0, 10238540.0, 1, 0.041648873258
17714990.0, 6829308.0, 1, 0.0409139415683
16086926.0, 8856902.0, 1, 0.0408262162667
16614680.0, 8167192.0, 1, 0.040694492416
17251450.0, 6938632.0, 1, 0.038260679458
15999702.0, 8955584.0, 1, 0.037035718964
15307054.0, 10433632.0, 1, 0.0355066779466
16316918.0, 8338366.0, 1, 0.0324792427305
15603204.0, 9972904.0, 1, 0.0319889927648
15683244.0, 9920758.0, 1, 0.0318156618029
15915592.0, 9113336.0, 1, 0.0313605522066
15860506.0, 9129552.0, 1, 0.0305391704096
15683244.0, 9920758.0, 1, 0.0292191462081
15603204.0, 9972904.0, 1, 0.0291452427886
15438592.0, 10198152.0, 1, 0.0288062131451
18063094.0, 6627720.0, 1, 0.0288006053096
17403102.0, 6832300.0, 1, 0.0271134338639
17986686.0, 6808574.0, 1, 0.0267826313821
16062134.0, 8900254.0, 1, 0.0233902700937
16024204.0, 8917252.0, 1, 0.022102092434
16440704.0, 8320016.0, 1, 0.0207289557319
15495622.0, 10182968.0, 1, 0.0200782206655
15545662.0, 9985616.0, 1, 0.0194438829813
16490244.0, 8185428.0, 1, 0.0161505362489
15438592.0, 10198152.0, 1, 0.0151479896115
16062134.0, 8900254.0, 1, 0.0123790451511
16024204.0, 8917252.0, 1, 0.0122852653396
15740250.0, 9907758.0, 1, 0.00670487712469
15750668.0, 9545264.0, 1, 0.00342900541076
15251506.0, 10450084.0, 1, 0.0
15307054.0, 10433632.0, 1, 0.0
15307054.0, 10433632.0, 1, 0.0
15307054.0, 10433632.0, 1, 0.0
15438592.0, 10198152.0, 1, 0.0
15438592.0, 10198152.0, 1, 0.0
15438592.0, 10198152.0, 1, 0.0
15438592.0, 10198152.0, 1, 0.0
15438592.0, 10198152.0, 1, 0.0
15438592.0, 10198152.0, 1, 0.0
15438592.0, 10198152.0, 1, 0.0
15438592.0, 10198152.0, 1, 0.0
15495622.0, 10182968.0, 1, 0.0
15545662.0, 9985616.0, 1, 0.0
15545662.0, 9985616.0, 1, 0.0
15545662.0, 9985616.0, 1, 0.0
15603204.0, 9972904.0, 1, 0.0
15603204.0, 9972904.0, 1, 0.0
15603204.0, 9972904.0, 1, 0.0
15603204.0, 9972904.0, 1, 0.0
15603204.0, 9972904.0, 1, 0.0
15683244.0, 9920758.0, 1, 0.0
15683244.0, 9920758.0, 1, 0.0
15683244.0, 9920758.0, 1, 0.0
15750668.0, 9545264.0, 1, 0.0
15860506.0, 9129552.0, 1, 0.0
15915592.0, 9113336.0, 1, 0.0
15915592.0, 9113336.0, 1, 0.0
15999702.0, 8955584.0, 1, 0.0
15999702.0, 8955584.0, 1, 0.0
15999702.0, 8955584.0, 1, 0.0
16024204.0, 8917252.0, 1, 0.0
16062134.0, 8900254.0, 1, 0.0
16086926.0, 8856902.0, 1, 0.0
16086926.0, 8856902.0, 1, 0.0
16086926.0, 8856902.0, 1, 0.0
16316918.0, 8338366.0, 1, 0.0
16316918.0, 8338366.0, 1, 0.0
16316918.0, 8338366.0, 1, 0.0
16316918.0, 8338366.0, 1, 0.0
16440704.0, 8320016.0, 1, 0.0
16440704.0, 8320016.0, 1, 0.0
16490244.0, 8185428.0, 1, 0.0
16614680.0, 8167192.0, 1, 0.0
16614680.0, 8167192.0, 1, 0.0
16841998.0, 7962310.0, 1, 0.0
16841998.0, 7962310.0, 1, 0.0
17251450.0, 6938632.0, 1, 0.0
17403102.0, 6832300.0, 1, 0.0
17714990.0, 6829308.0, 1, 0.0
17986686.0, 6808574.0, 1, 0.0
15251506.0, 10450084.0, 1, 0.0
15251506.0, 10450084.0, 1, 0.0
15251506.0, 10450084.0, 1, 0.0
15251506.0, 10450084.0, 1, 0.0
15251506.0, 10450084.0, 1, 0.0
17865480.0, 6825946.0, 2, inf
15460844.0, 10221028.0, 2, inf
15460844.0, 10221028.0, 2, inf
17865480.0, 6825946.0, 2, inf
17157642.0, 7100676.0, 2, 0.718339721168
16590228.0, 8298046.0, 2, 0.55019541355
16590228.0, 8298046.0, 2, 0.408466206484
15741750.0, 10002360.0, 2, 0.374597063587
15870312.0, 9239438.0, 2, 0.312734547846
17348824.0, 6930278.0, 2, 0.259501008603
17611596.0, 6860582.0, 2, 0.245588631595
16115270.0, 8883696.0, 2, 0.215329274823
16115270.0, 8883696.0, 2, 0.197445494826
15633264.0, 10176540.0, 2, 0.181225793125
16043958.0, 9173200.0, 2, 0.129336536617
16055284.0, 8944168.0, 2, 0.114927625858
15930362.0, 9206900.0, 2, 0.0917229938643
17865480.0, 6825946.0, 2, 0.0
17865480.0, 6825946.0, 2, 0.0
17865480.0, 6825946.0, 2, 0.0
17865480.0, 6825946.0, 2, 0.0
16590228.0, 8298046.0, 2, 0.0
17901808.0, 6861838.0, 3, inf
17901808.0, 6861838.0, 3, inf
16018152.0, 9316038.0, 3, inf
16555336.0, 8998014.0, 3, 0.96073436103
17360744.0, 6930624.0, 3, 0.817518173145
17251526.0, 8020944.0, 3, 0.813862056209
17251526.0, 8020944.0, 3, 0.456103511995
Generacion: 58
15251506.0, 10450084.0, 1, inf
18275566.0, 6595074.0, 1, inf
15251506.0, 10450084.0, 1, inf
17078728.0, 7050656.0, 1, 0.253363410791
17019298.0, 7807192.0, 1, 0.24431978296
17839136.0, 6816656.0, 1, 0.226186648144
16140062.0, 8840344.0, 1, 0.210563684654
16316918.0, 8338366.0, 1, 0.171148159844
18063094.0, 6627720.0, 1, 0.169347307604
15778936.0, 9545030.0, 1, 0.144158184235
16702990.0, 8166506.0, 1, 0.128316748679
15860506.0, 9129552.0, 1, 0.125992023133
17403102.0, 6832300.0, 1, 0.122860232259
15740250.0, 9907758.0, 1, 0.119700011106
15750668.0, 9545264.0, 1, 0.106885357922
17529700.0, 6819712.0, 1, 0.105590050504
16440704.0, 8320016.0, 1, 0.0969881917586
17251450.0, 6938632.0, 1, 0.0846987380662
15396190.0, 10357056.0, 1, 0.082598820162
17251450.0, 6938632.0, 1, 0.0792078038814
18187530.0, 6607946.0, 1, 0.078728971227
16490244.0, 8185428.0, 1, 0.0760611449573
16841998.0, 7962310.0, 1, 0.0740472790791
15545662.0, 9985616.0, 1, 0.0702217031336
15495622.0, 10182968.0, 1, 0.0700523943236
16841998.0, 7962310.0, 1, 0.0639091890207
16316918.0, 8338366.0, 1, 0.0632430061408
15915592.0, 9113336.0, 1, 0.0591372030415
15999702.0, 8955584.0, 1, 0.0490236470935
17078728.0, 7050656.0, 1, 0.0487117158408
16993004.0, 7883232.0, 1, 0.0485815515643
16905740.0, 7893144.0, 1, 0.046798417409
17529700.0, 6819712.0, 1, 0.0426563220119
15403798.0, 10238540.0, 1, 0.0422490944083
16614680.0, 8167192.0, 1, 0.0413266047097
15307054.0, 10433632.0, 1, 0.0382327042661
15999702.0, 8955584.0, 1, 0.0377570258533
16024204.0, 8917252.0, 1, 0.0349978443754
16614680.0, 8167192.0, 1, 0.0339329305393
15307054.0, 10433632.0, 1, 0.0337432988524
15603204.0, 9972904.0, 1, 0.0325548747726
15683244.0, 9920758.0, 1, 0.0323776296121
15915592.0, 9113336.0, 1, 0.0320200757545
15860506.0, 9129552.0, 1, 0.0311801453299
15683244.0, 9920758.0, 1, 0.0298399639064
15603204.0, 9972904.0, 1, 0.029765255929
15438592.0, 10198152.0, 1, 0.0293355090236
16086926.0, 8856902.0, 1, 0.0288167057609
16062134.0, 8900254.0, 1, 0.0237883663761
16905740.0, 7893144.0, 1, 0.0236494850397
16490244.0, 8185428.0, 1, 0.0211124177188
15495622.0, 10182968.0, 1, 0.0204860613152
15545662.0, 9985616.0, 1, 0.0198448178424
15438592.0, 10198152.0, 1, 0.0154444946796
15403798.0, 10238540.0, 1, 0.0129925793199
16062134.0, 8900254.0, 1, 0.0126075771182
16086926.0, 8856902.0, 1, 0.0124934399305
16993004.0, 7883232.0, 1, 0.0112661328575
15860506.0, 9129552.0, 1, 0.0
15860506.0, 9129552.0, 1, 0.0
15860506.0, 9129552.0, 1, 0.0
15999702.0, 8955584.0, 1, 0.0
15999702.0, 8955584.0, 1, 0.0
15999702.0, 8955584.0, 1, 0.0
15999702.0, 8955584.0, 1, 0.0
16316918.0, 8338366.0, 1, 0.0
16316918.0, 8338366.0, 1, 0.0
16316918.0, 8338366.0, 1, 0.0
16316918.0, 8338366.0, 1, 0.0
16614680.0, 8167192.0, 1, 0.0
16841998.0, 7962310.0, 1, 0.0
16841998.0, 7962310.0, 1, 0.0
16993004.0, 7883232.0, 1, 0.0
16993004.0, 7883232.0, 1, 0.0
16993004.0, 7883232.0, 1, 0.0
16993004.0, 7883232.0, 1, 0.0
17078728.0, 7050656.0, 1, 0.0
17251450.0, 6938632.0, 1, 0.0
15251506.0, 10450084.0, 1, 0.0
15251506.0, 10450084.0, 1, 0.0
15251506.0, 10450084.0, 1, 0.0
15251506.0, 10450084.0, 1, 0.0
15307054.0, 10433632.0, 1, 0.0
15307054.0, 10433632.0, 1, 0.0
15438592.0, 10198152.0, 1, 0.0
15438592.0, 10198152.0, 1, 0.0
15438592.0, 10198152.0, 1, 0.0
15495622.0, 10182968.0, 1, 0.0
15495622.0, 10182968.0, 1, 0.0
15495622.0, 10182968.0, 1, 0.0
15495622.0, 10182968.0, 1, 0.0
15545662.0, 9985616.0, 1, 0.0
15545662.0, 9985616.0, 1, 0.0
15545662.0, 9985616.0, 1, 0.0
15545662.0, 9985616.0, 1, 0.0
15545662.0, 9985616.0, 1, 0.0
15545662.0, 9985616.0, 1, 0.0
15545662.0, 9985616.0, 1, 0.0
15545662.0, 9985616.0, 1, 0.0
15545662.0, 9985616.0, 1, 0.0
15603204.0, 9972904.0, 1, 0.0
15603204.0, 9972904.0, 1, 0.0
15603204.0, 9972904.0, 1, 0.0
15683244.0, 9920758.0, 1, 0.0
15683244.0, 9920758.0, 1, 0.0
15683244.0, 9920758.0, 1, 0.0
15383006.0, 10476598.0, 2, inf
18302412.0, 6611774.0, 2, inf
15759300.0, 9914890.0, 2, 0.323149979038
17096124.0, 7259068.0, 2, 0.297875328233
16963356.0, 7941712.0, 2, 0.268722162059
15930362.0, 9206900.0, 2, 0.225978372136
16590228.0, 8298046.0, 2, 0.199885751661
16079786.0, 8905836.0, 2, 0.184762646586
16590228.0, 8298046.0, 2, 0.179562927271
17442302.0, 6835196.0, 2, 0.176114642071
16881030.0, 8012882.0, 2, 0.172666649117
16079786.0, 8905836.0, 2, 0.165654815642
17283788.0, 6939118.0, 2, 0.152485017413
17865480.0, 6825946.0, 2, 0.150534589374
17234008.0, 7148776.0, 2, 0.147066710664
16055284.0, 8944168.0, 2, 0.129081516603
15930362.0, 9206900.0, 2, 0.126575123515
16714664.0, 8279810.0, 2, 0.11168975619
15666108.0, 10105988.0, 2, 0.110872162081
15449816.0, 10340174.0, 2, 0.109951655795
17865480.0, 6825946.0, 2, 0.1069638762
17714990.0, 6829308.0, 2, 0.0942751996212
15542634.0, 10262976.0, 2, 0.0671968291029
16714664.0, 8279810.0, 2, 0.0617047054273
17714990.0, 6829308.0, 2, 0.0530716420391
15633264.0, 10176540.0, 2, 0.0525044676617
15575722.0, 10189252.0, 2, 0.0379799259206
15542794.0, 10203558.0, 2, 0.0304094546806
17714990.0, 6829308.0, 2, 0.0
17865480.0, 6825946.0, 2, 0.0
17865480.0, 6825946.0, 2, 0.0
17865480.0, 6825946.0, 2, 0.0
16590228.0, 8298046.0, 2, 0.0
16590228.0, 8298046.0, 2, 0.0
18046780.0, 6827182.0, 3, inf
15821844.0, 9946758.0, 3, inf
16123752.0, 9123364.0, 3, 1.10116883208
17074830.0, 8268386.0, 3, 1.00770154466
17116024.0, 7371024.0, 3, 0.590364782047
17459294.0, 6965754.0, 3, 0.386360836941
17611596.0, 6860582.0, 3, 0.308466385871
17937294.0, 6869838.0, 4, inf
16253732.0, 9339514.0, 4, inf
17117708.0, 7865140.0, 4, 1.29230636926
Generacion: 59
15251506.0, 10450084.0, 1, inf
18275566.0, 6595074.0, 1, inf
15251506.0, 10450084.0, 1, inf
16971114.0, 7745874.0, 1, 0.275747552823
17078728.0, 7050656.0, 1, 0.235004478554
16316918.0, 8338366.0, 1, 0.17544334974
17839136.0, 6816656.0, 1, 0.154005937913
16086926.0, 8856902.0, 1, 0.142707888142
15804256.0, 9530108.0, 1, 0.134749785876
17986686.0, 6808574.0, 1, 0.12306922417
15860506.0, 9129552.0, 1, 0.122121216053
18063094.0, 6627720.0, 1, 0.118458793666
15740250.0, 9907758.0, 1, 0.112882738548
17529700.0, 6819712.0, 1, 0.105590050504
15750668.0, 9545264.0, 1, 0.103379620224
16759046.0, 8031182.0, 1, 0.0989363355132
16440704.0, 8320016.0, 1, 0.0969881917586
15915592.0, 9113336.0, 1, 0.0911572787961
16086926.0, 8856902.0, 1, 0.0872996723687
16316918.0, 8338366.0, 1, 0.0808140860797
15438592.0, 10198152.0, 1, 0.0799429004442
15307054.0, 10433632.0, 1, 0.0794528308027
17132118.0, 7045174.0, 1, 0.0791154445542
16490244.0, 8185428.0, 1, 0.0760611449573
15545662.0, 9985616.0, 1, 0.0702217031336
15495622.0, 10182968.0, 1, 0.0700523943236
17237622.0, 6948220.0, 1, 0.0670981396517
17403102.0, 6832300.0, 1, 0.0661514621023
16702990.0, 8166506.0, 1, 0.0643058738002
15999702.0, 8955584.0, 1, 0.0615663876476
16905740.0, 7893144.0, 1, 0.0592805210162
15307054.0, 10433632.0, 1, 0.0477648460439
15438592.0, 10198152.0, 1, 0.0474359234211
16841998.0, 7962310.0, 1, 0.0453725197747
17360744.0, 6930624.0, 1, 0.0449435776245
18187530.0, 6607946.0, 1, 0.0444876860039
17529700.0, 6819712.0, 1, 0.0426563220119
15999702.0, 8955584.0, 1, 0.0421663529367
16614680.0, 8167192.0, 1, 0.0413266047097
16905740.0, 7893144.0, 1, 0.0395598044185
16841998.0, 7962310.0, 1, 0.038943868193
17251450.0, 6938632.0, 1, 0.0386286317557
18187530.0, 6607946.0, 1, 0.0342412852231
16614680.0, 8167192.0, 1, 0.0339329305393
15603204.0, 9972904.0, 1, 0.0325548747726
15683244.0, 9920758.0, 1, 0.0323776296121
16062134.0, 8900254.0, 1, 0.0318907188426
15683244.0, 9920758.0, 1, 0.0298399639064
17377398.0, 6925930.0, 1, 0.0297950406027
15603204.0, 9972904.0, 1, 0.029765255929
15860506.0, 9129552.0, 1, 0.0228072955848
16062134.0, 8900254.0, 1, 0.0225510013895
16490244.0, 8185428.0, 1, 0.0211124177188
15495622.0, 10182968.0, 1, 0.0204860613152
15545662.0, 9985616.0, 1, 0.0198448178424
16702990.0, 8166506.0, 1, 0.0187146194977
15778936.0, 9545030.0, 1, 0.0132185052073
17403102.0, 6832300.0, 1, 0.0117651925319
17377398.0, 6925930.0, 1, 0.00971746762328
15778936.0, 9545030.0, 1, 0.00843354997669
15740250.0, 9907758.0, 1, 0.00681727255767
17251450.0, 6938632.0, 1, 0.00664995741171
15750668.0, 9545264.0, 1, 0.00350573769783
15251506.0, 10450084.0, 1, 0.0
15251506.0, 10450084.0, 1, 0.0
15251506.0, 10450084.0, 1, 0.0
15251506.0, 10450084.0, 1, 0.0
15438592.0, 10198152.0, 1, 0.0
15438592.0, 10198152.0, 1, 0.0
15438592.0, 10198152.0, 1, 0.0
15438592.0, 10198152.0, 1, 0.0
15545662.0, 9985616.0, 1, 0.0
15545662.0, 9985616.0, 1, 0.0
15545662.0, 9985616.0, 1, 0.0
15545662.0, 9985616.0, 1, 0.0
15545662.0, 9985616.0, 1, 0.0
15545662.0, 9985616.0, 1, 0.0
15545662.0, 9985616.0, 1, 0.0
15545662.0, 9985616.0, 1, 0.0
15545662.0, 9985616.0, 1, 0.0
15860506.0, 9129552.0, 1, 0.0
15999702.0, 8955584.0, 1, 0.0
15999702.0, 8955584.0, 1, 0.0
15999702.0, 8955584.0, 1, 0.0
15999702.0, 8955584.0, 1, 0.0
16316918.0, 8338366.0, 1, 0.0
16490244.0, 8185428.0, 1, 0.0
16490244.0, 8185428.0, 1, 0.0
16614680.0, 8167192.0, 1, 0.0
16614680.0, 8167192.0, 1, 0.0
16614680.0, 8167192.0, 1, 0.0
16841998.0, 7962310.0, 1, 0.0
16841998.0, 7962310.0, 1, 0.0
16841998.0, 7962310.0, 1, 0.0
16841998.0, 7962310.0, 1, 0.0
16905740.0, 7893144.0, 1, 0.0
16905740.0, 7893144.0, 1, 0.0
16905740.0, 7893144.0, 1, 0.0
16905740.0, 7893144.0, 1, 0.0
15251506.0, 10450084.0, 1, 0.0
15251506.0, 10450084.0, 1, 0.0
15298702.0, 10468490.0, 2, inf
19921514.0, 6620034.0, 2, inf
15298702.0, 10468490.0, 2, inf
17865480.0, 6825946.0, 2, 0.531690768675
16115270.0, 8883696.0, 2, 0.345572260743
17143466.0, 7377512.0, 2, 0.238957100941
15855208.0, 9545164.0, 2, 0.231243847352
16590228.0, 8298046.0, 2, 0.179095727779
15821844.0, 9946758.0, 2, 0.159093466498
16934798.0, 8105396.0, 2, 0.141649588212
16993004.0, 7883232.0, 2, 0.137821956544
15460844.0, 10221028.0, 2, 0.132483014809
17611596.0, 6860582.0, 2, 0.121810513421
17283788.0, 6939118.0, 2, 0.121139763359
17157642.0, 7100676.0, 2, 0.114446841173
16043958.0, 9173200.0, 2, 0.108460419518
16590228.0, 8298046.0, 2, 0.107480750735
15985432.0, 9193012.0, 2, 0.104165008517
15684208.0, 10015072.0, 2, 0.100500934047
16714664.0, 8279810.0, 2, 0.0722383283441
16963356.0, 7941712.0, 2, 0.0703191239395
17258066.0, 7032472.0, 2, 0.0692676725946
17714990.0, 6829308.0, 2, 0.0639197923415
15633264.0, 10176540.0, 2, 0.0544039686215
16714664.0, 8279810.0, 2, 0.0523575919301
15575722.0, 10189252.0, 2, 0.0488576054801
16993004.0, 7883232.0, 2, 0.047743426495
15985432.0, 9193012.0, 2, 0.0333179057618
15633264.0, 10176540.0, 2, 0.0143232752058
16590228.0, 8298046.0, 2, 0.0
15542634.0, 10262976.0, 3, inf
17737658.0, 6847706.0, 3, inf
16013676.0, 9194962.0, 3, 0.672875003831
16952846.0, 8286686.0, 3, 0.609177719373
17207792.0, 7239934.0, 3, 0.493374965885
16139916.0, 8894246.0, 3, 0.458401735999
17192292.0, 7937672.0, 3, 0.257812368184
17658426.0, 6977928.0, 3, 0.243427325703
16139916.0, 8894246.0, 3, 0.235407058736
17074830.0, 8268386.0, 3, 0.211278036415
17658426.0, 6977928.0, 3, 0.112812231418
17192292.0, 7937672.0, 3, 0.10389535149
17808288.0, 7009578.0, 4, inf
16332508.0, 10256852.0, 4, inf
16528474.0, 8972488.0, 4, 1.34366322354
17475710.0, 8409086.0, 4, 0.646677599364
17550668.0, 7845926.0, 4, 0.609232284201
17538108.0, 8393424.0, 4, 0.22421758743
17475710.0, 8409086.0, 4, 0.215781357842
Generacion: 60
15251506.0, 10450084.0, 1, inf
23738850.0, 6446112.0, 1, inf
15251506.0, 10450084.0, 1, inf
23401422.0, 6490178.0, 1, 0.714088662706
18063094.0, 6627720.0, 1, 0.710748833441
17078728.0, 7050656.0, 1, 0.219233168811
17027468.0, 7873608.0, 1, 0.218037733141
16086926.0, 8856902.0, 1, 0.170351934864
16316918.0, 8338366.0, 1, 0.144090175832
15860506.0, 9129552.0, 1, 0.120166879165
15778936.0, 9545030.0, 1, 0.108324540737
15778936.0, 9545030.0, 1, 0.100202822577
15740250.0, 9907758.0, 1, 0.0973086309432
15403798.0, 10238540.0, 1, 0.0743097347155
18017940.0, 6796296.0, 1, 0.0735744322881
17839136.0, 6816656.0, 1, 0.063373845057
15545662.0, 9985616.0, 1, 0.0598610319742
16440704.0, 8320016.0, 1, 0.0586182716341
15438592.0, 10198152.0, 1, 0.0571808059812
15307054.0, 10433632.0, 1, 0.055269420107
15860506.0, 9129552.0, 1, 0.0530596357617
15999702.0, 8955584.0, 1, 0.0499976649025
16614680.0, 8167192.0, 1, 0.0486301283257
16490244.0, 8185428.0, 1, 0.048274980987
16759046.0, 8031182.0, 1, 0.043742380168
17529700.0, 6819712.0, 1, 0.0396023980146
17403102.0, 6832300.0, 1, 0.0383003709464
16759046.0, 8031182.0, 1, 0.0342104810176
16316918.0, 8338366.0, 1, 0.0316811791549
17377398.0, 6925930.0, 1, 0.0295473402946
16905740.0, 7893144.0, 1, 0.0275560083045
16841998.0, 7962310.0, 1, 0.0270479577295
17197514.0, 7015538.0, 1, 0.0266283709562
16841998.0, 7962310.0, 1, 0.0247111606177
15438592.0, 10198152.0, 1, 0.0227022375846
16614680.0, 8167192.0, 1, 0.0215640389346
16055284.0, 8944168.0, 1, 0.0211746716229
15603204.0, 9972904.0, 1, 0.0198033092928
15683244.0, 9920758.0, 1, 0.0197401564384
15999702.0, 8955584.0, 1, 0.0192515880489
16993004.0, 7883232.0, 1, 0.0192214510107
17251450.0, 6938632.0, 1, 0.0189011766884
17237622.0, 6948220.0, 1, 0.0184420542707
17360744.0, 6930624.0, 1, 0.0180118567742
17132118.0, 7045174.0, 1, 0.0176765111928
15545662.0, 9985616.0, 1, 0.0157901013359
17529700.0, 6819712.0, 1, 0.0156793336364
15307054.0, 10433632.0, 1, 0.0155075387745
17196522.0, 7035450.0, 1, 0.0151067696899
16062134.0, 8900254.0, 1, 0.0138886643258
15683244.0, 9920758.0, 1, 0.0126772880174
15603204.0, 9972904.0, 1, 0.0126053594425
16062134.0, 8900254.0, 1, 0.0116343325958
16490244.0, 8185428.0, 1, 0.0103914035377
16905740.0, 7893144.0, 1, 0.0099857829178
15740250.0, 9907758.0, 1, 0.00780485678336
17237622.0, 6948220.0, 1, 0.00712024655228
17403102.0, 6832300.0, 1, 0.00617238740118
15251506.0, 10450084.0, 1, 0.0
15251506.0, 10450084.0, 1, 0.0
15251506.0, 10450084.0, 1, 0.0
15251506.0, 10450084.0, 1, 0.0
15251506.0, 10450084.0, 1, 0.0
15307054.0, 10433632.0, 1, 0.0
15307054.0, 10433632.0, 1, 0.0
15438592.0, 10198152.0, 1, 0.0
15438592.0, 10198152.0, 1, 0.0
15438592.0, 10198152.0, 1, 0.0
15438592.0, 10198152.0, 1, 0.0
15438592.0, 10198152.0, 1, 0.0
15545662.0, 9985616.0, 1, 0.0
15545662.0, 9985616.0, 1, 0.0
15545662.0, 9985616.0, 1, 0.0
15545662.0, 9985616.0, 1, 0.0
15545662.0, 9985616.0, 1, 0.0
15545662.0, 9985616.0, 1, 0.0
15545662.0, 9985616.0, 1, 0.0
15545662.0, 9985616.0, 1, 0.0
15545662.0, 9985616.0, 1, 0.0
15545662.0, 9985616.0, 1, 0.0
15545662.0, 9985616.0, 1, 0.0
15545662.0, 9985616.0, 1, 0.0
15545662.0, 9985616.0, 1, 0.0
15545662.0, 9985616.0, 1, 0.0
15545662.0, 9985616.0, 1, 0.0
15603204.0, 9972904.0, 1, 0.0
15683244.0, 9920758.0, 1, 0.0
15683244.0, 9920758.0, 1, 0.0
15740250.0, 9907758.0, 1, 0.0
15778936.0, 9545030.0, 1, 0.0
15860506.0, 9129552.0, 1, 0.0
15860506.0, 9129552.0, 1, 0.0
15999702.0, 8955584.0, 1, 0.0
15999702.0, 8955584.0, 1, 0.0
15999702.0, 8955584.0, 1, 0.0
15999702.0, 8955584.0, 1, 0.0
16614680.0, 8167192.0, 1, 0.0
16614680.0, 8167192.0, 1, 0.0
16614680.0, 8167192.0, 1, 0.0
16841998.0, 7962310.0, 1, 0.0
16841998.0, 7962310.0, 1, 0.0
16841998.0, 7962310.0, 1, 0.0
16841998.0, 7962310.0, 1, 0.0
16905740.0, 7893144.0, 1, 0.0
16905740.0, 7893144.0, 1, 0.0
16905740.0, 7893144.0, 1, 0.0
16905740.0, 7893144.0, 1, 0.0
16905740.0, 7893144.0, 1, 0.0
16905740.0, 7893144.0, 1, 0.0
16905740.0, 7893144.0, 1, 0.0
17403102.0, 6832300.0, 1, 0.0
17529700.0, 6819712.0, 1, 0.0
17529700.0, 6819712.0, 1, 0.0
17529700.0, 6819712.0, 1, 0.0
15251506.0, 10450084.0, 1, 0.0
15251506.0, 10450084.0, 1, 0.0
15251506.0, 10450084.0, 1, 0.0
15251506.0, 10450084.0, 1, 0.0
15251506.0, 10450084.0, 1, 0.0
15298702.0, 10468490.0, 2, inf
17714990.0, 6829308.0, 2, inf
17714990.0, 6829308.0, 2, inf
16416920.0, 8451260.0, 2, 0.357494166514
15855208.0, 9545164.0, 2, 0.304487347366
17085450.0, 8025528.0, 2, 0.273349808216
17410386.0, 6926530.0, 2, 0.244928461684
16934798.0, 8105396.0, 2, 0.223326128737
17128216.0, 7401934.0, 2, 0.208713349515
16115270.0, 8883696.0, 2, 0.204392194097
16714664.0, 8279810.0, 2, 0.195540754695
15354226.0, 10454222.0, 2, 0.191377909159
15821844.0, 9946758.0, 2, 0.188398153391
16043958.0, 9173200.0, 2, 0.157667631462
16115270.0, 8883696.0, 2, 0.148340840693
16043958.0, 9173200.0, 2, 0.131723919637
17174380.0, 7399920.0, 2, 0.120427651854
17258066.0, 7032472.0, 2, 0.0970256016146
15575722.0, 10189252.0, 2, 0.0966245325624
15575722.0, 10189252.0, 2, 0.0951609733285
16590228.0, 8298046.0, 2, 0.0936000474041
15633264.0, 10176540.0, 2, 0.0869553266804
15633264.0, 10176540.0, 2, 0.081538425023
15821844.0, 9946758.0, 2, 0.0769490691482
16590228.0, 8298046.0, 2, 0.0767359099332
17256016.0, 7156156.0, 2, 0.0678315934817
17256016.0, 7156156.0, 2, 0.0677724662268
17258066.0, 7032472.0, 2, 0.0299598959408
15575722.0, 10189252.0, 2, 0.0
15633264.0, 10176540.0, 2, 0.0
16590228.0, 8298046.0, 2, 0.0
Generacion: 61
15251506.0, 10450084.0, 1, inf
15251506.0, 10450084.0, 1, inf
20571584.0, 6421244.0, 1, inf
18187530.0, 6607946.0, 1, 0.522763254689
17078728.0, 7050656.0, 1, 0.239816136725
17027468.0, 7873608.0, 1, 0.22276732207
16291208.0, 8740076.0, 1, 0.171936974637
18017940.0, 6796296.0, 1, 0.147914971781
15860506.0, 9129552.0, 1, 0.125586444224
16316918.0, 8338366.0, 1, 0.122976304957
15804256.0, 9530108.0, 1, 0.118458443783
15740250.0, 9907758.0, 1, 0.105875015458
15750668.0, 9545264.0, 1, 0.0973045609535
17529700.0, 6819712.0, 1, 0.0948975630978
15403798.0, 10238540.0, 1, 0.0831734111602
16086926.0, 8856902.0, 1, 0.08281623718
15495622.0, 10182968.0, 1, 0.0728792909852
18063094.0, 6627720.0, 1, 0.0652321995247
15545662.0, 9985616.0, 1, 0.0598008262847
15307054.0, 10433632.0, 1, 0.0588650642392
16614680.0, 8167192.0, 1, 0.0571489795408
16490244.0, 8185428.0, 1, 0.0567960243478
16440704.0, 8320016.0, 1, 0.056673845688
17251450.0, 6938632.0, 1, 0.0560539240024
15860506.0, 9129552.0, 1, 0.0537538206389
16759046.0, 8031182.0, 1, 0.0493513495061
15999702.0, 8955584.0, 1, 0.0477862389606
17403102.0, 6832300.0, 1, 0.0470362076811
17377398.0, 6925930.0, 1, 0.0469140290213
16759046.0, 8031182.0, 1, 0.0442308151808
15603204.0, 9972904.0, 1, 0.0419593293493
15999702.0, 8955584.0, 1, 0.0356786792101
16905740.0, 7893144.0, 1, 0.0335704877606
16841998.0, 7962310.0, 1, 0.0327599733283
16614680.0, 8167192.0, 1, 0.0316624332148
17529700.0, 6819712.0, 1, 0.0296083624452
16841998.0, 7962310.0, 1, 0.0290761501552
16993004.0, 7883232.0, 1, 0.0277299059691
17196522.0, 7035450.0, 1, 0.0270837702381
16024204.0, 8917252.0, 1, 0.0254686478866
15683244.0, 9920758.0, 1, 0.023658436105
15307054.0, 10433632.0, 1, 0.0222682533384
15438592.0, 10198152.0, 1, 0.0207444893986
17197514.0, 7015538.0, 1, 0.0192753326842
15683244.0, 9920758.0, 1, 0.0182716274379
16062134.0, 8900254.0, 1, 0.0178900121071
17197514.0, 7015538.0, 1, 0.0150805627663
16905740.0, 7893144.0, 1, 0.0144416647947
16440704.0, 8320016.0, 1, 0.0138665544424
16490244.0, 8185428.0, 1, 0.0138382584564
18063094.0, 6627720.0, 1, 0.0133955820534
15545662.0, 9985616.0, 1, 0.0125611277747
15438592.0, 10198152.0, 1, 0.0103089564339
16316918.0, 8338366.0, 1, 0.00938729680743
15778936.0, 9545030.0, 1, 0.00901725156402
16062134.0, 8900254.0, 1, 0.00887916248153
17377398.0, 6925930.0, 1, 0.0079842766483
17403102.0, 6832300.0, 1, 0.00795598066236
15778936.0, 9545030.0, 1, 0.00481740995091
17196522.0, 7035450.0, 1, 0.00396075081948
15251506.0, 10450084.0, 1, 0.0
15251506.0, 10450084.0, 1, 0.0
15251506.0, 10450084.0, 1, 0.0
15251506.0, 10450084.0, 1, 0.0
15251506.0, 10450084.0, 1, 0.0
15251506.0, 10450084.0, 1, 0.0
15251506.0, 10450084.0, 1, 0.0
15307054.0, 10433632.0, 1, 0.0
15438592.0, 10198152.0, 1, 0.0
15438592.0, 10198152.0, 1, 0.0
15438592.0, 10198152.0, 1, 0.0
15438592.0, 10198152.0, 1, 0.0
15438592.0, 10198152.0, 1, 0.0
15545662.0, 9985616.0, 1, 0.0
15545662.0, 9985616.0, 1, 0.0
15545662.0, 9985616.0, 1, 0.0
15545662.0, 9985616.0, 1, 0.0
15545662.0, 9985616.0, 1, 0.0
15545662.0, 9985616.0, 1, 0.0
15545662.0, 9985616.0, 1, 0.0
15545662.0, 9985616.0, 1, 0.0
15545662.0, 9985616.0, 1, 0.0
15545662.0, 9985616.0, 1, 0.0
15545662.0, 9985616.0, 1, 0.0
15545662.0, 9985616.0, 1, 0.0
15778936.0, 9545030.0, 1, 0.0
15860506.0, 9129552.0, 1, 0.0
15860506.0, 9129552.0, 1, 0.0
15999702.0, 8955584.0, 1, 0.0
15999702.0, 8955584.0, 1, 0.0
16316918.0, 8338366.0, 1, 0.0
16316918.0, 8338366.0, 1, 0.0
16440704.0, 8320016.0, 1, 0.0
16490244.0, 8185428.0, 1, 0.0
16614680.0, 8167192.0, 1, 0.0
16614680.0, 8167192.0, 1, 0.0
16841998.0, 7962310.0, 1, 0.0
16905740.0, 7893144.0, 1, 0.0
16905740.0, 7893144.0, 1, 0.0
16905740.0, 7893144.0, 1, 0.0
16905740.0, 7893144.0, 1, 0.0
16905740.0, 7893144.0, 1, 0.0
16905740.0, 7893144.0, 1, 0.0
16905740.0, 7893144.0, 1, 0.0
17197514.0, 7015538.0, 1, 0.0
17403102.0, 6832300.0, 1, 0.0
17403102.0, 6832300.0, 1, 0.0
17403102.0, 6832300.0, 1, 0.0
17529700.0, 6819712.0, 1, 0.0
17529700.0, 6819712.0, 1, 0.0
17529700.0, 6819712.0, 1, 0.0
15251506.0, 10450084.0, 1, 0.0
15251506.0, 10450084.0, 1, 0.0
15251506.0, 10450084.0, 1, 0.0
15251506.0, 10450084.0, 1, 0.0
15251506.0, 10450084.0, 1, 0.0
17714990.0, 6829308.0, 2, inf
15298702.0, 10468490.0, 2, inf
17714990.0, 6829308.0, 2, inf
15832500.0, 9532058.0, 2, 0.438834288686
17082356.0, 7255108.0, 2, 0.408113154723
16397288.0, 8869002.0, 2, 0.350193226588
16590228.0, 8298046.0, 2, 0.310957372991
15666108.0, 10105988.0, 2, 0.286858001839
16963356.0, 7941712.0, 2, 0.266665880947
16962496.0, 8045032.0, 2, 0.252337949667
17410386.0, 6926530.0, 2, 0.208630739421
16139916.0, 8894246.0, 2, 0.203678072246
15460844.0, 10221028.0, 2, 0.191377909159
16099540.0, 9161784.0, 2, 0.184032598603
16590228.0, 8298046.0, 2, 0.149374717686
17283788.0, 6939118.0, 2, 0.139223541289
16099540.0, 9161784.0, 2, 0.11845642
17283788.0, 6939118.0, 2, 0.0868232538142
15575722.0, 10189252.0, 2, 0.0704230406205
15575722.0, 10189252.0, 2, 0.0461385972809
16590228.0, 8298046.0, 2, 0.0
16590228.0, 8298046.0, 2, 0.0
16590228.0, 8298046.0, 2, 0.0
17737658.0, 6847706.0, 3, inf
17737658.0, 6847706.0, 3, inf
15710310.0, 10237232.0, 3, inf
15855208.0, 9545164.0, 3, 1.42881578262
17141306.0, 7786708.0, 3, 1.25585481905
17196480.0, 7530886.0, 3, 0.319971753975
17318184.0, 6997878.0, 3, 0.296363296753
17459294.0, 6965754.0, 3, 0.251212463408
16814770.0, 10362346.0, 4, inf
21948752.0, 6863166.0, 4, inf
21948752.0, 6863166.0, 4, inf
Generacion: 62
15251506.0, 10450084.0, 1, inf
20076882.0, 6599886.0, 1, inf
15251506.0, 10450084.0, 1, inf
18063094.0, 6627720.0, 1, 0.437691819878
17037622.0, 7118450.0, 1, 0.23400763318
16993004.0, 7883232.0, 1, 0.216718853676
16266706.0, 8778408.0, 1, 0.183425946752
16316918.0, 8338366.0, 1, 0.139943876017
15768124.0, 9503990.0, 1, 0.130734168534
15740250.0, 9907758.0, 1, 0.111498690619
15860506.0, 9129552.0, 1, 0.108667519817
16726454.0, 8044230.0, 1, 0.100322234994
15750668.0, 9545264.0, 1, 0.0977669856712
18016714.0, 6706106.0, 1, 0.083191022315
15495622.0, 10182968.0, 1, 0.0773902613663
17839136.0, 6816656.0, 1, 0.0772138303448
16115270.0, 8883696.0, 1, 0.0740417223758
17529700.0, 6819712.0, 1, 0.0673962584784
17891104.0, 6810790.0, 1, 0.0655136718277
15545662.0, 9985616.0, 1, 0.0631824974676
15307054.0, 10433632.0, 1, 0.0621822826217
16490244.0, 8185428.0, 1, 0.0607439593135
16440704.0, 8320016.0, 1, 0.0606092547847
17321632.0, 6852856.0, 1, 0.059045298197
15940384.0, 9069984.0, 1, 0.0584032043176
15403798.0, 10238540.0, 1, 0.0578812706383
16614680.0, 8167192.0, 1, 0.0577243743467
16841998.0, 7962310.0, 1, 0.0419093479545
17078728.0, 7050656.0, 1, 0.0386148856454
16905740.0, 7893144.0, 1, 0.0360486647663
15999702.0, 8955584.0, 1, 0.0347904966493
16841998.0, 7962310.0, 1, 0.034486575641
15915592.0, 9113336.0, 1, 0.0320251480357
17403102.0, 6832300.0, 1, 0.0315748291702
15403798.0, 10238540.0, 1, 0.0305388577123
17132118.0, 7045174.0, 1, 0.0283607692105
16614680.0, 8167192.0, 1, 0.0279001705509
16024204.0, 8917252.0, 1, 0.0273089558725
17529700.0, 6819712.0, 1, 0.027029608379
15603204.0, 9972904.0, 1, 0.025468592884
15683244.0, 9920758.0, 1, 0.0253575134572
17251450.0, 6938632.0, 1, 0.0251440181969
15307054.0, 10433632.0, 1, 0.0243220345775
15860506.0, 9129552.0, 1, 0.0233567680219
15438592.0, 10198152.0, 1, 0.022308618245
15999702.0, 8955584.0, 1, 0.0222487796748
17196522.0, 7035450.0, 1, 0.0212497854944
17237622.0, 6948220.0, 1, 0.0203499790332
17403102.0, 6832300.0, 1, 0.0201531006395
15683244.0, 9920758.0, 1, 0.0199637581601
15603204.0, 9972904.0, 1, 0.0198889568122
17197514.0, 7015538.0, 1, 0.0176898754475
17251450.0, 6938632.0, 1, 0.0170346203628
18063094.0, 6627720.0, 1, 0.0168409248191
16905740.0, 7893144.0, 1, 0.0157841608561
16062134.0, 8900254.0, 1, 0.0154266222529
16316918.0, 8338366.0, 1, 0.0151718098834
16440704.0, 8320016.0, 1, 0.0150325461244
16490244.0, 8185428.0, 1, 0.0150029372576
15545662.0, 9985616.0, 1, 0.0136718247172
17197514.0, 7015538.0, 1, 0.0134835732153
15750668.0, 9545264.0, 1, 0.0128789709067
16062134.0, 8900254.0, 1, 0.0121610853947
16993004.0, 7883232.0, 1, 0.0118209463833
15438592.0, 10198152.0, 1, 0.0111543230892
17237622.0, 6948220.0, 1, 0.0108021526753
16905740.0, 7893144.0, 1, 0.0
16905740.0, 7893144.0, 1, 0.0
17197514.0, 7015538.0, 1, 0.0
17197514.0, 7015538.0, 1, 0.0
17251450.0, 6938632.0, 1, 0.0
17403102.0, 6832300.0, 1, 0.0
17403102.0, 6832300.0, 1, 0.0
17529700.0, 6819712.0, 1, 0.0
17529700.0, 6819712.0, 1, 0.0
18063094.0, 6627720.0, 1, 0.0
15251506.0, 10450084.0, 1, 0.0
15251506.0, 10450084.0, 1, 0.0
15251506.0, 10450084.0, 1, 0.0
15251506.0, 10450084.0, 1, 0.0
15251506.0, 10450084.0, 1, 0.0
15251506.0, 10450084.0, 1, 0.0
15251506.0, 10450084.0, 1, 0.0
15251506.0, 10450084.0, 1, 0.0
15251506.0, 10450084.0, 1, 0.0
15438592.0, 10198152.0, 1, 0.0
15438592.0, 10198152.0, 1, 0.0
15545662.0, 9985616.0, 1, 0.0
15545662.0, 9985616.0, 1, 0.0
15545662.0, 9985616.0, 1, 0.0
15545662.0, 9985616.0, 1, 0.0
15545662.0, 9985616.0, 1, 0.0
15545662.0, 9985616.0, 1, 0.0
15683244.0, 9920758.0, 1, 0.0
15683244.0, 9920758.0, 1, 0.0
15750668.0, 9545264.0, 1, 0.0
15750668.0, 9545264.0, 1, 0.0
15999702.0, 8955584.0, 1, 0.0
15999702.0, 8955584.0, 1, 0.0
16062134.0, 8900254.0, 1, 0.0
16062134.0, 8900254.0, 1, 0.0
16062134.0, 8900254.0, 1, 0.0
16316918.0, 8338366.0, 1, 0.0
16316918.0, 8338366.0, 1, 0.0
16490244.0, 8185428.0, 1, 0.0
16490244.0, 8185428.0, 1, 0.0
16490244.0, 8185428.0, 1, 0.0
16490244.0, 8185428.0, 1, 0.0
16490244.0, 8185428.0, 1, 0.0
16490244.0, 8185428.0, 1, 0.0
16614680.0, 8167192.0, 1, 0.0
16614680.0, 8167192.0, 1, 0.0
16614680.0, 8167192.0, 1, 0.0
16905740.0, 7893144.0, 1, 0.0
16905740.0, 7893144.0, 1, 0.0
16905740.0, 7893144.0, 1, 0.0
17865480.0, 6825946.0, 2, inf
15298702.0, 10468490.0, 2, inf
17234008.0, 7148776.0, 2, 0.397352638911
16416920.0, 8451260.0, 2, 0.339115438717
16963356.0, 7941712.0, 2, 0.262811694891
16139916.0, 8894246.0, 2, 0.256141507994
15576666.0, 10220520.0, 2, 0.184944372783
15778936.0, 9545030.0, 2, 0.179908736597
15354226.0, 10454222.0, 2, 0.176369012903
17611596.0, 6860582.0, 2, 0.158049612065
15804256.0, 9530108.0, 2, 0.151822563437
15684208.0, 10015072.0, 2, 0.148889680599
16590228.0, 8298046.0, 2, 0.14259522022
16590228.0, 8298046.0, 2, 0.142306324255
15930362.0, 9206900.0, 2, 0.132987654257
16963356.0, 7941712.0, 2, 0.128194291395
16847532.0, 8024580.0, 2, 0.122993997486
17377398.0, 6925930.0, 2, 0.121508140706
16847532.0, 8024580.0, 2, 0.12019982802
17714990.0, 6829308.0, 2, 0.108420292654
17318184.0, 6997878.0, 2, 0.104716565684
15633264.0, 10176540.0, 2, 0.0983000017257
16079786.0, 8905836.0, 2, 0.0939863921234
16068170.0, 9134780.0, 2, 0.0873587043399
15684208.0, 10015072.0, 2, 0.081233771675
16043958.0, 9173200.0, 2, 0.073488448746
15930362.0, 9206900.0, 2, 0.0583818523774
17348824.0, 6930278.0, 2, 0.0428215182193
16590228.0, 8298046.0, 2, 0.0
17937294.0, 6869838.0, 3, inf
15445282.0, 10454770.0, 3, inf
16155904.0, 9112096.0, 3, 0.834836769176
17273430.0, 7254836.0, 3, 0.58231779779
16934798.0, 8105396.0, 3, 0.549816010275
Generacion: 63
15251506.0, 10450084.0, 1, inf
20539176.0, 6566462.0, 1, inf
15251506.0, 10450084.0, 1, inf
18187530.0, 6607946.0, 1, 0.449833084347
16800464.0, 7596510.0, 1, 0.287704887505
15750668.0, 9545264.0, 1, 0.223124219867
16259014.0, 8847640.0, 1, 0.177014565128
16316918.0, 8338366.0, 1, 0.163913048588
15860506.0, 9129552.0, 1, 0.133366981724
17037622.0, 7118450.0, 1, 0.13087036351
16759046.0, 8031182.0, 1, 0.129280847352
15740250.0, 9907758.0, 1, 0.109437720691
18063094.0, 6627720.0, 1, 0.108290476336
15438592.0, 10198152.0, 1, 0.0919550109937
17891104.0, 6810790.0, 1, 0.0910041920371
17529700.0, 6819712.0, 1, 0.0864906062469
15545662.0, 9985616.0, 1, 0.0656085302417
15860506.0, 9129552.0, 1, 0.0655677731075
16490244.0, 8185428.0, 1, 0.0629134872918
16726454.0, 8044230.0, 1, 0.0623238156291
17037622.0, 7118450.0, 1, 0.062307519597
15307054.0, 10433632.0, 1, 0.0607397432477
17839136.0, 6816656.0, 1, 0.0600307390987
15403798.0, 10238540.0, 1, 0.0568147630579
16614680.0, 8167192.0, 1, 0.0551949194188
16086926.0, 8856902.0, 1, 0.0507814535305
16316918.0, 8338366.0, 1, 0.0503310076741
15999702.0, 8955584.0, 1, 0.0494290957695
17403102.0, 6832300.0, 1, 0.0443673771994
17132118.0, 7045174.0, 1, 0.0401996897155
16490244.0, 8185428.0, 1, 0.0374748936906
17161722.0, 6955492.0, 1, 0.0374465091126
17078728.0, 7050656.0, 1, 0.0367389630265
15999702.0, 8955584.0, 1, 0.0361948058532
17360408.0, 6911624.0, 1, 0.0354935236668
18187530.0, 6607946.0, 1, 0.0342150197273
15403798.0, 10238540.0, 1, 0.0286957196417
16062134.0, 8900254.0, 1, 0.0274015528066
16024204.0, 8917252.0, 1, 0.0260541004573
16614680.0, 8167192.0, 1, 0.025834227764
15603204.0, 9972904.0, 1, 0.024309454276
15683244.0, 9920758.0, 1, 0.0242080863768
15545662.0, 9985616.0, 1, 0.0235222274384
17348824.0, 6930278.0, 1, 0.0232185425511
15307054.0, 10433632.0, 1, 0.0225324009665
17251450.0, 6938632.0, 1, 0.0208841238049
15683244.0, 9920758.0, 1, 0.0184844926325
15603204.0, 9972904.0, 1, 0.0184103350548
17237622.0, 6948220.0, 1, 0.0168229777802
17403102.0, 6832300.0, 1, 0.0113155598914
17839136.0, 6816656.0, 1, 0.0106150416654
17161722.0, 6955492.0, 1, 0.0074711640787
17251450.0, 6938632.0, 1, 0.00476622524094
17237622.0, 6948220.0, 1, 0.0044876193416
17348824.0, 6930278.0, 1, 0.0043418417223
16316918.0, 8338366.0, 1, 0.0
16490244.0, 8185428.0, 1, 0.0
16490244.0, 8185428.0, 1, 0.0
16490244.0, 8185428.0, 1, 0.0
16490244.0, 8185428.0, 1, 0.0
16490244.0, 8185428.0, 1, 0.0
16490244.0, 8185428.0, 1, 0.0
16614680.0, 8167192.0, 1, 0.0
16614680.0, 8167192.0, 1, 0.0
16614680.0, 8167192.0, 1, 0.0
17237622.0, 6948220.0, 1, 0.0
17251450.0, 6938632.0, 1, 0.0
17251450.0, 6938632.0, 1, 0.0
17251450.0, 6938632.0, 1, 0.0
17403102.0, 6832300.0, 1, 0.0
17403102.0, 6832300.0, 1, 0.0
17403102.0, 6832300.0, 1, 0.0
17403102.0, 6832300.0, 1, 0.0
17403102.0, 6832300.0, 1, 0.0
17403102.0, 6832300.0, 1, 0.0
15251506.0, 10450084.0, 1, 0.0
15251506.0, 10450084.0, 1, 0.0
15251506.0, 10450084.0, 1, 0.0
15251506.0, 10450084.0, 1, 0.0
15251506.0, 10450084.0, 1, 0.0
15251506.0, 10450084.0, 1, 0.0
15251506.0, 10450084.0, 1, 0.0
15251506.0, 10450084.0, 1, 0.0
15251506.0, 10450084.0, 1, 0.0
15251506.0, 10450084.0, 1, 0.0
15545662.0, 9985616.0, 1, 0.0
15545662.0, 9985616.0, 1, 0.0
15545662.0, 9985616.0, 1, 0.0
15545662.0, 9985616.0, 1, 0.0
15545662.0, 9985616.0, 1, 0.0
15545662.0, 9985616.0, 1, 0.0
15545662.0, 9985616.0, 1, 0.0
15545662.0, 9985616.0, 1, 0.0
15545662.0, 9985616.0, 1, 0.0
15545662.0, 9985616.0, 1, 0.0
15545662.0, 9985616.0, 1, 0.0
15603204.0, 9972904.0, 1, 0.0
15603204.0, 9972904.0, 1, 0.0
15603204.0, 9972904.0, 1, 0.0
15603204.0, 9972904.0, 1, 0.0
15603204.0, 9972904.0, 1, 0.0
15683244.0, 9920758.0, 1, 0.0
15683244.0, 9920758.0, 1, 0.0
15683244.0, 9920758.0, 1, 0.0
15860506.0, 9129552.0, 1, 0.0
16316918.0, 8338366.0, 1, 0.0
15298702.0, 10468490.0, 2, inf
17737658.0, 6847706.0, 2, inf
15575722.0, 10189252.0, 2, 0.594714394938
16000696.0, 9357312.0, 2, 0.472598716827
16416920.0, 8451260.0, 2, 0.377148523944
16079786.0, 8905836.0, 2, 0.352306464746
17196480.0, 7530886.0, 2, 0.23603018597
17197514.0, 7015538.0, 2, 0.216085008874
16714664.0, 8279810.0, 2, 0.195953264104
17141306.0, 7786708.0, 2, 0.180739573156
17611596.0, 6860582.0, 2, 0.169314902676
17377398.0, 6925930.0, 2, 0.120772103832
16841998.0, 7962310.0, 2, 0.113823144111
16590228.0, 8298046.0, 2, 0.0933353356134
17377398.0, 6925930.0, 2, 0.0918025330345
16043958.0, 9173200.0, 2, 0.0915793837498
16590228.0, 8298046.0, 2, 0.0760947507615
16841998.0, 7962310.0, 2, 0.0713108966435
16043958.0, 9173200.0, 2, 0.0655385478863
16993004.0, 7883232.0, 2, 0.0635430536547
16993004.0, 7883232.0, 2, 0.0624375581343
16905740.0, 7893144.0, 2, 0.0548817359698
16905740.0, 7893144.0, 2, 0.0288724814919
17197514.0, 7015538.0, 2, 0.0251721832099
16905740.0, 7893144.0, 2, 0.0
17197514.0, 7015538.0, 2, 0.0
16905740.0, 7893144.0, 2, 0.0
16905740.0, 7893144.0, 2, 0.0
16905740.0, 7893144.0, 2, 0.0
15710310.0, 10237232.0, 3, inf
18064476.0, 6866016.0, 3, inf
16489896.0, 8989568.0, 3, 1.08542341996
16952846.0, 8286686.0, 3, 0.862115117864
15755158.0, 10230768.0, 3, 0.701244834195
17234008.0, 7148776.0, 3, 0.347756290285
17410386.0, 6926530.0, 3, 0.336763650024
17937294.0, 6869838.0, 3, 0.295793818076
17234008.0, 7148776.0, 3, 0.153930804191
17258066.0, 7032472.0, 3, 0.140846229865
17780002.0, 6977390.0, 4, inf
16460646.0, 10497348.0, 4, inf
17256016.0, 7156156.0, 4, 0.966110475321
17152172.0, 9004264.0, 4, 0.894845475162
16836146.0, 9185788.0, 4, 0.731694576489
Generacion: 64
15251506.0, 10450084.0, 1, inf
15251506.0, 10450084.0, 1, inf
20953314.0, 6549386.0, 1, inf
19297474.0, 6618756.0, 1, 0.353722847601
18063094.0, 6627720.0, 1, 0.247016915896
16906902.0, 7329338.0, 1, 0.221733798521
16905740.0, 7893144.0, 1, 0.188647766648
20588566.0, 6559790.0, 1, 0.15660723163
20048272.0, 6606046.0, 1, 0.151582895805
16316918.0, 8338366.0, 1, 0.149427610495
16315214.0, 8836554.0, 1, 0.148807807092
15804256.0, 9530108.0, 1, 0.125837460791
17990104.0, 6729276.0, 1, 0.114538490968
15860506.0, 9129552.0, 1, 0.112349434175
15740250.0, 9907758.0, 1, 0.108088305277
20112010.0, 6584714.0, 1, 0.106616754837
16847532.0, 8024580.0, 1, 0.105639174346
15750668.0, 9545264.0, 1, 0.102328969697
17529700.0, 6819712.0, 1, 0.083974133928
15307054.0, 10433632.0, 1, 0.0809417677783
16702990.0, 8166506.0, 1, 0.0773989105269
17037622.0, 7118450.0, 1, 0.070637158832
15915592.0, 9113336.0, 1, 0.0690118047439
15545662.0, 9985616.0, 1, 0.0645785451853
17132118.0, 7045174.0, 1, 0.0635416517303
16194962.0, 8882542.0, 1, 0.0607163317059
15438592.0, 10198152.0, 1, 0.0605889334692
16490244.0, 8185428.0, 1, 0.0563275231234
16440704.0, 8320016.0, 1, 0.0562135241953
15403798.0, 10238540.0, 1, 0.0561169133333
15999702.0, 8955584.0, 1, 0.0501901287193
17529700.0, 6819712.0, 1, 0.0453877012661
17037622.0, 7118450.0, 1, 0.0417114171993
16062134.0, 8900254.0, 1, 0.0402958528566
18016714.0, 6706106.0, 1, 0.0388365430479
17161722.0, 6955492.0, 1, 0.0363028369056
17321632.0, 6852856.0, 1, 0.0362783607837
15438592.0, 10198152.0, 1, 0.0291322985233
17403102.0, 6832300.0, 1, 0.0274729588277
15403798.0, 10238540.0, 1, 0.0273212940139
16055284.0, 8944168.0, 1, 0.0251341501488
17251450.0, 6938632.0, 1, 0.0244151061809
15603204.0, 9972904.0, 1, 0.0234602632778
15683244.0, 9920758.0, 1, 0.0233662580079
15545662.0, 9985616.0, 1, 0.0220371581151
16614680.0, 8167192.0, 1, 0.0219998207481
16614680.0, 8167192.0, 1, 0.020163130469
15999702.0, 8955584.0, 1, 0.0176781169817
17321632.0, 6852856.0, 1, 0.017578553404
17403102.0, 6832300.0, 1, 0.0175155649969
15683244.0, 9920758.0, 1, 0.0173703894771
15603204.0, 9972904.0, 1, 0.0172965565375
17237622.0, 6948220.0, 1, 0.0157695887536
17251450.0, 6938632.0, 1, 0.0147667489526
15860506.0, 9129552.0, 1, 0.0140224965362
16440704.0, 8320016.0, 1, 0.0133927584063
16490244.0, 8185428.0, 1, 0.0133635328677
16315214.0, 8836554.0, 1, 0.012088537395
17161722.0, 6955492.0, 1, 0.00705631905871
15750668.0, 9545264.0, 1, 0.00571259819106
16316918.0, 8338366.0, 1, 0.00500313883299
17237622.0, 6948220.0, 1, 0.00428947738323
17403102.0, 6832300.0, 1, 0.0
15251506.0, 10450084.0, 1, 0.0
15251506.0, 10450084.0, 1, 0.0
15251506.0, 10450084.0, 1, 0.0
15251506.0, 10450084.0, 1, 0.0
15251506.0, 10450084.0, 1, 0.0
15545662.0, 9985616.0, 1, 0.0
15545662.0, 9985616.0, 1, 0.0
15545662.0, 9985616.0, 1, 0.0
15545662.0, 9985616.0, 1, 0.0
15545662.0, 9985616.0, 1, 0.0
15545662.0, 9985616.0, 1, 0.0
15545662.0, 9985616.0, 1, 0.0
15545662.0, 9985616.0, 1, 0.0
15545662.0, 9985616.0, 1, 0.0
15603204.0, 9972904.0, 1, 0.0
15603204.0, 9972904.0, 1, 0.0
15683244.0, 9920758.0, 1, 0.0
15750668.0, 9545264.0, 1, 0.0
16316918.0, 8338366.0, 1, 0.0
16316918.0, 8338366.0, 1, 0.0
16316918.0, 8338366.0, 1, 0.0
16490244.0, 8185428.0, 1, 0.0
16490244.0, 8185428.0, 1, 0.0
16490244.0, 8185428.0, 1, 0.0
16490244.0, 8185428.0, 1, 0.0
16490244.0, 8185428.0, 1, 0.0
16614680.0, 8167192.0, 1, 0.0
16614680.0, 8167192.0, 1, 0.0
16614680.0, 8167192.0, 1, 0.0
17037622.0, 7118450.0, 1, 0.0
17037622.0, 7118450.0, 1, 0.0
17237622.0, 6948220.0, 1, 0.0
17251450.0, 6938632.0, 1, 0.0
17403102.0, 6832300.0, 1, 0.0
17403102.0, 6832300.0, 1, 0.0
17403102.0, 6832300.0, 1, 0.0
17403102.0, 6832300.0, 1, 0.0
17403102.0, 6832300.0, 1, 0.0
20259366.0, 6695912.0, 2, inf
15298702.0, 10468490.0, 2, inf
20134268.0, 6709570.0, 2, 0.548269743393
17714990.0, 6829308.0, 2, 0.510464599753
16176230.0, 9140564.0, 2, 0.384830088741
16993004.0, 7883232.0, 2, 0.346591251141
15954808.0, 9551626.0, 2, 0.312688870369
16416920.0, 8451260.0, 2, 0.261051590118
17107386.0, 7270932.0, 2, 0.245746080359
15707486.0, 9963728.0, 2, 0.20514299353
16714664.0, 8279810.0, 2, 0.130205764628
15542634.0, 10262976.0, 2, 0.129861150826
17256016.0, 7156156.0, 2, 0.123514337695
17474910.0, 6915218.0, 2, 0.093665456759
17714990.0, 6829308.0, 2, 0.0801357858149
17283788.0, 6939118.0, 2, 0.0730436666496
15666108.0, 10105988.0, 2, 0.0713723418533
16714664.0, 8279810.0, 2, 0.0609432538718
16590228.0, 8298046.0, 2, 0.0608330439054
16540706.0, 8432910.0, 2, 0.0607020130595
15575722.0, 10189252.0, 2, 0.0311417312319
15633264.0, 10176540.0, 2, 0.03030092688
17377398.0, 6925930.0, 2, 0.027097937417
17360744.0, 6930624.0, 2, 0.0167574878085
16540706.0, 8432910.0, 2, 0.0148469856419
16590228.0, 8298046.0, 2, 0.0148167675788
15575722.0, 10189252.0, 2, 0.0100396539174
15633264.0, 10176540.0, 2, 0.00999046695368
17283788.0, 6939118.0, 2, 0.00784995484988
17360744.0, 6930624.0, 2, 0.00560872262774
15575722.0, 10189252.0, 2, 0.0
15575722.0, 10189252.0, 2, 0.0
15575722.0, 10189252.0, 2, 0.0
15575722.0, 10189252.0, 2, 0.0
16590228.0, 8298046.0, 2, 0.0
16590228.0, 8298046.0, 2, 0.0
16590228.0, 8298046.0, 2, 0.0
16590228.0, 8298046.0, 2, 0.0
16714664.0, 8279810.0, 2, 0.0
15575722.0, 10189252.0, 2, 0.0
20434860.0, 6762456.0, 3, inf
15755158.0, 10230768.0, 3, inf
17020058.0, 9219978.0, 3, 0.69819549721
17196480.0, 7530886.0, 3, 0.638237777602
17737658.0, 6847706.0, 3, 0.610398067253
16240814.0, 9244164.0, 3, 0.512313755614
15967854.0, 10217012.0, 3, 0.388241555249
17258674.0, 7183218.0, 3, 0.219101925239
17459294.0, 6965754.0, 3, 0.199089921041
Generacion: 65
15251506.0, 10450084.0, 1, inf
15251506.0, 10450084.0, 1, inf
20270332.0, 6444514.0, 1, inf
20112010.0, 6584714.0, 1, 0.42563696979
18154450.0, 6614188.0, 1, 0.418982621245
16140062.0, 8840344.0, 1, 0.17632124157
16726454.0, 8044230.0, 1, 0.161722519587
16316918.0, 8338366.0, 1, 0.159855160096
16800464.0, 7596510.0, 1, 0.154158879741
17027528.0, 7319250.0, 1, 0.138964438267
15768124.0, 9503990.0, 1, 0.125668679355
16919478.0, 7580790.0, 1, 0.114461066197
15740250.0, 9907758.0, 1, 0.107177180408
15860506.0, 9129552.0, 1, 0.104455203673
17529700.0, 6819712.0, 1, 0.102604315682
15750668.0, 9545264.0, 1, 0.0939755864979
17891104.0, 6810790.0, 1, 0.0929843678244
15403798.0, 10238540.0, 1, 0.0849970556998
15307054.0, 10433632.0, 1, 0.0831566068645
16316918.0, 8338366.0, 1, 0.0734198524193
17037622.0, 7118450.0, 1, 0.0689585013613
20235698.0, 6570332.0, 1, 0.0665468851594
15545662.0, 9985616.0, 1, 0.0645253449034
18016714.0, 6706106.0, 1, 0.0612255275679
15438592.0, 10198152.0, 1, 0.0599928108008
16490244.0, 8185428.0, 1, 0.0563951538145
15940384.0, 9069984.0, 1, 0.0561420583432
16702990.0, 8166506.0, 1, 0.0529686988147
17899764.0, 6742608.0, 1, 0.0511623730165
18063094.0, 6627720.0, 1, 0.0503914138897
17403102.0, 6832300.0, 1, 0.0497319819948
16115270.0, 8883696.0, 1, 0.0422849451899
17132118.0, 7045174.0, 1, 0.0412176305239
17161722.0, 6955492.0, 1, 0.0375123815274
17321632.0, 6852856.0, 1, 0.0374188784575
17281742.0, 6937718.0, 1, 0.0353979291439
16490244.0, 8185428.0, 1, 0.0346619915832
15999702.0, 8955584.0, 1, 0.0334422481049
15438592.0, 10198152.0, 1, 0.0314166339279
15915592.0, 9113336.0, 1, 0.0307869660294
16581656.0, 8184920.0, 1, 0.0293465066306
16024204.0, 8917252.0, 1, 0.0277145551231
15545662.0, 9985616.0, 1, 0.0245072552377
15603204.0, 9972904.0, 1, 0.0244836030289
15683244.0, 9920758.0, 1, 0.0243768051443
17132118.0, 7045174.0, 1, 0.0241921168912
15860506.0, 9129552.0, 1, 0.0224554562661
16614680.0, 8167192.0, 1, 0.0220215855097
15999702.0, 8955584.0, 1, 0.0213887729581
17037622.0, 7118450.0, 1, 0.0203047535915
15683244.0, 9920758.0, 1, 0.0191934334364
15603204.0, 9972904.0, 1, 0.019121533557
17237622.0, 6948220.0, 1, 0.0175167254785
16024204.0, 8917252.0, 1, 0.0132593527866
17321632.0, 6852856.0, 1, 0.0130799278056
15750668.0, 9545264.0, 1, 0.0123799357262
17251450.0, 6938632.0, 1, 0.00842934129741
17161722.0, 6955492.0, 1, 0.00771406258188
16614680.0, 8167192.0, 1, 0.00675128640862
17237622.0, 6948220.0, 1, 0.00457069797828
17251450.0, 6938632.0, 1, 0.00298340827919
17321632.0, 6852856.0, 1, 0.0
15251506.0, 10450084.0, 1, 0.0
15251506.0, 10450084.0, 1, 0.0
15251506.0, 10450084.0, 1, 0.0
15251506.0, 10450084.0, 1, 0.0
15251506.0, 10450084.0, 1, 0.0
15251506.0, 10450084.0, 1, 0.0
15251506.0, 10450084.0, 1, 0.0
15545662.0, 9985616.0, 1, 0.0
15545662.0, 9985616.0, 1, 0.0
15545662.0, 9985616.0, 1, 0.0
15545662.0, 9985616.0, 1, 0.0
15545662.0, 9985616.0, 1, 0.0
15750668.0, 9545264.0, 1, 0.0
15860506.0, 9129552.0, 1, 0.0
16316918.0, 8338366.0, 1, 0.0
16316918.0, 8338366.0, 1, 0.0
16316918.0, 8338366.0, 1, 0.0
16316918.0, 8338366.0, 1, 0.0
16490244.0, 8185428.0, 1, 0.0
16490244.0, 8185428.0, 1, 0.0
16490244.0, 8185428.0, 1, 0.0
16614680.0, 8167192.0, 1, 0.0
17132118.0, 7045174.0, 1, 0.0
17132118.0, 7045174.0, 1, 0.0
17161722.0, 6955492.0, 1, 0.0
17161722.0, 6955492.0, 1, 0.0
17251450.0, 6938632.0, 1, 0.0
17321632.0, 6852856.0, 1, 0.0
17321632.0, 6852856.0, 1, 0.0
15298702.0, 10468490.0, 2, inf
20534360.0, 6506050.0, 2, inf
17907110.0, 6824440.0, 2, 0.460516588391
20035164.0, 6760488.0, 2, 0.454372349173
15954808.0, 9551626.0, 2, 0.323734812994
16905740.0, 7893144.0, 2, 0.23649007891
17157642.0, 7100676.0, 2, 0.207610423287
16139916.0, 8894246.0, 2, 0.193466808157
16055284.0, 8944168.0, 2, 0.169468564188
16905740.0, 7893144.0, 2, 0.145695570767
16416920.0, 8451260.0, 2, 0.144897741489
15542634.0, 10262976.0, 2, 0.123381479825
16714664.0, 8279810.0, 2, 0.121349824731
15707486.0, 9963728.0, 2, 0.111905193137
17283788.0, 6939118.0, 2, 0.0922668745706
16416920.0, 8451260.0, 2, 0.0915737782354
17714990.0, 6829308.0, 2, 0.0914918690873
20280432.0, 6650368.0, 2, 0.0861124037268
20414078.0, 6580120.0, 2, 0.0849212279848
15707486.0, 9963728.0, 2, 0.0831401185081
17442302.0, 6835196.0, 2, 0.0783096212236
20134268.0, 6709570.0, 2, 0.0746366448688
17157642.0, 7100676.0, 2, 0.0695990241952
16590228.0, 8298046.0, 2, 0.0624336013942
15666108.0, 10105988.0, 2, 0.0486267870414
16714664.0, 8279810.0, 2, 0.041097341102
15599486.0, 10173660.0, 2, 0.038276856688
17197514.0, 7015538.0, 2, 0.0379644139895
16590228.0, 8298046.0, 2, 0.0377036893394
16055284.0, 8944168.0, 2, 0.0317895138395
17442302.0, 6835196.0, 2, 0.0317618038141
17197514.0, 7015538.0, 2, 0.0269015671276
15666108.0, 10105988.0, 2, 0.0249814794659
15575722.0, 10189252.0, 2, 0.0231445831282
15575722.0, 10189252.0, 2, 0.0102546896905
15575722.0, 10189252.0, 2, 0.0
16055284.0, 8944168.0, 2, 0.0
16416920.0, 8451260.0, 2, 0.0
16590228.0, 8298046.0, 2, 0.0
16590228.0, 8298046.0, 2, 0.0
16590228.0, 8298046.0, 2, 0.0
16590228.0, 8298046.0, 2, 0.0
16905740.0, 7893144.0, 2, 0.0
20468824.0, 6649584.0, 3, inf
15633264.0, 10176540.0, 3, inf
20310380.0, 6776444.0, 3, 0.712018531952
17459294.0, 6965754.0, 3, 0.608524831155
15737546.0, 10167364.0, 3, 0.406016975377
16774458.0, 8440900.0, 3, 0.405284043712
16176230.0, 9140564.0, 3, 0.404852722694
17046592.0, 8178124.0, 3, 0.330749019049
16302980.0, 9065168.0, 3, 0.292961805512
17243944.0, 7616796.0, 3, 0.171418188315
17256016.0, 7156156.0, 3, 0.16859419014
17243944.0, 7616796.0, 3, 0.161650177517
17459294.0, 6965754.0, 3, 0.0952893885991
17258066.0, 7032472.0, 3, 0.0766824085291
16210378.0, 9084340.0, 3, 0.0291286743953
16235148.0, 9080802.0, 3, 0.0245860611085
Generacion: 66
15251506.0, 10450084.0, 1, inf
15251506.0, 10450084.0, 1, inf
20270332.0, 6444514.0, 1, inf
19668844.0, 6776228.0, 1, 0.407514779532
17891104.0, 6810790.0, 1, 0.360307327747
16315214.0, 8836554.0, 1, 0.188918724161
16919478.0, 7580790.0, 1, 0.168625075181
16316918.0, 8338366.0, 1, 0.14903814332
17025916.0, 7313618.0, 1, 0.138964438267
16905740.0, 7893144.0, 1, 0.135973555309
20011966.0, 6537178.0, 1, 0.131829545482
15768124.0, 9503990.0, 1, 0.125668679355
17442302.0, 6835196.0, 1, 0.123969049536
15683244.0, 9920758.0, 1, 0.109690915692
15860506.0, 9129552.0, 1, 0.0984191306955
17891104.0, 6810790.0, 1, 0.0980521867126
15750668.0, 9545264.0, 1, 0.097221067166
16079786.0, 8905836.0, 1, 0.0925818183761
19819190.0, 6612506.0, 1, 0.0833743986441
15495622.0, 10182968.0, 1, 0.0756711293977
16614680.0, 8167192.0, 1, 0.0749967545942
16905740.0, 7893144.0, 1, 0.0711540232462
19721750.0, 6639516.0, 1, 0.070829991667
16614680.0, 8167192.0, 1, 0.0624194793598
15545662.0, 9985616.0, 1, 0.0607346234829
15403798.0, 10238540.0, 1, 0.0600715812582
15307054.0, 10433632.0, 1, 0.0597731050807
16440704.0, 8320016.0, 1, 0.0582645455554
17321632.0, 6852856.0, 1, 0.0575864045918
17037622.0, 7118450.0, 1, 0.0569145132692
15940384.0, 9069984.0, 1, 0.0554035649049
16490244.0, 8185428.0, 1, 0.0518140330252
17161722.0, 6955492.0, 1, 0.0452264441093
15999702.0, 8955584.0, 1, 0.0445169496387
17078728.0, 7050656.0, 1, 0.0371218339207
17132118.0, 7045174.0, 1, 0.0330272688736
15460844.0, 10221028.0, 1, 0.0321695931306
15885298.0, 9086200.0, 1, 0.0307869660294
15860506.0, 9129552.0, 1, 0.0292300226824
17281742.0, 6937718.0, 1, 0.0272216729755
15683244.0, 9920758.0, 1, 0.0264525894014
15603204.0, 9972904.0, 1, 0.0244836030289
15999702.0, 8955584.0, 1, 0.0242388042895
15750668.0, 9545264.0, 1, 0.0237383689534
15403798.0, 10238540.0, 1, 0.0236481332844
15307054.0, 10433632.0, 1, 0.0233835017838
16581656.0, 8184920.0, 1, 0.0226396583419
17237622.0, 6948220.0, 1, 0.0220874234568
17037622.0, 7118450.0, 1, 0.019257350012
15603204.0, 9972904.0, 1, 0.019121533557
16440704.0, 8320016.0, 1, 0.0144519551239
15545662.0, 9985616.0, 1, 0.0131440400157
16490244.0, 8185428.0, 1, 0.00999765773298
17251450.0, 6938632.0, 1, 0.00842934129741
17281742.0, 6937718.0, 1, 0.00817625616831
17132118.0, 7045174.0, 1, 0.0072671848591
16581656.0, 8184920.0, 1, 0.0067068482887
16316918.0, 8338366.0, 1, 0.00492064242245
17251450.0, 6938632.0, 1, 0.00298340827919
16490244.0, 8185428.0, 1, 0.0
16614680.0, 8167192.0, 1, 0.0
16614680.0, 8167192.0, 1, 0.0
17132118.0, 7045174.0, 1, 0.0
17132118.0, 7045174.0, 1, 0.0
17251450.0, 6938632.0, 1, 0.0
17251450.0, 6938632.0, 1, 0.0
17251450.0, 6938632.0, 1, 0.0
17251450.0, 6938632.0, 1, 0.0
15251506.0, 10450084.0, 1, 0.0
15251506.0, 10450084.0, 1, 0.0
15251506.0, 10450084.0, 1, 0.0
15251506.0, 10450084.0, 1, 0.0
15307054.0, 10433632.0, 1, 0.0
15403798.0, 10238540.0, 1, 0.0
15403798.0, 10238540.0, 1, 0.0
15545662.0, 9985616.0, 1, 0.0
15545662.0, 9985616.0, 1, 0.0
15545662.0, 9985616.0, 1, 0.0
15545662.0, 9985616.0, 1, 0.0
15545662.0, 9985616.0, 1, 0.0
15545662.0, 9985616.0, 1, 0.0
15545662.0, 9985616.0, 1, 0.0
15545662.0, 9985616.0, 1, 0.0
15683244.0, 9920758.0, 1, 0.0
15683244.0, 9920758.0, 1, 0.0
15750668.0, 9545264.0, 1, 0.0
15750668.0, 9545264.0, 1, 0.0
15750668.0, 9545264.0, 1, 0.0
15860506.0, 9129552.0, 1, 0.0
15860506.0, 9129552.0, 1, 0.0
15999702.0, 8955584.0, 1, 0.0
15999702.0, 8955584.0, 1, 0.0
16316918.0, 8338366.0, 1, 0.0
16316918.0, 8338366.0, 1, 0.0
16440704.0, 8320016.0, 1, 0.0
15298702.0, 10468490.0, 2, inf
15298702.0, 10468490.0, 2, inf
21957654.0, 6485860.0, 2, inf
20112010.0, 6584714.0, 2, 0.68977685568
15915592.0, 9113336.0, 2, 0.486304520659
18024538.0, 6880642.0, 2, 0.436436947034
17040736.0, 7570540.0, 2, 0.385858770048
15707486.0, 9963728.0, 2, 0.25662040616
16590228.0, 8298046.0, 2, 0.190106649348
16416920.0, 8451260.0, 2, 0.18483031278
17157642.0, 7100676.0, 2, 0.162899596972
15542634.0, 10262976.0, 2, 0.111715110755
16590228.0, 8298046.0, 2, 0.101517540071
15575722.0, 10189252.0, 2, 0.0880516282326
16416920.0, 8451260.0, 2, 0.079893829435
15649326.0, 9976110.0, 2, 0.0764144004161
17770662.0, 6922552.0, 2, 0.0646272061423
16540706.0, 8432910.0, 2, 0.0644968760546
17410386.0, 6926530.0, 2, 0.0551319730928
17360744.0, 6930624.0, 2, 0.0543168438831
17197514.0, 7015538.0, 2, 0.045890197349
17770662.0, 6922552.0, 2, 0.039124356302
17197514.0, 7015538.0, 2, 0.0273088158195
17410386.0, 6926530.0, 2, 0.00845376429297
16590228.0, 8298046.0, 2, 0.0
15298702.0, 10468490.0, 2, 0.0
20590996.0, 6635554.0, 3, inf
15383006.0, 10476598.0, 3, inf
20134268.0, 6709570.0, 3, 0.687292634707
17459294.0, 6965754.0, 3, 0.630112821562
16123752.0, 9123364.0, 3, 0.482834797026
16774458.0, 8440900.0, 3, 0.454288171514
17196480.0, 7530886.0, 3, 0.424638583219
15684208.0, 10015072.0, 3, 0.343695555646
16486698.0, 8752342.0, 3, 0.302620482443
15666108.0, 10105988.0, 3, 0.177990991437
17234008.0, 7148776.0, 3, 0.147805900405
17378546.0, 7097436.0, 3, 0.0909067881399
20762210.0, 6743254.0, 4, inf
15723138.0, 10090804.0, 4, inf
16315402.0, 9450970.0, 4, 0.755627540793
17907752.0, 6976192.0, 4, 0.699025641295
20161304.0, 6746170.0, 4, 0.63604963737
17114026.0, 8485296.0, 4, 0.608214161511
17256016.0, 7156156.0, 4, 0.447066852277
17201584.0, 8003650.0, 4, 0.425226395115
20169446.0, 6858488.0, 5, inf
20169446.0, 6858488.0, 5, inf
15967854.0, 10217012.0, 5, inf
17273430.0, 7254836.0, 5, 1.80342378125
16392126.0, 9895946.0, 5, 1.19272109021
20169446.0, 6858488.0, 5, 0.0
17137482.0, 9967066.0, 6, inf
17419682.0, 7326620.0, 6, inf
17375032.0, 9841682.0, 6, 2.0
Generacion: 67
21711758.0, 6509436.0, 1, inf
15251506.0, 10450084.0, 1, inf
15251506.0, 10450084.0, 1, inf
19721750.0, 6639516.0, 1, 0.333413553214
17986686.0, 6808574.0, 1, 0.326834089736
20011966.0, 6537178.0, 1, 0.27739430252
16315214.0, 8836554.0, 1, 0.154760655051
16316918.0, 8338366.0, 1, 0.145584034474
16800464.0, 7596510.0, 1, 0.130091659589
15768124.0, 9503990.0, 1, 0.122495432867
16726454.0, 8044230.0, 1, 0.117247888169
17403102.0, 6832300.0, 1, 0.10873649546
15860506.0, 9129552.0, 1, 0.107383930973
16906902.0, 7329338.0, 1, 0.106686522254
15740250.0, 9907758.0, 1, 0.100812538221
15750668.0, 9545264.0, 1, 0.094690486016
16800464.0, 7596510.0, 1, 0.0792552110337
15307054.0, 10433632.0, 1, 0.0772562349616
17891104.0, 6810790.0, 1, 0.0761015025956
17025916.0, 7313618.0, 1, 0.0724598067052
15545662.0, 9985616.0, 1, 0.0686464962979
15460844.0, 10221028.0, 1, 0.0685697191071
15940384.0, 9069984.0, 1, 0.0656935818934
15403798.0, 10238540.0, 1, 0.0583378993658
17157642.0, 7100676.0, 1, 0.0572328978242
17157642.0, 7100676.0, 1, 0.0546688598505
16440704.0, 8320016.0, 1, 0.053314945735
17161722.0, 6955492.0, 1, 0.0510683753414
19940020.0, 6593446.0, 1, 0.0489559598526
16702990.0, 8166506.0, 1, 0.0485052993451
16490244.0, 8185428.0, 1, 0.0483036861123
17377398.0, 6925930.0, 1, 0.0455370827289
19819190.0, 6612506.0, 1, 0.0454775783272
16726454.0, 8044230.0, 1, 0.0424856238998
16140062.0, 8840344.0, 1, 0.0417750865602
15603204.0, 9972904.0, 1, 0.0377554068553
15999702.0, 8955584.0, 1, 0.0328234896983
15860506.0, 9129552.0, 1, 0.0294163569539
16139916.0, 8894246.0, 1, 0.0259498878363
17025916.0, 7313618.0, 1, 0.024379417889
16581656.0, 8184920.0, 1, 0.0238894526088
15683244.0, 9920758.0, 1, 0.0220569629956
17891104.0, 6810790.0, 1, 0.0202538911952
15403798.0, 10238540.0, 1, 0.0194192063881
15999702.0, 8955584.0, 1, 0.0189093289427
16024204.0, 8917252.0, 1, 0.0183310233286
20011966.0, 6537178.0, 1, 0.0181766761777
16614680.0, 8167192.0, 1, 0.0181684978802
15460844.0, 10221028.0, 1, 0.0175731483705
15545662.0, 9985616.0, 1, 0.0163550745918
15683244.0, 9920758.0, 1, 0.0156885593868
17281742.0, 6937718.0, 1, 0.0150387942845
17237622.0, 6948220.0, 1, 0.0141818700681
16440704.0, 8320016.0, 1, 0.01232502606
16079786.0, 8905836.0, 1, 0.0122046719198
15750668.0, 9545264.0, 1, 0.0120865424957
16079786.0, 8905836.0, 1, 0.0115448297889
16490244.0, 8185428.0, 1, 0.00779734431835
17281742.0, 6937718.0, 1, 0.00768036736113
17251450.0, 6938632.0, 1, 0.00712208354588
16024204.0, 8917252.0, 1, 0.00668971677563
16614680.0, 8167192.0, 1, 0.00528595793702
16316918.0, 8338366.0, 1, 0.00492036135036
15740250.0, 9907758.0, 1, 0.00491158040827
17237622.0, 6948220.0, 1, 0.00398585555196
17251450.0, 6938632.0, 1, 0.00237241532588
15999702.0, 8955584.0, 1, 0.0
15999702.0, 8955584.0, 1, 0.0
16079786.0, 8905836.0, 1, 0.0
16316918.0, 8338366.0, 1, 0.0
16440704.0, 8320016.0, 1, 0.0
16490244.0, 8185428.0, 1, 0.0
16490244.0, 8185428.0, 1, 0.0
16490244.0, 8185428.0, 1, 0.0
17157642.0, 7100676.0, 1, 0.0
17251450.0, 6938632.0, 1, 0.0
17251450.0, 6938632.0, 1, 0.0
17251450.0, 6938632.0, 1, 0.0
17281742.0, 6937718.0, 1, 0.0
15251506.0, 10450084.0, 1, 0.0
15251506.0, 10450084.0, 1, 0.0
15251506.0, 10450084.0, 1, 0.0
15251506.0, 10450084.0, 1, 0.0
15251506.0, 10450084.0, 1, 0.0
15251506.0, 10450084.0, 1, 0.0
15251506.0, 10450084.0, 1, 0.0
15251506.0, 10450084.0, 1, 0.0
15403798.0, 10238540.0, 1, 0.0
15403798.0, 10238540.0, 1, 0.0
15460844.0, 10221028.0, 1, 0.0
15545662.0, 9985616.0, 1, 0.0
15545662.0, 9985616.0, 1, 0.0
15683244.0, 9920758.0, 1, 0.0
15683244.0, 9920758.0, 1, 0.0
15750668.0, 9545264.0, 1, 0.0
15750668.0, 9545264.0, 1, 0.0
15860506.0, 9129552.0, 1, 0.0
15999702.0, 8955584.0, 1, 0.0
15999702.0, 8955584.0, 1, 0.0
20112010.0, 6584714.0, 2, inf
20112010.0, 6584714.0, 2, inf
15575722.0, 10189252.0, 2, inf
17442302.0, 6835196.0, 2, 0.58411111809
19887264.0, 6761902.0, 2, 0.58108747112
16055284.0, 8944168.0, 2, 0.314882614669
17118252.0, 7639928.0, 2, 0.30377561495
17201200.0, 7032946.0, 2, 0.22219660991
16043958.0, 9173200.0, 2, 0.217893956323
15804256.0, 9530108.0, 2, 0.173139358514
16540706.0, 8432910.0, 2, 0.15275417266
16540706.0, 8432910.0, 2, 0.144423696362
16820346.0, 8037606.0, 2, 0.132588409404
15707486.0, 9963728.0, 2, 0.125429865643
15804256.0, 9530108.0, 2, 0.120348715381
17318184.0, 6997878.0, 2, 0.10801102337
16590228.0, 8298046.0, 2, 0.088143319102
16905740.0, 7893144.0, 2, 0.0833111488215
16590228.0, 8298046.0, 2, 0.0831702204309
16905740.0, 7893144.0, 2, 0.0830808615193
15684208.0, 10015072.0, 2, 0.0754018571505
15633264.0, 10176540.0, 2, 0.0722375684826
19891348.0, 6686658.0, 2, 0.0628466516687
16847532.0, 8024580.0, 2, 0.0589024555506
20047668.0, 6662826.0, 2, 0.0561303541568
17442302.0, 6835196.0, 2, 0.0476949501085
15707486.0, 9963728.0, 2, 0.035576686344
20047668.0, 6662826.0, 2, 0.0207955093347
15804256.0, 9530108.0, 2, 0.0
16905740.0, 7893144.0, 2, 0.0
16905740.0, 7893144.0, 2, 0.0
15804256.0, 9530108.0, 2, 0.0
19929950.0, 6690408.0, 3, inf
15599680.0, 10245464.0, 3, inf
16895792.0, 8422486.0, 3, 0.71967285576
17242438.0, 7220740.0, 3, 0.539894362388
16210378.0, 9084340.0, 3, 0.510516492604
18058500.0, 6852466.0, 3, 0.488054319683
16359180.0, 9054082.0, 3, 0.344456951152
17459294.0, 6965754.0, 3, 0.187895504794
18028176.0, 6864154.0, 3, 0.0861856012129
17740974.0, 6962048.0, 3, 0.0840572550334
17770662.0, 6922552.0, 3, 0.0705781581678
17770662.0, 6922552.0, 3, 0.0232826689914
21726946.0, 6691200.0, 4, inf
15760698.0, 10326852.0, 4, inf
17099954.0, 8592182.0, 4, 1.24222944291
17806690.0, 7057304.0, 4, 0.579878875546
19427402.0, 6885670.0, 4, 0.401733960297
17907752.0, 6976192.0, 4, 0.318855359019
20116034.0, 6733756.0, 4, 0.316787476766
Generacion: 68
15251506.0, 10450084.0, 1, inf
22060918.0, 6471630.0, 1, inf
15251506.0, 10450084.0, 1, inf
20323752.0, 6492642.0, 1, 0.298634077603
18890288.0, 6807298.0, 1, 0.288668175082
21957654.0, 6485860.0, 1, 0.260393931069
19785612.0, 6711158.0, 1, 0.210833316796
16800464.0, 7596510.0, 1, 0.198124714547
16259014.0, 8847640.0, 1, 0.177459959996
17986686.0, 6808574.0, 1, 0.147613451906
16316918.0, 8338366.0, 1, 0.146186677296
15860506.0, 9129552.0, 1, 0.122220806522
15740250.0, 9907758.0, 1, 0.119690616459
16759046.0, 8031182.0, 1, 0.114042826544
16906902.0, 7329338.0, 1, 0.104214891835
15768124.0, 9503990.0, 1, 0.0966799689259
17403102.0, 6832300.0, 1, 0.0944000065857
15750668.0, 9545264.0, 1, 0.0936777977307
15545662.0, 9985616.0, 1, 0.0877480578668
17025916.0, 7313618.0, 1, 0.083574396352
20011966.0, 6537178.0, 1, 0.0787688574097
17865480.0, 6825946.0, 1, 0.0770724288667
19887660.0, 6551230.0, 1, 0.0769718976442
17078728.0, 7050656.0, 1, 0.0739371472034
15460844.0, 10221028.0, 1, 0.0675492506864
15885298.0, 9086200.0, 1, 0.0641692446591
15403798.0, 10238540.0, 1, 0.0615499353745
16490244.0, 8185428.0, 1, 0.0521033393346
16440704.0, 8320016.0, 1, 0.0520078832218
16702990.0, 8166506.0, 1, 0.0473216136079
16726454.0, 8044230.0, 1, 0.0422463527512
17161722.0, 6955492.0, 1, 0.0398636165621
15999702.0, 8955584.0, 1, 0.0364290982237
16614680.0, 8167192.0, 1, 0.0359990514104
15545662.0, 9985616.0, 1, 0.0320259080702
17281742.0, 6937718.0, 1, 0.0309457758827
17132118.0, 7045174.0, 1, 0.0303825403133
16079786.0, 8905836.0, 1, 0.0291900843044
15403798.0, 10238540.0, 1, 0.0267666364732
15999702.0, 8955584.0, 1, 0.0264357616558
15768124.0, 9503990.0, 1, 0.0239411917804
16079786.0, 8905836.0, 1, 0.0227903182385
15740250.0, 9907758.0, 1, 0.0210998545431
17403102.0, 6832300.0, 1, 0.0194194933325
17281742.0, 6937718.0, 1, 0.0180521280192
17891104.0, 6810790.0, 1, 0.0178462679394
16024204.0, 8917252.0, 1, 0.0177974240138
17237622.0, 6948220.0, 1, 0.017414882578
15460844.0, 10221028.0, 1, 0.0168577045419
16316918.0, 8338366.0, 1, 0.0131158686328
15750668.0, 9545264.0, 1, 0.0119043228114
16440704.0, 8320016.0, 1, 0.0118875687443
16490244.0, 8185428.0, 1, 0.0118589143977
17025916.0, 7313618.0, 1, 0.0117070193266
16759046.0, 8031182.0, 1, 0.00936212942834
17078728.0, 7050656.0, 1, 0.00913365791535
17251450.0, 6938632.0, 1, 0.0068585299324
16024204.0, 8917252.0, 1, 0.00646771121253
17132118.0, 7045174.0, 1, 0.00572543412157
17891104.0, 6810790.0, 1, 0.00432002710431
17251450.0, 6938632.0, 1, 0.00226045613917
15750668.0, 9545264.0, 1, 0.0
15750668.0, 9545264.0, 1, 0.0
15750668.0, 9545264.0, 1, 0.0
15750668.0, 9545264.0, 1, 0.0
16316918.0, 8338366.0, 1, 0.0
16316918.0, 8338366.0, 1, 0.0
16316918.0, 8338366.0, 1, 0.0
16440704.0, 8320016.0, 1, 0.0
16490244.0, 8185428.0, 1, 0.0
16490244.0, 8185428.0, 1, 0.0
17078728.0, 7050656.0, 1, 0.0
17078728.0, 7050656.0, 1, 0.0
17132118.0, 7045174.0, 1, 0.0
17251450.0, 6938632.0, 1, 0.0
17251450.0, 6938632.0, 1, 0.0
17251450.0, 6938632.0, 1, 0.0
17281742.0, 6937718.0, 1, 0.0
17281742.0, 6937718.0, 1, 0.0
17891104.0, 6810790.0, 1, 0.0
15251506.0, 10450084.0, 1, 0.0
15251506.0, 10450084.0, 1, 0.0
15251506.0, 10450084.0, 1, 0.0
15251506.0, 10450084.0, 1, 0.0
15251506.0, 10450084.0, 1, 0.0
15251506.0, 10450084.0, 1, 0.0
15251506.0, 10450084.0, 1, 0.0
15251506.0, 10450084.0, 1, 0.0
15403798.0, 10238540.0, 1, 0.0
15460844.0, 10221028.0, 1, 0.0
15545662.0, 9985616.0, 1, 0.0
15545662.0, 9985616.0, 1, 0.0
15750668.0, 9545264.0, 1, 0.0
22312234.0, 6540370.0, 2, inf
15684208.0, 10015072.0, 2, inf
19891348.0, 6686658.0, 2, 0.446416225111
17442302.0, 6835196.0, 2, 0.399406726847
20235698.0, 6570332.0, 2, 0.319948377908
16270908.0, 8885468.0, 2, 0.237659381106
16842956.0, 7831434.0, 2, 0.232075292779
15804256.0, 9530108.0, 2, 0.179387842952
17050800.0, 7412238.0, 2, 0.174107021848
16714664.0, 8279810.0, 2, 0.172418556973
16919478.0, 7580790.0, 2, 0.152000644341
16416920.0, 8451260.0, 2, 0.143638807494
15804256.0, 9530108.0, 2, 0.131885389911
16068170.0, 9134780.0, 2, 0.122159115451
16123752.0, 9123364.0, 2, 0.102338604489
17157642.0, 7100676.0, 2, 0.0962376095806
17283788.0, 6939118.0, 2, 0.0845714520594
19940020.0, 6593446.0, 2, 0.071436163148
16590228.0, 8298046.0, 2, 0.0703071558709
17442302.0, 6835196.0, 2, 0.0666641320011
16540706.0, 8432910.0, 2, 0.0574892614327
20235698.0, 6570332.0, 2, 0.0532331632936
16068170.0, 9134780.0, 2, 0.0431033500655
17258066.0, 7032472.0, 2, 0.0394636008287
17157642.0, 7100676.0, 2, 0.0356120506297
17201200.0, 7032946.0, 2, 0.03478015277
16416920.0, 8451260.0, 2, 0.0273105135148
19940020.0, 6593446.0, 2, 0.0139954441087
16540706.0, 8432910.0, 2, 0.0127526345928
19940020.0, 6593446.0, 2, 0.0
15755158.0, 10230768.0, 3, inf
20159978.0, 6622670.0, 3, inf
17737658.0, 6847706.0, 3, 0.730279624345
20038612.0, 6641442.0, 3, 0.612294557864
16302980.0, 9065168.0, 3, 0.475752558997
16020950.0, 10200496.0, 3, 0.383697158691
16240814.0, 9244164.0, 3, 0.378688664239
16905740.0, 7893144.0, 3, 0.333423160783
16847532.0, 8024580.0, 3, 0.301618089528
17256016.0, 7156156.0, 3, 0.232076673409
17378546.0, 7097436.0, 3, 0.194832563665
16847532.0, 8024580.0, 3, 0.160054448199
17256016.0, 7156156.0, 3, 0.0957955726223
15760698.0, 10326852.0, 4, inf
20167880.0, 6643436.0, 4, inf
15760698.0, 10326852.0, 4, inf
16497852.0, 9309986.0, 4, 1.17877762583
17469104.0, 7412768.0, 4, 0.831491546195
17829376.0, 6916896.0, 4, 0.619710822267
17602042.0, 7170112.0, 4, 0.201511551904
17770662.0, 6922552.0, 4, 0.120327503744
16814770.0, 10362346.0, 5, inf
21972842.0, 6667624.0, 5, inf
17375032.0, 9841682.0, 5, 0.790414678884
17620392.0, 7392468.0, 5, 0.765877963706
20255030.0, 6831070.0, 5, 0.525497866393
17900558.0, 6959904.0, 5, 0.51943831495
Generacion: 69
15251506.0, 10450084.0, 1, inf
15251506.0, 10450084.0, 1, inf
21957654.0, 6485860.0, 1, inf
19940020.0, 6593446.0, 1, 0.350828358297
18729140.0, 6767700.0, 1, 0.334933840821
19819190.0, 6612506.0, 1, 0.224519320007
16259014.0, 8847640.0, 1, 0.179732320279
16759046.0, 8031182.0, 1, 0.171661595027
16800464.0, 7596510.0, 1, 0.154932397101
16316918.0, 8338366.0, 1, 0.146926098011
17917934.0, 6816364.0, 1, 0.145064090887
15821712.0, 9488834.0, 1, 0.121244622846
15750668.0, 9545264.0, 1, 0.102035212484
17442302.0, 6835196.0, 1, 0.0964179808572
15740250.0, 9907758.0, 1, 0.0963270175555
15860506.0, 9129552.0, 1, 0.0943280107817
16815532.0, 7450386.0, 1, 0.0832674925183
16614680.0, 8167192.0, 1, 0.078992427553
17839136.0, 6816656.0, 1, 0.075675257699
17037622.0, 7118450.0, 1, 0.0742089511298
15495622.0, 10182968.0, 1, 0.072031928889
17025916.0, 7313618.0, 1, 0.0669793327194
16906902.0, 7329338.0, 1, 0.0658723829936
15885298.0, 9086200.0, 1, 0.0646409789926
15403798.0, 10238540.0, 1, 0.0618698038584
15545662.0, 9985616.0, 1, 0.0583637461446
16062134.0, 8900254.0, 1, 0.0525741964156
16490244.0, 8185428.0, 1, 0.0525061652106
16440704.0, 8320016.0, 1, 0.0524092392257
17377398.0, 6925930.0, 1, 0.037152138346
15707486.0, 9963728.0, 1, 0.0368693557176
15999702.0, 8955584.0, 1, 0.0366023553924
17161722.0, 6955492.0, 1, 0.0339408113711
17132118.0, 7045174.0, 1, 0.0305841899545
15403798.0, 10238540.0, 1, 0.0271268211302
15999702.0, 8955584.0, 1, 0.0267290536793
17078728.0, 7050656.0, 1, 0.0250628067027
15603204.0, 9972904.0, 1, 0.0187568891057
15460844.0, 10221028.0, 1, 0.0181073928544
17237622.0, 6948220.0, 1, 0.0176330003763
15860506.0, 9129552.0, 1, 0.0167206508981
15750668.0, 9545264.0, 1, 0.0157883160592
15740250.0, 9907758.0, 1, 0.0156722782167
16024204.0, 8917252.0, 1, 0.0153254878767
17281742.0, 6937718.0, 1, 0.0144944883242
16316918.0, 8338366.0, 1, 0.0132633658611
17377398.0, 6925930.0, 1, 0.012651879112
16440704.0, 8320016.0, 1, 0.0120161521104
16490244.0, 8185428.0, 1, 0.0119873949059
15603204.0, 9972904.0, 1, 0.0108951873547
15545662.0, 9985616.0, 1, 0.0106684902216
15460844.0, 10221028.0, 1, 0.00960349775589
16024204.0, 8917252.0, 1, 0.00794151281642
17078728.0, 7050656.0, 1, 0.00751246766185
17281742.0, 6937718.0, 1, 0.00749064497284
17251450.0, 6938632.0, 1, 0.00693568137845
17161722.0, 6955492.0, 1, 0.00624886364014
17132118.0, 7045174.0, 1, 0.00579732507925
17025916.0, 7313618.0, 1, 0.00571102956826
17251450.0, 6938632.0, 1, 0.0022925506396
15251506.0, 10450084.0, 1, 0.0
15251506.0, 10450084.0, 1, 0.0
15251506.0, 10450084.0, 1, 0.0
15403798.0, 10238540.0, 1, 0.0
15403798.0, 10238540.0, 1, 0.0
15403798.0, 10238540.0, 1, 0.0
15403798.0, 10238540.0, 1, 0.0
15460844.0, 10221028.0, 1, 0.0
15545662.0, 9985616.0, 1, 0.0
15740250.0, 9907758.0, 1, 0.0
15750668.0, 9545264.0, 1, 0.0
15750668.0, 9545264.0, 1, 0.0
15750668.0, 9545264.0, 1, 0.0
15750668.0, 9545264.0, 1, 0.0
15750668.0, 9545264.0, 1, 0.0
15999702.0, 8955584.0, 1, 0.0
16316918.0, 8338366.0, 1, 0.0
16316918.0, 8338366.0, 1, 0.0
16440704.0, 8320016.0, 1, 0.0
17025916.0, 7313618.0, 1, 0.0
17078728.0, 7050656.0, 1, 0.0
17078728.0, 7050656.0, 1, 0.0
17132118.0, 7045174.0, 1, 0.0
17251450.0, 6938632.0, 1, 0.0
17251450.0, 6938632.0, 1, 0.0
17251450.0, 6938632.0, 1, 0.0
17251450.0, 6938632.0, 1, 0.0
15251506.0, 10450084.0, 1, 0.0
15251506.0, 10450084.0, 1, 0.0
15251506.0, 10450084.0, 1, 0.0
15383006.0, 10476598.0, 2, inf
15383006.0, 10476598.0, 2, inf
21997142.0, 6636654.0, 2, inf
20038612.0, 6641442.0, 2, 0.34805083073
15845642.0, 9713900.0, 2, 0.331575940815
15915592.0, 9113336.0, 2, 0.232150017167
19828942.0, 6714366.0, 2, 0.216808926149
16919478.0, 7580790.0, 2, 0.206642888129
16590228.0, 8298046.0, 2, 0.194275437565
17865480.0, 6825946.0, 2, 0.183181035111
16270908.0, 8885468.0, 2, 0.183039557095
18890288.0, 6807298.0, 2, 0.17914347623
15575722.0, 10189252.0, 2, 0.152928376434
17708820.0, 6934382.0, 2, 0.150364302751
18890288.0, 6807298.0, 2, 0.146772664846
16416920.0, 8451260.0, 2, 0.131792018661
17197514.0, 7015538.0, 2, 0.126639694051
15575722.0, 10189252.0, 2, 0.115640341815
16055284.0, 8944168.0, 2, 0.113062188006
17050800.0, 7412238.0, 2, 0.11049033585
17096124.0, 7259068.0, 2, 0.0972907045284
16919478.0, 7580790.0, 2, 0.0936741346011
16590228.0, 8298046.0, 2, 0.0849010899942
17157642.0, 7100676.0, 2, 0.0787494843741
16540706.0, 8432910.0, 2, 0.0661027275738
17865480.0, 6825946.0, 2, 0.0285419541376
16416920.0, 8451260.0, 2, 0.0268544635874
15383006.0, 10476598.0, 2, 0.0
16590228.0, 8298046.0, 2, 0.0
20167880.0, 6643436.0, 3, inf
15599680.0, 10245464.0, 3, inf
20167880.0, 6643436.0, 3, inf
17770304.0, 6955948.0, 3, 0.744976386645
15713978.0, 10218620.0, 3, 0.410904246407
16966370.0, 8124060.0, 3, 0.376838046444
17054662.0, 7466938.0, 3, 0.366901768355
16068170.0, 9134780.0, 3, 0.313064316819
17258066.0, 7032472.0, 3, 0.29851907795
16638052.0, 8495822.0, 3, 0.246089399722
16638052.0, 8495822.0, 3, 0.215791717594
16123752.0, 9123364.0, 3, 0.186386234361
16123752.0, 9123364.0, 3, 0.115751962211
16068170.0, 9134780.0, 3, 0.0807035842944
16068170.0, 9134780.0, 3, 0.0
17780002.0, 6977390.0, 4, inf
15608354.0, 10420360.0, 4, inf
16319704.0, 9194588.0, 4, 1.52072629893
16319140.0, 9897128.0, 4, 0.514723388837
15644468.0, 10337612.0, 4, 0.479273701067
16319140.0, 9897128.0, 4, 0.128196927593
16446716.0, 9325206.0, 5, inf
18210830.0, 7060296.0, 5, inf
17980444.0, 9309754.0, 5, 2.0
18802868.0, 7314556.0, 6, inf
18802868.0, 7314556.0, 6, inf
16877442.0, 10345312.0, 6, inf
16877442.0, 10345312.0, 6, inf
17506278.0, 9406160.0, 6, 1.44181533773
18411796.0, 7442374.0, 6, 0.653071391258
17255686.0, 9992366.0, 6, 0.476693463678
Generacion: 70
21814510.0, 6492734.0, 1, inf
15251506.0, 10450084.0, 1, inf
15251506.0, 10450084.0, 1, inf
18073090.0, 6658782.0, 1, 0.306488844202
19819190.0, 6612506.0, 1, 0.300972762975
20784116.0, 6564626.0, 1, 0.262840418169
16800464.0, 7596510.0, 1, 0.211736497473
16079786.0, 8905836.0, 1, 0.190881836314
16614680.0, 8167192.0, 1, 0.163168339115
16316918.0, 8338366.0, 1, 0.162257644839
19940020.0, 6593446.0, 1, 0.159124056981
21570104.0, 6536200.0, 1, 0.155290317573
15740250.0, 9907758.0, 1, 0.130531192494
15860506.0, 9129552.0, 1, 0.098395906809
15768124.0, 9503990.0, 1, 0.0972781259879
15750668.0, 9545264.0, 1, 0.0942599446292
17986686.0, 6808574.0, 1, 0.0869523068204
15403798.0, 10238540.0, 1, 0.0786532774388
15307054.0, 10433632.0, 1, 0.0766605922116
17025916.0, 7313618.0, 1, 0.0732079152456
17529700.0, 6819712.0, 1, 0.072811530796
15545662.0, 9985616.0, 1, 0.0726800980837
15403798.0, 10238540.0, 1, 0.0709143581637
15885298.0, 9086200.0, 1, 0.0651699214793
17037622.0, 7118450.0, 1, 0.0555811420005
16490244.0, 8185428.0, 1, 0.0529698477004
16440704.0, 8320016.0, 1, 0.0528708076877
18019186.0, 6740026.0, 1, 0.0510169053197
16815532.0, 7450386.0, 1, 0.0508466881285
17403102.0, 6832300.0, 1, 0.0500468304227
16906902.0, 7329338.0, 1, 0.0487222200777
16316918.0, 8338366.0, 1, 0.0407685664787
17161722.0, 6955492.0, 1, 0.0405752937501
15999702.0, 8955584.0, 1, 0.0367392770564
16614680.0, 8167192.0, 1, 0.0329159030517
16815532.0, 7450386.0, 1, 0.0328840459732
17132118.0, 7045174.0, 1, 0.0307971292947
15999702.0, 8955584.0, 1, 0.0271179316854
17377398.0, 6925930.0, 1, 0.0261973298189
21711758.0, 6509436.0, 1, 0.0258042148923
17078728.0, 7050656.0, 1, 0.0252661552843
15603204.0, 9972904.0, 1, 0.0252296577638
15860506.0, 9129552.0, 1, 0.0250309817074
15545662.0, 9985616.0, 1, 0.0248279619642
15768124.0, 9503990.0, 1, 0.0245058828407
15603204.0, 9972904.0, 1, 0.0240938469157
21711758.0, 6509436.0, 1, 0.0224193568977
17529700.0, 6819712.0, 1, 0.0221041520748
17037622.0, 7118450.0, 1, 0.0189147954497
16024204.0, 8917252.0, 1, 0.0181552676371
17237622.0, 6948220.0, 1, 0.0179322149027
16906902.0, 7329338.0, 1, 0.0178943336488
17360744.0, 6930624.0, 1, 0.0132236228174
17281742.0, 6937718.0, 1, 0.012268438161
16440704.0, 8320016.0, 1, 0.0121853140535
16490244.0, 8185428.0, 1, 0.0121565068972
15750668.0, 9545264.0, 1, 0.0120170895991
17986686.0, 6808574.0, 1, 0.00776651034851
17078728.0, 7050656.0, 1, 0.007648560854
17251450.0, 6938632.0, 1, 0.00703840279559
16024204.0, 8917252.0, 1, 0.00661811011392
17281742.0, 6937718.0, 1, 0.00640818307784
17132118.0, 7045174.0, 1, 0.00589600973564
17377398.0, 6925930.0, 1, 0.0051026465084
17360744.0, 6930624.0, 1, 0.00433017124058
17251450.0, 6938632.0, 1, 0.00233792463398
15403798.0, 10238540.0, 1, 0.0
15403798.0, 10238540.0, 1, 0.0
15545662.0, 9985616.0, 1, 0.0
15545662.0, 9985616.0, 1, 0.0
15545662.0, 9985616.0, 1, 0.0
15603204.0, 9972904.0, 1, 0.0
15603204.0, 9972904.0, 1, 0.0
15750668.0, 9545264.0, 1, 0.0
15750668.0, 9545264.0, 1, 0.0
15750668.0, 9545264.0, 1, 0.0
16024204.0, 8917252.0, 1, 0.0
16316918.0, 8338366.0, 1, 0.0
16316918.0, 8338366.0, 1, 0.0
16440704.0, 8320016.0, 1, 0.0
16440704.0, 8320016.0, 1, 0.0
16490244.0, 8185428.0, 1, 0.0
16815532.0, 7450386.0, 1, 0.0
17037622.0, 7118450.0, 1, 0.0
17037622.0, 7118450.0, 1, 0.0
17078728.0, 7050656.0, 1, 0.0
17251450.0, 6938632.0, 1, 0.0
17377398.0, 6925930.0, 1, 0.0
15251506.0, 10450084.0, 1, 0.0
15251506.0, 10450084.0, 1, 0.0
15251506.0, 10450084.0, 1, 0.0
15251506.0, 10450084.0, 1, 0.0
15251506.0, 10450084.0, 1, 0.0
15251506.0, 10450084.0, 1, 0.0
15251506.0, 10450084.0, 1, 0.0
20546994.0, 6607484.0, 2, inf
15524058.0, 10308716.0, 2, inf
17714990.0, 6829308.0, 2, 0.541552156218
20047668.0, 6662826.0, 2, 0.469644076262
16905740.0, 7893144.0, 2, 0.300360389397
16055284.0, 8944168.0, 2, 0.278687659123
15649326.0, 9976110.0, 2, 0.223585819783
16935142.0, 7440498.0, 2, 0.179301234429
16416920.0, 8451260.0, 2, 0.157818187368
15870312.0, 9239438.0, 2, 0.134769109446
15804256.0, 9530108.0, 2, 0.133651831828
16590228.0, 8298046.0, 2, 0.119255720877
15915592.0, 9113336.0, 2, 0.116601613589
20167880.0, 6643436.0, 2, 0.114361508742
17584706.0, 6952764.0, 2, 0.113691707659
15804256.0, 9530108.0, 2, 0.109377820053
16590228.0, 8298046.0, 2, 0.0992518554284
17258066.0, 7032472.0, 2, 0.0980145602815
17096124.0, 7259068.0, 2, 0.0849583638318
17157642.0, 7100676.0, 2, 0.0820129507649
17027528.0, 7319250.0, 2, 0.0810681962652
16416920.0, 8451260.0, 2, 0.0769547442999
20047668.0, 6662826.0, 2, 0.0689127742607
15575722.0, 10189252.0, 2, 0.0678723889215
16540706.0, 8432910.0, 2, 0.0610817493391
17681754.0, 6923874.0, 2, 0.0592931980875
15575722.0, 10189252.0, 2, 0.0469304013516
17201200.0, 7032946.0, 2, 0.0384204654028
16540706.0, 8432910.0, 2, 0.0148169826402
16416920.0, 8451260.0, 2, 0.0
16416920.0, 8451260.0, 2, 0.0
16590228.0, 8298046.0, 2, 0.0
15575722.0, 10189252.0, 2, 0.0
15575722.0, 10189252.0, 2, 0.0
15575722.0, 10189252.0, 2, 0.0
15760698.0, 10326852.0, 3, inf
21751246.0, 6660230.0, 3, inf
16068170.0, 9134780.0, 3, 0.645834285803
16985280.0, 7465498.0, 3, 0.437625572688
17937294.0, 6869838.0, 3, 0.396209107528
19923364.0, 6836524.0, 3, 0.379614710668
16638052.0, 8495822.0, 3, 0.376131072748
19923364.0, 6836524.0, 3, 0.314213424846
16638052.0, 8495822.0, 3, 0.232226039391
17207792.0, 7239934.0, 3, 0.183516656018
17602042.0, 7170112.0, 3, 0.146681222104
17658426.0, 6977928.0, 3, 0.0822679838546
17780002.0, 6977390.0, 3, 0.0760307838903
16253732.0, 9339514.0, 4, inf
18605198.0, 6940478.0, 4, inf
16295364.0, 9227660.0, 4, 1.26269999573
17349472.0, 7428158.0, 4, 1.25566130802
17779520.0, 7146286.0, 4, 0.404388366609
18086716.0, 7072732.0, 4, 0.377557329683
17469104.0, 7412768.0, 4, 0.300378919822
Generacion: 71
15251506.0, 10450084.0, 1, inf
15251506.0, 10450084.0, 1, inf
20608224.0, 6361654.0, 1, inf
20082910.0, 6538868.0, 1, 0.519842106387
18154450.0, 6614188.0, 1, 0.39879477125
16800464.0, 7596510.0, 1, 0.240511126162
16139916.0, 8894246.0, 1, 0.184997136912
17714990.0, 6829308.0, 1, 0.173247045842
16316918.0, 8338366.0, 1, 0.159072724728
16490244.0, 8185428.0, 1, 0.153293224729
18063094.0, 6627720.0, 1, 0.13465581423
15683244.0, 9920758.0, 1, 0.132126404923
15768124.0, 9503990.0, 1, 0.122184826528
15860506.0, 9129552.0, 1, 0.117570103413
15750668.0, 9545264.0, 1, 0.0951017908991
16490244.0, 8185428.0, 1, 0.090831564114
15460844.0, 10221028.0, 1, 0.0883467361689
17403102.0, 6832300.0, 1, 0.0866552041406
17025916.0, 7313618.0, 1, 0.0759846604725
15545662.0, 9985616.0, 1, 0.0683220743128
15860506.0, 9129552.0, 1, 0.0597973049206
15403798.0, 10238540.0, 1, 0.0583675039452
15307054.0, 10433632.0, 1, 0.0580878551005
16440704.0, 8320016.0, 1, 0.0560277906094
17037622.0, 7118450.0, 1, 0.0554103903282
16815532.0, 7450386.0, 1, 0.0527979450345
16906902.0, 7329338.0, 1, 0.0518251619069
17377398.0, 6925930.0, 1, 0.048440133245
15999702.0, 8955584.0, 1, 0.0471253666181
16316918.0, 8338366.0, 1, 0.0375312693135
17161722.0, 6955492.0, 1, 0.0361046833218
15999702.0, 8955584.0, 1, 0.0353610402765
16815532.0, 7450386.0, 1, 0.0324203696441
17132118.0, 7045174.0, 1, 0.0319024833926
16062134.0, 8900254.0, 1, 0.0272283853702
17078728.0, 7050656.0, 1, 0.0265488390842
16024204.0, 8917252.0, 1, 0.0251882099428
15603204.0, 9972904.0, 1, 0.0234965544923
15750668.0, 9545264.0, 1, 0.022682129314
15403798.0, 10238540.0, 1, 0.0223436190982
15307054.0, 10433632.0, 1, 0.0220843508705
16906902.0, 7329338.0, 1, 0.0209020828087
17237622.0, 6948220.0, 1, 0.0208743874731
15545662.0, 9985616.0, 1, 0.0189432110616
17037622.0, 7118450.0, 1, 0.0187672086157
17281742.0, 6937718.0, 1, 0.0180807605601
15603204.0, 9972904.0, 1, 0.0180512469896
16440704.0, 8320016.0, 1, 0.0137364755611
17078728.0, 7050656.0, 1, 0.00901458558162
17281742.0, 6937718.0, 1, 0.00853821350799
17251450.0, 6938632.0, 1, 0.00800010963927
17161722.0, 6955492.0, 1, 0.00730519616854
17132118.0, 7045174.0, 1, 0.00686737529353
17251450.0, 6938632.0, 1, 0.00280498908957
16316918.0, 8338366.0, 1, 0.0
16316918.0, 8338366.0, 1, 0.0
16316918.0, 8338366.0, 1, 0.0
16316918.0, 8338366.0, 1, 0.0
16316918.0, 8338366.0, 1, 0.0
16316918.0, 8338366.0, 1, 0.0
16316918.0, 8338366.0, 1, 0.0
16316918.0, 8338366.0, 1, 0.0
16440704.0, 8320016.0, 1, 0.0
16440704.0, 8320016.0, 1, 0.0
16815532.0, 7450386.0, 1, 0.0
16906902.0, 7329338.0, 1, 0.0
16906902.0, 7329338.0, 1, 0.0
17037622.0, 7118450.0, 1, 0.0
17161722.0, 6955492.0, 1, 0.0
17161722.0, 6955492.0, 1, 0.0
17251450.0, 6938632.0, 1, 0.0
17281742.0, 6937718.0, 1, 0.0
15251506.0, 10450084.0, 1, 0.0
15251506.0, 10450084.0, 1, 0.0
15251506.0, 10450084.0, 1, 0.0
15251506.0, 10450084.0, 1, 0.0
15251506.0, 10450084.0, 1, 0.0
15307054.0, 10433632.0, 1, 0.0
15403798.0, 10238540.0, 1, 0.0
15545662.0, 9985616.0, 1, 0.0
15545662.0, 9985616.0, 1, 0.0
15545662.0, 9985616.0, 1, 0.0
15545662.0, 9985616.0, 1, 0.0
15750668.0, 9545264.0, 1, 0.0
15750668.0, 9545264.0, 1, 0.0
15999702.0, 8955584.0, 1, 0.0
15383006.0, 10476598.0, 2, inf
15383006.0, 10476598.0, 2, inf
22065802.0, 6563658.0, 2, inf
16935142.0, 7440498.0, 2, 0.418633753657
16590228.0, 8298046.0, 2, 0.335858361347
18181296.0, 6630888.0, 2, 0.324028830899
20112010.0, 6584714.0, 2, 0.322892367904
20235698.0, 6570332.0, 2, 0.297742580761
15804256.0, 9530108.0, 2, 0.256006993151
16123752.0, 9123364.0, 2, 0.22686819331
16416920.0, 8451260.0, 2, 0.197697909922
15575722.0, 10189252.0, 2, 0.197289995978
17197514.0, 7015538.0, 2, 0.180304511133
17681754.0, 6923874.0, 2, 0.167591976942
18073090.0, 6658782.0, 2, 0.149626628823
16009306.0, 9441386.0, 2, 0.140522492508
15575722.0, 10189252.0, 2, 0.10763217151
16068170.0, 9134780.0, 2, 0.0983999047922
16416920.0, 8451260.0, 2, 0.0830247875288
17410386.0, 6926530.0, 2, 0.0634466146504
17283788.0, 6939118.0, 2, 0.0546008235012
16416920.0, 8451260.0, 2, 0.0
15713978.0, 10218620.0, 3, inf
20280432.0, 6650368.0, 3, inf
16176230.0, 9140564.0, 3, 0.882557273962
16962496.0, 8045032.0, 3, 0.55077448855
18192366.0, 6851598.0, 3, 0.506673556415
19694080.0, 6797644.0, 3, 0.459192645816
17033762.0, 7845342.0, 3, 0.377913460403
17328944.0, 6982886.0, 3, 0.369521555089
17558258.0, 6936640.0, 3, 0.225872681739
20047668.0, 6662826.0, 3, 0.169678218614
15760698.0, 10326852.0, 4, inf
21972842.0, 6667624.0, 4, inf
17121600.0, 7895180.0, 4, 1.15908961764
19793324.0, 6987296.0, 4, 0.466730738666
18017656.0, 7013826.0, 4, 0.402701926981
17602042.0, 7170112.0, 4, 0.385100539585
20637912.0, 6771314.0, 4, 0.264566070343
20531946.0, 6786980.0, 4, 0.194981494826
17158936.0, 9935708.0, 5, inf
22074060.0, 6761830.0, 5, inf
17670198.0, 7271760.0, 5, 1.13438688331
21107304.0, 7254356.0, 5, 1.05664652209
17461338.0, 8500426.0, 5, 0.869762997125
17375032.0, 9841682.0, 5, 0.513741925671
20864264.0, 7271948.0, 6, inf
17210582.0, 10234128.0, 6, inf
18741172.0, 7320390.0, 6, 1.12932855192
17822256.0, 8150950.0, 6, 0.898517123234
17682994.0, 9124054.0, 6, 0.571697922507
17567004.0, 9810174.0, 6, 0.298973525568
17624520.0, 9684110.0, 6, 0.26337276517
20585818.0, 7462346.0, 7, inf
17606798.0, 10021060.0, 7, inf
18385254.0, 8202452.0, 7, 1.61381259094
17921996.0, 9303644.0, 7, 0.708241863507
17817318.0, 9609406.0, 7, 0.263821708424
17876612.0, 9577762.0, 7, 0.154636711699
17966182.0, 10151158.0, 8, inf
19730848.0, 8430076.0, 8, inf
17982122.0, 9588962.0, 8, 0.890079801919
18433896.0, 9075420.0, 8, 0.795211245388
18663640.0, 8885024.0, 8, 0.669088227569
Generacion: 72
23001272.0, 6560780.0, 1, inf
15251506.0, 10450084.0, 1, inf
15251506.0, 10450084.0, 1, inf
20112010.0, 6584714.0, 1, 0.618604443696
18275566.0, 6595074.0, 1, 0.275441746167
16194978.0, 8955220.0, 1, 0.199628592974
16316918.0, 8338366.0, 1, 0.174575539672
15683244.0, 9920758.0, 1, 0.128981022181
15768124.0, 9503990.0, 1, 0.121059035212
15860506.0, 9129552.0, 1, 0.1194718677
16759046.0, 8031182.0, 1, 0.11878052086
16771360.0, 7783850.0, 1, 0.117105289757
15750668.0, 9545264.0, 1, 0.0987977495858
15403798.0, 10238540.0, 1, 0.0889164578835
15438592.0, 10198152.0, 1, 0.0833362434103
17899764.0, 6742608.0, 1, 0.0774770364697
17025916.0, 7313618.0, 1, 0.0710901610538
15999702.0, 8955584.0, 1, 0.0657581344922
16614680.0, 8167192.0, 1, 0.0624181325761
15545662.0, 9985616.0, 1, 0.0620712795661
17714990.0, 6829308.0, 1, 0.0602864639312
18063094.0, 6627720.0, 1, 0.0569560451824
17403102.0, 6832300.0, 1, 0.0568119572335
17037622.0, 7118450.0, 1, 0.0554848608629
16440704.0, 8320016.0, 1, 0.0505775184324
16800464.0, 7596510.0, 1, 0.0501123180374
16815532.0, 7450386.0, 1, 0.0493607658521
15915592.0, 9113336.0, 1, 0.0476685560456
16906902.0, 7329338.0, 1, 0.0464804152277
16490244.0, 8185428.0, 1, 0.0464001019788
17839136.0, 6816656.0, 1, 0.0461344325546
17321632.0, 6852856.0, 1, 0.0427644201571
16800464.0, 7596510.0, 1, 0.0413262006794
16815532.0, 7450386.0, 1, 0.0330676231511
17161722.0, 6955492.0, 1, 0.0328524684688
17132118.0, 7045174.0, 1, 0.0299478646395
18063094.0, 6627720.0, 1, 0.0294692647902
17281742.0, 6937718.0, 1, 0.0257280912662
17078728.0, 7050656.0, 1, 0.0243201225036
15603204.0, 9972904.0, 1, 0.02083253865
16581656.0, 8184920.0, 1, 0.0207454995261
16316918.0, 8338366.0, 1, 0.0204527364424
15750668.0, 9545264.0, 1, 0.0193123151668
17037622.0, 7118450.0, 1, 0.0189413794551
15545662.0, 9985616.0, 1, 0.0170843521382
16906902.0, 7329338.0, 1, 0.0158318876775
15915592.0, 9113336.0, 1, 0.0150226144429
15603204.0, 9972904.0, 1, 0.0135965048923
17237622.0, 6948220.0, 1, 0.0122590666674
16440704.0, 8320016.0, 1, 0.0111105188838
15999702.0, 8955584.0, 1, 0.0109468209333
17251450.0, 6938632.0, 1, 0.00839330117582
17078728.0, 7050656.0, 1, 0.0067136668395
16490244.0, 8185428.0, 1, 0.00652306570455
17161722.0, 6955492.0, 1, 0.00568972958209
17281742.0, 6937718.0, 1, 0.00538225567449
17132118.0, 7045174.0, 1, 0.00522949299477
17237622.0, 6948220.0, 1, 0.00365405521463
17161722.0, 6955492.0, 1, 0.0
17161722.0, 6955492.0, 1, 0.0
15251506.0, 10450084.0, 1, 0.0
15251506.0, 10450084.0, 1, 0.0
15251506.0, 10450084.0, 1, 0.0
15251506.0, 10450084.0, 1, 0.0
15251506.0, 10450084.0, 1, 0.0
15545662.0, 9985616.0, 1, 0.0
15545662.0, 9985616.0, 1, 0.0
15545662.0, 9985616.0, 1, 0.0
15750668.0, 9545264.0, 1, 0.0
15750668.0, 9545264.0, 1, 0.0
15750668.0, 9545264.0, 1, 0.0
15750668.0, 9545264.0, 1, 0.0
16316918.0, 8338366.0, 1, 0.0
16316918.0, 8338366.0, 1, 0.0
16316918.0, 8338366.0, 1, 0.0
16316918.0, 8338366.0, 1, 0.0
16316918.0, 8338366.0, 1, 0.0
16316918.0, 8338366.0, 1, 0.0
16316918.0, 8338366.0, 1, 0.0
16316918.0, 8338366.0, 1, 0.0
16316918.0, 8338366.0, 1, 0.0
16316918.0, 8338366.0, 1, 0.0
16440704.0, 8320016.0, 1, 0.0
16490244.0, 8185428.0, 1, 0.0
16490244.0, 8185428.0, 1, 0.0
16800464.0, 7596510.0, 1, 0.0
16800464.0, 7596510.0, 1, 0.0
16815532.0, 7450386.0, 1, 0.0
16815532.0, 7450386.0, 1, 0.0
16906902.0, 7329338.0, 1, 0.0
16906902.0, 7329338.0, 1, 0.0
17132118.0, 7045174.0, 1, 0.0
17132118.0, 7045174.0, 1, 0.0
17132118.0, 7045174.0, 1, 0.0
17132118.0, 7045174.0, 1, 0.0
17132118.0, 7045174.0, 1, 0.0
17161722.0, 6955492.0, 1, 0.0
15383006.0, 10476598.0, 2, inf
19921514.0, 6620034.0, 2, inf
18073090.0, 6658782.0, 2, 0.602052572152
15975696.0, 9488294.0, 2, 0.414735696308
16861736.0, 8000600.0, 2, 0.345996816994
16416920.0, 8451260.0, 2, 0.307087139291
17037744.0, 7219986.0, 2, 0.284714769382
15804256.0, 9530108.0, 2, 0.253911276744
15633264.0, 10176540.0, 2, 0.221269268731
17442302.0, 6835196.0, 2, 0.162668502954
16416920.0, 8451260.0, 2, 0.136945962518
16590228.0, 8298046.0, 2, 0.110060610357
16714664.0, 8279810.0, 2, 0.0998164639479
15575722.0, 10189252.0, 2, 0.0871869088422
17197514.0, 7015538.0, 2, 0.0696862910793
17410386.0, 6926530.0, 2, 0.0618732407616
17117732.0, 7120110.0, 2, 0.0573547979854
17442302.0, 6835196.0, 2, 0.0527760949173
17283788.0, 6939118.0, 2, 0.0477097554108
15575722.0, 10189252.0, 2, 0.0457586111353
16714664.0, 8279810.0, 2, 0.0371339246586
17157642.0, 7100676.0, 2, 0.0308697666598
17283788.0, 6939118.0, 2, 0.0222733762239
17157642.0, 7100676.0, 2, 0.0138244666927
16416920.0, 8451260.0, 2, 0.0
16416920.0, 8451260.0, 2, 0.0
20047668.0, 6662826.0, 3, inf
15710310.0, 10237232.0, 3, inf
15845642.0, 9713900.0, 3, 0.747898737522
17681754.0, 6923874.0, 3, 0.656756129157
16774458.0, 8440900.0, 3, 0.654558569423
19869630.0, 6729146.0, 3, 0.571652921987
16952846.0, 8286686.0, 3, 0.436232100422
17227228.0, 7254756.0, 3, 0.421257419298
17328944.0, 6982886.0, 3, 0.128065539525
17258066.0, 7032472.0, 3, 0.0995113325181
19895244.0, 6704686.0, 3, 0.0596017003804
19923364.0, 6836524.0, 4, inf
16933994.0, 10372062.0, 4, inf
17806690.0, 7057304.0, 4, 0.836196799581
17537452.0, 8156024.0, 4, 0.578875473369
17477112.0, 9823266.0, 4, 0.531108047152
17591988.0, 7912494.0, 4, 0.294513350654
17670198.0, 7271760.0, 4, 0.248021860452
17172616.0, 10146140.0, 4, 0.190245424556
17194974.0, 10008104.0, 4, 0.108562865692
17285740.0, 9896104.0, 4, 0.107303953461
17711924.0, 7177452.0, 4, 0.106316365318
17375032.0, 9841682.0, 4, 0.0846191756504
20296236.0, 6844284.0, 5, inf
17629126.0, 9013170.0, 5, inf
17759362.0, 8161812.0, 5, 1.12211519919
18686458.0, 7341522.0, 5, 0.877884800812
Generacion: 73
20807372.0, 6460218.0, 1, inf
15251506.0, 10450084.0, 1, inf
18187530.0, 6607946.0, 1, 0.516089545785
16194978.0, 8955220.0, 1, 0.211792112882
16316918.0, 8338366.0, 1, 0.176885427235
15603204.0, 9972904.0, 1, 0.147266634439
17403102.0, 6832300.0, 1, 0.131689950928
17899764.0, 6742608.0, 1, 0.131475874593
15768124.0, 9503990.0, 1, 0.123961705624
15860506.0, 9129552.0, 1, 0.118901142028
16759046.0, 8031182.0, 1, 0.114810241843
16800464.0, 7596510.0, 1, 0.111656098097
15750668.0, 9545264.0, 1, 0.110323448873
15999702.0, 8955584.0, 1, 0.103895293919
15307054.0, 10433632.0, 1, 0.0968165710407
15438592.0, 10198152.0, 1, 0.0782910490763
17990104.0, 6729276.0, 1, 0.0780274630203
15438592.0, 10198152.0, 1, 0.0769444739144
17037622.0, 7118450.0, 1, 0.0698642400237
16440704.0, 8320016.0, 1, 0.0695285498571
16906902.0, 7329338.0, 1, 0.0693015914645
15545662.0, 9985616.0, 1, 0.0636259381542
15860506.0, 9129552.0, 1, 0.0602302976866
16726454.0, 8044230.0, 1, 0.0600732921275
16490244.0, 8185428.0, 1, 0.0561296896333
16906902.0, 7329338.0, 1, 0.0538671487501
16614680.0, 8167192.0, 1, 0.0532158073124
16815532.0, 7450386.0, 1, 0.0530694673781
17321632.0, 6852856.0, 1, 0.0482650180958
16800464.0, 7596510.0, 1, 0.0440786097872
17037622.0, 7118450.0, 1, 0.0418938143073
17132118.0, 7045174.0, 1, 0.0394857761855
15750668.0, 9545264.0, 1, 0.0368867451495
17161722.0, 6955492.0, 1, 0.0361386832211
18154450.0, 6614188.0, 1, 0.0347991462944
16815532.0, 7450386.0, 1, 0.0330509519592
18154450.0, 6614188.0, 1, 0.031145090603
17281742.0, 6937718.0, 1, 0.0267216413174
16316918.0, 8338366.0, 1, 0.0265471254987
16614680.0, 8167192.0, 1, 0.0246887753585
17132118.0, 7045174.0, 1, 0.0236939513157
15545662.0, 9985616.0, 1, 0.0224575950205
17237622.0, 6948220.0, 1, 0.0160643248341
16490244.0, 8185428.0, 1, 0.013487281298
16759046.0, 8031182.0, 1, 0.0107251086922
17251450.0, 6938632.0, 1, 0.00785534355199
17281742.0, 6937718.0, 1, 0.00740887916797
17161722.0, 6955492.0, 1, 0.00715103984946
17237622.0, 6948220.0, 1, 0.00431151852191
17251450.0, 6938632.0, 1, 0.00271798129535
17161722.0, 6955492.0, 1, 0.0
17251450.0, 6938632.0, 1, 0.0
17251450.0, 6938632.0, 1, 0.0
17281742.0, 6937718.0, 1, 0.0
18154450.0, 6614188.0, 1, 0.0
15545662.0, 9985616.0, 1, 0.0
15545662.0, 9985616.0, 1, 0.0
15545662.0, 9985616.0, 1, 0.0
15750668.0, 9545264.0, 1, 0.0
16316918.0, 8338366.0, 1, 0.0
16316918.0, 8338366.0, 1, 0.0
16316918.0, 8338366.0, 1, 0.0
16316918.0, 8338366.0, 1, 0.0
16316918.0, 8338366.0, 1, 0.0
16316918.0, 8338366.0, 1, 0.0
16316918.0, 8338366.0, 1, 0.0
16316918.0, 8338366.0, 1, 0.0
16800464.0, 7596510.0, 1, 0.0
16800464.0, 7596510.0, 1, 0.0
16815532.0, 7450386.0, 1, 0.0
16906902.0, 7329338.0, 1, 0.0
16906902.0, 7329338.0, 1, 0.0
17037622.0, 7118450.0, 1, 0.0
17037622.0, 7118450.0, 1, 0.0
15298702.0, 10468490.0, 2, inf
20953314.0, 6549386.0, 2, inf
19803192.0, 6704396.0, 2, 0.390276062414
17986686.0, 6808574.0, 2, 0.388346287296
16418136.0, 8739792.0, 2, 0.286280438767
15975696.0, 9488294.0, 2, 0.285506736464
16919478.0, 7580790.0, 2, 0.247422493818
19921514.0, 6620034.0, 2, 0.242947795591
15666108.0, 10105988.0, 2, 0.236171100471
16820346.0, 8037606.0, 2, 0.214582896213
16113284.0, 9089448.0, 2, 0.17676072214
17096124.0, 7259068.0, 2, 0.164624602308
15633264.0, 10176540.0, 2, 0.157470714943
16590228.0, 8298046.0, 2, 0.134722177376
17377398.0, 6925930.0, 2, 0.10359017323
17737658.0, 6847706.0, 2, 0.0971742988985
15996936.0, 9216348.0, 2, 0.092471415287
16714664.0, 8279810.0, 2, 0.0838069681857
17797026.0, 6835930.0, 2, 0.0540247385936
16043958.0, 9173200.0, 2, 0.0529556208042
17157642.0, 7100676.0, 2, 0.0495158962329
17283788.0, 6939118.0, 2, 0.0484229956189
17209102.0, 6999062.0, 2, 0.039135844755
17157642.0, 7100676.0, 2, 0.0368071261797
16590228.0, 8298046.0, 2, 0.0350870227491
17209102.0, 6999062.0, 2, 0.024395868798
16714664.0, 8279810.0, 2, 0.0233426272009
15389758.0, 10469038.0, 3, inf
19992346.0, 6748138.0, 3, inf
18058500.0, 6852466.0, 3, 0.579512352583
16711794.0, 8521192.0, 3, 0.507965301546
17116024.0, 7371024.0, 3, 0.485099011825
16020950.0, 10200496.0, 3, 0.370670005305
16240814.0, 9244164.0, 3, 0.321073473015
16486698.0, 8752342.0, 3, 0.280342175173
15755158.0, 10230768.0, 3, 0.209309745754
16295364.0, 9227660.0, 3, 0.185601223689
17558258.0, 6936640.0, 3, 0.121115826038
17328944.0, 6982886.0, 3, 0.0909774949851
17558258.0, 6936640.0, 3, 0.0724447851062
17256016.0, 7156156.0, 3, 0.0636562762887
17258066.0, 7032472.0, 3, 0.0624116893639
17256016.0, 7156156.0, 3, 0.0581916457753
22927894.0, 6749040.0, 4, inf
16112684.0, 10242234.0, 4, inf
16433990.0, 9437820.0, 4, 0.58717007821
16858392.0, 8573354.0, 4, 0.504261776671
17780002.0, 6977390.0, 4, 0.493375257653
20035164.0, 6760488.0, 4, 0.486544814952
17165064.0, 8051054.0, 4, 0.348036177589
20035164.0, 6760488.0, 4, 0.33417855214
17196480.0, 7530886.0, 4, 0.186739081619
17670198.0, 7271760.0, 4, 0.182376741005
17454300.0, 7447526.0, 4, 0.143689185421
17196480.0, 7530886.0, 4, 0.0284732364391
17196480.0, 7530886.0, 4, 0.0
16460646.0, 10497348.0, 5, inf
16460646.0, 10497348.0, 5, inf
18392558.0, 7110492.0, 5, inf
17296912.0, 7563990.0, 5, 0.745213983605
16966722.0, 9237606.0, 5, 0.731437569924
17217780.0, 8362796.0, 5, 0.665063909014
16510198.0, 9599600.0, 5, 0.633906300046
18036818.0, 7274728.0, 5, 0.431483735743
18036818.0, 7274728.0, 5, 0.269546055197
17489128.0, 7599152.0, 6, inf
17047104.0, 9537838.0, 6, inf
17365110.0, 8758362.0, 6, 2.0
19702260.0, 8415806.0, 7, inf
17375032.0, 9841682.0, 7, inf
17375032.0, 9841682.0, 7, inf
18129912.0, 8876496.0, 7, 0.742154748801
17739956.0, 9390150.0, 7, 0.578212005046
18751306.0, 8802236.0, 7, 0.538022712075
18751306.0, 8802236.0, 7, 0.460701165102
17876906.0, 9324718.0, 7, 0.373195346861
Generacion: 74
20571584.0, 6421244.0, 1, inf
15251506.0, 10450084.0, 1, inf
15251506.0, 10450084.0, 1, inf
19887660.0, 6551230.0, 1, 0.502232542833
18154450.0, 6614188.0, 1, 0.329145359987
16291208.0, 8740076.0, 1, 0.198706149226
15860506.0, 9129552.0, 1, 0.193769108045
16024204.0, 8917252.0, 1, 0.177629830497
15603204.0, 9972904.0, 1, 0.147834344807
16316918.0, 8338366.0, 1, 0.132288198504
17865480.0, 6825946.0, 1, 0.115618637507
16759046.0, 8031182.0, 1, 0.114016338259
16800464.0, 7596510.0, 1, 0.110722401591
15750668.0, 9545264.0, 1, 0.109425851637
17403102.0, 6832300.0, 1, 0.108904910818
15307054.0, 10433632.0, 1, 0.0976981690085
15768124.0, 9503990.0, 1, 0.0962205617768
15438592.0, 10198152.0, 1, 0.0785742304715
15438592.0, 10198152.0, 1, 0.0774784716739
17025916.0, 7313618.0, 1, 0.0708134525714
15545662.0, 9985616.0, 1, 0.0635696530438
16614680.0, 8167192.0, 1, 0.06213799172
17037622.0, 7118450.0, 1, 0.0561693063765
16490244.0, 8185428.0, 1, 0.0551432574569
16815532.0, 7450386.0, 1, 0.0534440571498
16906902.0, 7329338.0, 1, 0.0524160975014
17899764.0, 6742608.0, 1, 0.0474197201148
16800464.0, 7596510.0, 1, 0.0440547211288
16316918.0, 8338366.0, 1, 0.0427934385256
18063094.0, 6627720.0, 1, 0.0423791843687
17990104.0, 6729276.0, 1, 0.0421882097251
15750668.0, 9545264.0, 1, 0.0379630267682
16726454.0, 8044230.0, 1, 0.0366466735419
17161722.0, 6955492.0, 1, 0.036526713481
17321632.0, 6852856.0, 1, 0.0363773164694
17281742.0, 6937718.0, 1, 0.0344824073752
16815532.0, 7450386.0, 1, 0.0328776621627
18154450.0, 6614188.0, 1, 0.032798759234
16490244.0, 8185428.0, 1, 0.0327056884019
17132118.0, 7045174.0, 1, 0.032295572509
15768124.0, 9503990.0, 1, 0.0276094191707
17078728.0, 7050656.0, 1, 0.0268627432083
16726454.0, 8044230.0, 1, 0.0242484916752
15545662.0, 9985616.0, 1, 0.0232808954172
16581656.0, 8184920.0, 1, 0.021582728868
16906902.0, 7329338.0, 1, 0.0210764277577
17037622.0, 7118450.0, 1, 0.0190275197398
18063094.0, 6627720.0, 1, 0.0170785068315
17990104.0, 6729276.0, 1, 0.0170288647509
17237622.0, 6948220.0, 1, 0.0166465494636
17321632.0, 6852856.0, 1, 0.0126002234115
16759046.0, 8031182.0, 1, 0.0110238735399
17078728.0, 7050656.0, 1, 0.00908726787412
17251450.0, 6938632.0, 1, 0.0080737428243
17161722.0, 6955492.0, 1, 0.00736956611876
17132118.0, 7045174.0, 1, 0.0069252694974
16581656.0, 8184920.0, 1, 0.00633351867055
17025916.0, 7313618.0, 1, 0.00610221121424
17237622.0, 6948220.0, 1, 0.00440419606216
17251450.0, 6938632.0, 1, 0.00282607431992
17132118.0, 7045174.0, 1, 0.0
17132118.0, 7045174.0, 1, 0.0
17132118.0, 7045174.0, 1, 0.0
17161722.0, 6955492.0, 1, 0.0
17161722.0, 6955492.0, 1, 0.0
17161722.0, 6955492.0, 1, 0.0
17990104.0, 6729276.0, 1, 0.0
18154450.0, 6614188.0, 1, 0.0
18154450.0, 6614188.0, 1, 0.0
15438592.0, 10198152.0, 1, 0.0
15438592.0, 10198152.0, 1, 0.0
15438592.0, 10198152.0, 1, 0.0
15545662.0, 9985616.0, 1, 0.0
15545662.0, 9985616.0, 1, 0.0
15545662.0, 9985616.0, 1, 0.0
15750668.0, 9545264.0, 1, 0.0
16316918.0, 8338366.0, 1, 0.0
16490244.0, 8185428.0, 1, 0.0
16490244.0, 8185428.0, 1, 0.0
16490244.0, 8185428.0, 1, 0.0
16490244.0, 8185428.0, 1, 0.0
16815532.0, 7450386.0, 1, 0.0
16815532.0, 7450386.0, 1, 0.0
16906902.0, 7329338.0, 1, 0.0
16906902.0, 7329338.0, 1, 0.0
17037622.0, 7118450.0, 1, 0.0
17037622.0, 7118450.0, 1, 0.0
17037622.0, 7118450.0, 1, 0.0
17037622.0, 7118450.0, 1, 0.0
17037622.0, 7118450.0, 1, 0.0
17037622.0, 7118450.0, 1, 0.0
17037622.0, 7118450.0, 1, 0.0
17037622.0, 7118450.0, 1, 0.0
17078728.0, 7050656.0, 1, 0.0
17132118.0, 7045174.0, 1, 0.0
19921514.0, 6620034.0, 2, inf
15555258.0, 10436876.0, 2, inf
18070440.0, 6709552.0, 2, 0.592061390483
16590228.0, 8298046.0, 2, 0.307563507787
16155904.0, 9112096.0, 2, 0.297436719514
15633264.0, 10176540.0, 2, 0.294598027639
16842956.0, 7831434.0, 2, 0.263326558624
15804256.0, 9530108.0, 2, 0.258745096977
17611596.0, 6860582.0, 2, 0.215417157465
15975696.0, 9488294.0, 2, 0.190055414202
16418136.0, 8739792.0, 2, 0.180718527541
16919478.0, 7580790.0, 2, 0.176462889148
16487794.0, 8694884.0, 2, 0.132032750753
17027528.0, 7319250.0, 2, 0.12474718887
17157642.0, 7100676.0, 2, 0.0870253236459
17377398.0, 6925930.0, 2, 0.077115174312
17197514.0, 7015538.0, 2, 0.0635045585803
17377398.0, 6925930.0, 2, 0.058319643931
17096124.0, 7259068.0, 2, 0.0572086660957
17197514.0, 7015538.0, 2, 0.0326088512746
17096124.0, 7259068.0, 2, 0.0298569019202
16468988.0, 8696010.0, 2, 0.0277194618248
17096124.0, 7259068.0, 2, 0.0
17096124.0, 7259068.0, 2, 0.0
15778500.0, 10230252.0, 3, inf
19992346.0, 6748138.0, 3, inf
16240814.0, 9244164.0, 3, 0.622821880837
19974648.0, 6760218.0, 3, 0.522640375968
17937294.0, 6869838.0, 3, 0.502674702184
15967854.0, 10217012.0, 3, 0.392899667441
16762888.0, 8705252.0, 3, 0.357323458682
16881030.0, 8012882.0, 3, 0.310097707112
16774458.0, 8440900.0, 3, 0.226872729557
17138320.0, 7661782.0, 3, 0.213280864444
17218596.0, 7241358.0, 3, 0.157750615161
17258066.0, 7032472.0, 3, 0.146934778713
17558258.0, 6936640.0, 3, 0.1303153327
17937294.0, 6869838.0, 3, 0.12143100734
17534280.0, 6990580.0, 3, 0.0987606457386
17196480.0, 7530886.0, 3, 0.0969493096849
17196480.0, 7530886.0, 3, 0.0428393696976
22923626.0, 6831226.0, 4, inf
16112684.0, 10242234.0, 4, inf
16320182.0, 9252662.0, 4, 0.696659760168
17227228.0, 7254756.0, 4, 0.652714185048
20254664.0, 6931880.0, 4, 0.550387789726
19506280.0, 6997152.0, 4, 0.539152993475
16952846.0, 8286686.0, 4, 0.476321325651
17165064.0, 8051054.0, 4, 0.264607859031
17165064.0, 8051054.0, 4, 0.0782069513269
20274764.0, 7175196.0, 5, inf
16460646.0, 10497348.0, 5, inf
20274764.0, 7175196.0, 5, inf
17318220.0, 7510258.0, 5, 0.878274742816
17788964.0, 7447420.0, 5, 0.87601489329
Generacion: 75
15251506.0, 10450084.0, 1, inf
21957654.0, 6485860.0, 1, inf
15251506.0, 10450084.0, 1, inf
19391748.0, 6552040.0, 1, 0.408377656936
19332578.0, 6552992.0, 1, 0.200179259036
18154450.0, 6614188.0, 1, 0.179092325658
16259014.0, 8847640.0, 1, 0.178508202755
15885298.0, 9086200.0, 1, 0.172870995691
16316918.0, 8338366.0, 1, 0.154313349231
15603204.0, 9972904.0, 1, 0.141651372233
15768124.0, 9503990.0, 1, 0.135877338912
16759046.0, 8031182.0, 1, 0.123976278343
16800464.0, 7596510.0, 1, 0.111895591402
15750668.0, 9545264.0, 1, 0.110477817106
15438592.0, 10198152.0, 1, 0.0753672315657
17403102.0, 6832300.0, 1, 0.0747141690227
15438592.0, 10198152.0, 1, 0.0732280580952
17714990.0, 6829308.0, 1, 0.0705512097029
15307054.0, 10433632.0, 1, 0.0676844306493
17025916.0, 7313618.0, 1, 0.0669793327194
15545662.0, 9985616.0, 1, 0.0621940039706
16614680.0, 8167192.0, 1, 0.0570817507322
16726454.0, 8044230.0, 1, 0.0558367733125
17037622.0, 7118450.0, 1, 0.0553619332824
16079786.0, 8905836.0, 1, 0.0525741964156
16490244.0, 8185428.0, 1, 0.052210629598
16815532.0, 7450386.0, 1, 0.0504854930827
16906902.0, 7329338.0, 1, 0.0482821047121
16316918.0, 8338366.0, 1, 0.0472140205163
18063094.0, 6627720.0, 1, 0.0468972698446
17865480.0, 6825946.0, 1, 0.043463127733
16800464.0, 7596510.0, 1, 0.0430368056991
17377398.0, 6925930.0, 1, 0.0378826722412
15999702.0, 8955584.0, 1, 0.0366023553924
18023550.0, 6722720.0, 1, 0.036502171065
17899764.0, 6742608.0, 1, 0.0344937462043
17161722.0, 6955492.0, 1, 0.0339408113711
16815532.0, 7450386.0, 1, 0.0327819994356
15750668.0, 9545264.0, 1, 0.0324009960693
17132118.0, 7045174.0, 1, 0.0305841899545
18154450.0, 6614188.0, 1, 0.0290597926533
15999702.0, 8955584.0, 1, 0.0267290536793
16490244.0, 8185428.0, 1, 0.0259739819303
17078728.0, 7050656.0, 1, 0.0250628067027
16024204.0, 8917252.0, 1, 0.0244911182174
15307054.0, 10433632.0, 1, 0.0237646574398
15545662.0, 9985616.0, 1, 0.0191726270227
17037622.0, 7118450.0, 1, 0.0188470178474
16581656.0, 8184920.0, 1, 0.0181030715993
17237622.0, 6948220.0, 1, 0.0176330003763
16906902.0, 7329338.0, 1, 0.0175902782815
17990104.0, 6729276.0, 1, 0.0151250122478
17281742.0, 6937718.0, 1, 0.0144944883242
17251450.0, 6938632.0, 1, 0.00922823201805
17899764.0, 6742608.0, 1, 0.00847540317801
17990104.0, 6729276.0, 1, 0.0083504432159
17078728.0, 7050656.0, 1, 0.00751246766185
17281742.0, 6937718.0, 1, 0.00749064497284
17377398.0, 6925930.0, 1, 0.00680649663612
17161722.0, 6955492.0, 1, 0.00624886364014
17865480.0, 6825946.0, 1, 0.00596040907071
17132118.0, 7045174.0, 1, 0.00579732507925
17025916.0, 7313618.0, 1, 0.00571102956826
16581656.0, 8184920.0, 1, 0.00505258264121
15251506.0, 10450084.0, 1, 0.0
15251506.0, 10450084.0, 1, 0.0
15307054.0, 10433632.0, 1, 0.0
15438592.0, 10198152.0, 1, 0.0
15438592.0, 10198152.0, 1, 0.0
15750668.0, 9545264.0, 1, 0.0
15750668.0, 9545264.0, 1, 0.0
16490244.0, 8185428.0, 1, 0.0
16490244.0, 8185428.0, 1, 0.0
16490244.0, 8185428.0, 1, 0.0
16800464.0, 7596510.0, 1, 0.0
16815532.0, 7450386.0, 1, 0.0
16815532.0, 7450386.0, 1, 0.0
16815532.0, 7450386.0, 1, 0.0
16906902.0, 7329338.0, 1, 0.0
16906902.0, 7329338.0, 1, 0.0
17037622.0, 7118450.0, 1, 0.0
17037622.0, 7118450.0, 1, 0.0
17037622.0, 7118450.0, 1, 0.0
17037622.0, 7118450.0, 1, 0.0
17078728.0, 7050656.0, 1, 0.0
17078728.0, 7050656.0, 1, 0.0
17132118.0, 7045174.0, 1, 0.0
17132118.0, 7045174.0, 1, 0.0
17132118.0, 7045174.0, 1, 0.0
17132118.0, 7045174.0, 1, 0.0
17132118.0, 7045174.0, 1, 0.0
17161722.0, 6955492.0, 1, 0.0
17161722.0, 6955492.0, 1, 0.0
17161722.0, 6955492.0, 1, 0.0
17161722.0, 6955492.0, 1, 0.0
17161722.0, 6955492.0, 1, 0.0
17161722.0, 6955492.0, 1, 0.0
17161722.0, 6955492.0, 1, 0.0
18154450.0, 6614188.0, 1, 0.0
18154450.0, 6614188.0, 1, 0.0
15251506.0, 10450084.0, 1, 0.0
15251506.0, 10450084.0, 1, 0.0
15575722.0, 10189252.0, 2, inf
20112010.0, 6584714.0, 2, inf
15575722.0, 10189252.0, 2, inf
19803192.0, 6704396.0, 2, 0.475977723796
15930362.0, 9206900.0, 2, 0.462655237545
18110570.0, 6710048.0, 2, 0.451284531667
16194978.0, 8955220.0, 2, 0.397605474198
16921072.0, 7586146.0, 2, 0.367273258032
15633264.0, 10176540.0, 2, 0.350710471617
16714664.0, 8279810.0, 2, 0.270433798087
16590228.0, 8298046.0, 2, 0.209749749655
17096124.0, 7259068.0, 2, 0.186833571294
17907110.0, 6824440.0, 2, 0.150800148275
17558258.0, 6936640.0, 2, 0.135229576807
17708820.0, 6934382.0, 2, 0.108029953521
17197514.0, 7015538.0, 2, 0.103143721921
16590228.0, 8298046.0, 2, 0.092189889458
17157642.0, 7100676.0, 2, 0.0527319513482
17157642.0, 7100676.0, 2, 0.0371809788143
17197514.0, 7015538.0, 2, 0.0306780848055
15575722.0, 10189252.0, 2, 0.0
17197514.0, 7015538.0, 2, 0.0
17197514.0, 7015538.0, 2, 0.0
20190190.0, 6764246.0, 3, inf
15760698.0, 10326852.0, 3, inf
17780002.0, 6977390.0, 3, 0.737244183506
16240814.0, 9244164.0, 3, 0.712029061161
16638052.0, 8495822.0, 3, 0.613625350746
17017230.0, 7682524.0, 3, 0.537755665638
17201200.0, 7032946.0, 3, 0.236836328123
17258066.0, 7032472.0, 3, 0.146264265965
16259972.0, 9910722.0, 4, inf
18086716.0, 7072732.0, 4, inf
17218596.0, 7241358.0, 4, 0.872038103037
16762888.0, 8705252.0, 4, 0.75873815722
16319140.0, 9897128.0, 4, 0.700069214094
16762888.0, 8705252.0, 4, 0.669436502714
17330662.0, 7112498.0, 4, 0.36784867748
17800022.0, 7100698.0, 4, 0.266792184785
17800022.0, 7100698.0, 4, 0.161100498084
17172616.0, 10146140.0, 5, inf
19228972.0, 7154458.0, 5, inf
17681784.0, 7231702.0, 5, 1.14968881189
17448962.0, 8195816.0, 5, 1.02158485576
17375032.0, 9841682.0, 5, 0.786301808357
19111500.0, 7175050.0, 5, 0.77821265724
20309204.0, 7422544.0, 6, inf
17477112.0, 9823266.0, 6, inf
Generacion: 76
20740842.0, 6475952.0, 1, inf
15251506.0, 10450084.0, 1, inf
15251506.0, 10450084.0, 1, inf
20112010.0, 6584714.0, 1, 0.390179218446
18154450.0, 6614188.0, 1, 0.383921048413
16259014.0, 8847640.0, 1, 0.198987623782
16759046.0, 8031182.0, 1, 0.177443686299
15895168.0, 9198760.0, 1, 0.166604930337
16316918.0, 8338366.0, 1, 0.150697496499
20235698.0, 6570332.0, 1, 0.141922688563
15707486.0, 9963728.0, 1, 0.134469609953
16800464.0, 7596510.0, 1, 0.128765289265
15750668.0, 9545264.0, 1, 0.108476939292
15821712.0, 9488834.0, 1, 0.099947975496
15999702.0, 8955584.0, 1, 0.0943417587322
16906902.0, 7329338.0, 1, 0.0889087084116
16800464.0, 7596510.0, 1, 0.0747729367991
16024204.0, 8917252.0, 1, 0.0744008833532
15495622.0, 10182968.0, 1, 0.0729849455434
17025916.0, 7313618.0, 1, 0.0707905382048
15438592.0, 10198152.0, 1, 0.0696424250729
15307054.0, 10433632.0, 1, 0.0693724470646
17403102.0, 6832300.0, 1, 0.0619895224644
15545662.0, 9985616.0, 1, 0.0601416521404
17714990.0, 6829308.0, 1, 0.0600006604941
17037622.0, 7118450.0, 1, 0.056597929117
16440704.0, 8320016.0, 1, 0.0564162798712
17839136.0, 6816656.0, 1, 0.0554766220686
16490244.0, 8185428.0, 1, 0.0505186631103
16614680.0, 8167192.0, 1, 0.0402398536474
17161722.0, 6955492.0, 1, 0.0389123121328
17251450.0, 6938632.0, 1, 0.0379294560022
17321632.0, 6852856.0, 1, 0.0364250846174
17899764.0, 6742608.0, 1, 0.0350898602318
18023550.0, 6722720.0, 1, 0.033402515753
17132118.0, 7045174.0, 1, 0.0322925679598
18154450.0, 6614188.0, 1, 0.0312626979446
16614680.0, 8167192.0, 1, 0.0307602040022
15307054.0, 10433632.0, 1, 0.0281022329384
15438592.0, 10198152.0, 1, 0.0277831695556
17078728.0, 7050656.0, 1, 0.0267849501957
18023550.0, 6722720.0, 1, 0.0254959040887
17714990.0, 6829308.0, 1, 0.0233687188799
16906902.0, 7329338.0, 1, 0.0233455397448
15603204.0, 9972904.0, 1, 0.022195883377
16581656.0, 8184920.0, 1, 0.02111349992
15768124.0, 9503990.0, 1, 0.0201478648367
17037622.0, 7118450.0, 1, 0.0191913177418
15750668.0, 9545264.0, 1, 0.0182521892942
17990104.0, 6729276.0, 1, 0.0181070322835
17321632.0, 6852856.0, 1, 0.0179576031212
17251450.0, 6938632.0, 1, 0.0170275887181
17403102.0, 6832300.0, 1, 0.0155943724015
16316918.0, 8338366.0, 1, 0.0151658129606
17899764.0, 6742608.0, 1, 0.0143993821834
16440704.0, 8320016.0, 1, 0.0136421314078
15603204.0, 9972904.0, 1, 0.0127914383076
15545662.0, 9985616.0, 1, 0.0123145425372
17161722.0, 6955492.0, 1, 0.00963543782767
17990104.0, 6729276.0, 1, 0.00944759930836
16490244.0, 8185428.0, 1, 0.00915259759266
17078728.0, 7050656.0, 1, 0.00886775810101
15768124.0, 9503990.0, 1, 0.00699364683983
17132118.0, 7045174.0, 1, 0.0067724227089
16581656.0, 8184920.0, 1, 0.00614385482305
17025916.0, 7313618.0, 1, 0.00608807909746
17025916.0, 7313618.0, 1, 0.0
17037622.0, 7118450.0, 1, 0.0
17037622.0, 7118450.0, 1, 0.0
17037622.0, 7118450.0, 1, 0.0
17037622.0, 7118450.0, 1, 0.0
17037622.0, 7118450.0, 1, 0.0
17037622.0, 7118450.0, 1, 0.0
17132118.0, 7045174.0, 1, 0.0
17132118.0, 7045174.0, 1, 0.0
17132118.0, 7045174.0, 1, 0.0
17161722.0, 6955492.0, 1, 0.0
17161722.0, 6955492.0, 1, 0.0
17161722.0, 6955492.0, 1, 0.0
17161722.0, 6955492.0, 1, 0.0
17161722.0, 6955492.0, 1, 0.0
17161722.0, 6955492.0, 1, 0.0
17161722.0, 6955492.0, 1, 0.0
17161722.0, 6955492.0, 1, 0.0
17161722.0, 6955492.0, 1, 0.0
17251450.0, 6938632.0, 1, 0.0
17251450.0, 6938632.0, 1, 0.0
17251450.0, 6938632.0, 1, 0.0
17714990.0, 6829308.0, 1, 0.0
17714990.0, 6829308.0, 1, 0.0
17899764.0, 6742608.0, 1, 0.0
17990104.0, 6729276.0, 1, 0.0
17990104.0, 6729276.0, 1, 0.0
18023550.0, 6722720.0, 1, 0.0
15545662.0, 9985616.0, 1, 0.0
15545662.0, 9985616.0, 1, 0.0
15545662.0, 9985616.0, 1, 0.0
15545662.0, 9985616.0, 1, 0.0
15545662.0, 9985616.0, 1, 0.0
15750668.0, 9545264.0, 1, 0.0
15768124.0, 9503990.0, 1, 0.0
16490244.0, 8185428.0, 1, 0.0
16490244.0, 8185428.0, 1, 0.0
16581656.0, 8184920.0, 1, 0.0
16906902.0, 7329338.0, 1, 0.0
15575722.0, 10189252.0, 2, inf
21711758.0, 6509436.0, 2, inf
20154292.0, 6664686.0, 2, 0.54635479246
18802466.0, 6775202.0, 2, 0.416834344552
16043958.0, 9173200.0, 2, 0.353978466273
15633264.0, 10176540.0, 2, 0.352424092973
16919478.0, 7580790.0, 2, 0.239905230611
16881030.0, 8012882.0, 2, 0.223339463467
16484700.0, 8762912.0, 2, 0.19950197887
17096124.0, 7259068.0, 2, 0.19892075709
17865480.0, 6825946.0, 2, 0.155215880622
16590228.0, 8298046.0, 2, 0.146608141075
16714664.0, 8279810.0, 2, 0.124886578059
17197514.0, 7015538.0, 2, 0.117531196583
16194978.0, 8955220.0, 2, 0.112963421128
17442302.0, 6835196.0, 2, 0.106714459688
16327108.0, 8874382.0, 2, 0.0994766982724
16068170.0, 9134780.0, 2, 0.0838486382492
17865480.0, 6825946.0, 2, 0.0827558429413
17377398.0, 6925930.0, 2, 0.0540743763848
17283788.0, 6939118.0, 2, 0.0360231202234
16590228.0, 8298046.0, 2, 0.022153756372
17283788.0, 6939118.0, 2, 0.017644092224
16590228.0, 8298046.0, 2, 0.0
17283788.0, 6939118.0, 2, 0.0
17708820.0, 6934382.0, 3, inf
16259972.0, 9910722.0, 3, inf
16762888.0, 8705252.0, 3, 1.26392307308
16994138.0, 7657040.0, 3, 0.903799446021
17258066.0, 7032472.0, 3, 0.417037882664
17558258.0, 6936640.0, 3, 0.344068584968
17258066.0, 7032472.0, 3, 0.214361970907
17017230.0, 7682524.0, 4, inf
17800022.0, 7100698.0, 4, inf
17779520.0, 7146286.0, 4, 2.0
17375032.0, 9841682.0, 5, inf
17375032.0, 9841682.0, 5, inf
18427604.0, 7171956.0, 5, inf
17562492.0, 8200110.0, 5, 1.42988890778
17477112.0, 9823266.0, 5, 0.792981154541
17562492.0, 8200110.0, 5, 0.466231516897
17375032.0, 9841682.0, 5, 0.0
18857308.0, 7231492.0, 6, inf
17636786.0, 9601006.0, 6, inf
18663640.0, 8885024.0, 6, 0.943971025693
Generacion: 77
20893298.0, 6435298.0, 1, inf
15251506.0, 10450084.0, 1, inf
15251506.0, 10450084.0, 1, inf
19585316.0, 6474214.0, 1, 0.530014895113
18154450.0, 6614188.0, 1, 0.311642516507
16259014.0, 8847640.0, 1, 0.196071667711
15999702.0, 8955584.0, 1, 0.17826066521
15821712.0, 9488834.0, 1, 0.177643458006
15750668.0, 9545264.0, 1, 0.159394145123
16759046.0, 8031182.0, 1, 0.159251327039
16316918.0, 8338366.0, 1, 0.148790501499
16800464.0, 7596510.0, 1, 0.127133779636
15545662.0, 9985616.0, 1, 0.118552080731
17714990.0, 6829308.0, 1, 0.103099045686
17321632.0, 6852856.0, 1, 0.090859539108
16906902.0, 7329338.0, 1, 0.0876420794837
15545662.0, 9985616.0, 1, 0.0854933299359
16800464.0, 7596510.0, 1, 0.0738882934526
15495622.0, 10182968.0, 1, 0.0719163261839
17025916.0, 7313618.0, 1, 0.0697073751184
15438592.0, 10198152.0, 1, 0.0687616788408
15307054.0, 10433632.0, 1, 0.0684989963455
16702990.0, 8166506.0, 1, 0.0594659508688
16490244.0, 8185428.0, 1, 0.0586331655266
17037622.0, 7118450.0, 1, 0.0558982875094
16440704.0, 8320016.0, 1, 0.0554639829747
17865480.0, 6825946.0, 1, 0.0543461149862
16024204.0, 8917252.0, 1, 0.0511674617595
18130710.0, 6690272.0, 1, 0.0502349201719
17899764.0, 6742608.0, 1, 0.0367704116987
17161722.0, 6955492.0, 1, 0.0357911001751
17078728.0, 7050656.0, 1, 0.0350008213769
18023550.0, 6722720.0, 1, 0.0346373114701
17132118.0, 7045174.0, 1, 0.0318012331258
15307054.0, 10433632.0, 1, 0.0274127848494
15438592.0, 10198152.0, 1, 0.0270969523244
17281742.0, 6937718.0, 1, 0.0265065817497
16614680.0, 8167192.0, 1, 0.0260928331973
16906902.0, 7329338.0, 1, 0.0227815177719
16024204.0, 8917252.0, 1, 0.0216818530859
16581656.0, 8184920.0, 1, 0.0206183307897
15768124.0, 9503990.0, 1, 0.0197788986468
17037622.0, 7118450.0, 1, 0.0189609532676
17990104.0, 6729276.0, 1, 0.017645606541
17237622.0, 6948220.0, 1, 0.0158413444471
16316918.0, 8338366.0, 1, 0.0148340104292
16440704.0, 8320016.0, 1, 0.0133515027437
17321632.0, 6852856.0, 1, 0.0129357673872
17899764.0, 6742608.0, 1, 0.00939751756218
17990104.0, 6729276.0, 1, 0.00924898319579
17251450.0, 6938632.0, 1, 0.0077573881439
17281742.0, 6937718.0, 1, 0.00729810699884
17161722.0, 6955492.0, 1, 0.00705857346571
15768124.0, 9503990.0, 1, 0.00686909793034
17132118.0, 7045174.0, 1, 0.00661272155729
17025916.0, 7313618.0, 1, 0.00599039892176
16581656.0, 8184920.0, 1, 0.00597999159985
17237622.0, 6948220.0, 1, 0.00426229880688
17251450.0, 6938632.0, 1, 0.00267865275451
17132118.0, 7045174.0, 1, 0.0
17132118.0, 7045174.0, 1, 0.0
17132118.0, 7045174.0, 1, 0.0
17161722.0, 6955492.0, 1, 0.0
17161722.0, 6955492.0, 1, 0.0
17161722.0, 6955492.0, 1, 0.0
17161722.0, 6955492.0, 1, 0.0
17161722.0, 6955492.0, 1, 0.0
17161722.0, 6955492.0, 1, 0.0
17161722.0, 6955492.0, 1, 0.0
17251450.0, 6938632.0, 1, 0.0
17251450.0, 6938632.0, 1, 0.0
17251450.0, 6938632.0, 1, 0.0
17251450.0, 6938632.0, 1, 0.0
17251450.0, 6938632.0, 1, 0.0
17321632.0, 6852856.0, 1, 0.0
17899764.0, 6742608.0, 1, 0.0
17899764.0, 6742608.0, 1, 0.0
17899764.0, 6742608.0, 1, 0.0
17899764.0, 6742608.0, 1, 0.0
17990104.0, 6729276.0, 1, 0.0
15251506.0, 10450084.0, 1, 0.0
15251506.0, 10450084.0, 1, 0.0
15307054.0, 10433632.0, 1, 0.0
15438592.0, 10198152.0, 1, 0.0
15438592.0, 10198152.0, 1, 0.0
15545662.0, 9985616.0, 1, 0.0
15545662.0, 9985616.0, 1, 0.0
15545662.0, 9985616.0, 1, 0.0
15545662.0, 9985616.0, 1, 0.0
16316918.0, 8338366.0, 1, 0.0
16316918.0, 8338366.0, 1, 0.0
16440704.0, 8320016.0, 1, 0.0
16581656.0, 8184920.0, 1, 0.0
16581656.0, 8184920.0, 1, 0.0
16581656.0, 8184920.0, 1, 0.0
16581656.0, 8184920.0, 1, 0.0
16906902.0, 7329338.0, 1, 0.0
16906902.0, 7329338.0, 1, 0.0
17025916.0, 7313618.0, 1, 0.0
17037622.0, 7118450.0, 1, 0.0
17037622.0, 7118450.0, 1, 0.0
17037622.0, 7118450.0, 1, 0.0
17037622.0, 7118450.0, 1, 0.0
17037622.0, 7118450.0, 1, 0.0
17132118.0, 7045174.0, 1, 0.0
15575722.0, 10189252.0, 2, inf
19728986.0, 6544152.0, 2, inf
18802466.0, 6775202.0, 2, 0.442362846151
17819426.0, 6912128.0, 2, 0.384470868132
19371634.0, 6661962.0, 2, 0.286468839713
16043958.0, 9173200.0, 2, 0.281471627875
16919478.0, 7580790.0, 2, 0.259867203243
17096124.0, 7259068.0, 2, 0.189058719348
16861736.0, 8000600.0, 2, 0.178068558101
16043958.0, 9173200.0, 2, 0.175572125775
16416920.0, 8451260.0, 2, 0.165029332745
16055284.0, 8944168.0, 2, 0.149905565691
16714664.0, 8279810.0, 2, 0.146901439368
16055284.0, 8944168.0, 2, 0.13795183418
16540706.0, 8432910.0, 2, 0.118724904833
16773864.0, 8102070.0, 2, 0.112009906606
17377398.0, 6925930.0, 2, 0.110047071721
16416920.0, 8451260.0, 2, 0.0921068770408
17157642.0, 7100676.0, 2, 0.0530535634583
17197514.0, 7015538.0, 2, 0.0441294131084
17283788.0, 6939118.0, 2, 0.0435040307979
17157642.0, 7100676.0, 2, 0.0381687999617
17197514.0, 7015538.0, 2, 0.0305652915316
17377398.0, 6925930.0, 2, 0.0263253525723
17283788.0, 6939118.0, 2, 0.0243905856414
16055284.0, 8944168.0, 2, 0.0
17283788.0, 6939118.0, 2, 0.0
20235698.0, 6570332.0, 3, inf
16068170.0, 9134780.0, 3, inf
17534280.0, 6990580.0, 3, 0.813508629758
16881030.0, 8012882.0, 3, 0.794030871794
20047668.0, 6662826.0, 3, 0.633548026042
17017230.0, 7682524.0, 3, 0.306677804509
17258066.0, 7032472.0, 3, 0.211541940257
17116024.0, 7371024.0, 3, 0.182346222352
17242506.0, 7353528.0, 3, 0.166100528958
20047668.0, 6662826.0, 3, 0.143245730335
20112010.0, 6584714.0, 3, 0.0811856741791
16446716.0, 9325206.0, 4, inf
20149846.0, 6803626.0, 4, inf
17800022.0, 7100698.0, 4, 0.9144677792
17074830.0, 8268386.0, 4, 0.846437292393
17400562.0, 7237454.0, 4, 0.401200087566
17138320.0, 7661782.0, 4, 0.311381351999
17138320.0, 7661782.0, 4, 0.185423574715
Generacion: 78
15251506.0, 10450084.0, 1, inf
19585316.0, 6474214.0, 1, inf
15251506.0, 10450084.0, 1, inf
19585316.0, 6474214.0, 1, inf
18016714.0, 6706106.0, 1, 0.432237856721
16259014.0, 8847640.0, 1, 0.213141785981
16759046.0, 8031182.0, 1, 0.198483881636
15985432.0, 9193012.0, 1, 0.191368783399
15603204.0, 9972904.0, 1, 0.172468998648
15768124.0, 9503990.0, 1, 0.168082457213
15438592.0, 10198152.0, 1, 0.16774109312
16316918.0, 8338366.0, 1, 0.156654068311
16800464.0, 7596510.0, 1, 0.133887432048
15768124.0, 9503990.0, 1, 0.11627061564
17714990.0, 6829308.0, 1, 0.0999722553305
17442302.0, 6835196.0, 1, 0.0966876677955
16906902.0, 7329338.0, 1, 0.0946601226308
16440704.0, 8320016.0, 1, 0.078460457822
15999702.0, 8955584.0, 1, 0.0783048050869
16800464.0, 7596510.0, 1, 0.076755322928
17025916.0, 7313618.0, 1, 0.0765498725471
15307054.0, 10433632.0, 1, 0.0720446479398
15545662.0, 9985616.0, 1, 0.0667339387487
16490244.0, 8185428.0, 1, 0.0665027851825
17865480.0, 6825946.0, 1, 0.0644420119459
16024204.0, 8917252.0, 1, 0.0638221234705
17321632.0, 6852856.0, 1, 0.0628342867598
16581656.0, 8184920.0, 1, 0.0597605200018
17037622.0, 7118450.0, 1, 0.0585730807635
17899764.0, 6742608.0, 1, 0.0530703966933
16581656.0, 8184920.0, 1, 0.0410594221417
17161722.0, 6955492.0, 1, 0.0400700306587
17132118.0, 7045174.0, 1, 0.034875986619
15307054.0, 10433632.0, 1, 0.03448954666
17078728.0, 7050656.0, 1, 0.0293707764386
16906902.0, 7329338.0, 1, 0.0285137654039
17281742.0, 6937718.0, 1, 0.0283339519162
15545662.0, 9985616.0, 1, 0.0279030315443
17990104.0, 6729276.0, 1, 0.0266730546446
16024204.0, 8917252.0, 1, 0.0231623065416
17237622.0, 6948220.0, 1, 0.0199250057963
17037622.0, 7118450.0, 1, 0.0197524498391
16316918.0, 8338366.0, 1, 0.0179763338803
17078728.0, 7050656.0, 1, 0.0108637743727
17990104.0, 6729276.0, 1, 0.00949332217047
17281742.0, 6937718.0, 1, 0.00943425892652
17251450.0, 6938632.0, 1, 0.00940124033353
17161722.0, 6955492.0, 1, 0.00865997454966
17132118.0, 7045174.0, 1, 0.00820975862208
17025916.0, 7313618.0, 1, 0.0066549391056
17237622.0, 6948220.0, 1, 0.00501975958869
17251450.0, 6938632.0, 1, 0.0034206127353
17132118.0, 7045174.0, 1, 0.0
17132118.0, 7045174.0, 1, 0.0
17132118.0, 7045174.0, 1, 0.0
17161722.0, 6955492.0, 1, 0.0
17161722.0, 6955492.0, 1, 0.0
17161722.0, 6955492.0, 1, 0.0
17161722.0, 6955492.0, 1, 0.0
17251450.0, 6938632.0, 1, 0.0
17251450.0, 6938632.0, 1, 0.0
17251450.0, 6938632.0, 1, 0.0
17251450.0, 6938632.0, 1, 0.0
17251450.0, 6938632.0, 1, 0.0
17251450.0, 6938632.0, 1, 0.0
17251450.0, 6938632.0, 1, 0.0
17281742.0, 6937718.0, 1, 0.0
17990104.0, 6729276.0, 1, 0.0
15251506.0, 10450084.0, 1, 0.0
15307054.0, 10433632.0, 1, 0.0
15307054.0, 10433632.0, 1, 0.0
15307054.0, 10433632.0, 1, 0.0
15545662.0, 9985616.0, 1, 0.0
15545662.0, 9985616.0, 1, 0.0
15768124.0, 9503990.0, 1, 0.0
15768124.0, 9503990.0, 1, 0.0
16024204.0, 8917252.0, 1, 0.0
16316918.0, 8338366.0, 1, 0.0
16316918.0, 8338366.0, 1, 0.0
16316918.0, 8338366.0, 1, 0.0
16316918.0, 8338366.0, 1, 0.0
16316918.0, 8338366.0, 1, 0.0
16581656.0, 8184920.0, 1, 0.0
16581656.0, 8184920.0, 1, 0.0
16581656.0, 8184920.0, 1, 0.0
16581656.0, 8184920.0, 1, 0.0
16581656.0, 8184920.0, 1, 0.0
16581656.0, 8184920.0, 1, 0.0
16581656.0, 8184920.0, 1, 0.0
16581656.0, 8184920.0, 1, 0.0
16906902.0, 7329338.0, 1, 0.0
16906902.0, 7329338.0, 1, 0.0
16906902.0, 7329338.0, 1, 0.0
16906902.0, 7329338.0, 1, 0.0
17025916.0, 7313618.0, 1, 0.0
17037622.0, 7118450.0, 1, 0.0
17037622.0, 7118450.0, 1, 0.0
17037622.0, 7118450.0, 1, 0.0
17037622.0, 7118450.0, 1, 0.0
17037622.0, 7118450.0, 1, 0.0
17037622.0, 7118450.0, 1, 0.0
17037622.0, 7118450.0, 1, 0.0
17078728.0, 7050656.0, 1, 0.0
17132118.0, 7045174.0, 1, 0.0
19728986.0, 6544152.0, 2, inf
15438554.0, 10460146.0, 2, inf
19089416.0, 6715458.0, 2, 0.443097162704
16302980.0, 9065168.0, 2, 0.440932878587
15862870.0, 9672254.0, 2, 0.439898531928
18023550.0, 6722720.0, 2, 0.316938451854
16881030.0, 8012882.0, 2, 0.256705791999
17201200.0, 7032946.0, 2, 0.222132508047
16590228.0, 8298046.0, 2, 0.220118780134
17930648.0, 6898948.0, 2, 0.202495332684
15633264.0, 10176540.0, 2, 0.198949689645
17017230.0, 7682524.0, 2, 0.197623245868
16416920.0, 8451260.0, 2, 0.197163459938
17377398.0, 6925930.0, 2, 0.130148392767
17017230.0, 7682524.0, 2, 0.127240343979
15575722.0, 10189252.0, 2, 0.0825880092585
16416920.0, 8451260.0, 2, 0.0656819539396
17258066.0, 7032472.0, 2, 0.0432095437991
17283788.0, 6939118.0, 2, 0.0417758134082
15575722.0, 10189252.0, 2, 0.0352168478839
17360744.0, 6930624.0, 2, 0.0251860430568
17377398.0, 6925930.0, 2, 0.0107718650342
17283788.0, 6939118.0, 2, 0.00816425385775
17017230.0, 7682524.0, 2, 0.0
15575722.0, 10189252.0, 2, 0.0
20047668.0, 6662826.0, 3, inf
16477502.0, 9282640.0, 3, inf
16881740.0, 8061918.0, 3, 0.984267646136
17207792.0, 7239934.0, 3, 0.507303910566
18192366.0, 6851598.0, 3, 0.475509271651
18729140.0, 6767700.0, 3, 0.438002642984
17378546.0, 7097436.0, 3, 0.424008583667
18694954.0, 6817680.0, 3, 0.18237428258
19405148.0, 6812722.0, 4, inf
16736140.0, 9754696.0, 4, inf
17443420.0, 7173074.0, 4, 0.964934442165
17097940.0, 8377570.0, 4, 0.901086306118
16910962.0, 9553234.0, 4, 0.603651892961
17218596.0, 7241358.0, 4, 0.538858972812
19437674.0, 7147000.0, 5, inf
17137482.0, 9967066.0, 5, inf
17273430.0, 7254836.0, 5, 1.90265828636
17273430.0, 7254836.0, 5, 0.0973417136412
17375032.0, 9841682.0, 6, inf
17874486.0, 7389140.0, 6, inf
17477112.0, 9823266.0, 6, 1.19687424266
Generacion: 79
15251506.0, 10450084.0, 1, inf
15251506.0, 10450084.0, 1, inf
20466104.0, 6488966.0, 1, inf
19512472.0, 6544994.0, 1, 0.381423436525
18633312.0, 6607602.0, 1, 0.27789527888
16800464.0, 7596510.0, 1, 0.205537557426
15821712.0, 9488834.0, 1, 0.197232634434
16218700.0, 8663926.0, 1, 0.188734705775
16024204.0, 8917252.0, 1, 0.154957073445
15545662.0, 9985616.0, 1, 0.131701357406
16759046.0, 8031182.0, 1, 0.120484497859
18154450.0, 6614188.0, 1, 0.120353996026
15750668.0, 9545264.0, 1, 0.11451614006
17714990.0, 6829308.0, 1, 0.111086906838
17321632.0, 6852856.0, 1, 0.110452217471
16316918.0, 8338366.0, 1, 0.105927276493
16079786.0, 8905836.0, 1, 0.101251525584
15545662.0, 9985616.0, 1, 0.0929694235145
16906902.0, 7329338.0, 1, 0.0902718702979
15438592.0, 10198152.0, 1, 0.0895329169995
16440704.0, 8320016.0, 1, 0.0895066839253
15438592.0, 10198152.0, 1, 0.084133978701
17025916.0, 7313618.0, 1, 0.0783076024057
17037622.0, 7118450.0, 1, 0.0673923734021
16702990.0, 8166506.0, 1, 0.057431222949
16581656.0, 8184920.0, 1, 0.0573736634418
17865480.0, 6825946.0, 1, 0.0573217474038
15750668.0, 9545264.0, 1, 0.0497336501798
18073090.0, 6658782.0, 1, 0.0496186062025
17899764.0, 6742608.0, 1, 0.0483037879665
16759046.0, 8031182.0, 1, 0.0421057846314
16024204.0, 8917252.0, 1, 0.0417137711651
17132118.0, 7045174.0, 1, 0.0407620129836
17161722.0, 6955492.0, 1, 0.037195870397
18016714.0, 6706106.0, 1, 0.0337106609702
16581656.0, 8184920.0, 1, 0.0316789591244
15768124.0, 9503990.0, 1, 0.0278700387912
17281742.0, 6937718.0, 1, 0.0272328263071
16906902.0, 7329338.0, 1, 0.0243801212158
17132118.0, 7045174.0, 1, 0.0241759572039
16316918.0, 8338366.0, 1, 0.0234677312321
17990104.0, 6729276.0, 1, 0.0231738005753
17237622.0, 6948220.0, 1, 0.0214634531343
17037622.0, 7118450.0, 1, 0.0207436696143
16702990.0, 8166506.0, 1, 0.0153985095097
17990104.0, 6729276.0, 1, 0.00846869849826
17251450.0, 6938632.0, 1, 0.00822960549925
17281742.0, 6937718.0, 1, 0.00788042178061
17161722.0, 6955492.0, 1, 0.00751298478042
17251450.0, 6938632.0, 1, 0.00288252932562
17037622.0, 7118450.0, 1, 0.0
17037622.0, 7118450.0, 1, 0.0
17037622.0, 7118450.0, 1, 0.0
17037622.0, 7118450.0, 1, 0.0
17037622.0, 7118450.0, 1, 0.0
17037622.0, 7118450.0, 1, 0.0
17037622.0, 7118450.0, 1, 0.0
17037622.0, 7118450.0, 1, 0.0
17037622.0, 7118450.0, 1, 0.0
17037622.0, 7118450.0, 1, 0.0
17037622.0, 7118450.0, 1, 0.0
17037622.0, 7118450.0, 1, 0.0
17037622.0, 7118450.0, 1, 0.0
17132118.0, 7045174.0, 1, 0.0
17132118.0, 7045174.0, 1, 0.0
17132118.0, 7045174.0, 1, 0.0
17132118.0, 7045174.0, 1, 0.0
17132118.0, 7045174.0, 1, 0.0
17132118.0, 7045174.0, 1, 0.0
17132118.0, 7045174.0, 1, 0.0
17132118.0, 7045174.0, 1, 0.0
17161722.0, 6955492.0, 1, 0.0
17161722.0, 6955492.0, 1, 0.0
17161722.0, 6955492.0, 1, 0.0
17251450.0, 6938632.0, 1, 0.0
17251450.0, 6938632.0, 1, 0.0
17251450.0, 6938632.0, 1, 0.0
17251450.0, 6938632.0, 1, 0.0
17990104.0, 6729276.0, 1, 0.0
15251506.0, 10450084.0, 1, 0.0
15251506.0, 10450084.0, 1, 0.0
15438592.0, 10198152.0, 1, 0.0
15545662.0, 9985616.0, 1, 0.0
15545662.0, 9985616.0, 1, 0.0
15545662.0, 9985616.0, 1, 0.0
15545662.0, 9985616.0, 1, 0.0
16316918.0, 8338366.0, 1, 0.0
16316918.0, 8338366.0, 1, 0.0
16316918.0, 8338366.0, 1, 0.0
16581656.0, 8184920.0, 1, 0.0
16581656.0, 8184920.0, 1, 0.0
16581656.0, 8184920.0, 1, 0.0
16581656.0, 8184920.0, 1, 0.0
16581656.0, 8184920.0, 1, 0.0
16906902.0, 7329338.0, 1, 0.0
17037622.0, 7118450.0, 1, 0.0
15383006.0, 10476598.0, 2, inf
17981720.0, 6779830.0, 2, inf
16259014.0, 8847640.0, 2, 0.294621263933
16867018.0, 7613474.0, 2, 0.290783113524
15684208.0, 10015072.0, 2, 0.2798707948
17797026.0, 6835930.0, 2, 0.272067568189
16774458.0, 8440900.0, 2, 0.271569194266
16068170.0, 9134780.0, 2, 0.25951303323
16416920.0, 8451260.0, 2, 0.244806056698
15684208.0, 10015072.0, 2, 0.194867604979
17377398.0, 6925930.0, 2, 0.19349915547
16842554.0, 8052812.0, 2, 0.15268911222
16123752.0, 9123364.0, 2, 0.151111116
16068170.0, 9134780.0, 2, 0.150838875018
17096124.0, 7259068.0, 2, 0.131007373517
15575722.0, 10189252.0, 2, 0.121275051123
17096124.0, 7259068.0, 2, 0.119541626405
15575722.0, 10189252.0, 2, 0.11947501124
16861736.0, 8000600.0, 2, 0.112101466325
17360744.0, 6930624.0, 2, 0.0934599432712
17197514.0, 7015538.0, 2, 0.0858422245567
16416920.0, 8451260.0, 2, 0.0635655792788
17157642.0, 7100676.0, 2, 0.0581890487605
17157642.0, 7100676.0, 2, 0.0467028656277
17197514.0, 7015538.0, 2, 0.0383127676414
16861736.0, 8000600.0, 2, 0.0161562323732
17096124.0, 7259068.0, 2, 0.0
16302980.0, 9065168.0, 3, inf
17986686.0, 6808574.0, 3, inf
16638052.0, 8495822.0, 3, 0.998634340707
17410386.0, 6926530.0, 3, 0.531967203108
16359180.0, 9054082.0, 3, 0.451311865461
17017230.0, 7682524.0, 3, 0.419086052343
17116024.0, 7371024.0, 3, 0.397122637486
17017230.0, 7682524.0, 3, 0.363244295817
17201200.0, 7032946.0, 3, 0.234390583271
17258066.0, 7032472.0, 3, 0.171399201785
18833432.0, 6818830.0, 4, inf
16319140.0, 9897128.0, 4, inf
17558258.0, 6936640.0, 4, 1.66156762007
16528638.0, 9267420.0, 4, 1.45455864212
18801116.0, 6934860.0, 4, 0.545441357884
18956040.0, 6832262.0, 5, inf
16654910.0, 9451960.0, 5, inf
18488478.0, 8542020.0, 5, 1.33494808904
17446280.0, 9348462.0, 5, 1.14415738209
18764274.0, 7351758.0, 5, 0.609275265743
18829978.0, 7334680.0, 5, 0.281639352553
16679424.0, 9768354.0, 6, inf
19193734.0, 6883508.0, 6, inf
19040172.0, 7313878.0, 6, 0.904634217205
18663640.0, 8885024.0, 6, 0.735186377662
17919398.0, 9590990.0, 6, 0.493869697529
18360926.0, 9521530.0, 6, 0.374783300053
Generacion: 80
15251506.0, 10450084.0, 1, inf
22353628.0, 6302834.0, 1, inf
15251506.0, 10450084.0, 1, inf
20893298.0, 6435298.0, 1, 0.37875481859
20041406.0, 6523414.0, 1, 0.220874725343
16240904.0, 8891740.0, 1, 0.170219323995
15999702.0, 8955584.0, 1, 0.166333408877
16316918.0, 8338366.0, 1, 0.150860989722
15821712.0, 9488834.0, 1, 0.136124529504
15603204.0, 9972904.0, 1, 0.135044732818
19512472.0, 6544994.0, 1, 0.128991803154
18633312.0, 6607602.0, 1, 0.125376395354
16800464.0, 7596510.0, 1, 0.119796481626
16759046.0, 8031182.0, 1, 0.112702545475
15750668.0, 9545264.0, 1, 0.105571968722
19512472.0, 6544994.0, 1, 0.0895717563603
18154450.0, 6614188.0, 1, 0.088281544141
15403798.0, 10238540.0, 1, 0.0870890277473
18633312.0, 6607602.0, 1, 0.0825214691363
16906902.0, 7329338.0, 1, 0.0811790109509
15438592.0, 10198152.0, 1, 0.080960829663
16440704.0, 8320016.0, 1, 0.0742753589559
16800464.0, 7596510.0, 1, 0.0702532622803
17025916.0, 7313618.0, 1, 0.063817144654
17442302.0, 6835196.0, 1, 0.0610639612074
15545662.0, 9985616.0, 1, 0.0593495386773
17037622.0, 7118450.0, 1, 0.0528474654511
16702990.0, 8166506.0, 1, 0.0497140047051
16581656.0, 8184920.0, 1, 0.0496590285161
18141150.0, 6686332.0, 1, 0.0415572427667
17865480.0, 6825946.0, 1, 0.0412842032798
17899764.0, 6742608.0, 1, 0.0408568535047
17714990.0, 6829308.0, 1, 0.0392059429048
16759046.0, 8031182.0, 1, 0.0384615931019
17321632.0, 6852856.0, 1, 0.0374529305938
17161722.0, 6955492.0, 1, 0.0323113967394
18016714.0, 6706106.0, 1, 0.0316225415828
15750668.0, 9545264.0, 1, 0.0307155088068
17281742.0, 6937718.0, 1, 0.0305644563302
17132118.0, 7045174.0, 1, 0.0291419214755
15821712.0, 9488834.0, 1, 0.0287159936951
16079786.0, 8905836.0, 1, 0.0254385632794
16581656.0, 8184920.0, 1, 0.0242865134255
17078728.0, 7050656.0, 1, 0.0238642073276
17714990.0, 6829308.0, 1, 0.0226091776604
16906902.0, 7329338.0, 1, 0.0187772520158
17990104.0, 6729276.0, 1, 0.0183069766014
15545662.0, 9985616.0, 1, 0.0181409396068
17037622.0, 7118450.0, 1, 0.0179949755684
15768124.0, 9503990.0, 1, 0.0174974874887
16024204.0, 8917252.0, 1, 0.0170688629096
17237622.0, 6948220.0, 1, 0.0166993150286
16316918.0, 8338366.0, 1, 0.0151276170666
16702990.0, 8166506.0, 1, 0.0123329029412
16079786.0, 8905836.0, 1, 0.011224990464
17321632.0, 6852856.0, 1, 0.0098748746127
17078728.0, 7050656.0, 1, 0.00710968740536
17990104.0, 6729276.0, 1, 0.00696142783248
17251450.0, 6938632.0, 1, 0.00657709754122
16024204.0, 8917252.0, 1, 0.00620262224655
15768124.0, 9503990.0, 1, 0.00611232679103
17161722.0, 6955492.0, 1, 0.00592178274404
17865480.0, 6825946.0, 1, 0.00563794731139
17132118.0, 7045174.0, 1, 0.00549017143535
17025916.0, 7313618.0, 1, 0.00543870333979
17251450.0, 6938632.0, 1, 0.00216741072395
17132118.0, 7045174.0, 1, 0.0
17132118.0, 7045174.0, 1, 0.0
17132118.0, 7045174.0, 1, 0.0
17132118.0, 7045174.0, 1, 0.0
17161722.0, 6955492.0, 1, 0.0
17161722.0, 6955492.0, 1, 0.0
17161722.0, 6955492.0, 1, 0.0
17161722.0, 6955492.0, 1, 0.0
17161722.0, 6955492.0, 1, 0.0
17161722.0, 6955492.0, 1, 0.0
17161722.0, 6955492.0, 1, 0.0
17161722.0, 6955492.0, 1, 0.0
17161722.0, 6955492.0, 1, 0.0
17161722.0, 6955492.0, 1, 0.0
17161722.0, 6955492.0, 1, 0.0
17161722.0, 6955492.0, 1, 0.0
17251450.0, 6938632.0, 1, 0.0
17251450.0, 6938632.0, 1, 0.0
17251450.0, 6938632.0, 1, 0.0
17251450.0, 6938632.0, 1, 0.0
17990104.0, 6729276.0, 1, 0.0
17990104.0, 6729276.0, 1, 0.0
19512472.0, 6544994.0, 1, 0.0
15251506.0, 10450084.0, 1, 0.0
15251506.0, 10450084.0, 1, 0.0
15251506.0, 10450084.0, 1, 0.0
15768124.0, 9503990.0, 1, 0.0
16316918.0, 8338366.0, 1, 0.0
16316918.0, 8338366.0, 1, 0.0
16581656.0, 8184920.0, 1, 0.0
16581656.0, 8184920.0, 1, 0.0
16581656.0, 8184920.0, 1, 0.0
16702990.0, 8166506.0, 1, 0.0
16702990.0, 8166506.0, 1, 0.0
16759046.0, 8031182.0, 1, 0.0
17037622.0, 7118450.0, 1, 0.0
17037622.0, 7118450.0, 1, 0.0
17037622.0, 7118450.0, 1, 0.0
17037622.0, 7118450.0, 1, 0.0
17037622.0, 7118450.0, 1, 0.0
17037622.0, 7118450.0, 1, 0.0
17037622.0, 7118450.0, 1, 0.0
17037622.0, 7118450.0, 1, 0.0
17037622.0, 7118450.0, 1, 0.0
17037622.0, 7118450.0, 1, 0.0
17037622.0, 7118450.0, 1, 0.0
20403708.0, 6731316.0, 2, inf
15383006.0, 10476598.0, 2, inf
17981720.0, 6779830.0, 2, 0.6215654955
15804256.0, 9530108.0, 2, 0.311516005065
16416920.0, 8451260.0, 2, 0.250666260503
16774458.0, 8440900.0, 2, 0.208923763464
15684208.0, 10015072.0, 2, 0.206656408034
16123752.0, 9123364.0, 2, 0.190524073215
17558258.0, 6936640.0, 2, 0.181541148319
16861736.0, 8000600.0, 2, 0.120747270087
17027528.0, 7319250.0, 2, 0.120272534134
16861736.0, 8000600.0, 2, 0.118613285166
16068170.0, 9134780.0, 2, 0.116624163942
16867018.0, 7613474.0, 2, 0.115928023695
16930100.0, 7585674.0, 2, 0.110528203421
15575722.0, 10189252.0, 2, 0.0881830737596
17283788.0, 6939118.0, 2, 0.0750719920897
17096124.0, 7259068.0, 2, 0.071137307945
15633264.0, 10176540.0, 2, 0.0681142467248
16123752.0, 9123364.0, 2, 0.0614399360335
16416920.0, 8451260.0, 2, 0.0611579812969
16068170.0, 9134780.0, 2, 0.0556132607997
17117732.0, 7120110.0, 2, 0.0545439427016
15575722.0, 10189252.0, 2, 0.0417784106964
17197514.0, 7015538.0, 2, 0.0399157194414
17157642.0, 7100676.0, 2, 0.0306811542351
17197514.0, 7015538.0, 2, 0.0283458569795
17283788.0, 6939118.0, 2, 0.0178452852257
17157642.0, 7100676.0, 2, 0.0131304472987
16867018.0, 7613474.0, 2, 0.00847471616099
17157642.0, 7100676.0, 2, 0.0
17197514.0, 7015538.0, 2, 0.0
17197514.0, 7015538.0, 2, 0.0
16416920.0, 8451260.0, 2, 0.0
16416920.0, 8451260.0, 2, 0.0
16867018.0, 7613474.0, 2, 0.0
18833432.0, 6818830.0, 3, inf
15713978.0, 10218620.0, 3, inf
Generacion: 81
22878922.0, 6350440.0, 1, inf
15251506.0, 10450084.0, 1, inf
20608224.0, 6361654.0, 1, 0.455665910642
18154450.0, 6614188.0, 1, 0.212740975339
19411090.0, 6583404.0, 1, 0.194922882833
19720838.0, 6521076.0, 1, 0.18838061767
16315214.0, 8836554.0, 1, 0.179580529558
15958630.0, 9206666.0, 1, 0.153407826581
15438592.0, 10198152.0, 1, 0.140564624353
16316918.0, 8338366.0, 1, 0.137748907052
15603204.0, 9972904.0, 1, 0.134289769936
16759046.0, 8031182.0, 1, 0.113376045123
16800464.0, 7596510.0, 1, 0.108002272406
15750668.0, 9545264.0, 1, 0.106600082646
16815532.0, 7450386.0, 1, 0.0791242214631
15821712.0, 9488834.0, 1, 0.0758531479641
16440704.0, 8320016.0, 1, 0.0721378437555
15307054.0, 10433632.0, 1, 0.0647218098122
15999702.0, 8955584.0, 1, 0.0644571892442
17025916.0, 7313618.0, 1, 0.0632095342723
15545662.0, 9985616.0, 1, 0.0593866516674
17714990.0, 6829308.0, 1, 0.0571775313928
19512472.0, 6544994.0, 1, 0.0558130925113
17037622.0, 7118450.0, 1, 0.0529953280457
17321632.0, 6852856.0, 1, 0.0502523256869
16702990.0, 8166506.0, 1, 0.0489163351522
16581656.0, 8184920.0, 1, 0.0488607205671
16024204.0, 8917252.0, 1, 0.0475032371333
17852368.0, 6821194.0, 1, 0.0453731577374
16906902.0, 7329338.0, 1, 0.0451299156518
16800464.0, 7596510.0, 1, 0.0410732431605
17442302.0, 6835196.0, 1, 0.0400587239599
16759046.0, 8031182.0, 1, 0.0384388680781
17161722.0, 6955492.0, 1, 0.0336394371186
17251450.0, 6938632.0, 1, 0.0326866714638
17899764.0, 6742608.0, 1, 0.031013097517
15750668.0, 9545264.0, 1, 0.0294011185831
17132118.0, 7045174.0, 1, 0.0288753073006
18016714.0, 6706106.0, 1, 0.0259097018395
18016714.0, 6706106.0, 1, 0.0237097262242
17078728.0, 7050656.0, 1, 0.0235363071338
16581656.0, 8184920.0, 1, 0.0229712623886
16024204.0, 8917252.0, 1, 0.0228965073898
15821712.0, 9488834.0, 1, 0.0216476776359
15307054.0, 10433632.0, 1, 0.0212584523673
17037622.0, 7118450.0, 1, 0.0180712846412
17990104.0, 6729276.0, 1, 0.0174958262612
17442302.0, 6835196.0, 1, 0.0172567832539
15545662.0, 9985616.0, 1, 0.0171382764319
15768124.0, 9503990.0, 1, 0.0170934117529
16906902.0, 7329338.0, 1, 0.0158136344814
15999702.0, 8955584.0, 1, 0.014734865774
17251450.0, 6938632.0, 1, 0.0133138334846
16702990.0, 8166506.0, 1, 0.011840887436
17899764.0, 6742608.0, 1, 0.00946588964793
17161722.0, 6955492.0, 1, 0.00799381422772
17990104.0, 6729276.0, 1, 0.00674072033765
17078728.0, 7050656.0, 1, 0.0067264325026
15768124.0, 9503990.0, 1, 0.00598549269673
17025916.0, 7313618.0, 1, 0.00536920611928
17132118.0, 7045174.0, 1, 0.00521845129376
16316918.0, 8338366.0, 1, 0.0046994030273
17037622.0, 7118450.0, 1, 0.0
17037622.0, 7118450.0, 1, 0.0
17037622.0, 7118450.0, 1, 0.0
17037622.0, 7118450.0, 1, 0.0
17037622.0, 7118450.0, 1, 0.0
17078728.0, 7050656.0, 1, 0.0
17132118.0, 7045174.0, 1, 0.0
17132118.0, 7045174.0, 1, 0.0
17132118.0, 7045174.0, 1, 0.0
17132118.0, 7045174.0, 1, 0.0
17132118.0, 7045174.0, 1, 0.0
17161722.0, 6955492.0, 1, 0.0
17161722.0, 6955492.0, 1, 0.0
17251450.0, 6938632.0, 1, 0.0
17251450.0, 6938632.0, 1, 0.0
17251450.0, 6938632.0, 1, 0.0
17899764.0, 6742608.0, 1, 0.0
17990104.0, 6729276.0, 1, 0.0
15307054.0, 10433632.0, 1, 0.0
15545662.0, 9985616.0, 1, 0.0
15750668.0, 9545264.0, 1, 0.0
15768124.0, 9503990.0, 1, 0.0
15768124.0, 9503990.0, 1, 0.0
15768124.0, 9503990.0, 1, 0.0
15821712.0, 9488834.0, 1, 0.0
16024204.0, 8917252.0, 1, 0.0
16316918.0, 8338366.0, 1, 0.0
16316918.0, 8338366.0, 1, 0.0
16316918.0, 8338366.0, 1, 0.0
16316918.0, 8338366.0, 1, 0.0
16581656.0, 8184920.0, 1, 0.0
16581656.0, 8184920.0, 1, 0.0
16581656.0, 8184920.0, 1, 0.0
16702990.0, 8166506.0, 1, 0.0
16702990.0, 8166506.0, 1, 0.0
16702990.0, 8166506.0, 1, 0.0
16702990.0, 8166506.0, 1, 0.0
16759046.0, 8031182.0, 1, 0.0
16906902.0, 7329338.0, 1, 0.0
16906902.0, 7329338.0, 1, 0.0
17037622.0, 7118450.0, 1, 0.0
17037622.0, 7118450.0, 1, 0.0
17037622.0, 7118450.0, 1, 0.0
17037622.0, 7118450.0, 1, 0.0
17037622.0, 7118450.0, 1, 0.0
17037622.0, 7118450.0, 1, 0.0
17037622.0, 7118450.0, 1, 0.0
20041406.0, 6523414.0, 2, inf
15383006.0, 10476598.0, 2, inf
19223126.0, 6696958.0, 2, 0.461695859874
15877042.0, 9939336.0, 2, 0.334986020985
16055284.0, 8944168.0, 2, 0.329369291845
16842956.0, 7831434.0, 2, 0.328076763724
18110570.0, 6710048.0, 2, 0.267764598593
16416920.0, 8451260.0, 2, 0.234422535002
16416920.0, 8451260.0, 2, 0.216141764135
16919478.0, 7580790.0, 2, 0.199132632994
16055284.0, 8944168.0, 2, 0.162948822352
17283788.0, 6939118.0, 2, 0.160385003953
17708820.0, 6934382.0, 2, 0.153497545932
17157642.0, 7100676.0, 2, 0.121219836857
15575722.0, 10189252.0, 2, 0.0959754848334
17096124.0, 7259068.0, 2, 0.0945888284519
15575722.0, 10189252.0, 2, 0.0854302552228
15684208.0, 10015072.0, 2, 0.0829168853571
17907110.0, 6824440.0, 2, 0.0819301185568
17096124.0, 7259068.0, 2, 0.0779868301632
15741750.0, 10002360.0, 2, 0.0605531274357
18110570.0, 6710048.0, 2, 0.0469871951647
17865480.0, 6825946.0, 2, 0.0363665859386
17865480.0, 6825946.0, 2, 0.0340105311265
21040256.0, 6524266.0, 3, inf
15710310.0, 10237232.0, 3, inf
16068170.0, 9134780.0, 3, 0.818725822854
16881030.0, 8012882.0, 3, 0.577108875878
19318150.0, 6754812.0, 3, 0.51017800326
16921072.0, 7586146.0, 3, 0.355385904224
17318184.0, 6997878.0, 3, 0.300840478552
17780002.0, 6977390.0, 3, 0.292970134372
20047668.0, 6662826.0, 3, 0.211002792419
20047668.0, 6662826.0, 3, 0.174189430259
17674036.0, 6993668.0, 3, 0.0921638665549
17780002.0, 6977390.0, 3, 0.0798273975607
15817208.0, 10309052.0, 4, inf
20190190.0, 6764246.0, 4, inf
17217780.0, 8362796.0, 4, 0.848832631078
17643916.0, 7219206.0, 4, 0.641956995501
19437674.0, 7147000.0, 4, 0.488720098011
Generacion: 82
15251506.0, 10450084.0, 1, inf
22077460.0, 6196730.0, 1, inf
20608224.0, 6361654.0, 1, 0.457649745319
19512472.0, 6544994.0, 1, 0.396612668031
18275566.0, 6595074.0, 1, 0.266352686246
15438592.0, 10198152.0, 1, 0.152294166406
16316918.0, 8338366.0, 1, 0.135262879004
15603204.0, 9972904.0, 1, 0.133563842529
16315214.0, 8836554.0, 1, 0.125361552391
16740512.0, 7780098.0, 1, 0.116105251904
17321632.0, 6852856.0, 1, 0.110992311639
17852368.0, 6821194.0, 1, 0.110616396733
15750668.0, 9545264.0, 1, 0.103099129441
15821712.0, 9488834.0, 1, 0.097812487997
16726454.0, 8044230.0, 1, 0.0963447950098
15958630.0, 9206666.0, 1, 0.0790899729994
16815532.0, 7450386.0, 1, 0.0784075600751
15999702.0, 8955584.0, 1, 0.0776502825468
16440704.0, 8320016.0, 1, 0.0748604997841
15958630.0, 9206666.0, 1, 0.0723571509247
16024204.0, 8917252.0, 1, 0.0633676821794
16906902.0, 7329338.0, 1, 0.0629672520032
16259014.0, 8847640.0, 1, 0.0616056604321
15545662.0, 9985616.0, 1, 0.0583989201406
17037622.0, 7118450.0, 1, 0.0556035926524
16906902.0, 7329338.0, 1, 0.0476098595469
16800464.0, 7596510.0, 1, 0.0453705701662
17990104.0, 6729276.0, 1, 0.0449545559732
17990104.0, 6729276.0, 1, 0.0447868211242
16800464.0, 7596510.0, 1, 0.0431379536268
16702990.0, 8166506.0, 1, 0.0416855219253
16581656.0, 8184920.0, 1, 0.0366002331758
17037622.0, 7118450.0, 1, 0.0350893874677
17161722.0, 6955492.0, 1, 0.0322043321264
17899764.0, 6742608.0, 1, 0.0317110225897
15750668.0, 9545264.0, 1, 0.0313072984995
17281742.0, 6937718.0, 1, 0.0304483129245
17132118.0, 7045174.0, 1, 0.0289066245825
16581656.0, 8184920.0, 1, 0.024817426138
17078728.0, 7050656.0, 1, 0.0237605680822
16614680.0, 8167192.0, 1, 0.0221046801189
15545662.0, 9985616.0, 1, 0.0186744197462
15768124.0, 9503990.0, 1, 0.0175544955946
17237622.0, 6948220.0, 1, 0.0171090528617
17899764.0, 6742608.0, 1, 0.0100779658292
17078728.0, 7050656.0, 1, 0.00731088059507
17251450.0, 6938632.0, 1, 0.00669198898802
15768124.0, 9503990.0, 1, 0.00612060378809
17161722.0, 6955492.0, 1, 0.00604668575507
17132118.0, 7045174.0, 1, 0.00562584140494
16316918.0, 8338366.0, 1, 0.00456387779584
16702990.0, 8166506.0, 1, 0.00359875271067
16315214.0, 8836554.0, 1, 0.00285604910347
17251450.0, 6938632.0, 1, 0.00224068665767
16906902.0, 7329338.0, 1, 0.0
17037622.0, 7118450.0, 1, 0.0
17037622.0, 7118450.0, 1, 0.0
17037622.0, 7118450.0, 1, 0.0
17037622.0, 7118450.0, 1, 0.0
17037622.0, 7118450.0, 1, 0.0
17078728.0, 7050656.0, 1, 0.0
17078728.0, 7050656.0, 1, 0.0
17078728.0, 7050656.0, 1, 0.0
17132118.0, 7045174.0, 1, 0.0
17132118.0, 7045174.0, 1, 0.0
17132118.0, 7045174.0, 1, 0.0
17132118.0, 7045174.0, 1, 0.0
17161722.0, 6955492.0, 1, 0.0
17161722.0, 6955492.0, 1, 0.0
17161722.0, 6955492.0, 1, 0.0
17161722.0, 6955492.0, 1, 0.0
17251450.0, 6938632.0, 1, 0.0
17251450.0, 6938632.0, 1, 0.0
17990104.0, 6729276.0, 1, 0.0
17990104.0, 6729276.0, 1, 0.0
17990104.0, 6729276.0, 1, 0.0
17990104.0, 6729276.0, 1, 0.0
15545662.0, 9985616.0, 1, 0.0
15545662.0, 9985616.0, 1, 0.0
15750668.0, 9545264.0, 1, 0.0
16316918.0, 8338366.0, 1, 0.0
16316918.0, 8338366.0, 1, 0.0
16316918.0, 8338366.0, 1, 0.0
16581656.0, 8184920.0, 1, 0.0
16581656.0, 8184920.0, 1, 0.0
16581656.0, 8184920.0, 1, 0.0
16581656.0, 8184920.0, 1, 0.0
16581656.0, 8184920.0, 1, 0.0
16581656.0, 8184920.0, 1, 0.0
16581656.0, 8184920.0, 1, 0.0
16581656.0, 8184920.0, 1, 0.0
16581656.0, 8184920.0, 1, 0.0
16581656.0, 8184920.0, 1, 0.0
16702990.0, 8166506.0, 1, 0.0
16702990.0, 8166506.0, 1, 0.0
16702990.0, 8166506.0, 1, 0.0
16702990.0, 8166506.0, 1, 0.0
16800464.0, 7596510.0, 1, 0.0
16906902.0, 7329338.0, 1, 0.0
15383006.0, 10476598.0, 2, inf
21013956.0, 6414454.0, 2, inf
15383006.0, 10476598.0, 2, inf
19895244.0, 6704686.0, 2, 0.3956950634
17377398.0, 6925930.0, 2, 0.3858201427
16919478.0, 7580790.0, 2, 0.381898960465
17981720.0, 6779830.0, 2, 0.375788816334
16055284.0, 8944168.0, 2, 0.243958176164
20861794.0, 6458418.0, 2, 0.232746096569
20047668.0, 6662826.0, 2, 0.232274672049
16416920.0, 8451260.0, 2, 0.182099964677
16759046.0, 8031182.0, 2, 0.171633570576
16416920.0, 8451260.0, 2, 0.167635788411
15575722.0, 10189252.0, 2, 0.167106797511
15804256.0, 9530108.0, 2, 0.161954876458
15684208.0, 10015072.0, 2, 0.138652236583
16759046.0, 8031182.0, 2, 0.131903984719
17981720.0, 6779830.0, 2, 0.125820105587
15804256.0, 9530108.0, 2, 0.109181291904
16043958.0, 9173200.0, 2, 0.0989507092002
16043958.0, 9173200.0, 2, 0.08987335985
15684208.0, 10015072.0, 2, 0.0641981499967
16416920.0, 8451260.0, 2, 0.0
16759046.0, 8031182.0, 2, 0.0
23072834.0, 6421048.0, 3, inf
15845642.0, 9713900.0, 3, inf
18801116.0, 6934860.0, 3, 0.928624036012
17329122.0, 8210590.0, 3, 0.59181729857
17607792.0, 6988888.0, 3, 0.59109843321
16068170.0, 9134780.0, 3, 0.479558665419
16638052.0, 8495822.0, 3, 0.455138809017
17663320.0, 7030636.0, 4, inf
15877042.0, 9939336.0, 4, inf
16071060.0, 9515870.0, 4, 1.79711595492
17619522.0, 7549446.0, 4, 1.74579820721
19186558.0, 7137878.0, 5, inf
16319140.0, 9897128.0, 5, inf
17874486.0, 7389140.0, 5, 1.66897141686
16910962.0, 9553234.0, 5, 1.45135869199
16345974.0, 10040148.0, 6, inf
21394416.0, 7138710.0, 6, inf
18542566.0, 7411724.0, 6, 1.25392255074
18433896.0, 9075420.0, 6, 0.835309227856
18081750.0, 9570482.0, 6, 0.306174177183
17194974.0, 10008104.0, 6, 0.298806678583
17817318.0, 9609406.0, 6, 0.20689094222
17477112.0, 9823266.0, 6, 0.131093967211
17477112.0, 9823266.0, 6, 0.129594431046
16877442.0, 10345312.0, 7, inf
21060088.0, 7799720.0, 7, inf
18519500.0, 10130358.0, 7, 0.900842686217
Generacion: 83
15251506.0, 10450084.0, 1, inf
22589104.0, 6354074.0, 1, inf
15251506.0, 10450084.0, 1, inf
20608224.0, 6361654.0, 1, 0.465908101402
19512472.0, 6544994.0, 1, 0.37489201671
18275566.0, 6595074.0, 1, 0.201970212548
16316918.0, 8338366.0, 1, 0.145249259332
15545662.0, 9985616.0, 1, 0.135449314607
15707486.0, 9963728.0, 1, 0.135446665801
16315214.0, 8836554.0, 1, 0.129286814946
16740512.0, 7780098.0, 1, 0.119392780787
17403102.0, 6832300.0, 1, 0.11594656525
15750668.0, 9545264.0, 1, 0.104542793228
15895168.0, 9198760.0, 1, 0.0988208867385
15796682.0, 9503844.0, 1, 0.0918329739125
15950770.0, 9185088.0, 1, 0.0736153471439
16490244.0, 8185428.0, 1, 0.0735419652876
17899764.0, 6742608.0, 1, 0.0709421480036
16726454.0, 8044230.0, 1, 0.0676829708391
16906902.0, 7329338.0, 1, 0.0639385063001
15999702.0, 8955584.0, 1, 0.0593703531037
17037622.0, 7118450.0, 1, 0.0570883081835
18073090.0, 6658782.0, 1, 0.0504953804996
16815532.0, 7450386.0, 1, 0.0481270214649
16906902.0, 7329338.0, 1, 0.0473677564833
16800464.0, 7596510.0, 1, 0.0468747126857
16702990.0, 8166506.0, 1, 0.0463883952407
15545662.0, 9985616.0, 1, 0.0454326052728
16800464.0, 7596510.0, 1, 0.0438452387888
18154450.0, 6614188.0, 1, 0.0431479892518
17377398.0, 6925930.0, 1, 0.0422762260264
16164472.0, 8852458.0, 1, 0.0386339501273
16316918.0, 8338366.0, 1, 0.0375705163332
16079786.0, 8905836.0, 1, 0.0349351465624
17037622.0, 7118450.0, 1, 0.0343663233813
17899764.0, 6742608.0, 1, 0.0342093384386
17161722.0, 6955492.0, 1, 0.0322389505796
16726454.0, 8044230.0, 1, 0.0317683520058
16815532.0, 7450386.0, 1, 0.0316061952749
17990104.0, 6729276.0, 1, 0.0295223381628
17132118.0, 7045174.0, 1, 0.0291711891677
17078728.0, 7050656.0, 1, 0.023827452214
17281742.0, 6937718.0, 1, 0.020265811841
16581656.0, 8184920.0, 1, 0.016953622311
16024204.0, 8917252.0, 1, 0.0169333340436
16581656.0, 8184920.0, 1, 0.0166599521949
15768124.0, 9503990.0, 1, 0.0163832694975
17237622.0, 6948220.0, 1, 0.0163447258087
15999702.0, 8955584.0, 1, 0.0160270429113
15750668.0, 9545264.0, 1, 0.0159616676869
16259014.0, 8847640.0, 1, 0.0155911342907
17990104.0, 6729276.0, 1, 0.0145645704912
16259014.0, 8847640.0, 1, 0.00883544886055
16702990.0, 8166506.0, 1, 0.0076933712043
17078728.0, 7050656.0, 1, 0.00694048139596
17251450.0, 6938632.0, 1, 0.00646914106086
16024204.0, 8917252.0, 1, 0.00612634246895
17161722.0, 6955492.0, 1, 0.00580994909981
17132118.0, 7045174.0, 1, 0.00537293844798
16315214.0, 8836554.0, 1, 0.00293876494588
17251450.0, 6938632.0, 1, 0.00210768440419
17161722.0, 6955492.0, 1, 0.0
17251450.0, 6938632.0, 1, 0.0
17251450.0, 6938632.0, 1, 0.0
17251450.0, 6938632.0, 1, 0.0
17899764.0, 6742608.0, 1, 0.0
17899764.0, 6742608.0, 1, 0.0
17990104.0, 6729276.0, 1, 0.0
17990104.0, 6729276.0, 1, 0.0
17990104.0, 6729276.0, 1, 0.0
17990104.0, 6729276.0, 1, 0.0
17990104.0, 6729276.0, 1, 0.0
17990104.0, 6729276.0, 1, 0.0
17990104.0, 6729276.0, 1, 0.0
16259014.0, 8847640.0, 1, 0.0
16259014.0, 8847640.0, 1, 0.0
16316918.0, 8338366.0, 1, 0.0
16316918.0, 8338366.0, 1, 0.0
16316918.0, 8338366.0, 1, 0.0
16581656.0, 8184920.0, 1, 0.0
16581656.0, 8184920.0, 1, 0.0
16581656.0, 8184920.0, 1, 0.0
16581656.0, 8184920.0, 1, 0.0
16581656.0, 8184920.0, 1, 0.0
16581656.0, 8184920.0, 1, 0.0
16581656.0, 8184920.0, 1, 0.0
16581656.0, 8184920.0, 1, 0.0
16581656.0, 8184920.0, 1, 0.0
16581656.0, 8184920.0, 1, 0.0
16581656.0, 8184920.0, 1, 0.0
16726454.0, 8044230.0, 1, 0.0
16906902.0, 7329338.0, 1, 0.0
16906902.0, 7329338.0, 1, 0.0
16906902.0, 7329338.0, 1, 0.0
17037622.0, 7118450.0, 1, 0.0
17037622.0, 7118450.0, 1, 0.0
17037622.0, 7118450.0, 1, 0.0
17078728.0, 7050656.0, 1, 0.0
17078728.0, 7050656.0, 1, 0.0
17078728.0, 7050656.0, 1, 0.0
17078728.0, 7050656.0, 1, 0.0
17078728.0, 7050656.0, 1, 0.0
17078728.0, 7050656.0, 1, 0.0
17078728.0, 7050656.0, 1, 0.0
17078728.0, 7050656.0, 1, 0.0
17078728.0, 7050656.0, 1, 0.0
17078728.0, 7050656.0, 1, 0.0
17078728.0, 7050656.0, 1, 0.0
17132118.0, 7045174.0, 1, 0.0
17132118.0, 7045174.0, 1, 0.0
17161722.0, 6955492.0, 1, 0.0
17161722.0, 6955492.0, 1, 0.0
17161722.0, 6955492.0, 1, 0.0
20893298.0, 6435298.0, 2, inf
15383006.0, 10476598.0, 2, inf
15383006.0, 10476598.0, 2, inf
19365494.0, 6649922.0, 2, 0.515631389997
20700132.0, 6525436.0, 2, 0.330371372812
18110570.0, 6710048.0, 2, 0.307849095035
17283788.0, 6939118.0, 2, 0.254723174002
15845642.0, 9713900.0, 2, 0.251635834456
15735636.0, 10060056.0, 2, 0.191800240045
16359180.0, 9054082.0, 2, 0.172586214357
16416920.0, 8451260.0, 2, 0.171629875813
15715376.0, 10393484.0, 2, 0.167066082684
16540706.0, 8432910.0, 2, 0.166034797594
17907110.0, 6824440.0, 2, 0.141425338315
15958630.0, 9206666.0, 2, 0.140997787362
16919478.0, 7580790.0, 2, 0.129273871302
17096124.0, 7259068.0, 2, 0.113665539148
17096124.0, 7259068.0, 2, 0.11122753532
16759046.0, 8031182.0, 2, 0.109935750268
16043958.0, 9173200.0, 2, 0.0975051419204
16302980.0, 9065168.0, 2, 0.0866812116827
16759046.0, 8031182.0, 2, 0.076672508944
16867018.0, 7613474.0, 2, 0.0759077412732
16842956.0, 7831434.0, 2, 0.0753758278694
17907110.0, 6824440.0, 2, 0.0653001455935
16817070.0, 7881458.0, 2, 0.064654537778
15958630.0, 9206666.0, 2, 0.0287859011511
16416920.0, 8451260.0, 2, 0.0150191916672
15921534.0, 10157320.0, 3, inf
20047668.0, 6662826.0, 3, inf
17063678.0, 7768634.0, 3, 0.896390915405
18716230.0, 6721054.0, 3, 0.756514612937
16277708.0, 9297550.0, 3, 0.645826613842
17378546.0, 7097436.0, 3, 0.516270920787
20015278.0, 6686894.0, 3, 0.33934692405
16253732.0, 9339514.0, 3, 0.332357102169
17378546.0, 7097436.0, 3, 0.184017810894
Generacion: 84
15251506.0, 10450084.0, 1, inf
22582922.0, 6194986.0, 1, inf
20608224.0, 6361654.0, 1, 0.501063381178
19512472.0, 6544994.0, 1, 0.28821616511
18887078.0, 6589102.0, 1, 0.201494683363
15860506.0, 9129552.0, 1, 0.149597974048
15416244.0, 10333618.0, 1, 0.149278324892
16316918.0, 8338366.0, 1, 0.140721809487
18154450.0, 6614188.0, 1, 0.134338933726
16315214.0, 8836554.0, 1, 0.127583675046
16740512.0, 7780098.0, 1, 0.115314580354
15707486.0, 9963728.0, 1, 0.115077049891
15750668.0, 9545264.0, 1, 0.100725137102
15821712.0, 9488834.0, 1, 0.100598343232
15545662.0, 9985616.0, 1, 0.0959244172399
17403102.0, 6832300.0, 1, 0.0925188659631
16815532.0, 7450386.0, 1, 0.0773067516701
16490244.0, 8185428.0, 1, 0.0721717616333
17899764.0, 6742608.0, 1, 0.070877531263
16726454.0, 8044230.0, 1, 0.0652747191405
16906902.0, 7329338.0, 1, 0.0620240596097
17037622.0, 7118450.0, 1, 0.0551680852659
16702990.0, 8166506.0, 1, 0.0528142139651
18110570.0, 6710048.0, 1, 0.0494637647615
16164472.0, 8852458.0, 1, 0.0483875895117
16906902.0, 7329338.0, 1, 0.0462778747404
17281742.0, 6937718.0, 1, 0.0456745451232
16800464.0, 7596510.0, 1, 0.0452006868986
15999702.0, 8955584.0, 1, 0.0442266603867
16800464.0, 7596510.0, 1, 0.0425183354463
17403102.0, 6832300.0, 1, 0.0376321343365
16316918.0, 8338366.0, 1, 0.036174722326
17037622.0, 7118450.0, 1, 0.0337625343182
17899764.0, 6742608.0, 1, 0.0334010280946
17161722.0, 6955492.0, 1, 0.0333152016017
16726454.0, 8044230.0, 1, 0.0306538547677
17132118.0, 7045174.0, 1, 0.0283587238899
16024204.0, 8917252.0, 1, 0.0281409449844
15999702.0, 8955584.0, 1, 0.0279947249363
15649326.0, 9976110.0, 1, 0.0272166274244
17078728.0, 7050656.0, 1, 0.023214776559
15768124.0, 9503990.0, 1, 0.0229520909809
15545662.0, 9985616.0, 1, 0.019886550526
17990104.0, 6729276.0, 1, 0.0195646607343
16024204.0, 8917252.0, 1, 0.0185694369808
17990104.0, 6729276.0, 1, 0.0168411274765
16581656.0, 8184920.0, 1, 0.0167960475828
16581656.0, 8184920.0, 1, 0.0166692586984
15750668.0, 9545264.0, 1, 0.0155898886148
16259014.0, 8847640.0, 1, 0.0155008078862
17251450.0, 6938632.0, 1, 0.0124536374262
16259014.0, 8847640.0, 1, 0.00879792942526
17251450.0, 6938632.0, 1, 0.00809411347363
17161722.0, 6955492.0, 1, 0.00800027075621
17078728.0, 7050656.0, 1, 0.00689516652231
17132118.0, 7045174.0, 1, 0.00532630179004
17899764.0, 6742608.0, 1, 0.0
17899764.0, 6742608.0, 1, 0.0
17899764.0, 6742608.0, 1, 0.0
17990104.0, 6729276.0, 1, 0.0
17990104.0, 6729276.0, 1, 0.0
17990104.0, 6729276.0, 1, 0.0
17990104.0, 6729276.0, 1, 0.0
17990104.0, 6729276.0, 1, 0.0
17990104.0, 6729276.0, 1, 0.0
17990104.0, 6729276.0, 1, 0.0
15545662.0, 9985616.0, 1, 0.0
15999702.0, 8955584.0, 1, 0.0
16259014.0, 8847640.0, 1, 0.0
16259014.0, 8847640.0, 1, 0.0
16316918.0, 8338366.0, 1, 0.0
16316918.0, 8338366.0, 1, 0.0
16581656.0, 8184920.0, 1, 0.0
16581656.0, 8184920.0, 1, 0.0
16581656.0, 8184920.0, 1, 0.0
16581656.0, 8184920.0, 1, 0.0
16581656.0, 8184920.0, 1, 0.0
16581656.0, 8184920.0, 1, 0.0
16581656.0, 8184920.0, 1, 0.0
16800464.0, 7596510.0, 1, 0.0
16906902.0, 7329338.0, 1, 0.0
16906902.0, 7329338.0, 1, 0.0
16906902.0, 7329338.0, 1, 0.0
16906902.0, 7329338.0, 1, 0.0
17037622.0, 7118450.0, 1, 0.0
17037622.0, 7118450.0, 1, 0.0
17037622.0, 7118450.0, 1, 0.0
17037622.0, 7118450.0, 1, 0.0
17037622.0, 7118450.0, 1, 0.0
17037622.0, 7118450.0, 1, 0.0
17078728.0, 7050656.0, 1, 0.0
17078728.0, 7050656.0, 1, 0.0
17078728.0, 7050656.0, 1, 0.0
17078728.0, 7050656.0, 1, 0.0
17078728.0, 7050656.0, 1, 0.0
17078728.0, 7050656.0, 1, 0.0
17078728.0, 7050656.0, 1, 0.0
17078728.0, 7050656.0, 1, 0.0
17078728.0, 7050656.0, 1, 0.0
17078728.0, 7050656.0, 1, 0.0
17078728.0, 7050656.0, 1, 0.0
17078728.0, 7050656.0, 1, 0.0
17078728.0, 7050656.0, 1, 0.0
17078728.0, 7050656.0, 1, 0.0
17132118.0, 7045174.0, 1, 0.0
17132118.0, 7045174.0, 1, 0.0
17132118.0, 7045174.0, 1, 0.0
17161722.0, 6955492.0, 1, 0.0
17251450.0, 6938632.0, 1, 0.0
17251450.0, 6938632.0, 1, 0.0
15684208.0, 10015072.0, 2, inf
15684208.0, 10015072.0, 2, inf
22589104.0, 6354074.0, 2, inf
20893298.0, 6435298.0, 2, 0.350258805703
17907110.0, 6824440.0, 2, 0.339723187943
19895244.0, 6704686.0, 2, 0.33129737351
16774458.0, 8440900.0, 2, 0.311165367857
15870312.0, 9239438.0, 2, 0.260558848801
16270908.0, 8885468.0, 2, 0.257984069408
20532442.0, 6545922.0, 2, 0.218126158795
17096124.0, 7259068.0, 2, 0.153054464077
17797026.0, 6835930.0, 2, 0.148786773385
16820346.0, 8037606.0, 2, 0.140508114063
17209102.0, 6999062.0, 2, 0.140105199658
17017230.0, 7682524.0, 2, 0.131813334915
19895244.0, 6704686.0, 2, 0.124992808736
16905740.0, 7893144.0, 2, 0.101801358069
16179880.0, 9070132.0, 2, 0.097460948541
17150232.0, 7192710.0, 2, 0.0769827331591
17017230.0, 7682524.0, 2, 0.0689565664271
17201200.0, 7032946.0, 2, 0.0614207007949
16841998.0, 7962310.0, 2, 0.0518268987361
15958630.0, 9206666.0, 2, 0.0488158131976
16068170.0, 9134780.0, 2, 0.0422631620548
16037996.0, 9149630.0, 2, 0.0354997351116
16028246.0, 9482156.0, 3, inf
19422834.0, 6976016.0, 3, inf
16359180.0, 9054082.0, 3, 0.794191401438
16861736.0, 8000600.0, 3, 0.691995946873
17516422.0, 7109936.0, 3, 0.661738844692
17019298.0, 7807192.0, 3, 0.501555718503
17443420.0, 7173074.0, 3, 0.274531176732
16092458.0, 9423016.0, 3, 0.268298798915
17443420.0, 7173074.0, 3, 0.150133966002
17177106.0, 9492428.0, 4, inf
17177106.0, 9492428.0, 4, inf
19186558.0, 7137878.0, 4, inf
17658646.0, 9348692.0, 4, 1.24033645772
17874486.0, 7389140.0, 4, 1.00982819006
17999486.0, 7370376.0, 4, 0.759663542279
Generacion: 85
20435398.0, 6314786.0, 1, inf
15251506.0, 10450084.0, 1, inf
18833578.0, 6519020.0, 1, 0.386038828616
15403798.0, 10238540.0, 1, 0.169062140814
15750668.0, 9545264.0, 1, 0.159381148419
16316918.0, 8338366.0, 1, 0.156588410207
18712580.0, 6536844.0, 1, 0.154020936206
18154450.0, 6614188.0, 1, 0.147264944921
16259014.0, 8847640.0, 1, 0.141390562721
15545662.0, 9985616.0, 1, 0.13385246979
16740512.0, 7780098.0, 1, 0.122544810471
17529700.0, 6819712.0, 1, 0.117498076951
15860506.0, 9129552.0, 1, 0.117398439427
15545662.0, 9985616.0, 1, 0.100708952923
16800464.0, 7596510.0, 1, 0.0942028863617
15768124.0, 9503990.0, 1, 0.093914153875
16490244.0, 8185428.0, 1, 0.0881757457326
16815532.0, 7450386.0, 1, 0.085140126973
17403102.0, 6832300.0, 1, 0.0763686756032
17899764.0, 6742608.0, 1, 0.0746112411584
16906902.0, 7329338.0, 1, 0.0686228032787
16726454.0, 8044230.0, 1, 0.0683988720302
16164472.0, 8852458.0, 1, 0.0621296940648
16702990.0, 8166506.0, 1, 0.0619540268142
15860506.0, 9129552.0, 1, 0.0598900090175
17037622.0, 7118450.0, 1, 0.0589266136204
16024204.0, 8917252.0, 1, 0.0567229837295
16906902.0, 7329338.0, 1, 0.054488467588
18063094.0, 6627720.0, 1, 0.0514965646411
16316918.0, 8338366.0, 1, 0.0481535357103
15999702.0, 8955584.0, 1, 0.0467956004148
17037622.0, 7118450.0, 1, 0.0416105564919
17161722.0, 6955492.0, 1, 0.0389959523471
18023550.0, 6722720.0, 1, 0.0386384813204
15999702.0, 8955584.0, 1, 0.0361211046378
17899764.0, 6742608.0, 1, 0.0360723915962
16726454.0, 8044230.0, 1, 0.0322807105371
17132118.0, 7045174.0, 1, 0.0319861612481
17281742.0, 6937718.0, 1, 0.0313357237393
15768124.0, 9503990.0, 1, 0.0278018741358
17078728.0, 7050656.0, 1, 0.0266931932443
17281742.0, 6937718.0, 1, 0.0236320055305
16581656.0, 8184920.0, 1, 0.0235288108542
16581656.0, 8184920.0, 1, 0.0220867384703
17990104.0, 6729276.0, 1, 0.0190124360621
17251450.0, 6938632.0, 1, 0.0175300265541
16259014.0, 8847640.0, 1, 0.0123350771615
17251450.0, 6938632.0, 1, 0.00992058025989
17161722.0, 6955492.0, 1, 0.00978786144553
17990104.0, 6729276.0, 1, 0.00967586056017
17078728.0, 7050656.0, 1, 0.00925522355373
17132118.0, 7045174.0, 1, 0.00703642732881
16316918.0, 8338366.0, 1, 0.0
16581656.0, 8184920.0, 1, 0.0
16581656.0, 8184920.0, 1, 0.0
16581656.0, 8184920.0, 1, 0.0
16581656.0, 8184920.0, 1, 0.0
16906902.0, 7329338.0, 1, 0.0
17037622.0, 7118450.0, 1, 0.0
17037622.0, 7118450.0, 1, 0.0
17037622.0, 7118450.0, 1, 0.0
17037622.0, 7118450.0, 1, 0.0
17037622.0, 7118450.0, 1, 0.0
17037622.0, 7118450.0, 1, 0.0
17037622.0, 7118450.0, 1, 0.0
17078728.0, 7050656.0, 1, 0.0
17078728.0, 7050656.0, 1, 0.0
17078728.0, 7050656.0, 1, 0.0
17078728.0, 7050656.0, 1, 0.0
17078728.0, 7050656.0, 1, 0.0
17078728.0, 7050656.0, 1, 0.0
17078728.0, 7050656.0, 1, 0.0
17078728.0, 7050656.0, 1, 0.0
17132118.0, 7045174.0, 1, 0.0
17132118.0, 7045174.0, 1, 0.0
17132118.0, 7045174.0, 1, 0.0
17132118.0, 7045174.0, 1, 0.0
17161722.0, 6955492.0, 1, 0.0
17251450.0, 6938632.0, 1, 0.0
17251450.0, 6938632.0, 1, 0.0
17251450.0, 6938632.0, 1, 0.0
17281742.0, 6937718.0, 1, 0.0
17990104.0, 6729276.0, 1, 0.0
17990104.0, 6729276.0, 1, 0.0
17990104.0, 6729276.0, 1, 0.0
17990104.0, 6729276.0, 1, 0.0
17990104.0, 6729276.0, 1, 0.0
15545662.0, 9985616.0, 1, 0.0
15768124.0, 9503990.0, 1, 0.0
16259014.0, 8847640.0, 1, 0.0
16259014.0, 8847640.0, 1, 0.0
16259014.0, 8847640.0, 1, 0.0
15416244.0, 10333618.0, 2, inf
20608224.0, 6361654.0, 2, inf
16590228.0, 8298046.0, 2, 0.379948030771
16055284.0, 8944168.0, 2, 0.361517102229
18887078.0, 6589102.0, 2, 0.305879599895
15804256.0, 9530108.0, 2, 0.298301712987
20082910.0, 6538868.0, 2, 0.257205563034
16921072.0, 7586146.0, 2, 0.244771253377
16898136.0, 8079826.0, 2, 0.242953356981
18073090.0, 6658782.0, 2, 0.219496863929
17197514.0, 7015538.0, 2, 0.176781095211
17797026.0, 6835930.0, 2, 0.17638598066
15925914.0, 9225766.0, 2, 0.174594774005
19512472.0, 6544994.0, 2, 0.12199616388
19512472.0, 6544994.0, 2, 0.120973901072
17096124.0, 7259068.0, 2, 0.101874863204
15879764.0, 9503376.0, 2, 0.100054455878
17096124.0, 7259068.0, 2, 0.0950280838355
18030028.0, 6805276.0, 2, 0.0820726523897
17197514.0, 7015538.0, 2, 0.0647471349564
17865480.0, 6825946.0, 2, 0.0525948841216
16253732.0, 9339514.0, 3, inf
20740842.0, 6475952.0, 3, inf
17165064.0, 8051054.0, 3, 1.12643617256
17800022.0, 7100698.0, 3, 0.679015999259
20225338.0, 6655708.0, 3, 0.667933912762
18110570.0, 6710048.0, 3, 0.607719455612
18110570.0, 6710048.0, 3, 0.0881852775484
18110570.0, 6710048.0, 3, 0.0
18618292.0, 6732280.0, 4, inf
17177106.0, 9492428.0, 4, inf
17177106.0, 9492428.0, 4, inf
17563126.0, 9142582.0, 4, 1.24591313453
17874486.0, 7389140.0, 4, 0.944847599509
17999486.0, 7370376.0, 4, 0.436170938903
17999486.0, 7370376.0, 4, 0.317915926563
17177106.0, 9492428.0, 4, 0.0
20035164.0, 6760488.0, 5, inf
17582526.0, 9775116.0, 5, inf
18689752.0, 8701092.0, 5, 1.08164223204
17658646.0, 9348692.0, 5, 0.807713718829
19248852.0, 8042524.0, 5, 0.772909253017
19299736.0, 7120812.0, 5, 0.588032119916
19927224.0, 7103638.0, 5, 0.419377028154
17739956.0, 9390150.0, 6, inf
20288556.0, 6762410.0, 6, inf
17739956.0, 9390150.0, 6, inf
19571504.0, 8540128.0, 6, 1.34458935774
18824794.0, 8786426.0, 6, 1.04212892285
17772538.0, 9592438.0, 7, inf
21416248.0, 8162450.0, 7, inf
20834470.0, 8357784.0, 7, 0.738676362076
20143114.0, 8719102.0, 7, 0.714771631863
18904170.0, 9108016.0, 7, 0.592742435673
18789538.0, 9424972.0, 7, 0.438263955109
18360926.0, 9521530.0, 7, 0.396221199399
19626392.0, 8905784.0, 7, 0.328758563659
19626392.0, 8905784.0, 7, 0.283234219978
Generacion: 86
15403798.0, 10238540.0, 1, inf
15403798.0, 10238540.0, 1, inf
22589104.0, 6354074.0, 1, inf
20608224.0, 6361654.0, 1, 0.291025438981
16815532.0, 7450386.0, 1, 0.26552273654
16581656.0, 8184920.0, 1, 0.225939592002
18223096.0, 6569024.0, 1, 0.201034319602
20571584.0, 6421244.0, 1, 0.199697253499
19499012.0, 6560164.0, 1, 0.185632398313
16316918.0, 8338366.0, 1, 0.1679496392
16259014.0, 8847640.0, 1, 0.163784472122
19512472.0, 6544994.0, 1, 0.151305005819
15545662.0, 9985616.0, 1, 0.125166668518
16906902.0, 7329338.0, 1, 0.116361070662
15750668.0, 9545264.0, 1, 0.115791702442
15860506.0, 9129552.0, 1, 0.0998440620338
15768124.0, 9503990.0, 1, 0.0988230895101
17529700.0, 6819712.0, 1, 0.0922118172462
15545662.0, 9985616.0, 1, 0.0891347225924
15460844.0, 10221028.0, 1, 0.0848552791975
16581656.0, 8184920.0, 1, 0.072051674861
15885298.0, 9086200.0, 1, 0.0641578772738
16024204.0, 8917252.0, 1, 0.0638778405941
17037622.0, 7118450.0, 1, 0.0600109297011
17899764.0, 6742608.0, 1, 0.0549350185696
17377398.0, 6925930.0, 1, 0.0484794980278
16316918.0, 8338366.0, 1, 0.0475611382019
17403102.0, 6832300.0, 1, 0.0417227122204
15750668.0, 9545264.0, 1, 0.0391566818527
18154450.0, 6614188.0, 1, 0.0373783876297
18063094.0, 6627720.0, 1, 0.0371706670877
15999702.0, 8955584.0, 1, 0.0370352286921
17037622.0, 7118450.0, 1, 0.0356452757303
17161722.0, 6955492.0, 1, 0.0355750508317
19512472.0, 6544994.0, 1, 0.0337309282152
17899764.0, 6742608.0, 1, 0.0324221991474
17132118.0, 7045174.0, 1, 0.0305177853513
18023550.0, 6722720.0, 1, 0.0291111634284
16259014.0, 8847640.0, 1, 0.0259792785589
15999702.0, 8955584.0, 1, 0.0257899615108
17078728.0, 7050656.0, 1, 0.0248830340109
15860506.0, 9129552.0, 1, 0.0240174224437
15768124.0, 9503990.0, 1, 0.0234824711789
17251450.0, 6938632.0, 1, 0.0218689155587
17251450.0, 6938632.0, 1, 0.0157576550815
17990104.0, 6729276.0, 1, 0.0142606294491
18063094.0, 6627720.0, 1, 0.00898707296694
17161722.0, 6955492.0, 1, 0.00846043998364
17990104.0, 6729276.0, 1, 0.00808690938682
18023550.0, 6722720.0, 1, 0.00719120192572
17078728.0, 7050656.0, 1, 0.00713210414312
20608224.0, 6361654.0, 1, 0.00705065787075
17403102.0, 6832300.0, 1, 0.0068179005407
17132118.0, 7045174.0, 1, 0.00553133724468
16581656.0, 8184920.0, 1, 0.0
16581656.0, 8184920.0, 1, 0.0
16581656.0, 8184920.0, 1, 0.0
16581656.0, 8184920.0, 1, 0.0
16581656.0, 8184920.0, 1, 0.0
17037622.0, 7118450.0, 1, 0.0
17037622.0, 7118450.0, 1, 0.0
17037622.0, 7118450.0, 1, 0.0
17037622.0, 7118450.0, 1, 0.0
17037622.0, 7118450.0, 1, 0.0
17037622.0, 7118450.0, 1, 0.0
17037622.0, 7118450.0, 1, 0.0
17037622.0, 7118450.0, 1, 0.0
17037622.0, 7118450.0, 1, 0.0
17037622.0, 7118450.0, 1, 0.0
17037622.0, 7118450.0, 1, 0.0
17078728.0, 7050656.0, 1, 0.0
17132118.0, 7045174.0, 1, 0.0
17132118.0, 7045174.0, 1, 0.0
17132118.0, 7045174.0, 1, 0.0
17161722.0, 6955492.0, 1, 0.0
17161722.0, 6955492.0, 1, 0.0
17251450.0, 6938632.0, 1, 0.0
17899764.0, 6742608.0, 1, 0.0
17990104.0, 6729276.0, 1, 0.0
17990104.0, 6729276.0, 1, 0.0
17990104.0, 6729276.0, 1, 0.0
17990104.0, 6729276.0, 1, 0.0
17990104.0, 6729276.0, 1, 0.0
17990104.0, 6729276.0, 1, 0.0
15545662.0, 9985616.0, 1, 0.0
15545662.0, 9985616.0, 1, 0.0
15545662.0, 9985616.0, 1, 0.0
15750668.0, 9545264.0, 1, 0.0
15860506.0, 9129552.0, 1, 0.0
15860506.0, 9129552.0, 1, 0.0
15999702.0, 8955584.0, 1, 0.0
15999702.0, 8955584.0, 1, 0.0
15999702.0, 8955584.0, 1, 0.0
16259014.0, 8847640.0, 1, 0.0
16259014.0, 8847640.0, 1, 0.0
16259014.0, 8847640.0, 1, 0.0
16581656.0, 8184920.0, 1, 0.0
16581656.0, 8184920.0, 1, 0.0
16581656.0, 8184920.0, 1, 0.0
18073090.0, 6658782.0, 2, inf
15575722.0, 10189252.0, 2, inf
15575722.0, 10189252.0, 2, inf
16416920.0, 8451260.0, 2, 0.45370864524
15879764.0, 9503376.0, 2, 0.444236675794
16905740.0, 7893144.0, 2, 0.290505224671
16327108.0, 8874382.0, 2, 0.284422257969
17087864.0, 7322420.0, 2, 0.255834875302
16898136.0, 8079826.0, 2, 0.245566642189
15996936.0, 9216348.0, 2, 0.228676767516
17459294.0, 6965754.0, 2, 0.200391516175
16055284.0, 8944168.0, 2, 0.185938742315
17611596.0, 6860582.0, 2, 0.172007616656
17209102.0, 6999062.0, 2, 0.118923595623
17797026.0, 6835930.0, 2, 0.1114712201
16898136.0, 8079826.0, 2, 0.108252894013
18019186.0, 6740026.0, 2, 0.0913210197561
17096124.0, 7259068.0, 2, 0.0907492504248
17917934.0, 6816364.0, 2, 0.0858838999341
17157642.0, 7100676.0, 2, 0.0604326719277
17865480.0, 6825946.0, 2, 0.0539562087508
18070440.0, 6709552.0, 2, 0.0445965574749
16055284.0, 8944168.0, 2, 0.0431305706684
17157642.0, 7100676.0, 2, 0.0431082942943
17196522.0, 7035450.0, 2, 0.0400808113844
17197514.0, 7015538.0, 2, 0.0153441462711
16898136.0, 8079826.0, 2, 0.0
15575722.0, 10189252.0, 2, 0.0
15760698.0, 10326852.0, 3, inf
20047668.0, 6662826.0, 3, inf
16176230.0, 9140564.0, 3, 0.682122776793
17165064.0, 8051054.0, 3, 0.642918330845
16593948.0, 8539706.0, 3, 0.528013589156
17622036.0, 7062732.0, 3, 0.436471992722
18653072.0, 6781490.0, 3, 0.373606420433
19895244.0, 6704686.0, 3, 0.357696650448
18489044.0, 6871726.0, 3, 0.21273108315
17898788.0, 6916264.0, 3, 0.194232896004
17780002.0, 6977390.0, 3, 0.104531158764
16528638.0, 9267420.0, 4, inf
20154292.0, 6664686.0, 4, inf
17554934.0, 8717122.0, 4, 0.817623478305
18560686.0, 6902738.0, 4, 0.77573059136
17638542.0, 7936126.0, 4, 0.600058691719
19923364.0, 6836524.0, 4, 0.530998435319
17643916.0, 7219206.0, 4, 0.528305266688
17643916.0, 7219206.0, 4, 0.123072819688
17177106.0, 9492428.0, 5, inf
20702928.0, 7018756.0, 5, inf
17177106.0, 9492428.0, 5, inf
17563126.0, 9142582.0, 5, 0.927687732304
Generacion: 87
22077460.0, 6196730.0, 1, inf
15403798.0, 10238540.0, 1, inf
15403798.0, 10238540.0, 1, inf
20768946.0, 6258294.0, 1, 0.260958883054
20580810.0, 6420178.0, 1, 0.209551380446
18633312.0, 6607602.0, 1, 0.208338026924
19512472.0, 6544994.0, 1, 0.196734091946
16581656.0, 8184920.0, 1, 0.185249891755
16316918.0, 8338366.0, 1, 0.165670544878
16800464.0, 7596510.0, 1, 0.161529781267
16906902.0, 7329338.0, 1, 0.153815103615
19499012.0, 6560164.0, 1, 0.147225859493
16259014.0, 8847640.0, 1, 0.140167904798
15603204.0, 9972904.0, 1, 0.139667875302
15860506.0, 9129552.0, 1, 0.120924732579
15768124.0, 9503990.0, 1, 0.119311359921
15750668.0, 9545264.0, 1, 0.108419738217
17403102.0, 6832300.0, 1, 0.100729225293
16800464.0, 7596510.0, 1, 0.0988888649469
15438592.0, 10198152.0, 1, 0.0838342095187
17899764.0, 6742608.0, 1, 0.0777197320213
18187530.0, 6607946.0, 1, 0.0733834765047
16581656.0, 8184920.0, 1, 0.0707514710566
15885298.0, 9086200.0, 1, 0.0638996166347
15545662.0, 9985616.0, 1, 0.0612066146269
17037622.0, 7118450.0, 1, 0.0583360607422
16164472.0, 8852458.0, 1, 0.052407557654
16316918.0, 8338366.0, 1, 0.0466411699955
18073090.0, 6658782.0, 1, 0.0464667446524
17403102.0, 6832300.0, 1, 0.0449150038233
20608224.0, 6361654.0, 1, 0.0385626811202
17037622.0, 7118450.0, 1, 0.0363606252452
15999702.0, 8955584.0, 1, 0.0359876623153
17899764.0, 6742608.0, 1, 0.0357278439102
17161722.0, 6955492.0, 1, 0.0335616401726
15750668.0, 9545264.0, 1, 0.0323081757948
16024204.0, 8917252.0, 1, 0.0305020155101
17132118.0, 7045174.0, 1, 0.0301886794203
20608224.0, 6361654.0, 1, 0.0296804910355
17251450.0, 6938632.0, 1, 0.0283800412916
15999702.0, 8955584.0, 1, 0.0266264821073
17251450.0, 6938632.0, 1, 0.0250961602854
17078728.0, 7050656.0, 1, 0.0247732838426
18023550.0, 6722720.0, 1, 0.020830791616
16024204.0, 8917252.0, 1, 0.0197023841849
15545662.0, 9985616.0, 1, 0.0191887909568
17237622.0, 6948220.0, 1, 0.0176164905225
18154450.0, 6614188.0, 1, 0.0159899745617
17990104.0, 6729276.0, 1, 0.0151588414088
18154450.0, 6614188.0, 1, 0.0137355653679
16259014.0, 8847640.0, 1, 0.00986853595282
18023550.0, 6722720.0, 1, 0.00904525639357
17990104.0, 6729276.0, 1, 0.00831016348154
17078728.0, 7050656.0, 1, 0.00751575993635
17161722.0, 6955492.0, 1, 0.00623513928802
17132118.0, 7045174.0, 1, 0.00579226839602
17161722.0, 6955492.0, 1, 0.0
17161722.0, 6955492.0, 1, 0.0
17161722.0, 6955492.0, 1, 0.0
17251450.0, 6938632.0, 1, 0.0
17251450.0, 6938632.0, 1, 0.0
17251450.0, 6938632.0, 1, 0.0
17899764.0, 6742608.0, 1, 0.0
17899764.0, 6742608.0, 1, 0.0
17990104.0, 6729276.0, 1, 0.0
17990104.0, 6729276.0, 1, 0.0
17990104.0, 6729276.0, 1, 0.0
17990104.0, 6729276.0, 1, 0.0
17990104.0, 6729276.0, 1, 0.0
17990104.0, 6729276.0, 1, 0.0
18154450.0, 6614188.0, 1, 0.0
18154450.0, 6614188.0, 1, 0.0
15545662.0, 9985616.0, 1, 0.0
15545662.0, 9985616.0, 1, 0.0
15545662.0, 9985616.0, 1, 0.0
15545662.0, 9985616.0, 1, 0.0
15750668.0, 9545264.0, 1, 0.0
15750668.0, 9545264.0, 1, 0.0
15999702.0, 8955584.0, 1, 0.0
16024204.0, 8917252.0, 1, 0.0
16259014.0, 8847640.0, 1, 0.0
16581656.0, 8184920.0, 1, 0.0
16581656.0, 8184920.0, 1, 0.0
16581656.0, 8184920.0, 1, 0.0
16581656.0, 8184920.0, 1, 0.0
16581656.0, 8184920.0, 1, 0.0
16581656.0, 8184920.0, 1, 0.0
16581656.0, 8184920.0, 1, 0.0
17037622.0, 7118450.0, 1, 0.0
17037622.0, 7118450.0, 1, 0.0
17037622.0, 7118450.0, 1, 0.0
17037622.0, 7118450.0, 1, 0.0
17037622.0, 7118450.0, 1, 0.0
17037622.0, 7118450.0, 1, 0.0
17037622.0, 7118450.0, 1, 0.0
17037622.0, 7118450.0, 1, 0.0
17037622.0, 7118450.0, 1, 0.0
17037622.0, 7118450.0, 1, 0.0
17037622.0, 7118450.0, 1, 0.0
17037622.0, 7118450.0, 1, 0.0
17037622.0, 7118450.0, 1, 0.0
17037622.0, 7118450.0, 1, 0.0
17037622.0, 7118450.0, 1, 0.0
17132118.0, 7045174.0, 1, 0.0
17132118.0, 7045174.0, 1, 0.0
17132118.0, 7045174.0, 1, 0.0
17132118.0, 7045174.0, 1, 0.0
17132118.0, 7045174.0, 1, 0.0
17132118.0, 7045174.0, 1, 0.0
17161722.0, 6955492.0, 1, 0.0
20893298.0, 6435298.0, 2, inf
15575722.0, 10189252.0, 2, inf
19365494.0, 6649922.0, 2, 0.596497108003
15915592.0, 9113336.0, 2, 0.421857008909
16416920.0, 8451260.0, 2, 0.332565324554
18110570.0, 6710048.0, 2, 0.277183197769
16898136.0, 8079826.0, 2, 0.22343146741
16919478.0, 7580790.0, 2, 0.203782571606
16270908.0, 8885468.0, 2, 0.199311365413
17201200.0, 7032946.0, 2, 0.120521401399
16898136.0, 8079826.0, 2, 0.102958222169
16978074.0, 7371268.0, 2, 0.100492028427
16055284.0, 8944168.0, 2, 0.0856132541519
17558258.0, 6936640.0, 2, 0.0811912552563
17283788.0, 6939118.0, 2, 0.0766100692155
17708820.0, 6934382.0, 2, 0.0760125756138
18019186.0, 6740026.0, 2, 0.0687341977031
17891436.0, 6886500.0, 2, 0.0665765334346
17096124.0, 7259068.0, 2, 0.0617890268322
17087864.0, 7322420.0, 2, 0.0520884503768
16055284.0, 8944168.0, 2, 0.0419067101572
17907110.0, 6824440.0, 2, 0.0376084226758
17096124.0, 7259068.0, 2, 0.0366362038437
17907110.0, 6824440.0, 2, 0.0254342736699
17283788.0, 6939118.0, 2, 0.0161912407299
16043958.0, 9173200.0, 3, inf
16043958.0, 9173200.0, 3, inf
20047668.0, 6662826.0, 3, inf
16930100.0, 7585674.0, 3, 0.878966404421
16179880.0, 9070132.0, 3, 0.807678655072
18046780.0, 6827182.0, 3, 0.348766376069
17378546.0, 7097436.0, 3, 0.341484695675
18802466.0, 6775202.0, 3, 0.331718114395
17296912.0, 7563990.0, 3, 0.306495764904
17727118.0, 6976480.0, 3, 0.274558572151
18802466.0, 6775202.0, 3, 0.23351108231
16176230.0, 9140564.0, 3, 0.0750058428669
19923364.0, 6836524.0, 4, inf
16200860.0, 9107580.0, 4, inf
17017230.0, 7682524.0, 4, 0.775295177292
Generacion: 88
15545662.0, 9985616.0, 1, inf
15545662.0, 9985616.0, 1, inf
20768946.0, 6258294.0, 1, inf
20082910.0, 6538868.0, 1, 0.423133164603
18633312.0, 6607602.0, 1, 0.389412045866
16800464.0, 7596510.0, 1, 0.291811844353
16259014.0, 8847640.0, 1, 0.211349047913
16581656.0, 8184920.0, 1, 0.184849332554
16316918.0, 8338366.0, 1, 0.176340416984
16906902.0, 7329338.0, 1, 0.173662307027
15768124.0, 9503990.0, 1, 0.132559546426
15860506.0, 9129552.0, 1, 0.127106782521
15750668.0, 9545264.0, 1, 0.121483616551
17865480.0, 6825946.0, 1, 0.119149545736
17403102.0, 6832300.0, 1, 0.113642381601
20580810.0, 6420178.0, 1, 0.111024525577
18154450.0, 6614188.0, 1, 0.0953088273537
16440704.0, 8320016.0, 1, 0.0918521003737
20608224.0, 6361654.0, 1, 0.0794504377946
16581656.0, 8184920.0, 1, 0.0781356761901
17037622.0, 7118450.0, 1, 0.0644487209997
15860506.0, 9129552.0, 1, 0.0643602986531
17377398.0, 6925930.0, 1, 0.0575615619833
16024204.0, 8917252.0, 1, 0.055238536087
15999702.0, 8955584.0, 1, 0.0513646430464
15750668.0, 9545264.0, 1, 0.0503218539265
17037622.0, 7118450.0, 1, 0.0432147947198
18063094.0, 6627720.0, 1, 0.0429776139922
18023550.0, 6722720.0, 1, 0.0412203388591
17899764.0, 6742608.0, 1, 0.0396543124418
17161722.0, 6955492.0, 1, 0.0385917944242
20580810.0, 6420178.0, 1, 0.0370916598415
15999702.0, 8955584.0, 1, 0.0369331940838
17132118.0, 7045174.0, 1, 0.0342822451062
17078728.0, 7050656.0, 1, 0.0284099324914
17251450.0, 6938632.0, 1, 0.0266851557724
16024204.0, 8917252.0, 1, 0.0233670619412
17237622.0, 6948220.0, 1, 0.0217018195736
18154450.0, 6614188.0, 1, 0.0192570982976
17990104.0, 6729276.0, 1, 0.0190545359803
18063094.0, 6627720.0, 1, 0.0112012046397
17899764.0, 6742608.0, 1, 0.0101405175182
17990104.0, 6729276.0, 1, 0.00998008205271
17078728.0, 7050656.0, 1, 0.00934052267395
17161722.0, 6955492.0, 1, 0.00761869731115
17132118.0, 7045174.0, 1, 0.00713845975721
17403102.0, 6832300.0, 1, 0.00662575118301
17251450.0, 6938632.0, 1, 0.00605518524022
17037622.0, 7118450.0, 1, 0.0
17037622.0, 7118450.0, 1, 0.0
17037622.0, 7118450.0, 1, 0.0
17037622.0, 7118450.0, 1, 0.0
17037622.0, 7118450.0, 1, 0.0
17037622.0, 7118450.0, 1, 0.0
17037622.0, 7118450.0, 1, 0.0
17037622.0, 7118450.0, 1, 0.0
17078728.0, 7050656.0, 1, 0.0
17078728.0, 7050656.0, 1, 0.0
17132118.0, 7045174.0, 1, 0.0
17132118.0, 7045174.0, 1, 0.0
17132118.0, 7045174.0, 1, 0.0
17132118.0, 7045174.0, 1, 0.0
17132118.0, 7045174.0, 1, 0.0
17161722.0, 6955492.0, 1, 0.0
17161722.0, 6955492.0, 1, 0.0
17161722.0, 6955492.0, 1, 0.0
17251450.0, 6938632.0, 1, 0.0
17251450.0, 6938632.0, 1, 0.0
17251450.0, 6938632.0, 1, 0.0
17251450.0, 6938632.0, 1, 0.0
17251450.0, 6938632.0, 1, 0.0
17899764.0, 6742608.0, 1, 0.0
17990104.0, 6729276.0, 1, 0.0
17990104.0, 6729276.0, 1, 0.0
17990104.0, 6729276.0, 1, 0.0
18063094.0, 6627720.0, 1, 0.0
18063094.0, 6627720.0, 1, 0.0
18154450.0, 6614188.0, 1, 0.0
18154450.0, 6614188.0, 1, 0.0
15545662.0, 9985616.0, 1, 0.0
15545662.0, 9985616.0, 1, 0.0
15750668.0, 9545264.0, 1, 0.0
15750668.0, 9545264.0, 1, 0.0
15999702.0, 8955584.0, 1, 0.0
15999702.0, 8955584.0, 1, 0.0
16024204.0, 8917252.0, 1, 0.0
16581656.0, 8184920.0, 1, 0.0
16581656.0, 8184920.0, 1, 0.0
17037622.0, 7118450.0, 1, 0.0
17037622.0, 7118450.0, 1, 0.0
17037622.0, 7118450.0, 1, 0.0
17037622.0, 7118450.0, 1, 0.0
15575722.0, 10189252.0, 2, inf
20639430.0, 6408172.0, 2, inf
16068170.0, 9134780.0, 2, 0.482105814806
20112010.0, 6584714.0, 2, 0.315518406093
18073090.0, 6658782.0, 2, 0.302079941232
17084854.0, 7400356.0, 2, 0.296443754151
16861736.0, 8000600.0, 2, 0.28588749444
19365494.0, 6649922.0, 2, 0.272474643275
16270908.0, 8885468.0, 2, 0.249646201914
16826374.0, 8288312.0, 2, 0.207032096269
16416920.0, 8451260.0, 2, 0.195697538444
19365494.0, 6649922.0, 2, 0.149768018364
17797026.0, 6835930.0, 2, 0.14482662981
17708820.0, 6934382.0, 2, 0.124724243366
17209102.0, 6999062.0, 2, 0.122438330541
17157642.0, 7100676.0, 2, 0.0871318499286
16416920.0, 8451260.0, 2, 0.0719306194874
18073090.0, 6658782.0, 2, 0.0568613973657
17197514.0, 7015538.0, 2, 0.0370368455217
17157642.0, 7100676.0, 2, 0.0368912935902
17708820.0, 6934382.0, 2, 0.0345254744917
17157642.0, 7100676.0, 2, 0.0
17157642.0, 7100676.0, 2, 0.0
19691146.0, 6660002.0, 3, inf
15760698.0, 10326852.0, 3, inf
19691146.0, 6660002.0, 3, inf
16315164.0, 9103084.0, 3, 1.27603457022
17330662.0, 7112498.0, 3, 0.952395572763
19300400.0, 6840460.0, 3, 0.529317682997
17846096.0, 6879620.0, 3, 0.42416830227
17780002.0, 6977390.0, 3, 0.194647746786
19691146.0, 6660002.0, 3, 0.0
20047668.0, 6662826.0, 4, inf
16988646.0, 10212464.0, 4, inf
20047668.0, 6662826.0, 4, inf
17898788.0, 6916264.0, 4, 0.825464395538
17428316.0, 7470792.0, 4, 0.79909592487
17232092.0, 9480218.0, 4, 0.798321663384
19923364.0, 6836524.0, 4, 0.773871148383
17874486.0, 7389140.0, 4, 0.310019175275
17137482.0, 9967066.0, 4, 0.285870466064
20154292.0, 6664686.0, 5, inf
17194974.0, 10008104.0, 5, inf
18566954.0, 8014312.0, 5, 0.866505796823
17562492.0, 8200110.0, 5, 0.857339289496
17494992.0, 9669660.0, 5, 0.664952278663
19186558.0, 7137878.0, 5, 0.589149637937
19186558.0, 7137878.0, 5, 0.35090333346
17563126.0, 9142582.0, 6, inf
20288556.0, 6762410.0, 6, inf
19220276.0, 7378600.0, 6, 1.47176435253
18696360.0, 8874966.0, 6, 1.00152865488
18281522.0, 8942578.0, 6, 0.528235647467
17658646.0, 9348692.0, 7, inf
20958284.0, 7081914.0, 7, inf
20958284.0, 7081914.0, 7, inf
19571504.0, 8540128.0, 7, 2.0
21210624.0, 8410398.0, 8, inf
Generacion: 89
15545662.0, 9985616.0, 1, inf
15545662.0, 9985616.0, 1, inf
22077460.0, 6196730.0, 1, inf
20608224.0, 6361654.0, 1, 0.454776576384
19585316.0, 6474214.0, 1, 0.336455658185
16906902.0, 7329338.0, 1, 0.259753345247
18712580.0, 6536844.0, 1, 0.256004894138
16861736.0, 8000600.0, 1, 0.220045523266
15860506.0, 9129552.0, 1, 0.193760544946
16316918.0, 8338366.0, 1, 0.156670853006
16266706.0, 8778408.0, 1, 0.143277535557
15750668.0, 9545264.0, 1, 0.141104638395
15750668.0, 9545264.0, 1, 0.133037914609
17529700.0, 6819712.0, 1, 0.0997099561207
16581656.0, 8184920.0, 1, 0.0891781915744
18154450.0, 6614188.0, 1, 0.0890196398621
16581656.0, 8184920.0, 1, 0.0833784395898
16259014.0, 8847640.0, 1, 0.0622489781636
17037622.0, 7118450.0, 1, 0.0619528454803
17899764.0, 6742608.0, 1, 0.0601744754442
16861736.0, 8000600.0, 1, 0.0555623326639
16079786.0, 8905836.0, 1, 0.0543214367099
15999702.0, 8955584.0, 1, 0.0496665305782
16316918.0, 8338366.0, 1, 0.048186291884
17321632.0, 6852856.0, 1, 0.0464028302404
17403102.0, 6832300.0, 1, 0.0406023186491
18063094.0, 6627720.0, 1, 0.0390596809168
18023550.0, 6722720.0, 1, 0.0379782215987
17037622.0, 7118450.0, 1, 0.0379057245063
17161722.0, 6955492.0, 1, 0.0374068598886
18154450.0, 6614188.0, 1, 0.0343997360148
17899764.0, 6742608.0, 1, 0.0341808461004
17078728.0, 7050656.0, 1, 0.0338067947223
17132118.0, 7045174.0, 1, 0.0318436137502
15999702.0, 8955584.0, 1, 0.0314274760363
17281742.0, 6937718.0, 1, 0.0270352328383
16024204.0, 8917252.0, 1, 0.0253906170372
17990104.0, 6729276.0, 1, 0.0155611251587
17251450.0, 6938632.0, 1, 0.0139783376264
18063094.0, 6627720.0, 1, 0.00962557409334
17251450.0, 6938632.0, 1, 0.00908747721834
17161722.0, 6955492.0, 1, 0.00898214634313
17990104.0, 6729276.0, 1, 0.00863920138952
17281742.0, 6937718.0, 1, 0.00634827925652
17132118.0, 7045174.0, 1, 0.00597915285111
17037622.0, 7118450.0, 1, 0.0
17037622.0, 7118450.0, 1, 0.0
17037622.0, 7118450.0, 1, 0.0
17132118.0, 7045174.0, 1, 0.0
17132118.0, 7045174.0, 1, 0.0
17132118.0, 7045174.0, 1, 0.0
17132118.0, 7045174.0, 1, 0.0
17132118.0, 7045174.0, 1, 0.0
17161722.0, 6955492.0, 1, 0.0
17161722.0, 6955492.0, 1, 0.0
17161722.0, 6955492.0, 1, 0.0
17161722.0, 6955492.0, 1, 0.0
17161722.0, 6955492.0, 1, 0.0
17161722.0, 6955492.0, 1, 0.0
17161722.0, 6955492.0, 1, 0.0
17161722.0, 6955492.0, 1, 0.0
17161722.0, 6955492.0, 1, 0.0
17161722.0, 6955492.0, 1, 0.0
17251450.0, 6938632.0, 1, 0.0
17251450.0, 6938632.0, 1, 0.0
17251450.0, 6938632.0, 1, 0.0
17251450.0, 6938632.0, 1, 0.0
17251450.0, 6938632.0, 1, 0.0
17251450.0, 6938632.0, 1, 0.0
17251450.0, 6938632.0, 1, 0.0
17251450.0, 6938632.0, 1, 0.0
17899764.0, 6742608.0, 1, 0.0
17899764.0, 6742608.0, 1, 0.0
17899764.0, 6742608.0, 1, 0.0
17990104.0, 6729276.0, 1, 0.0
15545662.0, 9985616.0, 1, 0.0
15545662.0, 9985616.0, 1, 0.0
15545662.0, 9985616.0, 1, 0.0
15999702.0, 8955584.0, 1, 0.0
15999702.0, 8955584.0, 1, 0.0
16316918.0, 8338366.0, 1, 0.0
16316918.0, 8338366.0, 1, 0.0
17037622.0, 7118450.0, 1, 0.0
17037622.0, 7118450.0, 1, 0.0
17037622.0, 7118450.0, 1, 0.0
17037622.0, 7118450.0, 1, 0.0
17037622.0, 7118450.0, 1, 0.0
17037622.0, 7118450.0, 1, 0.0
17037622.0, 7118450.0, 1, 0.0
17037622.0, 7118450.0, 1, 0.0
17037622.0, 7118450.0, 1, 0.0
17037622.0, 7118450.0, 1, 0.0
17037622.0, 7118450.0, 1, 0.0
17037622.0, 7118450.0, 1, 0.0
15575722.0, 10189252.0, 2, inf
19499012.0, 6560164.0, 2, inf
18073090.0, 6658782.0, 2, 0.385837465064
16043958.0, 9173200.0, 2, 0.313689033919
16270908.0, 8885468.0, 2, 0.251287650057
16930100.0, 7585674.0, 2, 0.250848390914
16815358.0, 8283654.0, 2, 0.225005370183
16898136.0, 8079826.0, 2, 0.221575684793
16416920.0, 8451260.0, 2, 0.221203700401
17116024.0, 7371024.0, 2, 0.191639592481
17157642.0, 7100676.0, 2, 0.189267367255
17377398.0, 6925930.0, 2, 0.155109682206
16176230.0, 9140564.0, 2, 0.137131791416
17797026.0, 6835930.0, 2, 0.133384664792
16043958.0, 9173200.0, 2, 0.128340685267
18019186.0, 6740026.0, 2, 0.119178798875
16416920.0, 8451260.0, 2, 0.0834007787765
17797026.0, 6835930.0, 2, 0.0814255631197
17377398.0, 6925930.0, 2, 0.0808128120868
18073090.0, 6658782.0, 2, 0.0409138094315
16416920.0, 8451260.0, 2, 0.0
17797026.0, 6835930.0, 2, 0.0
16416920.0, 8451260.0, 2, 0.0
18358212.0, 6727050.0, 3, inf
15710310.0, 10237232.0, 3, inf
16477502.0, 9282640.0, 3, 1.10032389802
16948902.0, 8016830.0, 3, 0.646587303283
17138320.0, 7661782.0, 3, 0.366507703727
17502042.0, 7084670.0, 3, 0.353339632813
17708820.0, 6934382.0, 3, 0.334339790634
17004752.0, 7711948.0, 3, 0.17268315643
17622036.0, 7062732.0, 3, 0.0629295611524
17674036.0, 6993668.0, 3, 0.0579765714986
17643208.0, 7050912.0, 3, 0.0393135221005
18879038.0, 6734190.0, 4, inf
18879038.0, 6734190.0, 4, inf
16966722.0, 9237606.0, 4, inf
17475710.0, 8409086.0, 4, 0.892462471766
17533644.0, 7208840.0, 4, 0.694650797702
17320514.0, 9164036.0, 4, 0.597118905687
17780002.0, 6977390.0, 4, 0.584652260447
17729458.0, 7002268.0, 4, 0.221280706166
17780002.0, 6977390.0, 4, 0.123578036164
17780002.0, 6977390.0, 4, 0.0
19453360.0, 6753060.0, 5, inf
16989832.0, 9502362.0, 5, inf
17562492.0, 8200110.0, 5, 1.09595635754
17643916.0, 7219206.0, 5, 1.05678633137
19368394.0, 7065552.0, 5, 0.904043642463
17643916.0, 7219206.0, 5, 0.088940153196
20035164.0, 6760488.0, 6, inf
20035164.0, 6760488.0, 6, inf
17494992.0, 9669660.0, 6, inf
17563126.0, 9142582.0, 6, 0.890879563807
19464782.0, 6912588.0, 6, 0.856605859347
18106640.0, 7247906.0, 6, 0.789868576687
Generacion: 90
20608224.0, 6361654.0, 1, inf
15251506.0, 10450084.0, 1, inf
16800464.0, 7596510.0, 1, 0.322118747646
19585316.0, 6474214.0, 1, 0.279009590836
18712580.0, 6536844.0, 1, 0.277491065265
16590228.0, 8298046.0, 1, 0.244124788843
20099878.0, 6454966.0, 1, 0.218489321572
15545662.0, 9985616.0, 1, 0.162620345368
17025916.0, 7313618.0, 1, 0.161202975151
15750668.0, 9545264.0, 1, 0.159331721695
15545662.0, 9985616.0, 1, 0.151876288933
16316918.0, 8338366.0, 1, 0.130739599299
15768124.0, 9503990.0, 1, 0.122184826528
15860506.0, 9129552.0, 1, 0.117570103413
17403102.0, 6832300.0, 1, 0.116598906237
18223096.0, 6569024.0, 1, 0.115408134595
17891104.0, 6810790.0, 1, 0.114655598666
16266706.0, 8778408.0, 1, 0.109067000517
15999702.0, 8955584.0, 1, 0.0909600430001
16259014.0, 8847640.0, 1, 0.0653423853663
16440704.0, 8320016.0, 1, 0.0608838894022
15860506.0, 9129552.0, 1, 0.0597973049206
17037622.0, 7118450.0, 1, 0.0554103903282
15999702.0, 8955584.0, 1, 0.0523876250535
18063094.0, 6627720.0, 1, 0.0402907759555
17161722.0, 6955492.0, 1, 0.0386861147132
18023550.0, 6722720.0, 1, 0.0384657335741
17321632.0, 6852856.0, 1, 0.0359655624616
17281742.0, 6937718.0, 1, 0.0340818597066
17899764.0, 6742608.0, 1, 0.0335416214204
17132118.0, 7045174.0, 1, 0.0319024833926
18154450.0, 6614188.0, 1, 0.0280664710281
16259014.0, 8847640.0, 1, 0.0278382647922
17078728.0, 7050656.0, 1, 0.0265488390842
16266706.0, 8778408.0, 1, 0.026307289623
18187530.0, 6607946.0, 1, 0.0238617195494
17037622.0, 7118450.0, 1, 0.0187672086157
17990104.0, 6729276.0, 1, 0.0184683536869
17251450.0, 6938632.0, 1, 0.0169741127955
16316918.0, 8338366.0, 1, 0.0138619255101
17321632.0, 6852856.0, 1, 0.0124745707834
18063094.0, 6627720.0, 1, 0.0106919600969
17251450.0, 6938632.0, 1, 0.00977878751806
17161722.0, 6955492.0, 1, 0.0096503506655
17990104.0, 6729276.0, 1, 0.00950465794867
17078728.0, 7050656.0, 1, 0.00901458558162
17132118.0, 7045174.0, 1, 0.00686737529353
17899764.0, 6742608.0, 1, 0.00487757098983
17899764.0, 6742608.0, 1, 0.0
17899764.0, 6742608.0, 1, 0.0
17899764.0, 6742608.0, 1, 0.0
17899764.0, 6742608.0, 1, 0.0
17899764.0, 6742608.0, 1, 0.0
17899764.0, 6742608.0, 1, 0.0
17990104.0, 6729276.0, 1, 0.0
17990104.0, 6729276.0, 1, 0.0
18063094.0, 6627720.0, 1, 0.0
18063094.0, 6627720.0, 1, 0.0
15545662.0, 9985616.0, 1, 0.0
15545662.0, 9985616.0, 1, 0.0
17037622.0, 7118450.0, 1, 0.0
17037622.0, 7118450.0, 1, 0.0
17037622.0, 7118450.0, 1, 0.0
17037622.0, 7118450.0, 1, 0.0
17037622.0, 7118450.0, 1, 0.0
17037622.0, 7118450.0, 1, 0.0
17037622.0, 7118450.0, 1, 0.0
17037622.0, 7118450.0, 1, 0.0
17037622.0, 7118450.0, 1, 0.0
17037622.0, 7118450.0, 1, 0.0
17037622.0, 7118450.0, 1, 0.0
17037622.0, 7118450.0, 1, 0.0
17037622.0, 7118450.0, 1, 0.0
17037622.0, 7118450.0, 1, 0.0
17037622.0, 7118450.0, 1, 0.0
17132118.0, 7045174.0, 1, 0.0
17132118.0, 7045174.0, 1, 0.0
17132118.0, 7045174.0, 1, 0.0
17132118.0, 7045174.0, 1, 0.0
17132118.0, 7045174.0, 1, 0.0
17132118.0, 7045174.0, 1, 0.0
17161722.0, 6955492.0, 1, 0.0
17161722.0, 6955492.0, 1, 0.0
17161722.0, 6955492.0, 1, 0.0
17161722.0, 6955492.0, 1, 0.0
17161722.0, 6955492.0, 1, 0.0
17161722.0, 6955492.0, 1, 0.0
17161722.0, 6955492.0, 1, 0.0
17161722.0, 6955492.0, 1, 0.0
17161722.0, 6955492.0, 1, 0.0
17161722.0, 6955492.0, 1, 0.0
17161722.0, 6955492.0, 1, 0.0
17161722.0, 6955492.0, 1, 0.0
17161722.0, 6955492.0, 1, 0.0
17161722.0, 6955492.0, 1, 0.0
17161722.0, 6955492.0, 1, 0.0
17161722.0, 6955492.0, 1, 0.0
17161722.0, 6955492.0, 1, 0.0
17251450.0, 6938632.0, 1, 0.0
17251450.0, 6938632.0, 1, 0.0
17251450.0, 6938632.0, 1, 0.0
17899764.0, 6742608.0, 1, 0.0
17899764.0, 6742608.0, 1, 0.0
19499012.0, 6560164.0, 2, inf
15575722.0, 10189252.0, 2, inf
15575722.0, 10189252.0, 2, inf
16063564.0, 9095476.0, 2, 0.436658566235
18633312.0, 6607602.0, 2, 0.390624893751
16994138.0, 7657040.0, 2, 0.323398171986
16416920.0, 8451260.0, 2, 0.233024901485
16861736.0, 8000600.0, 2, 0.20804672515
17157642.0, 7100676.0, 2, 0.202036856276
16270908.0, 8885468.0, 2, 0.163593888228
16416920.0, 8451260.0, 2, 0.161396682982
16861736.0, 8000600.0, 2, 0.157927655711
18073090.0, 6658782.0, 2, 0.156783671277
17797026.0, 6835930.0, 2, 0.141781815811
18070440.0, 6709552.0, 2, 0.119178798875
16098490.0, 9088146.0, 2, 0.110717503961
17377398.0, 6925930.0, 2, 0.108156287855
17348824.0, 6930278.0, 2, 0.104164684513
17797026.0, 6835930.0, 2, 0.0944895986613
16270908.0, 8885468.0, 2, 0.0930649147798
17157642.0, 7100676.0, 2, 0.0886286210107
17377398.0, 6925930.0, 2, 0.032082792129
18073090.0, 6658782.0, 2, 0.0147781702253
18073090.0, 6658782.0, 2, 0.0
18073090.0, 6658782.0, 2, 0.0
16270908.0, 8885468.0, 2, 0.0
16416920.0, 8451260.0, 2, 0.0
17797026.0, 6835930.0, 2, 0.0
17797026.0, 6835930.0, 2, 0.0
18073090.0, 6658782.0, 2, 0.0
18073090.0, 6658782.0, 2, 0.0
19297474.0, 6618756.0, 3, inf
19297474.0, 6618756.0, 3, inf
16176230.0, 9140564.0, 3, inf
17846096.0, 6879620.0, 3, 0.668793248839
16898136.0, 8079826.0, 3, 0.436890664148
17296912.0, 7563990.0, 3, 0.347771573428
17378546.0, 7097436.0, 3, 0.346980897882
16898136.0, 8079826.0, 3, 0.256268399752
17017230.0, 7682524.0, 3, 0.222171939437
16948902.0, 8016830.0, 3, 0.195702430842
17674036.0, 6993668.0, 3, 0.139895282404
17674036.0, 6993668.0, 3, 0.0962737119258
17017230.0, 7682524.0, 3, 0.0688948499421
17674036.0, 6993668.0, 3, 0.0
16935464.0, 9514902.0, 4, inf
19691146.0, 6660002.0, 4, inf
Generacion: 91
15545662.0, 9985616.0, 1, inf
20608224.0, 6361654.0, 1, inf
15545662.0, 9985616.0, 1, inf
16800464.0, 7596510.0, 1, 0.394970901511
15750668.0, 9545264.0, 1, 0.25334052796
19585316.0, 6474214.0, 1, 0.236478318083
19793326.0, 6453492.0, 1, 0.233113355036
16316918.0, 8338366.0, 1, 0.209787004592
16316918.0, 8338366.0, 1, 0.206362382066
18712580.0, 6536844.0, 1, 0.193883236024
16906902.0, 7329338.0, 1, 0.178761845246
18547636.0, 6614734.0, 1, 0.153368381567
15683244.0, 9920758.0, 1, 0.138906039643
16291208.0, 8740076.0, 1, 0.131343964448
17442302.0, 6835196.0, 1, 0.124094656287
18063094.0, 6627720.0, 1, 0.12373430049
15860506.0, 9129552.0, 1, 0.119609144818
17891104.0, 6810790.0, 1, 0.10746537615
15885298.0, 9086200.0, 1, 0.0755000878157
17037622.0, 7118450.0, 1, 0.0663122674317
17321632.0, 6852856.0, 1, 0.0600051988814
16266706.0, 8778408.0, 1, 0.0584784165935
16024204.0, 8917252.0, 1, 0.0584784165935
18712580.0, 6536844.0, 1, 0.0498633218909
17990104.0, 6729276.0, 1, 0.0458681923812
15649326.0, 9976110.0, 1, 0.0450733453101
17037622.0, 7118450.0, 1, 0.0445280681404
16024204.0, 8917252.0, 1, 0.0431526057266
16266706.0, 8778408.0, 1, 0.0431526057266
17161722.0, 6955492.0, 1, 0.0424707805501
15999702.0, 8955584.0, 1, 0.0408821624935
17281742.0, 6937718.0, 1, 0.0375320636912
17899764.0, 6742608.0, 1, 0.0366589346682
17132118.0, 7045174.0, 1, 0.0352929919126
15860506.0, 9129552.0, 1, 0.0336587271929
15999702.0, 8955584.0, 1, 0.0331754178352
17078728.0, 7050656.0, 1, 0.0292531934821
17990104.0, 6729276.0, 1, 0.0180964477288
18063094.0, 6627720.0, 1, 0.018000972114
17251450.0, 6938632.0, 1, 0.0179760424706
17251450.0, 6938632.0, 1, 0.0106358983224
17161722.0, 6955492.0, 1, 0.0104999987521
17078728.0, 7050656.0, 1, 0.00963231328208
17891104.0, 6810790.0, 1, 0.00844521441265
17132118.0, 7045174.0, 1, 0.00736034110673
17899764.0, 6742608.0, 1, 0.00538944285655
17899764.0, 6742608.0, 1, 0.0
17990104.0, 6729276.0, 1, 0.0
17990104.0, 6729276.0, 1, 0.0
17990104.0, 6729276.0, 1, 0.0
18063094.0, 6627720.0, 1, 0.0
18063094.0, 6627720.0, 1, 0.0
18712580.0, 6536844.0, 1, 0.0
18712580.0, 6536844.0, 1, 0.0
15545662.0, 9985616.0, 1, 0.0
15545662.0, 9985616.0, 1, 0.0
15545662.0, 9985616.0, 1, 0.0
15999702.0, 8955584.0, 1, 0.0
15999702.0, 8955584.0, 1, 0.0
16266706.0, 8778408.0, 1, 0.0
16316918.0, 8338366.0, 1, 0.0
17037622.0, 7118450.0, 1, 0.0
17037622.0, 7118450.0, 1, 0.0
17037622.0, 7118450.0, 1, 0.0
17037622.0, 7118450.0, 1, 0.0
17037622.0, 7118450.0, 1, 0.0
17037622.0, 7118450.0, 1, 0.0
17037622.0, 7118450.0, 1, 0.0
17037622.0, 7118450.0, 1, 0.0
17037622.0, 7118450.0, 1, 0.0
17037622.0, 7118450.0, 1, 0.0
17037622.0, 7118450.0, 1, 0.0
17037622.0, 7118450.0, 1, 0.0
17037622.0, 7118450.0, 1, 0.0
17037622.0, 7118450.0, 1, 0.0
17037622.0, 7118450.0, 1, 0.0
17037622.0, 7118450.0, 1, 0.0
17037622.0, 7118450.0, 1, 0.0
17037622.0, 7118450.0, 1, 0.0
17037622.0, 7118450.0, 1, 0.0
17037622.0, 7118450.0, 1, 0.0
17132118.0, 7045174.0, 1, 0.0
17161722.0, 6955492.0, 1, 0.0
17161722.0, 6955492.0, 1, 0.0
17161722.0, 6955492.0, 1, 0.0
17161722.0, 6955492.0, 1, 0.0
17161722.0, 6955492.0, 1, 0.0
17161722.0, 6955492.0, 1, 0.0
17161722.0, 6955492.0, 1, 0.0
17251450.0, 6938632.0, 1, 0.0
17251450.0, 6938632.0, 1, 0.0
17251450.0, 6938632.0, 1, 0.0
17251450.0, 6938632.0, 1, 0.0
17251450.0, 6938632.0, 1, 0.0
17251450.0, 6938632.0, 1, 0.0
17251450.0, 6938632.0, 1, 0.0
17251450.0, 6938632.0, 1, 0.0
17891104.0, 6810790.0, 1, 0.0
17899764.0, 6742608.0, 1, 0.0
17899764.0, 6742608.0, 1, 0.0
17899764.0, 6742608.0, 1, 0.0
17899764.0, 6742608.0, 1, 0.0
17899764.0, 6742608.0, 1, 0.0
17899764.0, 6742608.0, 1, 0.0
16176230.0, 9140564.0, 2, inf
20099878.0, 6454966.0, 2, inf
16176230.0, 9140564.0, 2, inf
18848006.0, 6606782.0, 2, 0.592449262937
16919478.0, 7580790.0, 2, 0.3358515605
16311016.0, 8996852.0, 2, 0.318010281073
16416920.0, 8451260.0, 2, 0.316522721384
16861736.0, 8000600.0, 2, 0.269686970092
18073090.0, 6658782.0, 2, 0.263461075931
17096124.0, 7259068.0, 2, 0.239473226206
16416920.0, 8451260.0, 2, 0.194797410003
16861736.0, 8000600.0, 2, 0.182522608594
17797026.0, 6835930.0, 2, 0.146531626602
17480900.0, 6895562.0, 2, 0.140460520964
17360744.0, 6930624.0, 2, 0.121075899573
17157642.0, 7100676.0, 2, 0.110741861204
17797026.0, 6835930.0, 2, 0.0925633784941
18073090.0, 6658782.0, 2, 0.0897215533215
17157642.0, 7100676.0, 2, 0.0789987521483
17377398.0, 6925930.0, 2, 0.0281268644222
17377398.0, 6925930.0, 2, 0.015552243029
18073090.0, 6658782.0, 2, 0.0
18073090.0, 6658782.0, 2, 0.0
18073090.0, 6658782.0, 2, 0.0
18073090.0, 6658782.0, 2, 0.0
18073090.0, 6658782.0, 2, 0.0
18073090.0, 6658782.0, 2, 0.0
16416920.0, 8451260.0, 2, 0.0
16416920.0, 8451260.0, 2, 0.0
16416920.0, 8451260.0, 2, 0.0
16861736.0, 8000600.0, 2, 0.0
17377398.0, 6925930.0, 2, 0.0
17797026.0, 6835930.0, 2, 0.0
18073090.0, 6658782.0, 2, 0.0
16240814.0, 9244164.0, 3, inf
19297474.0, 6618756.0, 3, inf
16922036.0, 8221970.0, 3, 0.614144183337
18136810.0, 6782568.0, 3, 0.586948268039
17116024.0, 7371024.0, 3, 0.538119261468
17012008.0, 8089234.0, 3, 0.387583569778
16315164.0, 9103084.0, 3, 0.359934248035
17643916.0, 7219206.0, 3, 0.264808295577
16315164.0, 9103084.0, 3, 0.252277300769
17900558.0, 6959904.0, 3, 0.190937705173
17780002.0, 6977390.0, 3, 0.182727942149
17643916.0, 7219206.0, 3, 0.102347584684
Generacion: 92
15545662.0, 9985616.0, 1, inf
20608224.0, 6361654.0, 1, inf
15545662.0, 9985616.0, 1, inf
19014720.0, 6445794.0, 1, 0.42278573013
15750668.0, 9545264.0, 1, 0.25334052796
16800464.0, 7596510.0, 1, 0.225733080906
16316918.0, 8338366.0, 1, 0.224109397088
16218700.0, 8663926.0, 1, 0.217557771203
16316918.0, 8338366.0, 1, 0.185349468575
16906902.0, 7329338.0, 1, 0.178761845246
16800464.0, 7596510.0, 1, 0.169237820605
15683244.0, 9920758.0, 1, 0.162005724312
18223096.0, 6569024.0, 1, 0.159965169158
15860506.0, 9129552.0, 1, 0.153267872011
17321632.0, 6852856.0, 1, 0.12987073828
17797026.0, 6835930.0, 1, 0.124094656287
18712580.0, 6536844.0, 1, 0.121811449045
17037622.0, 7118450.0, 1, 0.0768583111147
16024204.0, 8917252.0, 1, 0.0747428928212
18712580.0, 6536844.0, 1, 0.0685610284571
18073090.0, 6658782.0, 1, 0.0490826426571
16024204.0, 8917252.0, 1, 0.0489958660588
17037622.0, 7118450.0, 1, 0.0460407771588
17132118.0, 7045174.0, 1, 0.0434125961762
18073090.0, 6658782.0, 1, 0.0411600152956
15885298.0, 9086200.0, 1, 0.0409394457426
15999702.0, 8955584.0, 1, 0.0408821624935
17161722.0, 6955492.0, 1, 0.0397393572114
17281742.0, 6937718.0, 1, 0.0375320636912
17891104.0, 6810790.0, 1, 0.0373972959959
17990104.0, 6729276.0, 1, 0.0372969104527
17899764.0, 6742608.0, 1, 0.0366589346682
15885298.0, 9086200.0, 1, 0.0345606420732
15999702.0, 8955584.0, 1, 0.0331754178352
17132118.0, 7045174.0, 1, 0.0260674909058
17237622.0, 6948220.0, 1, 0.0223761989844
17990104.0, 6729276.0, 1, 0.0200709420658
17891104.0, 6810790.0, 1, 0.00864775516777
17251450.0, 6938632.0, 1, 0.00862925476484
17161722.0, 6955492.0, 1, 0.00785427564578
17899764.0, 6742608.0, 1, 0.00538944285655
17251450.0, 6938632.0, 1, 0.00298363348872
17251450.0, 6938632.0, 1, 0.0
17251450.0, 6938632.0, 1, 0.0
17251450.0, 6938632.0, 1, 0.0
17251450.0, 6938632.0, 1, 0.0
17251450.0, 6938632.0, 1, 0.0
17251450.0, 6938632.0, 1, 0.0
17251450.0, 6938632.0, 1, 0.0
17891104.0, 6810790.0, 1, 0.0
17899764.0, 6742608.0, 1, 0.0
17899764.0, 6742608.0, 1, 0.0
17899764.0, 6742608.0, 1, 0.0
17899764.0, 6742608.0, 1, 0.0
17899764.0, 6742608.0, 1, 0.0
17990104.0, 6729276.0, 1, 0.0
17990104.0, 6729276.0, 1, 0.0
17990104.0, 6729276.0, 1, 0.0
17990104.0, 6729276.0, 1, 0.0
17990104.0, 6729276.0, 1, 0.0
18073090.0, 6658782.0, 1, 0.0
18712580.0, 6536844.0, 1, 0.0
15545662.0, 9985616.0, 1, 0.0
15545662.0, 9985616.0, 1, 0.0
15885298.0, 9086200.0, 1, 0.0
15999702.0, 8955584.0, 1, 0.0
17037622.0, 7118450.0, 1, 0.0
17037622.0, 7118450.0, 1, 0.0
17037622.0, 7118450.0, 1, 0.0
17037622.0, 7118450.0, 1, 0.0
17037622.0, 7118450.0, 1, 0.0
17037622.0, 7118450.0, 1, 0.0
17037622.0, 7118450.0, 1, 0.0
17037622.0, 7118450.0, 1, 0.0
17037622.0, 7118450.0, 1, 0.0
17037622.0, 7118450.0, 1, 0.0
17037622.0, 7118450.0, 1, 0.0
17037622.0, 7118450.0, 1, 0.0
17037622.0, 7118450.0, 1, 0.0
17037622.0, 7118450.0, 1, 0.0
17037622.0, 7118450.0, 1, 0.0
17037622.0, 7118450.0, 1, 0.0
17037622.0, 7118450.0, 1, 0.0
17037622.0, 7118450.0, 1, 0.0
17037622.0, 7118450.0, 1, 0.0
17132118.0, 7045174.0, 1, 0.0
17132118.0, 7045174.0, 1, 0.0
17161722.0, 6955492.0, 1, 0.0
17161722.0, 6955492.0, 1, 0.0
17161722.0, 6955492.0, 1, 0.0
17161722.0, 6955492.0, 1, 0.0
17161722.0, 6955492.0, 1, 0.0
17161722.0, 6955492.0, 1, 0.0
17161722.0, 6955492.0, 1, 0.0
17161722.0, 6955492.0, 1, 0.0
17161722.0, 6955492.0, 1, 0.0
15575722.0, 10189252.0, 2, inf
18664986.0, 6612736.0, 2, inf
15575722.0, 10189252.0, 2, inf
17829376.0, 6916896.0, 2, 0.376119280976
15877042.0, 9939336.0, 2, 0.277996509598
15958630.0, 9206666.0, 2, 0.268243930449
16861736.0, 8000600.0, 2, 0.261367289271
16919478.0, 7580790.0, 2, 0.258343985219
16416920.0, 8451260.0, 2, 0.232171278404
17116024.0, 7371024.0, 2, 0.211334787832
17377398.0, 6925930.0, 2, 0.203170252156
16068170.0, 9134780.0, 2, 0.182488425115
15762332.0, 9973666.0, 2, 0.167414737104
16416920.0, 8451260.0, 2, 0.157269065281
17770662.0, 6922552.0, 2, 0.148831967587
16861736.0, 8000600.0, 2, 0.144696491361
17157642.0, 7100676.0, 2, 0.122098803675
16266706.0, 8778408.0, 2, 0.117002991074
16320338.0, 8766650.0, 2, 0.105544353674
17209102.0, 6999062.0, 2, 0.0869574485623
16266706.0, 8778408.0, 2, 0.0675539971027
16043958.0, 9173200.0, 2, 0.0555577326521
17201200.0, 7032946.0, 2, 0.0450691377995
16320338.0, 8766650.0, 2, 0.034551314263
15575722.0, 10189252.0, 2, 0.0
16861736.0, 8000600.0, 2, 0.0
15575722.0, 10189252.0, 2, 0.0
19206112.0, 6734470.0, 3, inf
15848510.0, 10282794.0, 3, inf
17708820.0, 6934382.0, 3, 0.585438807831
16176230.0, 9140564.0, 3, 0.500157185962
16311016.0, 8996852.0, 3, 0.481033901948
16911510.0, 8210746.0, 3, 0.457121796671
17196480.0, 7530886.0, 3, 0.398119628021
17459294.0, 6965754.0, 3, 0.320699707638
17026968.0, 7921528.0, 3, 0.219740588732
17006476.0, 8109800.0, 3, 0.11589538198
17780002.0, 6977390.0, 4, inf
16240814.0, 9244164.0, 4, inf
16240814.0, 9244164.0, 4, inf
16922036.0, 8221970.0, 4, 1.92397347825
17674036.0, 6993668.0, 4, 0.610717673136
17674036.0, 6993668.0, 4, 0.495750428118
17289674.0, 9210058.0, 5, inf
19793324.0, 6987296.0, 5, inf
17907566.0, 7465860.0, 5, 2.0
17739956.0, 9390150.0, 6, inf
20197626.0, 7435252.0, 6, inf
19419652.0, 8544012.0, 6, 1.41989146876
18629728.0, 8963846.0, 6, 1.02708601837
17876906.0, 9324718.0, 6, 0.339786131199
17876906.0, 9324718.0, 6, 0.240322400038
20332766.0, 7921842.0, 7, inf
17772538.0, 9592438.0, 7, inf
Generacion: 93
15545662.0, 9985616.0, 1, inf
21055680.0, 6266348.0, 1, inf
15545662.0, 9985616.0, 1, inf
20608224.0, 6361654.0, 1, 0.497971909439
18712580.0, 6536844.0, 1, 0.363060611015
15762332.0, 9973666.0, 1, 0.287310307908
16490244.0, 8185428.0, 1, 0.287220513118
15860506.0, 9129552.0, 1, 0.231456465714
16800464.0, 7596510.0, 1, 0.177659626304
16906902.0, 7329338.0, 1, 0.171577283969
18633312.0, 6607602.0, 1, 0.142307502326
18063094.0, 6627720.0, 1, 0.138389679002
16800464.0, 7596510.0, 1, 0.12813565179
16316918.0, 8338366.0, 1, 0.118989874895
16218700.0, 8663926.0, 1, 0.112744523246
17321632.0, 6852856.0, 1, 0.109340723693
16079786.0, 8905836.0, 1, 0.103410404009
17797026.0, 6835930.0, 1, 0.0889625202397
16218700.0, 8663926.0, 1, 0.0828677186689
17037622.0, 7118450.0, 1, 0.0641617096811
18712580.0, 6536844.0, 1, 0.0614895146462
16316918.0, 8338366.0, 1, 0.058945807153
15940384.0, 9069984.0, 1, 0.0558816469969
17037622.0, 7118450.0, 1, 0.0419518407347
18016714.0, 6706106.0, 1, 0.0405521536748
17161722.0, 6955492.0, 1, 0.037887718923
17078728.0, 7050656.0, 1, 0.0368515794846
15999702.0, 8955584.0, 1, 0.0352055501281
17899764.0, 6742608.0, 1, 0.0347276926304
17132118.0, 7045174.0, 1, 0.0338024328132
15885298.0, 9086200.0, 1, 0.0305129221144
15860506.0, 9129552.0, 1, 0.0294734217141
17251450.0, 6938632.0, 1, 0.0255722133176
17865480.0, 6825946.0, 1, 0.0238333860004
17891104.0, 6810790.0, 1, 0.0229825404367
17990104.0, 6729276.0, 1, 0.0226253111941
15999702.0, 8955584.0, 1, 0.0210718111677
16024204.0, 8917252.0, 1, 0.0203937734553
17321632.0, 6852856.0, 1, 0.0172880589709
17797026.0, 6835930.0, 1, 0.0169744483801
17237622.0, 6948220.0, 1, 0.0163528362525
17251450.0, 6938632.0, 1, 0.0153150900963
17990104.0, 6729276.0, 1, 0.00841396163221
16024204.0, 8917252.0, 1, 0.00751623061684
17161722.0, 6955492.0, 1, 0.00732798266504
17132118.0, 7045174.0, 1, 0.00684670516635
17891104.0, 6810790.0, 1, 0.00564667810826
17899764.0, 6742608.0, 1, 0.00515625902579
17237622.0, 6948220.0, 1, 0.0044648341236
15860506.0, 9129552.0, 1, 0.0
15860506.0, 9129552.0, 1, 0.0
15999702.0, 8955584.0, 1, 0.0
15999702.0, 8955584.0, 1, 0.0
16024204.0, 8917252.0, 1, 0.0
16024204.0, 8917252.0, 1, 0.0
16218700.0, 8663926.0, 1, 0.0
16316918.0, 8338366.0, 1, 0.0
16800464.0, 7596510.0, 1, 0.0
17037622.0, 7118450.0, 1, 0.0
17037622.0, 7118450.0, 1, 0.0
17037622.0, 7118450.0, 1, 0.0
17037622.0, 7118450.0, 1, 0.0
17037622.0, 7118450.0, 1, 0.0
17037622.0, 7118450.0, 1, 0.0
17037622.0, 7118450.0, 1, 0.0
17037622.0, 7118450.0, 1, 0.0
17037622.0, 7118450.0, 1, 0.0
17037622.0, 7118450.0, 1, 0.0
17037622.0, 7118450.0, 1, 0.0
17037622.0, 7118450.0, 1, 0.0
17037622.0, 7118450.0, 1, 0.0
17037622.0, 7118450.0, 1, 0.0
17037622.0, 7118450.0, 1, 0.0
17037622.0, 7118450.0, 1, 0.0
17037622.0, 7118450.0, 1, 0.0
17037622.0, 7118450.0, 1, 0.0
17037622.0, 7118450.0, 1, 0.0
17037622.0, 7118450.0, 1, 0.0
17037622.0, 7118450.0, 1, 0.0
17037622.0, 7118450.0, 1, 0.0
17132118.0, 7045174.0, 1, 0.0
17132118.0, 7045174.0, 1, 0.0
17132118.0, 7045174.0, 1, 0.0
17132118.0, 7045174.0, 1, 0.0
17132118.0, 7045174.0, 1, 0.0
17161722.0, 6955492.0, 1, 0.0
17161722.0, 6955492.0, 1, 0.0
17161722.0, 6955492.0, 1, 0.0
17161722.0, 6955492.0, 1, 0.0
17161722.0, 6955492.0, 1, 0.0
17161722.0, 6955492.0, 1, 0.0
17161722.0, 6955492.0, 1, 0.0
17161722.0, 6955492.0, 1, 0.0
17161722.0, 6955492.0, 1, 0.0
17161722.0, 6955492.0, 1, 0.0
17161722.0, 6955492.0, 1, 0.0
17161722.0, 6955492.0, 1, 0.0
17161722.0, 6955492.0, 1, 0.0
17161722.0, 6955492.0, 1, 0.0
17161722.0, 6955492.0, 1, 0.0
17251450.0, 6938632.0, 1, 0.0
17251450.0, 6938632.0, 1, 0.0
17797026.0, 6835930.0, 1, 0.0
17899764.0, 6742608.0, 1, 0.0
17990104.0, 6729276.0, 1, 0.0
17990104.0, 6729276.0, 1, 0.0
17990104.0, 6729276.0, 1, 0.0
17990104.0, 6729276.0, 1, 0.0
17990104.0, 6729276.0, 1, 0.0
17990104.0, 6729276.0, 1, 0.0
17990104.0, 6729276.0, 1, 0.0
18848006.0, 6606782.0, 2, inf
15575722.0, 10189252.0, 2, inf
16068170.0, 9134780.0, 2, 0.432479077222
16590228.0, 8298046.0, 2, 0.382750028175
17116024.0, 7371024.0, 2, 0.341630073765
17907110.0, 6824440.0, 2, 0.288371005764
15684208.0, 10015072.0, 2, 0.278875075989
16861736.0, 8000600.0, 2, 0.258709984373
18664986.0, 6612736.0, 2, 0.251327088793
16305544.0, 8762876.0, 2, 0.232954152672
18073090.0, 6658782.0, 2, 0.227122890978
17360408.0, 6911624.0, 2, 0.222496175354
17157642.0, 7100676.0, 2, 0.171829119966
15684208.0, 10015072.0, 2, 0.165957701092
16861736.0, 8000600.0, 2, 0.160737826497
16255410.0, 9091076.0, 2, 0.16014861355
17283788.0, 6939118.0, 2, 0.114736082451
16266706.0, 8778408.0, 2, 0.106933567299
18073090.0, 6658782.0, 2, 0.0635761244795
18073090.0, 6658782.0, 2, 0.0
16861736.0, 8000600.0, 2, 0.0
16861736.0, 8000600.0, 2, 0.0
18073090.0, 6658782.0, 2, 0.0
18073090.0, 6658782.0, 2, 0.0
18073090.0, 6658782.0, 2, 0.0
16240814.0, 9244164.0, 3, inf
18729140.0, 6767700.0, 3, inf
16763518.0, 8326256.0, 3, 0.943166121244
17596594.0, 8200468.0, 3, 0.904016979783
16265154.0, 9211092.0, 3, 0.580715180407
17674036.0, 6993668.0, 3, 0.508622440971
18046780.0, 6827182.0, 3, 0.447719360189
17770662.0, 6922552.0, 3, 0.131462330506
17727074.0, 6973312.0, 3, 0.0675484796205
17770662.0, 6922552.0, 3, 0.0560275511282
17674036.0, 6993668.0, 3, 0.0393419122261
18550066.0, 6969174.0, 4, inf
16821340.0, 10115944.0, 4, inf
18550066.0, 6969174.0, 4, inf
Generacion: 94
15545662.0, 9985616.0, 1, inf
18905540.0, 6533054.0, 1, inf
15545662.0, 9985616.0, 1, inf
18223096.0, 6569024.0, 1, 0.284177828129
16689230.0, 8033910.0, 1, 0.262904933119
15860506.0, 9129552.0, 1, 0.255329202009
16906902.0, 7329338.0, 1, 0.209050591427
17321632.0, 6852856.0, 1, 0.186709560272
17865480.0, 6825946.0, 1, 0.186003417993
16800464.0, 7596510.0, 1, 0.158367655137
16490244.0, 8185428.0, 1, 0.156836494259
16218700.0, 8663926.0, 1, 0.135640146558
16079786.0, 8905836.0, 1, 0.131261154573
16316918.0, 8338366.0, 1, 0.13113760212
16800464.0, 7596510.0, 1, 0.110490252843
15860506.0, 9129552.0, 1, 0.10626344644
16218700.0, 8663926.0, 1, 0.0992994173997
16440704.0, 8320016.0, 1, 0.0958839519117
17037622.0, 7118450.0, 1, 0.0733159695925
17037622.0, 7118450.0, 1, 0.0585420275968
18073090.0, 6658782.0, 1, 0.0583531865111
17899764.0, 6742608.0, 1, 0.0510258979758
17161722.0, 6955492.0, 1, 0.048565598932
15885298.0, 9086200.0, 1, 0.0466065184205
15885298.0, 9086200.0, 1, 0.0452104554086
15999702.0, 8955584.0, 1, 0.0451525257044
15999702.0, 8955584.0, 1, 0.0451241427508
18073090.0, 6658782.0, 1, 0.0427766862931
17132118.0, 7045174.0, 1, 0.0418659509091
16024204.0, 8917252.0, 1, 0.03824439915
17078728.0, 7050656.0, 1, 0.0355263109547
16316918.0, 8338366.0, 1, 0.0345475027346
17990104.0, 6729276.0, 1, 0.033598839461
17237622.0, 6948220.0, 1, 0.0315890616955
17251450.0, 6938632.0, 1, 0.0289597848339
17321632.0, 6852856.0, 1, 0.0286824703931
17251450.0, 6938632.0, 1, 0.0236653266025
18016714.0, 6706106.0, 1, 0.0234901390855
18016714.0, 6706106.0, 1, 0.0216268529954
17865480.0, 6825946.0, 1, 0.0179981538793
17899764.0, 6742608.0, 1, 0.0140654221861
17078728.0, 7050656.0, 1, 0.0138221791841
17990104.0, 6729276.0, 1, 0.0117814106833
17161722.0, 6955492.0, 1, 0.0109172961687
17132118.0, 7045174.0, 1, 0.0103988405986
17037622.0, 7118450.0, 1, 0.0
17037622.0, 7118450.0, 1, 0.0
17037622.0, 7118450.0, 1, 0.0
17037622.0, 7118450.0, 1, 0.0
17037622.0, 7118450.0, 1, 0.0
17037622.0, 7118450.0, 1, 0.0
17037622.0, 7118450.0, 1, 0.0
17037622.0, 7118450.0, 1, 0.0
17037622.0, 7118450.0, 1, 0.0
17037622.0, 7118450.0, 1, 0.0
17037622.0, 7118450.0, 1, 0.0
17132118.0, 7045174.0, 1, 0.0
17132118.0, 7045174.0, 1, 0.0
17132118.0, 7045174.0, 1, 0.0
17132118.0, 7045174.0, 1, 0.0
17161722.0, 6955492.0, 1, 0.0
17161722.0, 6955492.0, 1, 0.0
17161722.0, 6955492.0, 1, 0.0
17161722.0, 6955492.0, 1, 0.0
17161722.0, 6955492.0, 1, 0.0
17161722.0, 6955492.0, 1, 0.0
17161722.0, 6955492.0, 1, 0.0
17161722.0, 6955492.0, 1, 0.0
17161722.0, 6955492.0, 1, 0.0
17161722.0, 6955492.0, 1, 0.0
17161722.0, 6955492.0, 1, 0.0
17161722.0, 6955492.0, 1, 0.0
17161722.0, 6955492.0, 1, 0.0
17161722.0, 6955492.0, 1, 0.0
17161722.0, 6955492.0, 1, 0.0
17161722.0, 6955492.0, 1, 0.0
17161722.0, 6955492.0, 1, 0.0
17251450.0, 6938632.0, 1, 0.0
17251450.0, 6938632.0, 1, 0.0
17251450.0, 6938632.0, 1, 0.0
17251450.0, 6938632.0, 1, 0.0
17321632.0, 6852856.0, 1, 0.0
17990104.0, 6729276.0, 1, 0.0
17990104.0, 6729276.0, 1, 0.0
17990104.0, 6729276.0, 1, 0.0
17990104.0, 6729276.0, 1, 0.0
17990104.0, 6729276.0, 1, 0.0
17990104.0, 6729276.0, 1, 0.0
17990104.0, 6729276.0, 1, 0.0
17990104.0, 6729276.0, 1, 0.0
17990104.0, 6729276.0, 1, 0.0
17990104.0, 6729276.0, 1, 0.0
18016714.0, 6706106.0, 1, 0.0
18073090.0, 6658782.0, 1, 0.0
18073090.0, 6658782.0, 1, 0.0
18073090.0, 6658782.0, 1, 0.0
15545662.0, 9985616.0, 1, 0.0
15860506.0, 9129552.0, 1, 0.0
15860506.0, 9129552.0, 1, 0.0
15999702.0, 8955584.0, 1, 0.0
15999702.0, 8955584.0, 1, 0.0
16218700.0, 8663926.0, 1, 0.0
16218700.0, 8663926.0, 1, 0.0
16316918.0, 8338366.0, 1, 0.0
16800464.0, 7596510.0, 1, 0.0
17037622.0, 7118450.0, 1, 0.0
17037622.0, 7118450.0, 1, 0.0
17037622.0, 7118450.0, 1, 0.0
17037622.0, 7118450.0, 1, 0.0
17037622.0, 7118450.0, 1, 0.0
17037622.0, 7118450.0, 1, 0.0
17037622.0, 7118450.0, 1, 0.0
17037622.0, 7118450.0, 1, 0.0
17037622.0, 7118450.0, 1, 0.0
17037622.0, 7118450.0, 1, 0.0
17037622.0, 7118450.0, 1, 0.0
18633312.0, 6607602.0, 2, inf
18633312.0, 6607602.0, 2, inf
15575722.0, 10189252.0, 2, inf
17157642.0, 7100676.0, 2, 0.388745352654
16985790.0, 7982394.0, 2, 0.348037142381
18541032.0, 6787692.0, 2, 0.340140626113
16341622.0, 8645504.0, 2, 0.304899837722
15684208.0, 10015072.0, 2, 0.270532328043
17770662.0, 6922552.0, 2, 0.256578578353
16043958.0, 9173200.0, 2, 0.242970097659
16590228.0, 8298046.0, 2, 0.225695809147
17283788.0, 6939118.0, 2, 0.204341703908
17770662.0, 6922552.0, 2, 0.196887597561
15684208.0, 10015072.0, 2, 0.16628924224
16068170.0, 9134780.0, 2, 0.144524967621
16043958.0, 9173200.0, 2, 0.128384924398
16861736.0, 8000600.0, 2, 0.123619675933
16068170.0, 9134780.0, 2, 0.100160734758
16540706.0, 8432910.0, 2, 0.0994587332377
16416920.0, 8451260.0, 2, 0.0947179311387
16861736.0, 8000600.0, 2, 0.0938811723626
18594102.0, 6668862.0, 2, 0.0804619273928
17283788.0, 6939118.0, 2, 0.0458819185653
16416920.0, 8451260.0, 2, 0.0297499219996
16861736.0, 8000600.0, 2, 0.0
16861736.0, 8000600.0, 2, 0.0
17283788.0, 6939118.0, 2, 0.0
16043958.0, 9173200.0, 2, 0.0
16176230.0, 9140564.0, 3, inf
16176230.0, 9140564.0, 3, inf
19895244.0, 6704686.0, 3, inf
17428316.0, 7470792.0, 3, 1.18341816379
17780002.0, 6977390.0, 3, 0.575446794639
17643916.0, 7219206.0, 3, 0.26194479664
Generacion: 95
23624056.0, 6403150.0, 1, inf
15545662.0, 9985616.0, 1, inf
21079810.0, 6560188.0, 1, 0.682672375402
18223096.0, 6569024.0, 1, 0.366230958465
23526624.0, 6475290.0, 1, 0.358779698105
15860506.0, 9129552.0, 1, 0.242028347508
16689230.0, 8033910.0, 1, 0.202790196156
16800464.0, 7596510.0, 1, 0.135270307491
16490244.0, 8185428.0, 1, 0.110627148511
16218700.0, 8663926.0, 1, 0.108071694295
16316918.0, 8338366.0, 1, 0.106199044855
16079786.0, 8905836.0, 1, 0.094788816226
16906902.0, 7329338.0, 1, 0.0895096074757
16800464.0, 7596510.0, 1, 0.0883470001554
17321632.0, 6852856.0, 1, 0.0825357400148
16218700.0, 8663926.0, 1, 0.0796842215458
17027528.0, 7319250.0, 1, 0.075048147681
17797026.0, 6835930.0, 1, 0.0745362530416
17037622.0, 7118450.0, 1, 0.0611391638148
16440704.0, 8320016.0, 1, 0.0528916303531
15860506.0, 9129552.0, 1, 0.0510747496692
15885298.0, 9086200.0, 1, 0.0395287285309
15999702.0, 8955584.0, 1, 0.0394928303065
17161722.0, 6955492.0, 1, 0.0361407523581
17899764.0, 6742608.0, 1, 0.033119202158
17281742.0, 6937718.0, 1, 0.0326309016211
17078728.0, 7050656.0, 1, 0.0321514416176
17132118.0, 7045174.0, 1, 0.0316425810631
17852368.0, 6821194.0, 1, 0.0287869054168
15885298.0, 9086200.0, 1, 0.0262628873114
15999702.0, 8955584.0, 1, 0.0248616179065
16024204.0, 8917252.0, 1, 0.0237998805163
18073090.0, 6658782.0, 1, 0.0232812038114
18154450.0, 6614188.0, 1, 0.022678267175
18154450.0, 6614188.0, 1, 0.0209453312267
17037622.0, 7118450.0, 1, 0.020173342043
18073090.0, 6658782.0, 1, 0.0194264649768
17990104.0, 6729276.0, 1, 0.0176505277868
16316918.0, 8338366.0, 1, 0.01728027968
18016714.0, 6706106.0, 1, 0.0165038666327
16906902.0, 7329338.0, 1, 0.015991576025
18016714.0, 6706106.0, 1, 0.0134462267834
17251450.0, 6938632.0, 1, 0.0113622897013
16440704.0, 8320016.0, 1, 0.0112545770465
18223096.0, 6569024.0, 1, 0.0109639385213
17852368.0, 6821194.0, 1, 0.00998037544389
17321632.0, 6852856.0, 1, 0.0096625411251
17899764.0, 6742608.0, 1, 0.00958846663024
17251450.0, 6938632.0, 1, 0.00845601062302
17161722.0, 6955492.0, 1, 0.00837084518048
17990104.0, 6729276.0, 1, 0.00701543045498
17132118.0, 7045174.0, 1, 0.00519482062087
17037622.0, 7118450.0, 1, 0.0
17037622.0, 7118450.0, 1, 0.0
17037622.0, 7118450.0, 1, 0.0
17037622.0, 7118450.0, 1, 0.0
17037622.0, 7118450.0, 1, 0.0
17037622.0, 7118450.0, 1, 0.0
17037622.0, 7118450.0, 1, 0.0
17037622.0, 7118450.0, 1, 0.0
17037622.0, 7118450.0, 1, 0.0
17037622.0, 7118450.0, 1, 0.0
17037622.0, 7118450.0, 1, 0.0
17037622.0, 7118450.0, 1, 0.0
17037622.0, 7118450.0, 1, 0.0
17132118.0, 7045174.0, 1, 0.0
17132118.0, 7045174.0, 1, 0.0
17132118.0, 7045174.0, 1, 0.0
17161722.0, 6955492.0, 1, 0.0
17161722.0, 6955492.0, 1, 0.0
17161722.0, 6955492.0, 1, 0.0
17161722.0, 6955492.0, 1, 0.0
17161722.0, 6955492.0, 1, 0.0
17161722.0, 6955492.0, 1, 0.0
17161722.0, 6955492.0, 1, 0.0
17161722.0, 6955492.0, 1, 0.0
17161722.0, 6955492.0, 1, 0.0
17161722.0, 6955492.0, 1, 0.0
17161722.0, 6955492.0, 1, 0.0
17161722.0, 6955492.0, 1, 0.0
17161722.0, 6955492.0, 1, 0.0
17251450.0, 6938632.0, 1, 0.0
17251450.0, 6938632.0, 1, 0.0
17251450.0, 6938632.0, 1, 0.0
17251450.0, 6938632.0, 1, 0.0
17251450.0, 6938632.0, 1, 0.0
17251450.0, 6938632.0, 1, 0.0
17251450.0, 6938632.0, 1, 0.0
17852368.0, 6821194.0, 1, 0.0
17852368.0, 6821194.0, 1, 0.0
17899764.0, 6742608.0, 1, 0.0
17990104.0, 6729276.0, 1, 0.0
17990104.0, 6729276.0, 1, 0.0
17990104.0, 6729276.0, 1, 0.0
17990104.0, 6729276.0, 1, 0.0
17990104.0, 6729276.0, 1, 0.0
17990104.0, 6729276.0, 1, 0.0
17990104.0, 6729276.0, 1, 0.0
17990104.0, 6729276.0, 1, 0.0
18073090.0, 6658782.0, 1, 0.0
18073090.0, 6658782.0, 1, 0.0
18073090.0, 6658782.0, 1, 0.0
18073090.0, 6658782.0, 1, 0.0
18154450.0, 6614188.0, 1, 0.0
18154450.0, 6614188.0, 1, 0.0
15860506.0, 9129552.0, 1, 0.0
15860506.0, 9129552.0, 1, 0.0
15860506.0, 9129552.0, 1, 0.0
15885298.0, 9086200.0, 1, 0.0
15999702.0, 8955584.0, 1, 0.0
15999702.0, 8955584.0, 1, 0.0
15999702.0, 8955584.0, 1, 0.0
16218700.0, 8663926.0, 1, 0.0
16218700.0, 8663926.0, 1, 0.0
16800464.0, 7596510.0, 1, 0.0
16800464.0, 7596510.0, 1, 0.0
16800464.0, 7596510.0, 1, 0.0
16906902.0, 7329338.0, 1, 0.0
16906902.0, 7329338.0, 1, 0.0
16906902.0, 7329338.0, 1, 0.0
16906902.0, 7329338.0, 1, 0.0
17037622.0, 7118450.0, 1, 0.0
15575722.0, 10189252.0, 2, inf
15575722.0, 10189252.0, 2, inf
19887502.0, 6604142.0, 2, inf
18492106.0, 6751534.0, 2, 0.475229607259
16043958.0, 9173200.0, 2, 0.408335332993
19793120.0, 6671772.0, 2, 0.364736385241
16305544.0, 8762876.0, 2, 0.20915373367
16919478.0, 7580790.0, 2, 0.202521931717
16590228.0, 8298046.0, 2, 0.195039033245
16861736.0, 8000600.0, 2, 0.180067110017
17708820.0, 6934382.0, 2, 0.166474857404
17917934.0, 6816364.0, 2, 0.166084691804
17209102.0, 6999062.0, 2, 0.133465008623
16978074.0, 7371268.0, 2, 0.130009292778
17283788.0, 6939118.0, 2, 0.115294870598
16348574.0, 8618088.0, 2, 0.112750140179
16068170.0, 9134780.0, 2, 0.109351043494
17107386.0, 7270932.0, 2, 0.105823496963
16861736.0, 8000600.0, 2, 0.0963587349301
16540706.0, 8432910.0, 2, 0.082930279123
16416920.0, 8451260.0, 2, 0.0752423722852
16068170.0, 9134780.0, 2, 0.0657689847919
17107386.0, 7270932.0, 2, 0.0515771252943
17865480.0, 6825946.0, 2, 0.0424114902572
17865480.0, 6825946.0, 2, 0.0390057438959
16416920.0, 8451260.0, 2, 0.0209693867151
17283788.0, 6939118.0, 2, 0.0186424041105
17865480.0, 6825946.0, 2, 0.0
Generacion: 96
20608224.0, 6361654.0, 1, inf
15542634.0, 10262976.0, 1, inf
18223096.0, 6569024.0, 1, 0.482425591435
15819630.0, 9789000.0, 1, 0.281582679639
15860506.0, 9129552.0, 1, 0.208138695654
16642370.0, 7949384.0, 1, 0.182954821394
15545662.0, 9985616.0, 1, 0.176173008374
16416920.0, 8451260.0, 1, 0.138867996213
17442302.0, 6835196.0, 1, 0.112888501054
16490244.0, 8185428.0, 1, 0.111853141808
17852368.0, 6821194.0, 1, 0.101094709399
16348574.0, 8618088.0, 1, 0.0936419493597
16800464.0, 7596510.0, 1, 0.0934244321063
16614680.0, 8167192.0, 1, 0.090534843459
16815532.0, 7450386.0, 1, 0.0894943922813
16086926.0, 8856902.0, 1, 0.0894302505252
17025916.0, 7313618.0, 1, 0.079861006383
16218700.0, 8663926.0, 1, 0.0751027330173
15940384.0, 9069984.0, 1, 0.0720707978887
16800464.0, 7596510.0, 1, 0.0686643911788
18223096.0, 6569024.0, 1, 0.0667052094152
17037622.0, 7118450.0, 1, 0.0581408700517
16906902.0, 7329338.0, 1, 0.0545220290795
18063094.0, 6627720.0, 1, 0.0507512462914
17899764.0, 6742608.0, 1, 0.0507512462914
17321632.0, 6852856.0, 1, 0.0455736232098
17161722.0, 6955492.0, 1, 0.0407008301582
16218700.0, 8663926.0, 1, 0.0377629048008
17078728.0, 7050656.0, 1, 0.0374368416083
15999702.0, 8955584.0, 1, 0.0341603423591
17132118.0, 7045174.0, 1, 0.0335273321057
18154450.0, 6614188.0, 1, 0.0296112104846
16079786.0, 8905836.0, 1, 0.0278510886155
17281742.0, 6937718.0, 1, 0.0277320687216
18016714.0, 6706106.0, 1, 0.0253452535965
17990104.0, 6729276.0, 1, 0.0237730653622
16906902.0, 7329338.0, 1, 0.0220667889424
15999702.0, 8955584.0, 1, 0.0215353757669
16024204.0, 8917252.0, 1, 0.0207978506217
17037622.0, 7118450.0, 1, 0.0196880723025
17251450.0, 6938632.0, 1, 0.0179475173068
18154450.0, 6614188.0, 1, 0.0170200001451
18016714.0, 6706106.0, 1, 0.0150949054638
17852368.0, 6821194.0, 1, 0.0129455017502
17321632.0, 6852856.0, 1, 0.0124013703924
17251450.0, 6938632.0, 1, 0.0103015669584
17161722.0, 6955492.0, 1, 0.0101657486233
17990104.0, 6729276.0, 1, 0.00867039312614
17281742.0, 6937718.0, 1, 0.00810897924907
16024204.0, 8917252.0, 1, 0.00776313648889
17132118.0, 7045174.0, 1, 0.00724930132671
15999702.0, 8955584.0, 1, 0.0
15999702.0, 8955584.0, 1, 0.0
15999702.0, 8955584.0, 1, 0.0
16800464.0, 7596510.0, 1, 0.0
16800464.0, 7596510.0, 1, 0.0
16800464.0, 7596510.0, 1, 0.0
16800464.0, 7596510.0, 1, 0.0
16800464.0, 7596510.0, 1, 0.0
16906902.0, 7329338.0, 1, 0.0
16906902.0, 7329338.0, 1, 0.0
16906902.0, 7329338.0, 1, 0.0
16906902.0, 7329338.0, 1, 0.0
16906902.0, 7329338.0, 1, 0.0
16906902.0, 7329338.0, 1, 0.0
16906902.0, 7329338.0, 1, 0.0
17037622.0, 7118450.0, 1, 0.0
17037622.0, 7118450.0, 1, 0.0
17037622.0, 7118450.0, 1, 0.0
17037622.0, 7118450.0, 1, 0.0
17037622.0, 7118450.0, 1, 0.0
17037622.0, 7118450.0, 1, 0.0
17037622.0, 7118450.0, 1, 0.0
17037622.0, 7118450.0, 1, 0.0
17037622.0, 7118450.0, 1, 0.0
17037622.0, 7118450.0, 1, 0.0
17037622.0, 7118450.0, 1, 0.0
17037622.0, 7118450.0, 1, 0.0
17037622.0, 7118450.0, 1, 0.0
17132118.0, 7045174.0, 1, 0.0
17132118.0, 7045174.0, 1, 0.0
17132118.0, 7045174.0, 1, 0.0
17132118.0, 7045174.0, 1, 0.0
17161722.0, 6955492.0, 1, 0.0
17161722.0, 6955492.0, 1, 0.0
17161722.0, 6955492.0, 1, 0.0
17161722.0, 6955492.0, 1, 0.0
17161722.0, 6955492.0, 1, 0.0
17161722.0, 6955492.0, 1, 0.0
17161722.0, 6955492.0, 1, 0.0
17161722.0, 6955492.0, 1, 0.0
17161722.0, 6955492.0, 1, 0.0
17161722.0, 6955492.0, 1, 0.0
17161722.0, 6955492.0, 1, 0.0
17161722.0, 6955492.0, 1, 0.0
17161722.0, 6955492.0, 1, 0.0
17161722.0, 6955492.0, 1, 0.0
17161722.0, 6955492.0, 1, 0.0
17161722.0, 6955492.0, 1, 0.0
17251450.0, 6938632.0, 1, 0.0
17251450.0, 6938632.0, 1, 0.0
17321632.0, 6852856.0, 1, 0.0
17852368.0, 6821194.0, 1, 0.0
17852368.0, 6821194.0, 1, 0.0
17852368.0, 6821194.0, 1, 0.0
17990104.0, 6729276.0, 1, 0.0
18016714.0, 6706106.0, 1, 0.0
18154450.0, 6614188.0, 1, 0.0
18154450.0, 6614188.0, 1, 0.0
18154450.0, 6614188.0, 1, 0.0
20893298.0, 6435298.0, 2, inf
15575722.0, 10189252.0, 2, inf
18073090.0, 6658782.0, 2, 0.5927456196
15950770.0, 9185088.0, 2, 0.358716220928
16763518.0, 8326256.0, 2, 0.307654520074
16978074.0, 7371268.0, 2, 0.240569046916
16861736.0, 8000600.0, 2, 0.186115547604
16305544.0, 8762876.0, 2, 0.177948827252
17942356.0, 6892990.0, 2, 0.174439479099
17480900.0, 6895562.0, 2, 0.139302584958
16305544.0, 8762876.0, 2, 0.135995776916
16200860.0, 9107580.0, 2, 0.124928939251
16861736.0, 8000600.0, 2, 0.108628144253
17107386.0, 7270932.0, 2, 0.10585063338
17157642.0, 7100676.0, 2, 0.091550569046
18073090.0, 6658782.0, 2, 0.0841182239355
17328944.0, 6982886.0, 2, 0.0786840679807
17209102.0, 6999062.0, 2, 0.0635918842998
16043958.0, 9173200.0, 2, 0.0542595787896
16176230.0, 9140564.0, 2, 0.0469865368737
18073090.0, 6658782.0, 2, 0.0
16861736.0, 8000600.0, 2, 0.0
21079810.0, 6560188.0, 3, inf
21079810.0, 6560188.0, 3, inf
16240814.0, 9244164.0, 3, inf
17475710.0, 8409086.0, 3, 0.814960451298
20190190.0, 6764246.0, 3, 0.65146661042
17643916.0, 7219206.0, 3, 0.568343613023
17289674.0, 9210058.0, 3, 0.566331413984
18489044.0, 6871726.0, 3, 0.530167498646
17898788.0, 6916264.0, 3, 0.185895135525
17674036.0, 6993668.0, 3, 0.11821896154
17780002.0, 6977390.0, 3, 0.0446727654338
17780002.0, 6977390.0, 3, 0.0306125369456
21079810.0, 6560188.0, 3, 0.0
17780002.0, 6977390.0, 3, 0.0
17714256.0, 7144564.0, 4, inf
21940180.0, 6560318.0, 4, inf
20217122.0, 6902788.0, 4, 1.17751356801
21517610.0, 6862804.0, 4, 0.993909524715
Generacion: 97
15545662.0, 9985616.0, 1, inf
20608224.0, 6361654.0, 1, inf
18343856.0, 6553106.0, 1, 0.451669520301
15860506.0, 9129552.0, 1, 0.265543056016
15819630.0, 9789000.0, 1, 0.236085268521
16218700.0, 8663926.0, 1, 0.128253871524
16642370.0, 7949384.0, 1, 0.122558100679
16316918.0, 8338366.0, 1, 0.114286635172
17442302.0, 6835196.0, 1, 0.113572303408
16490244.0, 8185428.0, 1, 0.112367016597
17852368.0, 6821194.0, 1, 0.102684805331
16800464.0, 7596510.0, 1, 0.100348792427
16514866.0, 7965890.0, 1, 0.0951834492956
16218700.0, 8663926.0, 1, 0.089303899679
17025916.0, 7313618.0, 1, 0.0773635197023
18343856.0, 6553106.0, 1, 0.076683007302
16440704.0, 8320016.0, 1, 0.0764386926653
16024204.0, 8917252.0, 1, 0.0747428928212
16800464.0, 7596510.0, 1, 0.0715496768484
15819630.0, 9789000.0, 1, 0.062328604749
17037622.0, 7118450.0, 1, 0.0619744736027
16815532.0, 7450386.0, 1, 0.0583697888787
16906902.0, 7329338.0, 1, 0.0569107666106
15999702.0, 8955584.0, 1, 0.0528447603353
16024204.0, 8917252.0, 1, 0.0489958660588
18154450.0, 6614188.0, 1, 0.0478015840938
17321632.0, 6852856.0, 1, 0.0472526696765
17161722.0, 6955492.0, 1, 0.0397393572114
18063094.0, 6627720.0, 1, 0.0396753263821
17899764.0, 6742608.0, 1, 0.0395298256985
15999702.0, 8955584.0, 1, 0.0380725430457
16815532.0, 7450386.0, 1, 0.0363784748579
18223096.0, 6569024.0, 1, 0.036316138113
16642370.0, 7949384.0, 1, 0.0357827455175
17132118.0, 7045174.0, 1, 0.0352929919126
17281742.0, 6937718.0, 1, 0.0294004438667
17078728.0, 7050656.0, 1, 0.0292531934821
18016714.0, 6706106.0, 1, 0.0268861496767
16316918.0, 8338366.0, 1, 0.0244643676972
17990104.0, 6729276.0, 1, 0.0242382746282
16906902.0, 7329338.0, 1, 0.0223859678563
17237622.0, 6948220.0, 1, 0.0223761989844
17037622.0, 7118450.0, 1, 0.0210194177772
18223096.0, 6569024.0, 1, 0.0179519678047
18016714.0, 6706106.0, 1, 0.0155549241823
17852368.0, 6821194.0, 1, 0.0132257852311
17899764.0, 6742608.0, 1, 0.0130409047053
18063094.0, 6627720.0, 1, 0.0128954040218
17321632.0, 6852856.0, 1, 0.0127525292049
17078728.0, 7050656.0, 1, 0.00963231328208
17990104.0, 6729276.0, 1, 0.0089350784458
17251450.0, 6938632.0, 1, 0.00862925476484
17281742.0, 6937718.0, 1, 0.0081316198245
17161722.0, 6955492.0, 1, 0.00785427564578
17132118.0, 7045174.0, 1, 0.00736034110673
17025916.0, 7313618.0, 1, 0.00665006180711
17251450.0, 6938632.0, 1, 0.00298363348872
16800464.0, 7596510.0, 1, 0.0
16800464.0, 7596510.0, 1, 0.0
16800464.0, 7596510.0, 1, 0.0
16800464.0, 7596510.0, 1, 0.0
16800464.0, 7596510.0, 1, 0.0
16800464.0, 7596510.0, 1, 0.0
16800464.0, 7596510.0, 1, 0.0
16906902.0, 7329338.0, 1, 0.0
16906902.0, 7329338.0, 1, 0.0
16906902.0, 7329338.0, 1, 0.0
16906902.0, 7329338.0, 1, 0.0
16906902.0, 7329338.0, 1, 0.0
16906902.0, 7329338.0, 1, 0.0
16906902.0, 7329338.0, 1, 0.0
16906902.0, 7329338.0, 1, 0.0
16906902.0, 7329338.0, 1, 0.0
17025916.0, 7313618.0, 1, 0.0
17037622.0, 7118450.0, 1, 0.0
17037622.0, 7118450.0, 1, 0.0
17037622.0, 7118450.0, 1, 0.0
17037622.0, 7118450.0, 1, 0.0
17037622.0, 7118450.0, 1, 0.0
17037622.0, 7118450.0, 1, 0.0
17037622.0, 7118450.0, 1, 0.0
17037622.0, 7118450.0, 1, 0.0
17037622.0, 7118450.0, 1, 0.0
17037622.0, 7118450.0, 1, 0.0
17037622.0, 7118450.0, 1, 0.0
17037622.0, 7118450.0, 1, 0.0
17037622.0, 7118450.0, 1, 0.0
17161722.0, 6955492.0, 1, 0.0
17161722.0, 6955492.0, 1, 0.0
17161722.0, 6955492.0, 1, 0.0
17161722.0, 6955492.0, 1, 0.0
17161722.0, 6955492.0, 1, 0.0
17161722.0, 6955492.0, 1, 0.0
17161722.0, 6955492.0, 1, 0.0
17161722.0, 6955492.0, 1, 0.0
17161722.0, 6955492.0, 1, 0.0
17251450.0, 6938632.0, 1, 0.0
17281742.0, 6937718.0, 1, 0.0
17321632.0, 6852856.0, 1, 0.0
17321632.0, 6852856.0, 1, 0.0
17321632.0, 6852856.0, 1, 0.0
17321632.0, 6852856.0, 1, 0.0
17321632.0, 6852856.0, 1, 0.0
17899764.0, 6742608.0, 1, 0.0
17899764.0, 6742608.0, 1, 0.0
17899764.0, 6742608.0, 1, 0.0
17990104.0, 6729276.0, 1, 0.0
17990104.0, 6729276.0, 1, 0.0
17990104.0, 6729276.0, 1, 0.0
18016714.0, 6706106.0, 1, 0.0
18223096.0, 6569024.0, 1, 0.0
16218700.0, 8663926.0, 1, 0.0
15848984.0, 10272036.0, 2, inf
20893298.0, 6435298.0, 2, inf
18073090.0, 6658782.0, 2, 0.796446379259
16068170.0, 9134780.0, 2, 0.262102160804
16861736.0, 8000600.0, 2, 0.226562876761
16416920.0, 8451260.0, 2, 0.217355873869
17480900.0, 6895562.0, 2, 0.207184477885
16614680.0, 8167192.0, 2, 0.205640817657
15911206.0, 9892610.0, 2, 0.199840712981
17027528.0, 7319250.0, 2, 0.193417041668
16043958.0, 9173200.0, 2, 0.192305496101
16416920.0, 8451260.0, 2, 0.143176186578
15911206.0, 9892610.0, 2, 0.125210017899
16861736.0, 8000600.0, 2, 0.076287323322
17107386.0, 7270932.0, 2, 0.0697857785525
17197514.0, 7015538.0, 2, 0.0671157288139
17117732.0, 7120110.0, 2, 0.0543380966071
17360408.0, 6911624.0, 2, 0.0504284284685
17027528.0, 7319250.0, 2, 0.0454606158428
17157642.0, 7100676.0, 2, 0.0430716685692
16043958.0, 9173200.0, 2, 0.0363308710825
17283788.0, 6939118.0, 2, 0.0351073411268
17283788.0, 6939118.0, 2, 0.0242692007898
17283788.0, 6939118.0, 2, 0.0
16416920.0, 8451260.0, 2, 0.0
16416920.0, 8451260.0, 2, 0.0
19923364.0, 6836524.0, 3, inf
16099540.0, 9161784.0, 3, inf
16905910.0, 8074698.0, 3, 0.81046446269
17727118.0, 6976480.0, 3, 0.78129352144
17258066.0, 7032472.0, 3, 0.448702049783
17138320.0, 7661782.0, 3, 0.408242015869
17033762.0, 7845342.0, 3, 0.23835789236
16259370.0, 9466206.0, 4, inf
17780002.0, 6977390.0, 4, inf
16911936.0, 8437698.0, 4, 1.29897567737
17184768.0, 7747892.0, 4, 0.712997128188
17273430.0, 7254836.0, 4, 0.531241198525
Generacion: 98
20728526.0, 6344006.0, 1, inf
15389758.0, 10469038.0, 1, inf
20608224.0, 6361654.0, 1, 0.523839313584
18223096.0, 6569024.0, 1, 0.520834166769
15819630.0, 9789000.0, 1, 0.266502213098
15860506.0, 9129552.0, 1, 0.23576780511
16218700.0, 8663926.0, 1, 0.181984406747
15545662.0, 9985616.0, 1, 0.168509011267
16316918.0, 8338366.0, 1, 0.111388566724
16642370.0, 7949384.0, 1, 0.109427212069
17442302.0, 6835196.0, 1, 0.107087276298
16079786.0, 8905836.0, 1, 0.0978427641654
17852368.0, 6821194.0, 1, 0.095860110246
16800464.0, 7596510.0, 1, 0.0883669225038
16514866.0, 7965890.0, 1, 0.0857169329859
16490244.0, 8185428.0, 1, 0.0856864630801
15999702.0, 8955584.0, 1, 0.0821283977024
15545662.0, 9985616.0, 1, 0.076866358005
17025916.0, 7313618.0, 1, 0.0696054965458
16800464.0, 7596510.0, 1, 0.0650361751113
16316918.0, 8338366.0, 1, 0.0554727194974
17037622.0, 7118450.0, 1, 0.0550126166904
16815532.0, 7450386.0, 1, 0.0525381605881
16906902.0, 7329338.0, 1, 0.0516371510881
18063094.0, 6627720.0, 1, 0.0480821892577
18154450.0, 6614188.0, 1, 0.0441990586864
17321632.0, 6852856.0, 1, 0.0431750394261
16490244.0, 8185428.0, 1, 0.0416875166191
17161722.0, 6955492.0, 1, 0.0385477960478
17899764.0, 6742608.0, 1, 0.0359725107099
16642370.0, 7949384.0, 1, 0.0336138734176
16815532.0, 7450386.0, 1, 0.0321671160538
17132118.0, 7045174.0, 1, 0.0317413568094
17078728.0, 7050656.0, 1, 0.026435216154
17281742.0, 6937718.0, 1, 0.0262464146947
18016714.0, 6706106.0, 1, 0.0239868152556
17990104.0, 6729276.0, 1, 0.0225384331076
16906902.0, 7329338.0, 1, 0.0209253149181
16024204.0, 8917252.0, 1, 0.0197035501476
17037622.0, 7118450.0, 1, 0.018627422296
17251450.0, 6938632.0, 1, 0.0170284478343
18016714.0, 6706106.0, 1, 0.0143043236651
17852368.0, 6821194.0, 1, 0.0122721015301
17899764.0, 6742608.0, 1, 0.0121096785477
17321632.0, 6852856.0, 1, 0.0117529401849
17251450.0, 6938632.0, 1, 0.00976120924657
17161722.0, 6955492.0, 1, 0.00963234056376
17078728.0, 7050656.0, 1, 0.00902848856723
17990104.0, 6729276.0, 1, 0.00821627093008
17281742.0, 6937718.0, 1, 0.00769333531396
16024204.0, 8917252.0, 1, 0.0073569420346
17132118.0, 7045174.0, 1, 0.00687405893103
17025916.0, 7313618.0, 1, 0.00600352022685
17899764.0, 6742608.0, 1, 0.0
17899764.0, 6742608.0, 1, 0.0
17899764.0, 6742608.0, 1, 0.0
17990104.0, 6729276.0, 1, 0.0
17990104.0, 6729276.0, 1, 0.0
17990104.0, 6729276.0, 1, 0.0
16024204.0, 8917252.0, 1, 0.0
16316918.0, 8338366.0, 1, 0.0
16316918.0, 8338366.0, 1, 0.0
16316918.0, 8338366.0, 1, 0.0
16316918.0, 8338366.0, 1, 0.0
16490244.0, 8185428.0, 1, 0.0
16800464.0, 7596510.0, 1, 0.0
16800464.0, 7596510.0, 1, 0.0
16800464.0, 7596510.0, 1, 0.0
16800464.0, 7596510.0, 1, 0.0
16800464.0, 7596510.0, 1, 0.0
16800464.0, 7596510.0, 1, 0.0
16906902.0, 7329338.0, 1, 0.0
16906902.0, 7329338.0, 1, 0.0
16906902.0, 7329338.0, 1, 0.0
16906902.0, 7329338.0, 1, 0.0
16906902.0, 7329338.0, 1, 0.0
16906902.0, 7329338.0, 1, 0.0
16906902.0, 7329338.0, 1, 0.0
16906902.0, 7329338.0, 1, 0.0
16906902.0, 7329338.0, 1, 0.0
16906902.0, 7329338.0, 1, 0.0
16906902.0, 7329338.0, 1, 0.0
16906902.0, 7329338.0, 1, 0.0
17037622.0, 7118450.0, 1, 0.0
17037622.0, 7118450.0, 1, 0.0
17037622.0, 7118450.0, 1, 0.0
17037622.0, 7118450.0, 1, 0.0
17037622.0, 7118450.0, 1, 0.0
17037622.0, 7118450.0, 1, 0.0
17037622.0, 7118450.0, 1, 0.0
17037622.0, 7118450.0, 1, 0.0
17037622.0, 7118450.0, 1, 0.0
17078728.0, 7050656.0, 1, 0.0
17078728.0, 7050656.0, 1, 0.0
17161722.0, 6955492.0, 1, 0.0
17161722.0, 6955492.0, 1, 0.0
17161722.0, 6955492.0, 1, 0.0
17161722.0, 6955492.0, 1, 0.0
17161722.0, 6955492.0, 1, 0.0
17161722.0, 6955492.0, 1, 0.0
17161722.0, 6955492.0, 1, 0.0
17251450.0, 6938632.0, 1, 0.0
17281742.0, 6937718.0, 1, 0.0
17321632.0, 6852856.0, 1, 0.0
17321632.0, 6852856.0, 1, 0.0
17321632.0, 6852856.0, 1, 0.0
17321632.0, 6852856.0, 1, 0.0
17321632.0, 6852856.0, 1, 0.0
17321632.0, 6852856.0, 1, 0.0
17852368.0, 6821194.0, 1, 0.0
18275566.0, 6595074.0, 2, inf
15575722.0, 10189252.0, 2, inf
15911206.0, 9892610.0, 2, 0.45612460662
16043958.0, 9173200.0, 2, 0.292750860668
17865480.0, 6825946.0, 2, 0.226750928619
16270908.0, 8885468.0, 2, 0.213651159999
16614680.0, 8167192.0, 2, 0.213081112629
17360408.0, 6911624.0, 2, 0.211402189046
16341622.0, 8645504.0, 2, 0.174890351096
16123752.0, 9123364.0, 2, 0.164115434696
16905740.0, 7893144.0, 2, 0.138189946577
17209102.0, 6999062.0, 2, 0.127702367335
16416920.0, 8451260.0, 2, 0.127292744525
16919478.0, 7580790.0, 2, 0.122865495973
16991120.0, 7565206.0, 2, 0.112788512345
17107386.0, 7270932.0, 2, 0.109006503563
18141150.0, 6686332.0, 2, 0.10782793689
16416920.0, 8451260.0, 2, 0.106925355456
17027528.0, 7319250.0, 2, 0.0980105265385
16688100.0, 8046418.0, 2, 0.09791602184
16861736.0, 8000600.0, 2, 0.0942105848806
17360408.0, 6911624.0, 2, 0.0798804930512
17976154.0, 6801306.0, 2, 0.0714297428775
17157642.0, 7100676.0, 2, 0.0664303015792
18023550.0, 6722720.0, 2, 0.060451265992
17907110.0, 6824440.0, 2, 0.0478482702018
17157642.0, 7100676.0, 2, 0.0468862417801
16688100.0, 8046418.0, 2, 0.0399420021206
18070440.0, 6709552.0, 2, 0.0298541049115
16861736.0, 8000600.0, 2, 0.0290465577912
17027528.0, 7319250.0, 2, 0.0269286312349
18070440.0, 6709552.0, 2, 0.0238281181121
16416920.0, 8451260.0, 2, 0.0
17027528.0, 7319250.0, 2, 0.0
17360408.0, 6911624.0, 2, 0.0
16416920.0, 8451260.0, 2, 0.0
19819190.0, 6612506.0, 3, inf
16176230.0, 9140564.0, 3, inf
17063678.0, 7768634.0, 3, 0.957935589265
19297474.0, 6618756.0, 3, 0.507603464937
Generacion: 99
15298702.0, 10468490.0, 1, inf
20728526.0, 6344006.0, 1, inf
18343856.0, 6553106.0, 1, 0.512629399994
15545662.0, 9985616.0, 1, 0.2606837412
15996936.0, 9216348.0, 1, 0.235229024836
15819630.0, 9789000.0, 1, 0.189298242538
16218700.0, 8663926.0, 1, 0.114753455773
16642370.0, 7949384.0, 1, 0.113572660419
16316918.0, 8338366.0, 1, 0.110854618537
17852368.0, 6821194.0, 1, 0.106698260085
16490244.0, 8185428.0, 1, 0.0891510551333
16800464.0, 7596510.0, 1, 0.088330958294
16642370.0, 7949384.0, 1, 0.0863458076704
15819630.0, 9789000.0, 1, 0.0803245450639
17442302.0, 6835196.0, 1, 0.079802795925
16218700.0, 8663926.0, 1, 0.0795086624894
17025916.0, 7313618.0, 1, 0.0752052047681
15999702.0, 8955584.0, 1, 0.0677359089463
16024204.0, 8917252.0, 1, 0.0659325318451
16490244.0, 8185428.0, 1, 0.0650972632543
16800464.0, 7596510.0, 1, 0.0645442926203
16316918.0, 8338366.0, 1, 0.0551691329871
17037622.0, 7118450.0, 1, 0.0548897848909
17283788.0, 6939118.0, 1, 0.0543348773702
16815532.0, 7450386.0, 1, 0.0522558648554
16906902.0, 7329338.0, 1, 0.0512672151015
18275566.0, 6595074.0, 1, 0.0496921403858
16024204.0, 8917252.0, 1, 0.0451137141718
17161722.0, 6955492.0, 1, 0.0442244658521
17321632.0, 6852856.0, 1, 0.0431381726457
18063094.0, 6627720.0, 1, 0.0358298987532
17899764.0, 6742608.0, 1, 0.0356912749469
17078728.0, 7050656.0, 1, 0.0351692435143
16815532.0, 7450386.0, 1, 0.0321236848508
17132118.0, 7045174.0, 1, 0.0315765420888
17442302.0, 6835196.0, 1, 0.0256184053245
18154450.0, 6614188.0, 1, 0.0255865906182
18016714.0, 6706106.0, 1, 0.0239057553555
17990104.0, 6729276.0, 1, 0.0222554124245
18154450.0, 6614188.0, 1, 0.0214591314038
16906902.0, 7329338.0, 1, 0.0206388189413
17037622.0, 7118450.0, 1, 0.018592836188
18016714.0, 6706106.0, 1, 0.0141593857393
17899764.0, 6742608.0, 1, 0.0119612323874
18063094.0, 6627720.0, 1, 0.0118226085812
17321632.0, 6852856.0, 1, 0.0112514027306
15999702.0, 8955584.0, 1, 0.00980317740299
17161722.0, 6955492.0, 1, 0.00942206156856
17990104.0, 6729276.0, 1, 0.008133115675
17132118.0, 7045174.0, 1, 0.00678124637811
17899764.0, 6742608.0, 1, 0.0
17899764.0, 6742608.0, 1, 0.0
18016714.0, 6706106.0, 1, 0.0
18063094.0, 6627720.0, 1, 0.0
15819630.0, 9789000.0, 1, 0.0
16024204.0, 8917252.0, 1, 0.0
16024204.0, 8917252.0, 1, 0.0
16316918.0, 8338366.0, 1, 0.0
16316918.0, 8338366.0, 1, 0.0
16316918.0, 8338366.0, 1, 0.0
16316918.0, 8338366.0, 1, 0.0
16490244.0, 8185428.0, 1, 0.0
16800464.0, 7596510.0, 1, 0.0
16800464.0, 7596510.0, 1, 0.0
16800464.0, 7596510.0, 1, 0.0
16800464.0, 7596510.0, 1, 0.0
16800464.0, 7596510.0, 1, 0.0
16800464.0, 7596510.0, 1, 0.0
16815532.0, 7450386.0, 1, 0.0
16815532.0, 7450386.0, 1, 0.0
16906902.0, 7329338.0, 1, 0.0
16906902.0, 7329338.0, 1, 0.0
16906902.0, 7329338.0, 1, 0.0
16906902.0, 7329338.0, 1, 0.0
16906902.0, 7329338.0, 1, 0.0
16906902.0, 7329338.0, 1, 0.0
16906902.0, 7329338.0, 1, 0.0
16906902.0, 7329338.0, 1, 0.0
16906902.0, 7329338.0, 1, 0.0
16906902.0, 7329338.0, 1, 0.0
17037622.0, 7118450.0, 1, 0.0
17037622.0, 7118450.0, 1, 0.0
17037622.0, 7118450.0, 1, 0.0
17037622.0, 7118450.0, 1, 0.0
17037622.0, 7118450.0, 1, 0.0
17037622.0, 7118450.0, 1, 0.0
17037622.0, 7118450.0, 1, 0.0
17037622.0, 7118450.0, 1, 0.0
17037622.0, 7118450.0, 1, 0.0
17161722.0, 6955492.0, 1, 0.0
17161722.0, 6955492.0, 1, 0.0
17161722.0, 6955492.0, 1, 0.0
17161722.0, 6955492.0, 1, 0.0
17161722.0, 6955492.0, 1, 0.0
17161722.0, 6955492.0, 1, 0.0
17161722.0, 6955492.0, 1, 0.0
17161722.0, 6955492.0, 1, 0.0
17161722.0, 6955492.0, 1, 0.0
17161722.0, 6955492.0, 1, 0.0
17161722.0, 6955492.0, 1, 0.0
17161722.0, 6955492.0, 1, 0.0
17161722.0, 6955492.0, 1, 0.0
17161722.0, 6955492.0, 1, 0.0
17321632.0, 6852856.0, 1, 0.0
17321632.0, 6852856.0, 1, 0.0
17321632.0, 6852856.0, 1, 0.0
15911206.0, 9892610.0, 2, inf
19940020.0, 6593446.0, 2, inf
15911206.0, 9892610.0, 2, inf
16240814.0, 9244164.0, 2, 0.651865066053
18073090.0, 6658782.0, 2, 0.57460858591
16590228.0, 8298046.0, 2, 0.484250181146
16726454.0, 8044230.0, 2, 0.285295195987
16863360.0, 7580476.0, 2, 0.234794316619
17907110.0, 6824440.0, 2, 0.218758363944
17480900.0, 6895562.0, 2, 0.162243216079
16935142.0, 7440498.0, 2, 0.119927921142
17377398.0, 6925930.0, 2, 0.0988351103185
17107386.0, 7270932.0, 2, 0.0985471859202
17027528.0, 7319250.0, 2, 0.0941496854088
17209102.0, 6999062.0, 2, 0.0761717671864
17157642.0, 7100676.0, 2, 0.0624174192483
17201200.0, 7032946.0, 2, 0.0435729136277
17157642.0, 7100676.0, 2, 0.0330035857309
17157642.0, 7100676.0, 2, 0.0
17780002.0, 6977390.0, 3, inf
16277708.0, 9297550.0, 3, inf
16638052.0, 8495822.0, 3, 1.02335433282
16905740.0, 7893144.0, 3, 0.500302530876
17643916.0, 7219206.0, 3, 0.350704174053
17273430.0, 7254836.0, 3, 0.325091452953
17116024.0, 7371024.0, 3, 0.21845055703
17722274.0, 7134346.0, 3, 0.194809311261
16993004.0, 7883232.0, 3, 0.164991392184
17242506.0, 7353528.0, 3, 0.154854675087
17017230.0, 7682524.0, 3, 0.152268197531
17017230.0, 7682524.0, 3, 0.150383986838
17116024.0, 7371024.0, 3, 0.0733029537546
17116024.0, 7371024.0, 3, 0.0
16551616.0, 9844498.0, 4, inf
17999486.0, 7370376.0, 4, inf
16707222.0, 9396416.0, 4, 1.14645986129
17019298.0, 7807192.0, 4, 1.08999119692
17874486.0, 7389140.0, 4, 0.534696735332
17282680.0, 7468402.0, 4, 0.527511145006
17243944.0, 7616796.0, 4, 0.318843403377
17338396.0, 7543454.0, 5, inf
16935464.0, 9514902.0, 5, inf
17026136.0, 8053884.0, 5, 2.0
17423394.0, 7546494.0, 6, 2.0
Generacion: 100
15819630.0, 9789000.0, 1, inf
15819630.0, 9789000.0, 1, inf
21584200.0, 6491854.0, 1, inf
18223096.0, 6569024.0, 1, 0.632073654524
15870312.0, 9239438.0, 1, 0.203845413542
16291208.0, 8740076.0, 1, 0.182365639622
15832500.0, 9532058.0, 1, 0.175470073438
16316918.0, 8338366.0, 1, 0.151903136262
16642370.0, 7949384.0, 1, 0.129142636943
15999702.0, 8955584.0, 1, 0.12441281158
16800464.0, 7596510.0, 1, 0.109637973108
17442302.0, 6835196.0, 1, 0.101671469634
16490244.0, 8185428.0, 1, 0.0966517157912
17852368.0, 6821194.0, 1, 0.094970127397
16514866.0, 7965890.0, 1, 0.0887028141385
16164472.0, 8852458.0, 1, 0.0869498916409
17025916.0, 7313618.0, 1, 0.0798387835325
16800464.0, 7596510.0, 1, 0.0717434444763
17037622.0, 7118450.0, 1, 0.0663238119041
16815532.0, 7450386.0, 1, 0.0601686002121
16906902.0, 7329338.0, 1, 0.0573587356365
16316918.0, 8338366.0, 1, 0.0508449675389
16490244.0, 8185428.0, 1, 0.0506562283962
17321632.0, 6852856.0, 1, 0.046671061503
16079786.0, 8905836.0, 1, 0.0439843187
18016714.0, 6706106.0, 1, 0.0434630128813
17161722.0, 6955492.0, 1, 0.0403665243048
18063094.0, 6627720.0, 1, 0.0396217370937
17899764.0, 6742608.0, 1, 0.0395061465624
16815532.0, 7450386.0, 1, 0.0393268616199
17078728.0, 7050656.0, 1, 0.0386166185983
17132118.0, 7045174.0, 1, 0.0364616363427
17281742.0, 6937718.0, 1, 0.033391666856
16642370.0, 7949384.0, 1, 0.032431263578
17990104.0, 6729276.0, 1, 0.0313585097829
18154450.0, 6614188.0, 1, 0.0295457501644
16024204.0, 8917252.0, 1, 0.0289806504364
17237622.0, 6948220.0, 1, 0.0262110094467
17037622.0, 7118450.0, 1, 0.0225920993947
16906902.0, 7329338.0, 1, 0.0206180313262
18154450.0, 6614188.0, 1, 0.0160124158198
17852368.0, 6821194.0, 1, 0.0124686519629
17321632.0, 6852856.0, 1, 0.012276004396
17899764.0, 6742608.0, 1, 0.0122654459174
18063094.0, 6627720.0, 1, 0.012149855386
17281742.0, 6937718.0, 1, 0.0101050359281
16514866.0, 7965890.0, 1, 0.00927741168621
17161722.0, 6955492.0, 1, 0.00734105263125
17025916.0, 7313618.0, 1, 0.00679844027254
17132118.0, 7045174.0, 1, 0.00679815886798
17899764.0, 6742608.0, 1, 0.0
18063094.0, 6627720.0, 1, 0.0
18154450.0, 6614188.0, 1, 0.0
15819630.0, 9789000.0, 1, 0.0
15819630.0, 9789000.0, 1, 0.0
16316918.0, 8338366.0, 1, 0.0
16316918.0, 8338366.0, 1, 0.0
16316918.0, 8338366.0, 1, 0.0
16316918.0, 8338366.0, 1, 0.0
16316918.0, 8338366.0, 1, 0.0
16316918.0, 8338366.0, 1, 0.0
16316918.0, 8338366.0, 1, 0.0
16316918.0, 8338366.0, 1, 0.0
16316918.0, 8338366.0, 1, 0.0
16514866.0, 7965890.0, 1, 0.0
16642370.0, 7949384.0, 1, 0.0
16800464.0, 7596510.0, 1, 0.0
16800464.0, 7596510.0, 1, 0.0
16800464.0, 7596510.0, 1, 0.0
16800464.0, 7596510.0, 1, 0.0
16800464.0, 7596510.0, 1, 0.0
16800464.0, 7596510.0, 1, 0.0
16815532.0, 7450386.0, 1, 0.0
16815532.0, 7450386.0, 1, 0.0
16815532.0, 7450386.0, 1, 0.0
16906902.0, 7329338.0, 1, 0.0
16906902.0, 7329338.0, 1, 0.0
16906902.0, 7329338.0, 1, 0.0
16906902.0, 7329338.0, 1, 0.0
16906902.0, 7329338.0, 1, 0.0
17025916.0, 7313618.0, 1, 0.0
17037622.0, 7118450.0, 1, 0.0
17037622.0, 7118450.0, 1, 0.0
17037622.0, 7118450.0, 1, 0.0
17037622.0, 7118450.0, 1, 0.0
17037622.0, 7118450.0, 1, 0.0
17037622.0, 7118450.0, 1, 0.0
17132118.0, 7045174.0, 1, 0.0
17161722.0, 6955492.0, 1, 0.0
17161722.0, 6955492.0, 1, 0.0
17161722.0, 6955492.0, 1, 0.0
17161722.0, 6955492.0, 1, 0.0
17161722.0, 6955492.0, 1, 0.0
17161722.0, 6955492.0, 1, 0.0
17161722.0, 6955492.0, 1, 0.0
17161722.0, 6955492.0, 1, 0.0
17161722.0, 6955492.0, 1, 0.0
17161722.0, 6955492.0, 1, 0.0
17161722.0, 6955492.0, 1, 0.0
17161722.0, 6955492.0, 1, 0.0
17161722.0, 6955492.0, 1, 0.0
17281742.0, 6937718.0, 1, 0.0
17321632.0, 6852856.0, 1, 0.0
17321632.0, 6852856.0, 1, 0.0
17321632.0, 6852856.0, 1, 0.0
17321632.0, 6852856.0, 1, 0.0
17321632.0, 6852856.0, 1, 0.0
17852368.0, 6821194.0, 1, 0.0
17899764.0, 6742608.0, 1, 0.0
17899764.0, 6742608.0, 1, 0.0
15908772.0, 9532192.0, 2, inf
18887078.0, 6589102.0, 2, inf
16416920.0, 8451260.0, 2, 0.506990503777
18547636.0, 6614734.0, 2, 0.296981494464
16863360.0, 7580476.0, 2, 0.288826007054
16688100.0, 8046418.0, 2, 0.265582114932
16123752.0, 9123364.0, 2, 0.247029071118
16560596.0, 8062924.0, 2, 0.228608544508
17865480.0, 6825946.0, 2, 0.212150112938
16068170.0, 9134780.0, 2, 0.211093116309
17480900.0, 6895562.0, 2, 0.198695229235
18073090.0, 6658782.0, 2, 0.181058984557
17209102.0, 6999062.0, 2, 0.132316871079
17360408.0, 6911624.0, 2, 0.12642637973
17157642.0, 7100676.0, 2, 0.124277533328
17147192.0, 7303644.0, 2, 0.117954092396
17027528.0, 7319250.0, 2, 0.115115280253
16123752.0, 9123364.0, 2, 0.102313395574
18016170.0, 6800126.0, 2, 0.0881478151399
16935142.0, 7440498.0, 2, 0.0742462145846
16936998.0, 7434730.0, 2, 0.0722171636343
18023550.0, 6722720.0, 2, 0.0671372496852
18073090.0, 6658782.0, 2, 0.0316001993005
15911206.0, 9892610.0, 3, inf
20167880.0, 6643436.0, 3, inf
20167880.0, 6643436.0, 3, inf
18110570.0, 6710048.0, 3, 0.70774913566
16295364.0, 9227660.0, 3, 0.696296581853
17116024.0, 7371024.0, 3, 0.502596767611
16614680.0, 8167192.0, 3, 0.444159137643
16614680.0, 8167192.0, 3, 0.320052422193
17607792.0, 6988888.0, 3, 0.297291472409
17268022.0, 7032872.0, 3, 0.233138895595
16360500.0, 9446050.0, 4, inf
20161304.0, 6746170.0, 4, inf
17686052.0, 7074748.0, 4, 0.909572646647
16836146.0, 9185788.0, 4, 0.845639081191
17196480.0, 7530886.0, 4, 0.786060221752
16625754.0, 9408598.0, 4, 0.221541139937
17554494.0, 7350174.0, 4, 0.219453358148
Generacion: 101
15819630.0, 9789000.0, 1, inf
22077312.0, 6370912.0, 1, inf
20700132.0, 6525436.0, 1, 0.514920667993
18343856.0, 6553106.0, 1, 0.408591384607
21348400.0, 6434212.0, 1, 0.265286027533
16219518.0, 8840754.0, 1, 0.216136340955
15860506.0, 9129552.0, 1, 0.21610600801
16800464.0, 7596510.0, 1, 0.198863983709
16316918.0, 8338366.0, 1, 0.166760693106
16490244.0, 8185428.0, 1, 0.11545488834
16514866.0, 7965890.0, 1, 0.112000947748
16514866.0, 7965890.0, 1, 0.10986788889
17852368.0, 6821194.0, 1, 0.0885212318889
17025916.0, 7313618.0, 1, 0.0761174519851
15885298.0, 9086200.0, 1, 0.0731403099886
15999702.0, 8955584.0, 1, 0.0716253096185
17442302.0, 6835196.0, 1, 0.0706966469163
17037622.0, 7118450.0, 1, 0.0636674745014
16440704.0, 8320016.0, 1, 0.0591566758894
16815532.0, 7450386.0, 1, 0.0573514692177
16906902.0, 7329338.0, 1, 0.0544328142578
17321632.0, 6852856.0, 1, 0.0441108286338
16024204.0, 8917252.0, 1, 0.0424263335951
18016714.0, 6706106.0, 1, 0.0413754108629
18223096.0, 6569024.0, 1, 0.0410255121737
17161722.0, 6955492.0, 1, 0.0383665673447
16815532.0, 7450386.0, 1, 0.0378218711002
18063094.0, 6627720.0, 1, 0.037531719955
17899764.0, 6742608.0, 1, 0.0374278717597
17078728.0, 7050656.0, 1, 0.036538515362
17132118.0, 7045174.0, 1, 0.0347693887089
17281742.0, 6937718.0, 1, 0.0318778644147
16024204.0, 8917252.0, 1, 0.0262958556833
17237622.0, 6948220.0, 1, 0.0243796090866
18187530.0, 6607946.0, 1, 0.0241831117067
17442302.0, 6835196.0, 1, 0.0233799404881
17037622.0, 7118450.0, 1, 0.0217045561744
17990104.0, 6729276.0, 1, 0.0212152991168
16316918.0, 8338366.0, 1, 0.0209333673203
16906902.0, 7329338.0, 1, 0.0192003157073
18154450.0, 6614188.0, 1, 0.0164251832011
16440704.0, 8320016.0, 1, 0.0132851678752
17852368.0, 6821194.0, 1, 0.0116704928044
17321632.0, 6852856.0, 1, 0.011541196064
17899764.0, 6742608.0, 1, 0.0114744767861
18063094.0, 6627720.0, 1, 0.0113706285909
17281742.0, 6937718.0, 1, 0.00944704284153
18154450.0, 6614188.0, 1, 0.00924524094733
17990104.0, 6729276.0, 1, 0.00815279952609
17161722.0, 6955492.0, 1, 0.00685833044981
17025916.0, 7313618.0, 1, 0.00646972313328
17132118.0, 7045174.0, 1, 0.00633464586357
17161722.0, 6955492.0, 1, 0.0
17161722.0, 6955492.0, 1, 0.0
17281742.0, 6937718.0, 1, 0.0
17321632.0, 6852856.0, 1, 0.0
17321632.0, 6852856.0, 1, 0.0
17321632.0, 6852856.0, 1, 0.0
17321632.0, 6852856.0, 1, 0.0
17321632.0, 6852856.0, 1, 0.0
17852368.0, 6821194.0, 1, 0.0
17990104.0, 6729276.0, 1, 0.0
18063094.0, 6627720.0, 1, 0.0
18154450.0, 6614188.0, 1, 0.0
18154450.0, 6614188.0, 1, 0.0
16316918.0, 8338366.0, 1, 0.0
16316918.0, 8338366.0, 1, 0.0
16316918.0, 8338366.0, 1, 0.0
16316918.0, 8338366.0, 1, 0.0
16316918.0, 8338366.0, 1, 0.0
16514866.0, 7965890.0, 1, 0.0
16815532.0, 7450386.0, 1, 0.0
16906902.0, 7329338.0, 1, 0.0
16906902.0, 7329338.0, 1, 0.0
16906902.0, 7329338.0, 1, 0.0
16906902.0, 7329338.0, 1, 0.0
16906902.0, 7329338.0, 1, 0.0
16906902.0, 7329338.0, 1, 0.0
16906902.0, 7329338.0, 1, 0.0
16906902.0, 7329338.0, 1, 0.0
16906902.0, 7329338.0, 1, 0.0
16906902.0, 7329338.0, 1, 0.0
16906902.0, 7329338.0, 1, 0.0
16906902.0, 7329338.0, 1, 0.0
16906902.0, 7329338.0, 1, 0.0
16906902.0, 7329338.0, 1, 0.0
16906902.0, 7329338.0, 1, 0.0
17025916.0, 7313618.0, 1, 0.0
17037622.0, 7118450.0, 1, 0.0
17037622.0, 7118450.0, 1, 0.0
17037622.0, 7118450.0, 1, 0.0
17037622.0, 7118450.0, 1, 0.0
17132118.0, 7045174.0, 1, 0.0
17132118.0, 7045174.0, 1, 0.0
17132118.0, 7045174.0, 1, 0.0
17132118.0, 7045174.0, 1, 0.0
17161722.0, 6955492.0, 1, 0.0
17161722.0, 6955492.0, 1, 0.0
17161722.0, 6955492.0, 1, 0.0
17161722.0, 6955492.0, 1, 0.0
17161722.0, 6955492.0, 1, 0.0
17161722.0, 6955492.0, 1, 0.0
17161722.0, 6955492.0, 1, 0.0
17161722.0, 6955492.0, 1, 0.0
17161722.0, 6955492.0, 1, 0.0
17161722.0, 6955492.0, 1, 0.0
17161722.0, 6955492.0, 1, 0.0
15870312.0, 9239438.0, 2, inf
21584200.0, 6491854.0, 2, inf
15870312.0, 9239438.0, 2, inf
21584200.0, 6491854.0, 2, inf
19940020.0, 6593446.0, 2, 0.617998492346
18302412.0, 6611774.0, 2, 0.36945676183
16863360.0, 7580476.0, 2, 0.292085861513
16416920.0, 8451260.0, 2, 0.270435341972
16068170.0, 9134780.0, 2, 0.253008679076
16560596.0, 8062924.0, 2, 0.187646055319
17607792.0, 6988888.0, 2, 0.185905354266
16560596.0, 8062924.0, 2, 0.179070892349
17107386.0, 7270932.0, 2, 0.162620505363
16540706.0, 8432910.0, 2, 0.156322725215
16935142.0, 7440498.0, 2, 0.155367954299
17865480.0, 6825946.0, 2, 0.132739453043
17197514.0, 7015538.0, 2, 0.119467659462
17157642.0, 7100676.0, 2, 0.10872570603
16068170.0, 9134780.0, 2, 0.0750186920331
16043958.0, 9173200.0, 2, 0.0727184792275
16416920.0, 8451260.0, 2, 0.0677140927924
17976154.0, 6801306.0, 2, 0.0581715317241
18070440.0, 6709552.0, 2, 0.0453904997462
18070440.0, 6709552.0, 2, 0.0437932222338
18019186.0, 6740026.0, 2, 0.0368967326262
18023550.0, 6722720.0, 2, 0.0200612729848
16540706.0, 8432910.0, 2, 0.0101595869988
16416920.0, 8451260.0, 2, 0.0
21584200.0, 6491854.0, 2, 0.0
15870312.0, 9239438.0, 2, 0.0
16019924.0, 9531090.0, 3, inf
20047668.0, 6662826.0, 3, inf
17904548.0, 6898314.0, 3, 0.81913872062
16566644.0, 9325908.0, 3, 0.457279887791
16590228.0, 8298046.0, 3, 0.415904434754
17268022.0, 7032872.0, 3, 0.360580122869
16614680.0, 8167192.0, 3, 0.261043451499
16964422.0, 7815778.0, 3, 0.255563881826
16360500.0, 9446050.0, 3, 0.207273773811
17116024.0, 7371024.0, 3, 0.146340027458
17116024.0, 7371024.0, 3, 0.142422679412
17017230.0, 7682524.0, 3, 0.111700288686
17004752.0, 7711948.0, 3, 0.0595691282977
Generacion: 102
22320142.0, 6290406.0, 1, inf
15819630.0, 9789000.0, 1, inf
20700132.0, 6525436.0, 1, 0.418249305387
18223096.0, 6569024.0, 1, 0.392177486847
20730698.0, 6455338.0, 1, 0.316391092502
15860506.0, 9129552.0, 1, 0.213671757284
16219518.0, 8840754.0, 1, 0.210491844785
16316918.0, 8338366.0, 1, 0.16263961362
16514866.0, 7965890.0, 1, 0.109367257319
16800464.0, 7596510.0, 1, 0.107897526934
16514866.0, 7965890.0, 1, 0.106685043714
17321632.0, 6852856.0, 1, 0.105901290881
17852368.0, 6821194.0, 1, 0.104107427403
16024204.0, 8917252.0, 1, 0.090727460487
16800464.0, 7596510.0, 1, 0.0857011856266
17025916.0, 7313618.0, 1, 0.0803871140365
16490244.0, 8185428.0, 1, 0.0703712887355
15860506.0, 9129552.0, 1, 0.0669696395646
17037622.0, 7118450.0, 1, 0.0621081971259
16440704.0, 8320016.0, 1, 0.0575116679369
16815532.0, 7450386.0, 1, 0.0558223083935
16906902.0, 7329338.0, 1, 0.0529074458014
16024204.0, 8917252.0, 1, 0.0470476791541
16490244.0, 8185428.0, 1, 0.0422568695457
17161722.0, 6955492.0, 1, 0.0373097293725
16815532.0, 7450386.0, 1, 0.0369170130478
18063094.0, 6627720.0, 1, 0.0364586626433
17899764.0, 6742608.0, 1, 0.0363595330838
17078728.0, 7050656.0, 1, 0.0354811147793
17132118.0, 7045174.0, 1, 0.0338469252118
17281742.0, 6937718.0, 1, 0.0310431873964
18016714.0, 6706106.0, 1, 0.0264985241189
17237622.0, 6948220.0, 1, 0.0235434876097
18187530.0, 6607946.0, 1, 0.023469277071
17037622.0, 7118450.0, 1, 0.0211782797345
17990104.0, 6729276.0, 1, 0.0205200272709
16316918.0, 8338366.0, 1, 0.0202283992708
16906902.0, 7329338.0, 1, 0.0185490494787
18223096.0, 6569024.0, 1, 0.0179299804718
17852368.0, 6821194.0, 1, 0.0163410391889
18154450.0, 6614188.0, 1, 0.0158378075227
17321632.0, 6852856.0, 1, 0.0151863609112
18016714.0, 6706106.0, 1, 0.0137574830282
16440704.0, 8320016.0, 1, 0.012865902286
17899764.0, 6742608.0, 1, 0.0111017916511
18063094.0, 6627720.0, 1, 0.0110026620916
17281742.0, 6937718.0, 1, 0.00913821699968
18154450.0, 6614188.0, 1, 0.00895666940667
17990104.0, 6729276.0, 1, 0.00790419736932
17161722.0, 6955492.0, 1, 0.00663265208393
17132118.0, 7045174.0, 1, 0.00612101798178
16906902.0, 7329338.0, 1, 0.0
16906902.0, 7329338.0, 1, 0.0
16906902.0, 7329338.0, 1, 0.0
16906902.0, 7329338.0, 1, 0.0
16906902.0, 7329338.0, 1, 0.0
16906902.0, 7329338.0, 1, 0.0
16906902.0, 7329338.0, 1, 0.0
16906902.0, 7329338.0, 1, 0.0
17037622.0, 7118450.0, 1, 0.0
17037622.0, 7118450.0, 1, 0.0
17037622.0, 7118450.0, 1, 0.0
17132118.0, 7045174.0, 1, 0.0
17132118.0, 7045174.0, 1, 0.0
17132118.0, 7045174.0, 1, 0.0
17132118.0, 7045174.0, 1, 0.0
17161722.0, 6955492.0, 1, 0.0
17161722.0, 6955492.0, 1, 0.0
17161722.0, 6955492.0, 1, 0.0
17161722.0, 6955492.0, 1, 0.0
17161722.0, 6955492.0, 1, 0.0
17161722.0, 6955492.0, 1, 0.0
17161722.0, 6955492.0, 1, 0.0
17161722.0, 6955492.0, 1, 0.0
17161722.0, 6955492.0, 1, 0.0
17281742.0, 6937718.0, 1, 0.0
17281742.0, 6937718.0, 1, 0.0
17281742.0, 6937718.0, 1, 0.0
17321632.0, 6852856.0, 1, 0.0
17321632.0, 6852856.0, 1, 0.0
17321632.0, 6852856.0, 1, 0.0
17321632.0, 6852856.0, 1, 0.0
17321632.0, 6852856.0, 1, 0.0
17852368.0, 6821194.0, 1, 0.0
17852368.0, 6821194.0, 1, 0.0
17852368.0, 6821194.0, 1, 0.0
17899764.0, 6742608.0, 1, 0.0
17990104.0, 6729276.0, 1, 0.0
17990104.0, 6729276.0, 1, 0.0
17990104.0, 6729276.0, 1, 0.0
17990104.0, 6729276.0, 1, 0.0
17990104.0, 6729276.0, 1, 0.0
18063094.0, 6627720.0, 1, 0.0
18063094.0, 6627720.0, 1, 0.0
18063094.0, 6627720.0, 1, 0.0
18063094.0, 6627720.0, 1, 0.0
18154450.0, 6614188.0, 1, 0.0
18223096.0, 6569024.0, 1, 0.0
16316918.0, 8338366.0, 1, 0.0
16440704.0, 8320016.0, 1, 0.0
16440704.0, 8320016.0, 1, 0.0
16440704.0, 8320016.0, 1, 0.0
16490244.0, 8185428.0, 1, 0.0
16514866.0, 7965890.0, 1, 0.0
16800464.0, 7596510.0, 1, 0.0
16800464.0, 7596510.0, 1, 0.0
16815532.0, 7450386.0, 1, 0.0
16815532.0, 7450386.0, 1, 0.0
16906902.0, 7329338.0, 1, 0.0
16906902.0, 7329338.0, 1, 0.0
16906902.0, 7329338.0, 1, 0.0
16906902.0, 7329338.0, 1, 0.0
16906902.0, 7329338.0, 1, 0.0
16906902.0, 7329338.0, 1, 0.0
16906902.0, 7329338.0, 1, 0.0
16906902.0, 7329338.0, 1, 0.0
18275566.0, 6595074.0, 2, inf
15870312.0, 9239438.0, 2, inf
16560596.0, 8062924.0, 2, 0.694216896341
16179880.0, 9070132.0, 2, 0.61006534128
16863360.0, 7580476.0, 2, 0.320316651826
16841998.0, 7962310.0, 2, 0.308319972199
17907110.0, 6824440.0, 2, 0.297718565608
17976154.0, 6801306.0, 2, 0.239925659907
17360408.0, 6911624.0, 2, 0.237692120593
17027528.0, 7319250.0, 2, 0.218513411932
17157642.0, 7100676.0, 2, 0.152822883152
17107386.0, 7270932.0, 2, 0.136752290111
16068170.0, 9134780.0, 2, 0.106708217225
17283788.0, 6939118.0, 2, 0.0882495661137
16068170.0, 9134780.0, 2, 0.0860219179118
17258066.0, 7032472.0, 2, 0.0770549380934
17360408.0, 6911624.0, 2, 0.0648250059599
17258066.0, 7032472.0, 2, 0.036486302032
16099540.0, 9161784.0, 3, inf
21751246.0, 6660230.0, 3, inf
20047668.0, 6662826.0, 3, 0.644457194684
16590228.0, 8298046.0, 3, 0.628273997104
18474614.0, 6822074.0, 3, 0.45615813422
16985790.0, 7982394.0, 3, 0.347203398105
17708820.0, 6934382.0, 3, 0.345663507644
17111674.0, 7660300.0, 3, 0.267439391026
17116024.0, 7371024.0, 3, 0.220526494515
17937294.0, 6869838.0, 3, 0.180393140992
17116024.0, 7371024.0, 3, 0.175317979878
16240814.0, 9244164.0, 4, inf
20635392.0, 6776908.0, 4, inf
17727074.0, 6973312.0, 4, 1.06092943794
17154794.0, 7714250.0, 4, 0.901025317616
16319704.0, 9194588.0, 4, 0.828066268969
Generacion: 103
15814250.0, 10294122.0, 1, inf
22077460.0, 6196730.0, 1, inf
20143480.0, 6405622.0, 1, 0.382213641355
19000686.0, 6414446.0, 1, 0.346492895559
16024204.0, 8917252.0, 1, 0.265966920351
15860506.0, 9129552.0, 1, 0.245419601392
21359474.0, 6391486.0, 1, 0.231269104931
21532022.0, 6366406.0, 1, 0.16216716469
15819630.0, 9789000.0, 1, 0.161802335733
16316918.0, 8338366.0, 1, 0.161045563021
18223096.0, 6569024.0, 1, 0.133651205507
16514866.0, 7965890.0, 1, 0.132026472552
15819630.0, 9789000.0, 1, 0.129805271089
16800464.0, 7596510.0, 1, 0.110804680739
16800464.0, 7596510.0, 1, 0.10714418828
16440704.0, 8320016.0, 1, 0.106191158072
16514866.0, 7965890.0, 1, 0.101990920228
17442302.0, 6835196.0, 1, 0.0924660107515
17852368.0, 6821194.0, 1, 0.0846516951218
16906902.0, 7329338.0, 1, 0.0842074566314
17025916.0, 7313618.0, 1, 0.0666343271872
17037622.0, 7118450.0, 1, 0.0541953382342
16316918.0, 8338366.0, 1, 0.0512139184245
18223096.0, 6569024.0, 1, 0.0434045064036
17321632.0, 6852856.0, 1, 0.0402007702331
17161722.0, 6955492.0, 1, 0.036213781317
17251450.0, 6938632.0, 1, 0.0352604920051
18063094.0, 6627720.0, 1, 0.0337168363346
17899764.0, 6742608.0, 1, 0.0336034307334
17132118.0, 7045174.0, 1, 0.030411964038
17078728.0, 7050656.0, 1, 0.025070029461
18016714.0, 6706106.0, 1, 0.023379325697
16906902.0, 7329338.0, 1, 0.020830747926
17990104.0, 6729276.0, 1, 0.0200787301434
17037622.0, 7118450.0, 1, 0.0184146562578
16440704.0, 8320016.0, 1, 0.016319351581
18154450.0, 6614188.0, 1, 0.0161095388146
17321632.0, 6852856.0, 1, 0.0155154948811
17251450.0, 6938632.0, 1, 0.0153202487342
18187530.0, 6607946.0, 1, 0.0147808498906
18016714.0, 6706106.0, 1, 0.0130599650054
17852368.0, 6821194.0, 1, 0.0109846613007
17899764.0, 6742608.0, 1, 0.0108211426527
18063094.0, 6627720.0, 1, 0.0107077370516
17161722.0, 6955492.0, 1, 0.00884146229726
18154450.0, 6614188.0, 1, 0.00858422530602
17078728.0, 7050656.0, 1, 0.00790101247773
17990104.0, 6729276.0, 1, 0.00750239715323
18187530.0, 6607946.0, 1, 0.00720196586078
17132118.0, 7045174.0, 1, 0.00606457397415
17025916.0, 7313618.0, 1, 0.00570559644614
17321632.0, 6852856.0, 1, 0.0
17321632.0, 6852856.0, 1, 0.0
17852368.0, 6821194.0, 1, 0.0
17852368.0, 6821194.0, 1, 0.0
17899764.0, 6742608.0, 1, 0.0
17899764.0, 6742608.0, 1, 0.0
17990104.0, 6729276.0, 1, 0.0
17990104.0, 6729276.0, 1, 0.0
17990104.0, 6729276.0, 1, 0.0
17990104.0, 6729276.0, 1, 0.0
18016714.0, 6706106.0, 1, 0.0
18063094.0, 6627720.0, 1, 0.0
18063094.0, 6627720.0, 1, 0.0
18063094.0, 6627720.0, 1, 0.0
18063094.0, 6627720.0, 1, 0.0
16800464.0, 7596510.0, 1, 0.0
16800464.0, 7596510.0, 1, 0.0
16906902.0, 7329338.0, 1, 0.0
16906902.0, 7329338.0, 1, 0.0
16906902.0, 7329338.0, 1, 0.0
16906902.0, 7329338.0, 1, 0.0
16906902.0, 7329338.0, 1, 0.0
16906902.0, 7329338.0, 1, 0.0
16906902.0, 7329338.0, 1, 0.0
16906902.0, 7329338.0, 1, 0.0
16906902.0, 7329338.0, 1, 0.0
16906902.0, 7329338.0, 1, 0.0
16906902.0, 7329338.0, 1, 0.0
16906902.0, 7329338.0, 1, 0.0
16906902.0, 7329338.0, 1, 0.0
16906902.0, 7329338.0, 1, 0.0
16906902.0, 7329338.0, 1, 0.0
16906902.0, 7329338.0, 1, 0.0
16906902.0, 7329338.0, 1, 0.0
16906902.0, 7329338.0, 1, 0.0
17037622.0, 7118450.0, 1, 0.0
17132118.0, 7045174.0, 1, 0.0
17132118.0, 7045174.0, 1, 0.0
17132118.0, 7045174.0, 1, 0.0
17132118.0, 7045174.0, 1, 0.0
17132118.0, 7045174.0, 1, 0.0
17161722.0, 6955492.0, 1, 0.0
17161722.0, 6955492.0, 1, 0.0
17161722.0, 6955492.0, 1, 0.0
17161722.0, 6955492.0, 1, 0.0
17161722.0, 6955492.0, 1, 0.0
17161722.0, 6955492.0, 1, 0.0
17161722.0, 6955492.0, 1, 0.0
17161722.0, 6955492.0, 1, 0.0
17161722.0, 6955492.0, 1, 0.0
17161722.0, 6955492.0, 1, 0.0
17161722.0, 6955492.0, 1, 0.0
17161722.0, 6955492.0, 1, 0.0
17321632.0, 6852856.0, 1, 0.0
17321632.0, 6852856.0, 1, 0.0
15911206.0, 9892610.0, 2, inf
22320142.0, 6290406.0, 2, inf
21348400.0, 6434212.0, 2, 0.663320065279
18633312.0, 6607602.0, 2, 0.548768810743
16335228.0, 8958432.0, 2, 0.312995893527
16614680.0, 8167192.0, 2, 0.267212695823
16919478.0, 7580790.0, 2, 0.251738308909
16614680.0, 8167192.0, 2, 0.206393274545
17027528.0, 7319250.0, 2, 0.165292650783
15944856.0, 9410856.0, 2, 0.162677035408
15941572.0, 9771226.0, 2, 0.13898915928
17737658.0, 6847706.0, 2, 0.126701305651
17360408.0, 6911624.0, 2, 0.124489333075
17209102.0, 6999062.0, 2, 0.112495291696
18181296.0, 6630888.0, 2, 0.101620605838
16285286.0, 9109528.0, 2, 0.0906252151365
15996936.0, 9216348.0, 2, 0.0814382612446
18073090.0, 6658782.0, 2, 0.0793181147754
17976154.0, 6801306.0, 2, 0.0767788182432
16068170.0, 9134780.0, 2, 0.0553307694334
16935142.0, 7440498.0, 2, 0.0533613415952
17209102.0, 6999062.0, 2, 0.052604852385
16935142.0, 7440498.0, 2, 0.0361034804145
16043958.0, 9173200.0, 2, 0.0337587081396
17976154.0, 6801306.0, 2, 0.0280061343878
16935142.0, 7440498.0, 2, 0.0
22369572.0, 6429318.0, 3, inf
16240814.0, 9244164.0, 3, inf
17017230.0, 7682524.0, 3, 0.471202278455
20847090.0, 6614404.0, 3, 0.461809791547
16690306.0, 8501860.0, 3, 0.429336349949
18130710.0, 6690272.0, 3, 0.417882509302
16616094.0, 8706804.0, 3, 0.337051791783
20047668.0, 6662826.0, 3, 0.329983189745
17937294.0, 6869838.0, 3, 0.206633977829
17360744.0, 6930624.0, 3, 0.200770888082
17116024.0, 7371024.0, 3, 0.172575903736
17116024.0, 7371024.0, 3, 0.150593034405
20047668.0, 6662826.0, 3, 0.140188291884
17377398.0, 6925930.0, 3, 0.115667680793
17116024.0, 7371024.0, 3, 0.0
16477502.0, 9282640.0, 4, inf
21751246.0, 6660230.0, 4, inf
17033762.0, 7845342.0, 4, 0.688483704101
Generacion: 104
15545662.0, 9985616.0, 1, inf
20556318.0, 6297468.0, 1, inf
19997998.0, 6382070.0, 1, 0.316508068405
15819630.0, 9789000.0, 1, 0.294947046648
18952884.0, 6390894.0, 1, 0.28455313605
15860506.0, 9129552.0, 1, 0.277192489018
16024204.0, 8917252.0, 1, 0.189628425528
16316918.0, 8338366.0, 1, 0.18166300144
16514866.0, 7965890.0, 1, 0.153015422081
20435398.0, 6314786.0, 1, 0.134365412015
18754666.0, 6516376.0, 1, 0.122536421036
16440704.0, 8320016.0, 1, 0.12072184615
16024204.0, 8917252.0, 1, 0.115981064841
16514866.0, 7965890.0, 1, 0.114954104061
17403102.0, 6832300.0, 1, 0.114506256673
18633312.0, 6607602.0, 1, 0.11370170157
17852368.0, 6821194.0, 1, 0.110969825355
16800464.0, 7596510.0, 1, 0.103160438721
18187530.0, 6607946.0, 1, 0.0973544440314
16800464.0, 7596510.0, 1, 0.096618010697
16815532.0, 7450386.0, 1, 0.0936830221615
17025916.0, 7313618.0, 1, 0.0766697954597
16316918.0, 8338366.0, 1, 0.0633936957872
17037622.0, 7118450.0, 1, 0.0611213323443
16906902.0, 7329338.0, 1, 0.0565729880648
17161722.0, 6955492.0, 1, 0.0422237049768
18063094.0, 6627720.0, 1, 0.0394858287193
17899764.0, 6742608.0, 1, 0.0393372886169
17321632.0, 6852856.0, 1, 0.0392687283951
17281742.0, 6937718.0, 1, 0.0372637504175
17132118.0, 7045174.0, 1, 0.0349715607466
17078728.0, 7050656.0, 1, 0.0290368748284
18016714.0, 6706106.0, 1, 0.026564167364
18633312.0, 6607602.0, 1, 0.02431245582
17990104.0, 6729276.0, 1, 0.0243118612208
16906902.0, 7329338.0, 1, 0.0224974391137
17037622.0, 7118450.0, 1, 0.0207178044312
18154450.0, 6614188.0, 1, 0.0199247915809
16440704.0, 8320016.0, 1, 0.0197762532807
17251450.0, 6938632.0, 1, 0.0181552565306
18016714.0, 6706106.0, 1, 0.0155385588828
17321632.0, 6852856.0, 1, 0.0135345624905
17899764.0, 6742608.0, 1, 0.0130738632907
18063094.0, 6627720.0, 1, 0.0129253231883
17852368.0, 6821194.0, 1, 0.0124703083358
17251450.0, 6938632.0, 1, 0.0106169158599
17161722.0, 6955492.0, 1, 0.0104796084893
18154450.0, 6614188.0, 1, 0.0102709801243
17078728.0, 7050656.0, 1, 0.00969009910745
17990104.0, 6729276.0, 1, 0.00892550427346
17132118.0, 7045174.0, 1, 0.0073945912937
17025916.0, 7313618.0, 1, 0.00659852288392
16906902.0, 7329338.0, 1, 0.0
16906902.0, 7329338.0, 1, 0.0
16906902.0, 7329338.0, 1, 0.0
16906902.0, 7329338.0, 1, 0.0
16906902.0, 7329338.0, 1, 0.0
17025916.0, 7313618.0, 1, 0.0
17037622.0, 7118450.0, 1, 0.0
17132118.0, 7045174.0, 1, 0.0
17132118.0, 7045174.0, 1, 0.0
17132118.0, 7045174.0, 1, 0.0
17132118.0, 7045174.0, 1, 0.0
17132118.0, 7045174.0, 1, 0.0
17132118.0, 7045174.0, 1, 0.0
17161722.0, 6955492.0, 1, 0.0
17161722.0, 6955492.0, 1, 0.0
17161722.0, 6955492.0, 1, 0.0
17161722.0, 6955492.0, 1, 0.0
17161722.0, 6955492.0, 1, 0.0
17161722.0, 6955492.0, 1, 0.0
17161722.0, 6955492.0, 1, 0.0
17161722.0, 6955492.0, 1, 0.0
17161722.0, 6955492.0, 1, 0.0
17161722.0, 6955492.0, 1, 0.0
17161722.0, 6955492.0, 1, 0.0
17161722.0, 6955492.0, 1, 0.0
17161722.0, 6955492.0, 1, 0.0
17161722.0, 6955492.0, 1, 0.0
17161722.0, 6955492.0, 1, 0.0
17161722.0, 6955492.0, 1, 0.0
17321632.0, 6852856.0, 1, 0.0
17321632.0, 6852856.0, 1, 0.0
17321632.0, 6852856.0, 1, 0.0
17321632.0, 6852856.0, 1, 0.0
17852368.0, 6821194.0, 1, 0.0
17852368.0, 6821194.0, 1, 0.0
17852368.0, 6821194.0, 1, 0.0
17899764.0, 6742608.0, 1, 0.0
17990104.0, 6729276.0, 1, 0.0
17990104.0, 6729276.0, 1, 0.0
17990104.0, 6729276.0, 1, 0.0
17990104.0, 6729276.0, 1, 0.0
17990104.0, 6729276.0, 1, 0.0
17990104.0, 6729276.0, 1, 0.0
18016714.0, 6706106.0, 1, 0.0
18016714.0, 6706106.0, 1, 0.0
18016714.0, 6706106.0, 1, 0.0
18063094.0, 6627720.0, 1, 0.0
18154450.0, 6614188.0, 1, 0.0
18154450.0, 6614188.0, 1, 0.0
18154450.0, 6614188.0, 1, 0.0
16316918.0, 8338366.0, 1, 0.0
16514866.0, 7965890.0, 1, 0.0
16514866.0, 7965890.0, 1, 0.0
16800464.0, 7596510.0, 1, 0.0
16800464.0, 7596510.0, 1, 0.0
16906902.0, 7329338.0, 1, 0.0
16906902.0, 7329338.0, 1, 0.0
16906902.0, 7329338.0, 1, 0.0
16906902.0, 7329338.0, 1, 0.0
16906902.0, 7329338.0, 1, 0.0
16906902.0, 7329338.0, 1, 0.0
16906902.0, 7329338.0, 1, 0.0
16906902.0, 7329338.0, 1, 0.0
16906902.0, 7329338.0, 1, 0.0
16906902.0, 7329338.0, 1, 0.0
16906902.0, 7329338.0, 1, 0.0
16906902.0, 7329338.0, 1, 0.0
16906902.0, 7329338.0, 1, 0.0
16906902.0, 7329338.0, 1, 0.0
16906902.0, 7329338.0, 1, 0.0
19000686.0, 6414446.0, 2, inf
15814250.0, 10294122.0, 2, inf
16560596.0, 8062924.0, 2, 0.751793873135
18181296.0, 6630888.0, 2, 0.386113530241
17003668.0, 7357088.0, 2, 0.338221948692
15941572.0, 9771226.0, 2, 0.335923218544
16068170.0, 9134780.0, 2, 0.311981594699
17442302.0, 6835196.0, 2, 0.256804682155
18023550.0, 6722720.0, 2, 0.206083221774
15954392.0, 9161480.0, 2, 0.20377645466
16068170.0, 9134780.0, 2, 0.161420191667
17027528.0, 7319250.0, 2, 0.156753851488
17209102.0, 6999062.0, 2, 0.105968297956
18023550.0, 6722720.0, 2, 0.0784965469938
17360408.0, 6911624.0, 2, 0.0765327453348
17209102.0, 6999062.0, 2, 0.0724341881992
17283788.0, 6939118.0, 2, 0.0700218485018
20740842.0, 6475952.0, 3, inf
16033148.0, 9874836.0, 3, inf
16779178.0, 8353146.0, 3, 0.679145299821
16511978.0, 9243248.0, 3, 0.606173202095
19691146.0, 6660002.0, 3, 0.512763563721
18594102.0, 6668862.0, 3, 0.434286862278
17116024.0, 7371024.0, 3, 0.322390159763
17937294.0, 6869838.0, 3, 0.274668791253
17727118.0, 6976480.0, 3, 0.222169512528
17400562.0, 7237454.0, 3, 0.178267892362
17116024.0, 7371024.0, 3, 0.105736390805
Generacion: 105
15710310.0, 10237232.0, 1, inf
18754666.0, 6516376.0, 1, inf
15860506.0, 9129552.0, 1, 0.30148474061
15819630.0, 9789000.0, 1, 0.213139258137
18633312.0, 6607602.0, 1, 0.21090088787
16024204.0, 8917252.0, 1, 0.20934969446
16316918.0, 8338366.0, 1, 0.196239532573
16642370.0, 7949384.0, 1, 0.193085142887
17852368.0, 6821194.0, 1, 0.187247098634
17403102.0, 6832300.0, 1, 0.182843739932
16024204.0, 8917252.0, 1, 0.153206490844
18187530.0, 6607946.0, 1, 0.148106569416
15819630.0, 9789000.0, 1, 0.133891566693
16815532.0, 7450386.0, 1, 0.106766310045
16316918.0, 8338366.0, 1, 0.101081388448
16514866.0, 7965890.0, 1, 0.100884107223
16800464.0, 7596510.0, 1, 0.0997862663475
16440704.0, 8320016.0, 1, 0.0980364592952
17025916.0, 7313618.0, 1, 0.0915457719112
16800464.0, 7596510.0, 1, 0.091201803229
16490244.0, 8185428.0, 1, 0.0752747501047
16906902.0, 7329338.0, 1, 0.0716256245043
17037622.0, 7118450.0, 1, 0.0659548094877
18063094.0, 6627720.0, 1, 0.0510749748098
17899764.0, 6742608.0, 1, 0.0507949935591
17321632.0, 6852856.0, 1, 0.0495681139163
17161722.0, 6955492.0, 1, 0.0490338995635
16490244.0, 8185428.0, 1, 0.0442589998226
17132118.0, 7045174.0, 1, 0.0416398891389
17990104.0, 6729276.0, 1, 0.0359016464368
17078728.0, 7050656.0, 1, 0.0357573717827
16906902.0, 7329338.0, 1, 0.0342377499891
17237622.0, 6948220.0, 1, 0.0340047723668
17281742.0, 6937718.0, 1, 0.032757333574
18154450.0, 6614188.0, 1, 0.0316858879975
18016714.0, 6706106.0, 1, 0.0298074226575
17037622.0, 7118450.0, 1, 0.0220651491911
18016714.0, 6706106.0, 1, 0.0214618108854
17899764.0, 6742608.0, 1, 0.0191515279603
18063094.0, 6627720.0, 1, 0.0188715467096
17321632.0, 6852856.0, 1, 0.0186274706136
17251450.0, 6938632.0, 1, 0.017314860631
17078728.0, 7050656.0, 1, 0.014975679954
18154450.0, 6614188.0, 1, 0.0145028066542
17281742.0, 6937718.0, 1, 0.0133485777997
16514866.0, 7965890.0, 1, 0.012523829206
17990104.0, 6729276.0, 1, 0.0123238113595
17161722.0, 6955492.0, 1, 0.0116786130953
17132118.0, 7045174.0, 1, 0.0111975409979
18187530.0, 6607946.0, 1, 0.0109584609445
17025916.0, 7313618.0, 1, 0.00806998248756
17281742.0, 6937718.0, 1, 0.0
17281742.0, 6937718.0, 1, 0.0
17281742.0, 6937718.0, 1, 0.0
17281742.0, 6937718.0, 1, 0.0
17321632.0, 6852856.0, 1, 0.0
17899764.0, 6742608.0, 1, 0.0
17990104.0, 6729276.0, 1, 0.0
17990104.0, 6729276.0, 1, 0.0
17990104.0, 6729276.0, 1, 0.0
17990104.0, 6729276.0, 1, 0.0
17990104.0, 6729276.0, 1, 0.0
17990104.0, 6729276.0, 1, 0.0
17990104.0, 6729276.0, 1, 0.0
17990104.0, 6729276.0, 1, 0.0
17990104.0, 6729276.0, 1, 0.0
17990104.0, 6729276.0, 1, 0.0
17990104.0, 6729276.0, 1, 0.0
17990104.0, 6729276.0, 1, 0.0
18063094.0, 6627720.0, 1, 0.0
18063094.0, 6627720.0, 1, 0.0
18063094.0, 6627720.0, 1, 0.0
18063094.0, 6627720.0, 1, 0.0
18063094.0, 6627720.0, 1, 0.0
18063094.0, 6627720.0, 1, 0.0
18063094.0, 6627720.0, 1, 0.0
18154450.0, 6614188.0, 1, 0.0
18154450.0, 6614188.0, 1, 0.0
18154450.0, 6614188.0, 1, 0.0
18154450.0, 6614188.0, 1, 0.0
18154450.0, 6614188.0, 1, 0.0
15819630.0, 9789000.0, 1, 0.0
16316918.0, 8338366.0, 1, 0.0
16316918.0, 8338366.0, 1, 0.0
16316918.0, 8338366.0, 1, 0.0
16514866.0, 7965890.0, 1, 0.0
16514866.0, 7965890.0, 1, 0.0
16514866.0, 7965890.0, 1, 0.0
16514866.0, 7965890.0, 1, 0.0
16514866.0, 7965890.0, 1, 0.0
16800464.0, 7596510.0, 1, 0.0
16906902.0, 7329338.0, 1, 0.0
16906902.0, 7329338.0, 1, 0.0
16906902.0, 7329338.0, 1, 0.0
16906902.0, 7329338.0, 1, 0.0
16906902.0, 7329338.0, 1, 0.0
16906902.0, 7329338.0, 1, 0.0
16906902.0, 7329338.0, 1, 0.0
16906902.0, 7329338.0, 1, 0.0
16906902.0, 7329338.0, 1, 0.0
16906902.0, 7329338.0, 1, 0.0
16906902.0, 7329338.0, 1, 0.0
16906902.0, 7329338.0, 1, 0.0
16906902.0, 7329338.0, 1, 0.0
16906902.0, 7329338.0, 1, 0.0
16906902.0, 7329338.0, 1, 0.0
16906902.0, 7329338.0, 1, 0.0
16906902.0, 7329338.0, 1, 0.0
17025916.0, 7313618.0, 1, 0.0
17025916.0, 7313618.0, 1, 0.0
17025916.0, 7313618.0, 1, 0.0
17037622.0, 7118450.0, 1, 0.0
17037622.0, 7118450.0, 1, 0.0
17037622.0, 7118450.0, 1, 0.0
17078728.0, 7050656.0, 1, 0.0
17132118.0, 7045174.0, 1, 0.0
17132118.0, 7045174.0, 1, 0.0
17132118.0, 7045174.0, 1, 0.0
17132118.0, 7045174.0, 1, 0.0
17132118.0, 7045174.0, 1, 0.0
17132118.0, 7045174.0, 1, 0.0
17132118.0, 7045174.0, 1, 0.0
17132118.0, 7045174.0, 1, 0.0
17161722.0, 6955492.0, 1, 0.0
17161722.0, 6955492.0, 1, 0.0
17161722.0, 6955492.0, 1, 0.0
17161722.0, 6955492.0, 1, 0.0
17161722.0, 6955492.0, 1, 0.0
17161722.0, 6955492.0, 1, 0.0
17161722.0, 6955492.0, 1, 0.0
17161722.0, 6955492.0, 1, 0.0
17161722.0, 6955492.0, 1, 0.0
17161722.0, 6955492.0, 1, 0.0
17161722.0, 6955492.0, 1, 0.0
17161722.0, 6955492.0, 1, 0.0
18141150.0, 6686332.0, 2, inf
15975696.0, 9488294.0, 2, inf
18141150.0, 6686332.0, 2, inf
16560596.0, 8062924.0, 2, 0.575697935119
16416920.0, 8451260.0, 2, 0.562100969656
16990912.0, 7580886.0, 2, 0.48103964137
16176230.0, 9140564.0, 2, 0.438709116439
18019186.0, 6740026.0, 2, 0.308560411501
17442302.0, 6835196.0, 2, 0.3034922689
16175582.0, 9368230.0, 2, 0.216708310145
17157642.0, 7100676.0, 2, 0.198123099562
17283788.0, 6939118.0, 2, 0.16617363492
17027528.0, 7319250.0, 2, 0.153462243869
17209102.0, 6999062.0, 2, 0.115912718304
17442302.0, 6835196.0, 2, 0.107166763498
Generacion: 106
15555258.0, 10436876.0, 1, inf
18798620.0, 6443908.0, 1, inf
16024204.0, 8917252.0, 1, 0.317915652876
15954392.0, 9161480.0, 1, 0.281395481729
15819630.0, 9789000.0, 1, 0.238667996054
15819630.0, 9789000.0, 1, 0.2038043382
16316918.0, 8338366.0, 1, 0.183142320946
16771596.0, 7703098.0, 1, 0.180563787421
17403102.0, 6832300.0, 1, 0.171567048092
18633312.0, 6607602.0, 1, 0.16029108168
17852368.0, 6821194.0, 1, 0.158199710616
18187530.0, 6607946.0, 1, 0.139007665434
16514866.0, 7965890.0, 1, 0.134136675129
16906902.0, 7329338.0, 1, 0.103198927073
16863360.0, 7580476.0, 1, 0.0997278105631
16316918.0, 8338366.0, 1, 0.0948457577006
18754666.0, 6516376.0, 1, 0.0919636705972
16514866.0, 7965890.0, 1, 0.0734052058432
16440704.0, 8320016.0, 1, 0.0718722080874
16490244.0, 8185428.0, 1, 0.0702554309141
16906902.0, 7329338.0, 1, 0.0662398069264
17037622.0, 7118450.0, 1, 0.0654887344282
17037622.0, 7118450.0, 1, 0.0572822054761
18063094.0, 6627720.0, 1, 0.0477980799337
17899764.0, 6742608.0, 1, 0.0475349127922
17321632.0, 6852856.0, 1, 0.0463718594251
16800464.0, 7596510.0, 1, 0.0460861511801
17161722.0, 6955492.0, 1, 0.0458616277629
16490244.0, 8185428.0, 1, 0.0412977609551
17132118.0, 7045174.0, 1, 0.0389212985612
18633312.0, 6607602.0, 1, 0.0375022647342
17990104.0, 6729276.0, 1, 0.0336565145682
17078728.0, 7050656.0, 1, 0.0334396618439
17281742.0, 6937718.0, 1, 0.0305925538773
18154450.0, 6614188.0, 1, 0.0297303168062
18016714.0, 6706106.0, 1, 0.0278354608983
17237622.0, 6948220.0, 1, 0.025802864457
18016714.0, 6706106.0, 1, 0.0201026775312
16440704.0, 8320016.0, 1, 0.0198698530683
17899764.0, 6742608.0, 1, 0.0179521013118
18063094.0, 6627720.0, 1, 0.0176889341703
17321632.0, 6852856.0, 1, 0.0174470165919
17852368.0, 6821194.0, 1, 0.0173946212619
17251450.0, 6938632.0, 1, 0.0162332923215
17078728.0, 7050656.0, 1, 0.0140467995066
18154450.0, 6614188.0, 1, 0.0135882509903
16800464.0, 7596510.0, 1, 0.0129162001082
17281742.0, 6937718.0, 1, 0.01252786873
17990104.0, 6729276.0, 1, 0.0115433193134
17161722.0, 6955492.0, 1, 0.0109487674515
17132118.0, 7045174.0, 1, 0.010500479361
18187530.0, 6607946.0, 1, 0.0102854446568
17237622.0, 6948220.0, 1, 0.00608467889155
17161722.0, 6955492.0, 1, 0.0
17161722.0, 6955492.0, 1, 0.0
17161722.0, 6955492.0, 1, 0.0
17161722.0, 6955492.0, 1, 0.0
17161722.0, 6955492.0, 1, 0.0
17161722.0, 6955492.0, 1, 0.0
17161722.0, 6955492.0, 1, 0.0
17161722.0, 6955492.0, 1, 0.0
17161722.0, 6955492.0, 1, 0.0
17321632.0, 6852856.0, 1, 0.0
17321632.0, 6852856.0, 1, 0.0
17852368.0, 6821194.0, 1, 0.0
17899764.0, 6742608.0, 1, 0.0
17899764.0, 6742608.0, 1, 0.0
17899764.0, 6742608.0, 1, 0.0
17899764.0, 6742608.0, 1, 0.0
17899764.0, 6742608.0, 1, 0.0
17899764.0, 6742608.0, 1, 0.0
17990104.0, 6729276.0, 1, 0.0
17990104.0, 6729276.0, 1, 0.0
17990104.0, 6729276.0, 1, 0.0
17990104.0, 6729276.0, 1, 0.0
17990104.0, 6729276.0, 1, 0.0
17990104.0, 6729276.0, 1, 0.0
17990104.0, 6729276.0, 1, 0.0
17990104.0, 6729276.0, 1, 0.0
17990104.0, 6729276.0, 1, 0.0
18063094.0, 6627720.0, 1, 0.0
18063094.0, 6627720.0, 1, 0.0
18063094.0, 6627720.0, 1, 0.0
18063094.0, 6627720.0, 1, 0.0
18063094.0, 6627720.0, 1, 0.0
18063094.0, 6627720.0, 1, 0.0
18063094.0, 6627720.0, 1, 0.0
18154450.0, 6614188.0, 1, 0.0
18154450.0, 6614188.0, 1, 0.0
18154450.0, 6614188.0, 1, 0.0
18154450.0, 6614188.0, 1, 0.0
18154450.0, 6614188.0, 1, 0.0
18633312.0, 6607602.0, 1, 0.0
15819630.0, 9789000.0, 1, 0.0
16316918.0, 8338366.0, 1, 0.0
16440704.0, 8320016.0, 1, 0.0
16490244.0, 8185428.0, 1, 0.0
16514866.0, 7965890.0, 1, 0.0
16514866.0, 7965890.0, 1, 0.0
16514866.0, 7965890.0, 1, 0.0
16514866.0, 7965890.0, 1, 0.0
16800464.0, 7596510.0, 1, 0.0
16800464.0, 7596510.0, 1, 0.0
16800464.0, 7596510.0, 1, 0.0
16800464.0, 7596510.0, 1, 0.0
16906902.0, 7329338.0, 1, 0.0
16906902.0, 7329338.0, 1, 0.0
16906902.0, 7329338.0, 1, 0.0
16906902.0, 7329338.0, 1, 0.0
16906902.0, 7329338.0, 1, 0.0
16906902.0, 7329338.0, 1, 0.0
16906902.0, 7329338.0, 1, 0.0
16906902.0, 7329338.0, 1, 0.0
16906902.0, 7329338.0, 1, 0.0
16906902.0, 7329338.0, 1, 0.0
16906902.0, 7329338.0, 1, 0.0
16906902.0, 7329338.0, 1, 0.0
16906902.0, 7329338.0, 1, 0.0
16906902.0, 7329338.0, 1, 0.0
16906902.0, 7329338.0, 1, 0.0
16906902.0, 7329338.0, 1, 0.0
17037622.0, 7118450.0, 1, 0.0
17037622.0, 7118450.0, 1, 0.0
17037622.0, 7118450.0, 1, 0.0
17037622.0, 7118450.0, 1, 0.0
17037622.0, 7118450.0, 1, 0.0
17132118.0, 7045174.0, 1, 0.0
17132118.0, 7045174.0, 1, 0.0
17132118.0, 7045174.0, 1, 0.0
17132118.0, 7045174.0, 1, 0.0
17132118.0, 7045174.0, 1, 0.0
17132118.0, 7045174.0, 1, 0.0
17161722.0, 6955492.0, 1, 0.0
21344684.0, 6556400.0, 2, inf
15791140.0, 10535864.0, 2, inf
17907110.0, 6824440.0, 2, 0.772741868798
16113284.0, 9089448.0, 2, 0.444598242406
17442302.0, 6835196.0, 2, 0.222257978664
16416920.0, 8451260.0, 2, 0.218824078166
16132208.0, 9010998.0, 2, 0.215044617794
16726454.0, 8044230.0, 2, 0.186166600559
17273430.0, 7254836.0, 2, 0.133794729981
16919478.0, 7580790.0, 2, 0.129358125748
17116024.0, 7371024.0, 2, 0.128827121678
16991120.0, 7565206.0, 2, 0.0881032184523
16590228.0, 8298046.0, 2, 0.0800924519919
16540706.0, 8432910.0, 2, 0.0697079043172
17273430.0, 7254836.0, 2, 0.0596048669863
16702990.0, 8166506.0, 2, 0.0510257436071
16614680.0, 8167192.0, 2, 0.0487838754557
Generacion: 107
15819630.0, 9789000.0, 1, inf
18798620.0, 6443908.0, 1, inf
15819630.0, 9789000.0, 1, inf
16024204.0, 8917252.0, 1, 0.325894331813
16218700.0, 8663926.0, 1, 0.271314807223
17852368.0, 6821194.0, 1, 0.225211629672
17251450.0, 6938632.0, 1, 0.204584992198
18633312.0, 6607602.0, 1, 0.176913589471
16642370.0, 7949384.0, 1, 0.164740685528
18187530.0, 6607946.0, 1, 0.162715282149
16771596.0, 7703098.0, 1, 0.158559737768
16316918.0, 8338366.0, 1, 0.155507484392
16024204.0, 8917252.0, 1, 0.144402920668
16490244.0, 8185428.0, 1, 0.123812690946
16906902.0, 7329338.0, 1, 0.115027684302
16514866.0, 7965890.0, 1, 0.10843096761
18754666.0, 6516376.0, 1, 0.104426865538
17025916.0, 7313618.0, 1, 0.0982957080211
16863360.0, 7580476.0, 1, 0.0961897560104
16316918.0, 8338366.0, 1, 0.078690352591
17037622.0, 7118450.0, 1, 0.0721432200973
16800464.0, 7596510.0, 1, 0.0674610165323
18063094.0, 6627720.0, 1, 0.0540999068748
16490244.0, 8185428.0, 1, 0.0539853351187
17899764.0, 6742608.0, 1, 0.053818640773
17161722.0, 6955492.0, 1, 0.0522884589218
17852368.0, 6821194.0, 1, 0.0510176449231
17132118.0, 7045174.0, 1, 0.044732206635
18633312.0, 6607602.0, 1, 0.040839462732
17251450.0, 6938632.0, 1, 0.0397493962885
17078728.0, 7050656.0, 1, 0.0381888888428
17990104.0, 6729276.0, 1, 0.0372522802663
17237622.0, 6948220.0, 1, 0.0351604957834
18154450.0, 6614188.0, 1, 0.0325327870467
18016714.0, 6706106.0, 1, 0.0323656949439
17037622.0, 7118450.0, 1, 0.0241962269004
18016714.0, 6706106.0, 1, 0.0224956009891
17899764.0, 6742608.0, 1, 0.0198956309396
18063094.0, 6627720.0, 1, 0.0196143648378
16863360.0, 7580476.0, 1, 0.0194096544501
16906902.0, 7329338.0, 1, 0.0193157855819
17078728.0, 7050656.0, 1, 0.015437455353
18154450.0, 6614188.0, 1, 0.0151497644195
16514866.0, 7965890.0, 1, 0.0131996108396
17990104.0, 6729276.0, 1, 0.0129180982859
17161722.0, 6955492.0, 1, 0.0121115275396
17132118.0, 7045174.0, 1, 0.0115764152019
17025916.0, 7313618.0, 1, 0.00862894205439
17161722.0, 6955492.0, 1, 0.0
17161722.0, 6955492.0, 1, 0.0
17161722.0, 6955492.0, 1, 0.0
17161722.0, 6955492.0, 1, 0.0
17161722.0, 6955492.0, 1, 0.0
17852368.0, 6821194.0, 1, 0.0
17852368.0, 6821194.0, 1, 0.0
17852368.0, 6821194.0, 1, 0.0
17852368.0, 6821194.0, 1, 0.0
17852368.0, 6821194.0, 1, 0.0
17852368.0, 6821194.0, 1, 0.0
17899764.0, 6742608.0, 1, 0.0
17899764.0, 6742608.0, 1, 0.0
17899764.0, 6742608.0, 1, 0.0
17990104.0, 6729276.0, 1, 0.0
17990104.0, 6729276.0, 1, 0.0
17990104.0, 6729276.0, 1, 0.0
18016714.0, 6706106.0, 1, 0.0
18063094.0, 6627720.0, 1, 0.0
18063094.0, 6627720.0, 1, 0.0
18063094.0, 6627720.0, 1, 0.0
18063094.0, 6627720.0, 1, 0.0
18063094.0, 6627720.0, 1, 0.0
18063094.0, 6627720.0, 1, 0.0
18063094.0, 6627720.0, 1, 0.0
18063094.0, 6627720.0, 1, 0.0
18063094.0, 6627720.0, 1, 0.0
18154450.0, 6614188.0, 1, 0.0
18154450.0, 6614188.0, 1, 0.0
18154450.0, 6614188.0, 1, 0.0
18154450.0, 6614188.0, 1, 0.0
18633312.0, 6607602.0, 1, 0.0
18633312.0, 6607602.0, 1, 0.0
15819630.0, 9789000.0, 1, 0.0
15819630.0, 9789000.0, 1, 0.0
15819630.0, 9789000.0, 1, 0.0
15819630.0, 9789000.0, 1, 0.0
15819630.0, 9789000.0, 1, 0.0
16316918.0, 8338366.0, 1, 0.0
16316918.0, 8338366.0, 1, 0.0
16316918.0, 8338366.0, 1, 0.0
16490244.0, 8185428.0, 1, 0.0
16514866.0, 7965890.0, 1, 0.0
16514866.0, 7965890.0, 1, 0.0
16863360.0, 7580476.0, 1, 0.0
16863360.0, 7580476.0, 1, 0.0
16906902.0, 7329338.0, 1, 0.0
16906902.0, 7329338.0, 1, 0.0
16906902.0, 7329338.0, 1, 0.0
16906902.0, 7329338.0, 1, 0.0
16906902.0, 7329338.0, 1, 0.0
16906902.0, 7329338.0, 1, 0.0
16906902.0, 7329338.0, 1, 0.0
16906902.0, 7329338.0, 1, 0.0
16906902.0, 7329338.0, 1, 0.0
16906902.0, 7329338.0, 1, 0.0
16906902.0, 7329338.0, 1, 0.0
17037622.0, 7118450.0, 1, 0.0
17037622.0, 7118450.0, 1, 0.0
17037622.0, 7118450.0, 1, 0.0
17037622.0, 7118450.0, 1, 0.0
17037622.0, 7118450.0, 1, 0.0
17037622.0, 7118450.0, 1, 0.0
17078728.0, 7050656.0, 1, 0.0
17132118.0, 7045174.0, 1, 0.0
17132118.0, 7045174.0, 1, 0.0
17132118.0, 7045174.0, 1, 0.0
17132118.0, 7045174.0, 1, 0.0
17132118.0, 7045174.0, 1, 0.0
17132118.0, 7045174.0, 1, 0.0
17132118.0, 7045174.0, 1, 0.0
17161722.0, 6955492.0, 1, 0.0
17161722.0, 6955492.0, 1, 0.0
17161722.0, 6955492.0, 1, 0.0
17161722.0, 6955492.0, 1, 0.0
17161722.0, 6955492.0, 1, 0.0
17161722.0, 6955492.0, 1, 0.0
17161722.0, 6955492.0, 1, 0.0
15911206.0, 9892610.0, 2, inf
20824110.0, 6503932.0, 2, inf
18110570.0, 6710048.0, 2, 0.63460608111
16132208.0, 9010998.0, 2, 0.450648658918
16935142.0, 7440498.0, 2, 0.425246751694
16590228.0, 8298046.0, 2, 0.347212483503
16614680.0, 8167192.0, 2, 0.323268426397
16122634.0, 9502626.0, 2, 0.305147978188
17283788.0, 6939118.0, 2, 0.254546683286
18023550.0, 6722720.0, 2, 0.235886472394
17157642.0, 7100676.0, 2, 0.178810503298
17197514.0, 7015538.0, 2, 0.0426849452219
17197514.0, 7015538.0, 2, 0.0306673375321
21344684.0, 6556400.0, 3, inf
17017230.0, 7682524.0, 3, inf
17017230.0, 7682524.0, 3, inf
17674036.0, 6993668.0, 3, 1.44375651073
17273430.0, 7254836.0, 3, 0.465400587254
17643916.0, 7219206.0, 3, 0.324490760708
17273430.0, 7254836.0, 3, 0.090842902013
17338396.0, 7543454.0, 4, inf
17800022.0, 7100698.0, 4, inf
17800022.0, 7100698.0, 4, inf
17428316.0, 7470792.0, 4, 2.0
Generacion: 108
15819630.0, 9789000.0, 1, inf
15819630.0, 9789000.0, 1, inf
18798620.0, 6443908.0, 1, inf
16316918.0, 8338366.0, 1, 0.37521773186
15975696.0, 9488294.0, 1, 0.329277357604
16024204.0, 8917252.0, 1, 0.268969879191
16642370.0, 7949384.0, 1, 0.206295214791
16024204.0, 8917252.0, 1, 0.189338701228
18633312.0, 6607602.0, 1, 0.188018024196
17403102.0, 6832300.0, 1, 0.187624922372
16490244.0, 8185428.0, 1, 0.177798026064
17852368.0, 6821194.0, 1, 0.174304443008
18154450.0, 6614188.0, 1, 0.164791757175
16815532.0, 7450386.0, 1, 0.115599410461
16800464.0, 7596510.0, 1, 0.110548163376
16514866.0, 7965890.0, 1, 0.10843096761
17025916.0, 7313618.0, 1, 0.106924650075
18754666.0, 6516376.0, 1, 0.104426865538
16800464.0, 7596510.0, 1, 0.0967527680349
16906902.0, 7329338.0, 1, 0.0761378720034
17037622.0, 7118450.0, 1, 0.0721432200973
18063094.0, 6627720.0, 1, 0.0540999068748
17899764.0, 6742608.0, 1, 0.053818640773
17321632.0, 6852856.0, 1, 0.0527173031285
17161722.0, 6955492.0, 1, 0.0522884589218
17281742.0, 6937718.0, 1, 0.0492013355373
17132118.0, 7045174.0, 1, 0.044732206635
18633312.0, 6607602.0, 1, 0.0427054801689
17078728.0, 7050656.0, 1, 0.0381888888428
17990104.0, 6729276.0, 1, 0.0372522802663
16906902.0, 7329338.0, 1, 0.0353708915071
17237622.0, 6948220.0, 1, 0.0351604957834
18154450.0, 6614188.0, 1, 0.0326356242781
18016714.0, 6706106.0, 1, 0.0323656949439
17037622.0, 7118450.0, 1, 0.0241962269004
18016714.0, 6706106.0, 1, 0.0224956009891
17899764.0, 6742608.0, 1, 0.0198956309396
18063094.0, 6627720.0, 1, 0.0196143648378
17321632.0, 6852856.0, 1, 0.0195355668784
17852368.0, 6821194.0, 1, 0.01923017839
17251450.0, 6938632.0, 1, 0.0179499137675
17078728.0, 7050656.0, 1, 0.015437455353
16514866.0, 7965890.0, 1, 0.0131996108396
17990104.0, 6729276.0, 1, 0.0129180982859
17161722.0, 6955492.0, 1, 0.0121115275396
17132118.0, 7045174.0, 1, 0.0115764152019
16906902.0, 7329338.0, 1, 0.0
16906902.0, 7329338.0, 1, 0.0
16906902.0, 7329338.0, 1, 0.0
16906902.0, 7329338.0, 1, 0.0
16906902.0, 7329338.0, 1, 0.0
16906902.0, 7329338.0, 1, 0.0
16906902.0, 7329338.0, 1, 0.0
16906902.0, 7329338.0, 1, 0.0
17037622.0, 7118450.0, 1, 0.0
17037622.0, 7118450.0, 1, 0.0
17078728.0, 7050656.0, 1, 0.0
17132118.0, 7045174.0, 1, 0.0
17132118.0, 7045174.0, 1, 0.0
17132118.0, 7045174.0, 1, 0.0
17132118.0, 7045174.0, 1, 0.0
17132118.0, 7045174.0, 1, 0.0
17132118.0, 7045174.0, 1, 0.0
17132118.0, 7045174.0, 1, 0.0
17132118.0, 7045174.0, 1, 0.0
17161722.0, 6955492.0, 1, 0.0
17161722.0, 6955492.0, 1, 0.0
17161722.0, 6955492.0, 1, 0.0
17161722.0, 6955492.0, 1, 0.0
17161722.0, 6955492.0, 1, 0.0
17161722.0, 6955492.0, 1, 0.0
17161722.0, 6955492.0, 1, 0.0
17161722.0, 6955492.0, 1, 0.0
17161722.0, 6955492.0, 1, 0.0
17161722.0, 6955492.0, 1, 0.0
17161722.0, 6955492.0, 1, 0.0
17852368.0, 6821194.0, 1, 0.0
17852368.0, 6821194.0, 1, 0.0
17852368.0, 6821194.0, 1, 0.0
17852368.0, 6821194.0, 1, 0.0
17852368.0, 6821194.0, 1, 0.0
17852368.0, 6821194.0, 1, 0.0
17852368.0, 6821194.0, 1, 0.0
17899764.0, 6742608.0, 1, 0.0
17899764.0, 6742608.0, 1, 0.0
17990104.0, 6729276.0, 1, 0.0
17990104.0, 6729276.0, 1, 0.0
17990104.0, 6729276.0, 1, 0.0
17990104.0, 6729276.0, 1, 0.0
17990104.0, 6729276.0, 1, 0.0
18016714.0, 6706106.0, 1, 0.0
18016714.0, 6706106.0, 1, 0.0
18063094.0, 6627720.0, 1, 0.0
18063094.0, 6627720.0, 1, 0.0
18063094.0, 6627720.0, 1, 0.0
18063094.0, 6627720.0, 1, 0.0
18063094.0, 6627720.0, 1, 0.0
18063094.0, 6627720.0, 1, 0.0
18063094.0, 6627720.0, 1, 0.0
18063094.0, 6627720.0, 1, 0.0
18063094.0, 6627720.0, 1, 0.0
15819630.0, 9789000.0, 1, 0.0
15819630.0, 9789000.0, 1, 0.0
15819630.0, 9789000.0, 1, 0.0
16024204.0, 8917252.0, 1, 0.0
16024204.0, 8917252.0, 1, 0.0
16024204.0, 8917252.0, 1, 0.0
16514866.0, 7965890.0, 1, 0.0
16514866.0, 7965890.0, 1, 0.0
16514866.0, 7965890.0, 1, 0.0
16906902.0, 7329338.0, 1, 0.0
16906902.0, 7329338.0, 1, 0.0
16906902.0, 7329338.0, 1, 0.0
15911206.0, 9892610.0, 2, inf
18070440.0, 6709552.0, 2, inf
15911206.0, 9892610.0, 2, inf
16234982.0, 9387548.0, 2, 0.415348968534
16560596.0, 8062924.0, 2, 0.371392165493
16485596.0, 8798764.0, 2, 0.327081766635
17283788.0, 6939118.0, 2, 0.311353319546
16863360.0, 7580476.0, 2, 0.26458253344
17797026.0, 6835930.0, 2, 0.241304214988
16342532.0, 9206374.0, 2, 0.239867178848
16863360.0, 7580476.0, 2, 0.237465608075
17107386.0, 7270932.0, 2, 0.234085321213
16423372.0, 8901754.0, 2, 0.194312931994
16560596.0, 8062924.0, 2, 0.186301995064
17258066.0, 7032472.0, 2, 0.162117466577
17121798.0, 7216348.0, 2, 0.144699386851
17907110.0, 6824440.0, 2, 0.140475853215
17797026.0, 6835930.0, 2, 0.0834007772862
18023550.0, 6722720.0, 2, 0.0580634336654
18023550.0, 6722720.0, 2, 0.0536727251869
16863360.0, 7580476.0, 2, 0.0
18023550.0, 6722720.0, 2, 0.0
16863360.0, 7580476.0, 2, 0.0
16511978.0, 9243248.0, 3, inf
18110570.0, 6710048.0, 3, inf
17674036.0, 6993668.0, 3, 0.609300531578
16590228.0, 8298046.0, 3, 0.489026590131
16965504.0, 8157496.0, 3, 0.438204723449
17063678.0, 7768634.0, 3, 0.404623672906
17318184.0, 6997878.0, 3, 0.353697335157
16614680.0, 8167192.0, 3, 0.290237266919
17116024.0, 7371024.0, 3, 0.255424976371
17273430.0, 7254836.0, 3, 0.199901527769
17116024.0, 7371024.0, 3, 0.0786111638735
17273430.0, 7254836.0, 3, 0.0738619845957
17273430.0, 7254836.0, 3, 0.0
17273430.0, 7254836.0, 3, 0.0
Generacion: 109
19072340.0, 6303642.0, 1, inf
15580466.0, 12311642.0, 1, inf
15819630.0, 9789000.0, 1, 0.454802142198
16024204.0, 8917252.0, 1, 0.345983288975
15941572.0, 9771226.0, 1, 0.203683603128
18275566.0, 6595074.0, 1, 0.188169656648
17403102.0, 6832300.0, 1, 0.157261711902
18754666.0, 6516376.0, 1, 0.149266180827
16316918.0, 8338366.0, 1, 0.145989487078
17852368.0, 6821194.0, 1, 0.141740653402
16514866.0, 7965890.0, 1, 0.11833026541
16316918.0, 8338366.0, 1, 0.109282919922
16800464.0, 7596510.0, 1, 0.106110891242
18874122.0, 6429124.0, 1, 0.101734246097
16490244.0, 8185428.0, 1, 0.0861779025243
16815532.0, 7450386.0, 1, 0.074951000939
17027528.0, 7319250.0, 1, 0.0725366843332
15819630.0, 9789000.0, 1, 0.0714499781449
16514866.0, 7965890.0, 1, 0.0685325862689
16800464.0, 7596510.0, 1, 0.0657965196182
16906902.0, 7329338.0, 1, 0.0546925774545
17037622.0, 7118450.0, 1, 0.0451940062841
17161722.0, 6955492.0, 1, 0.0406233279383
17251450.0, 6938632.0, 1, 0.0399731947825
18063094.0, 6627720.0, 1, 0.0392093934504
17899764.0, 6742608.0, 1, 0.0389517211553
17321632.0, 6852856.0, 1, 0.0376082755443
18154450.0, 6614188.0, 1, 0.0369374305479
18798620.0, 6443908.0, 1, 0.0336841180154
16490244.0, 8185428.0, 1, 0.0325069537789
17132118.0, 7045174.0, 1, 0.0302168814285
17990104.0, 6729276.0, 1, 0.0297280194243
18154450.0, 6614188.0, 1, 0.0293438808006
16906902.0, 7329338.0, 1, 0.0278455598827
17078728.0, 7050656.0, 1, 0.0265737389518
18754666.0, 6516376.0, 1, 0.0256863784926
17321632.0, 6852856.0, 1, 0.0235201014364
17251450.0, 6938632.0, 1, 0.0229049216761
18016714.0, 6706106.0, 1, 0.0206674872992
18016714.0, 6706106.0, 1, 0.0171387908324
17899764.0, 6742608.0, 1, 0.0157922687201
18063094.0, 6627720.0, 1, 0.015534596425
17852368.0, 6821194.0, 1, 0.0154217627281
18798620.0, 6443908.0, 1, 0.0150482293581
17037622.0, 7118450.0, 1, 0.014174666133
17078728.0, 7050656.0, 1, 0.0126843524892
17161722.0, 6955492.0, 1, 0.0112842274586
17990104.0, 6729276.0, 1, 0.00983959116068
17132118.0, 7045174.0, 1, 0.00939041920292
17161722.0, 6955492.0, 1, 0.0
17161722.0, 6955492.0, 1, 0.0
17161722.0, 6955492.0, 1, 0.0
17161722.0, 6955492.0, 1, 0.0
17161722.0, 6955492.0, 1, 0.0
17161722.0, 6955492.0, 1, 0.0
17161722.0, 6955492.0, 1, 0.0
17161722.0, 6955492.0, 1, 0.0
17161722.0, 6955492.0, 1, 0.0
17161722.0, 6955492.0, 1, 0.0
17161722.0, 6955492.0, 1, 0.0
17161722.0, 6955492.0, 1, 0.0
17161722.0, 6955492.0, 1, 0.0
17161722.0, 6955492.0, 1, 0.0
17161722.0, 6955492.0, 1, 0.0
17852368.0, 6821194.0, 1, 0.0
17852368.0, 6821194.0, 1, 0.0
17852368.0, 6821194.0, 1, 0.0
17852368.0, 6821194.0, 1, 0.0
17899764.0, 6742608.0, 1, 0.0
17899764.0, 6742608.0, 1, 0.0
17899764.0, 6742608.0, 1, 0.0
17899764.0, 6742608.0, 1, 0.0
17899764.0, 6742608.0, 1, 0.0
17990104.0, 6729276.0, 1, 0.0
17990104.0, 6729276.0, 1, 0.0
18016714.0, 6706106.0, 1, 0.0
18016714.0, 6706106.0, 1, 0.0
18016714.0, 6706106.0, 1, 0.0
18016714.0, 6706106.0, 1, 0.0
18016714.0, 6706106.0, 1, 0.0
18016714.0, 6706106.0, 1, 0.0
18063094.0, 6627720.0, 1, 0.0
18063094.0, 6627720.0, 1, 0.0
18063094.0, 6627720.0, 1, 0.0
18063094.0, 6627720.0, 1, 0.0
18063094.0, 6627720.0, 1, 0.0
18063094.0, 6627720.0, 1, 0.0
18754666.0, 6516376.0, 1, 0.0
18754666.0, 6516376.0, 1, 0.0
18798620.0, 6443908.0, 1, 0.0
15819630.0, 9789000.0, 1, 0.0
16514866.0, 7965890.0, 1, 0.0
16514866.0, 7965890.0, 1, 0.0
16514866.0, 7965890.0, 1, 0.0
16514866.0, 7965890.0, 1, 0.0
16514866.0, 7965890.0, 1, 0.0
16514866.0, 7965890.0, 1, 0.0
16800464.0, 7596510.0, 1, 0.0
16906902.0, 7329338.0, 1, 0.0
16906902.0, 7329338.0, 1, 0.0
16906902.0, 7329338.0, 1, 0.0
16906902.0, 7329338.0, 1, 0.0
16906902.0, 7329338.0, 1, 0.0
16906902.0, 7329338.0, 1, 0.0
16906902.0, 7329338.0, 1, 0.0
16906902.0, 7329338.0, 1, 0.0
16906902.0, 7329338.0, 1, 0.0
16906902.0, 7329338.0, 1, 0.0
16906902.0, 7329338.0, 1, 0.0
17078728.0, 7050656.0, 1, 0.0
17078728.0, 7050656.0, 1, 0.0
17132118.0, 7045174.0, 1, 0.0
17132118.0, 7045174.0, 1, 0.0
17132118.0, 7045174.0, 1, 0.0
17132118.0, 7045174.0, 1, 0.0
17132118.0, 7045174.0, 1, 0.0
17132118.0, 7045174.0, 1, 0.0
17132118.0, 7045174.0, 1, 0.0
17132118.0, 7045174.0, 1, 0.0
17161722.0, 6955492.0, 1, 0.0
17161722.0, 6955492.0, 1, 0.0
17161722.0, 6955492.0, 1, 0.0
17161722.0, 6955492.0, 1, 0.0
17161722.0, 6955492.0, 1, 0.0
17161722.0, 6955492.0, 1, 0.0
18788234.0, 6529332.0, 2, inf
15911206.0, 9892610.0, 2, inf
15911206.0, 9892610.0, 2, inf
16560596.0, 8062924.0, 2, 0.477411105323
17017230.0, 7682524.0, 2, 0.398778085408
16068170.0, 9134780.0, 2, 0.396482692457
16068170.0, 9134780.0, 2, 0.3732515351
16560596.0, 8062924.0, 2, 0.284261817466
18070440.0, 6709552.0, 2, 0.246169545584
17797026.0, 6835930.0, 2, 0.240005713539
18633312.0, 6607602.0, 2, 0.218915498816
17480900.0, 6895562.0, 2, 0.174266099619
17137942.0, 7175528.0, 2, 0.13402065603
18023550.0, 6722720.0, 2, 0.132609327133
17116024.0, 7371024.0, 2, 0.100236253984
17116024.0, 7371024.0, 2, 0.0924655333421
18633312.0, 6607602.0, 2, 0.0841606181722
17360408.0, 6911624.0, 2, 0.081462828454
17283788.0, 6939118.0, 2, 0.0785889275311
17197514.0, 7015538.0, 2, 0.0772023121824
17209102.0, 6999062.0, 2, 0.0527090753803
16068170.0, 9134780.0, 2, 0.0
16342532.0, 9206374.0, 3, inf
19923178.0, 6714168.0, 3, inf
16342532.0, 9206374.0, 3, inf
Generacion: 110
19185380.0, 6284830.0, 1, inf
15378942.0, 12057702.0, 1, inf
15761102.0, 11786680.0, 1, 0.477557581367
15819630.0, 9789000.0, 1, 0.399790336626
16024204.0, 8917252.0, 1, 0.381928554056
15819630.0, 9789000.0, 1, 0.166383733663
16316918.0, 8338366.0, 1, 0.152280424651
18343856.0, 6553106.0, 1, 0.14877014253
15487682.0, 12042444.0, 1, 0.147345841052
17737658.0, 6847706.0, 1, 0.144915761113
16316918.0, 8338366.0, 1, 0.14142149965
16514866.0, 7965890.0, 1, 0.139552035337
17321632.0, 6852856.0, 1, 0.124153819103
18754666.0, 6516376.0, 1, 0.120478244078
16514866.0, 7965890.0, 1, 0.115988956557
18996838.0, 6318426.0, 1, 0.106766646301
16800464.0, 7596510.0, 1, 0.100342435679
16800464.0, 7596510.0, 1, 0.0679440389725
17027528.0, 7319250.0, 1, 0.066473374607
17037622.0, 7118450.0, 1, 0.0599778235795
16906902.0, 7329338.0, 1, 0.0526584138734
18223096.0, 6569024.0, 1, 0.0505684461449
16815532.0, 7450386.0, 1, 0.0493162531952
17852368.0, 6821194.0, 1, 0.0437487672853
18874122.0, 6429124.0, 1, 0.0390108928714
18063094.0, 6627720.0, 1, 0.0375787276613
17899764.0, 6742608.0, 1, 0.0373464562533
17161722.0, 6955492.0, 1, 0.0354749769081
18874122.0, 6429124.0, 1, 0.0348000081171
18798620.0, 6443908.0, 1, 0.0323885392145
17132118.0, 7045174.0, 1, 0.0295613116914
17990104.0, 6729276.0, 1, 0.0277470748708
17078728.0, 7050656.0, 1, 0.0257697847011
16906902.0, 7329338.0, 1, 0.025751552644
18154450.0, 6614188.0, 1, 0.025081655147
16815532.0, 7450386.0, 1, 0.0249269757152
17237622.0, 6948220.0, 1, 0.0216007735653
18016714.0, 6706106.0, 1, 0.0205691244575
17251450.0, 6938632.0, 1, 0.0200985817524
17321632.0, 6852856.0, 1, 0.0193298136245
17251450.0, 6938632.0, 1, 0.018491254784
18754666.0, 6516376.0, 1, 0.0179097962359
17852368.0, 6821194.0, 1, 0.0170440508384
18016714.0, 6706106.0, 1, 0.0161982200097
18187530.0, 6607946.0, 1, 0.0154327642217
17899764.0, 6742608.0, 1, 0.0147609584712
18063094.0, 6627720.0, 1, 0.0145286870631
18798620.0, 6443908.0, 1, 0.0141082222533
17078728.0, 7050656.0, 1, 0.0117486865063
18154450.0, 6614188.0, 1, 0.0110346067708
18187530.0, 6607946.0, 1, 0.0104249078152
17990104.0, 6729276.0, 1, 0.00930021012856
17161722.0, 6955492.0, 1, 0.00903703480185
17132118.0, 7045174.0, 1, 0.00872696383544
17237622.0, 6948220.0, 1, 0.00489247760691
17027528.0, 7319250.0, 1, 0.00439930679108
17161722.0, 6955492.0, 1, 0.0
17161722.0, 6955492.0, 1, 0.0
17161722.0, 6955492.0, 1, 0.0
17251450.0, 6938632.0, 1, 0.0
17321632.0, 6852856.0, 1, 0.0
17852368.0, 6821194.0, 1, 0.0
17852368.0, 6821194.0, 1, 0.0
17852368.0, 6821194.0, 1, 0.0
17852368.0, 6821194.0, 1, 0.0
17852368.0, 6821194.0, 1, 0.0
17852368.0, 6821194.0, 1, 0.0
17852368.0, 6821194.0, 1, 0.0
17852368.0, 6821194.0, 1, 0.0
17899764.0, 6742608.0, 1, 0.0
17899764.0, 6742608.0, 1, 0.0
17899764.0, 6742608.0, 1, 0.0
17990104.0, 6729276.0, 1, 0.0
17990104.0, 6729276.0, 1, 0.0
17990104.0, 6729276.0, 1, 0.0
17990104.0, 6729276.0, 1, 0.0
17990104.0, 6729276.0, 1, 0.0
18016714.0, 6706106.0, 1, 0.0
18016714.0, 6706106.0, 1, 0.0
18016714.0, 6706106.0, 1, 0.0
18063094.0, 6627720.0, 1, 0.0
18063094.0, 6627720.0, 1, 0.0
18063094.0, 6627720.0, 1, 0.0
18063094.0, 6627720.0, 1, 0.0
18063094.0, 6627720.0, 1, 0.0
18154450.0, 6614188.0, 1, 0.0
18154450.0, 6614188.0, 1, 0.0
18798620.0, 6443908.0, 1, 0.0
18798620.0, 6443908.0, 1, 0.0
15819630.0, 9789000.0, 1, 0.0
15819630.0, 9789000.0, 1, 0.0
15819630.0, 9789000.0, 1, 0.0
16316918.0, 8338366.0, 1, 0.0
16316918.0, 8338366.0, 1, 0.0
16514866.0, 7965890.0, 1, 0.0
16514866.0, 7965890.0, 1, 0.0
16514866.0, 7965890.0, 1, 0.0
16514866.0, 7965890.0, 1, 0.0
16514866.0, 7965890.0, 1, 0.0
16800464.0, 7596510.0, 1, 0.0
16906902.0, 7329338.0, 1, 0.0
16906902.0, 7329338.0, 1, 0.0
16906902.0, 7329338.0, 1, 0.0
16906902.0, 7329338.0, 1, 0.0
16906902.0, 7329338.0, 1, 0.0
16906902.0, 7329338.0, 1, 0.0
16906902.0, 7329338.0, 1, 0.0
16906902.0, 7329338.0, 1, 0.0
16906902.0, 7329338.0, 1, 0.0
16906902.0, 7329338.0, 1, 0.0
16906902.0, 7329338.0, 1, 0.0
16906902.0, 7329338.0, 1, 0.0
16906902.0, 7329338.0, 1, 0.0
17078728.0, 7050656.0, 1, 0.0
17078728.0, 7050656.0, 1, 0.0
17078728.0, 7050656.0, 1, 0.0
17132118.0, 7045174.0, 1, 0.0
17132118.0, 7045174.0, 1, 0.0
17132118.0, 7045174.0, 1, 0.0
17161722.0, 6955492.0, 1, 0.0
17161722.0, 6955492.0, 1, 0.0
17161722.0, 6955492.0, 1, 0.0
17161722.0, 6955492.0, 1, 0.0
17161722.0, 6955492.0, 1, 0.0
17161722.0, 6955492.0, 1, 0.0
17161722.0, 6955492.0, 1, 0.0
17161722.0, 6955492.0, 1, 0.0
17161722.0, 6955492.0, 1, 0.0
17161722.0, 6955492.0, 1, 0.0
17161722.0, 6955492.0, 1, 0.0
17161722.0, 6955492.0, 1, 0.0
17161722.0, 6955492.0, 1, 0.0
17161722.0, 6955492.0, 1, 0.0
17161722.0, 6955492.0, 1, 0.0
17161722.0, 6955492.0, 1, 0.0
17161722.0, 6955492.0, 1, 0.0
17161722.0, 6955492.0, 1, 0.0
17161722.0, 6955492.0, 1, 0.0
17161722.0, 6955492.0, 1, 0.0
19700580.0, 6414512.0, 2, inf
15469358.0, 12327284.0, 2, inf
16068170.0, 9134780.0, 2, 0.838508364141
18275566.0, 6595074.0, 2, 0.605953274504
15580466.0, 12311642.0, 2, 0.563547175025
16472146.0, 8599780.0, 2, 0.297657232818
17480900.0, 6895562.0, 2, 0.269823575232
16935142.0, 7440498.0, 2, 0.255330604558
16560596.0, 8062924.0, 2, 0.179315573474
16560596.0, 8062924.0, 2, 0.126172180145
15580466.0, 12311642.0, 2, 0.117908615349
Generacion: 111
15540532.0, 12005908.0, 1, inf
19185380.0, 6284830.0, 1, inf
19185380.0, 6284830.0, 1, inf
15809624.0, 11455018.0, 1, 0.464071589347
16024204.0, 8917252.0, 1, 0.35343267663
15819630.0, 9789000.0, 1, 0.324662997274
16316918.0, 8338366.0, 1, 0.30090864795
15941572.0, 9771226.0, 1, 0.208501674447
18187530.0, 6607946.0, 1, 0.181771957785
18754666.0, 6516376.0, 1, 0.16826619914
17403102.0, 6832300.0, 1, 0.151146928238
16514866.0, 7965890.0, 1, 0.143462540173
17852368.0, 6821194.0, 1, 0.136996780904
16514866.0, 7965890.0, 1, 0.118873741377
19072340.0, 6303642.0, 1, 0.110618172913
16800464.0, 7596510.0, 1, 0.103897968601
18874122.0, 6429124.0, 1, 0.0996151892391
16815532.0, 7450386.0, 1, 0.07590190569
16800464.0, 7596510.0, 1, 0.0686988095281
17027528.0, 7319250.0, 1, 0.0681932133315
16906902.0, 7329338.0, 1, 0.0542531831484
17037622.0, 7118450.0, 1, 0.0463761169807
18063094.0, 6627720.0, 1, 0.0387656836885
17899764.0, 6742608.0, 1, 0.0385218925138
17321632.0, 6852856.0, 1, 0.0371853165796
17161722.0, 6955492.0, 1, 0.0364996307036
18798620.0, 6443908.0, 1, 0.0333815619754
17132118.0, 7045174.0, 1, 0.0303237901747
17990104.0, 6729276.0, 1, 0.0288356061181
18754666.0, 6516376.0, 1, 0.0280649382384
17237622.0, 6948220.0, 1, 0.02756475889
16906902.0, 7329338.0, 1, 0.0268315647827
17078728.0, 7050656.0, 1, 0.0264979377742
18154450.0, 6614188.0, 1, 0.0261554728157
17281742.0, 6937718.0, 1, 0.023144127482
18016714.0, 6706106.0, 1, 0.0210019799621
18016714.0, 6706106.0, 1, 0.0167747465157
17899764.0, 6742608.0, 1, 0.0153338901468
18063094.0, 6627720.0, 1, 0.015090098972
17852368.0, 6821194.0, 1, 0.0149448026356
18798620.0, 6443908.0, 1, 0.014643341819
17037622.0, 7118450.0, 1, 0.0146192531212
17321632.0, 6852856.0, 1, 0.0145372441036
17078728.0, 7050656.0, 1, 0.0122360475742
18154450.0, 6614188.0, 1, 0.0114411127866
17281742.0, 6937718.0, 1, 0.0111039750588
17251450.0, 6938632.0, 1, 0.00998681691919
17990104.0, 6729276.0, 1, 0.00963104602268
17161722.0, 6955492.0, 1, 0.00939323852094
17132118.0, 7045174.0, 1, 0.00908036042349
15819630.0, 9789000.0, 1, 0.00585200194795
17027528.0, 7319250.0, 1, 0.00453269251148
17251450.0, 6938632.0, 1, 0.00395360829455
17321632.0, 6852856.0, 1, 0.0
17321632.0, 6852856.0, 1, 0.0
17852368.0, 6821194.0, 1, 0.0
17852368.0, 6821194.0, 1, 0.0
17852368.0, 6821194.0, 1, 0.0
17852368.0, 6821194.0, 1, 0.0
17899764.0, 6742608.0, 1, 0.0
17899764.0, 6742608.0, 1, 0.0
17899764.0, 6742608.0, 1, 0.0
17899764.0, 6742608.0, 1, 0.0
17990104.0, 6729276.0, 1, 0.0
17990104.0, 6729276.0, 1, 0.0
18063094.0, 6627720.0, 1, 0.0
18063094.0, 6627720.0, 1, 0.0
18063094.0, 6627720.0, 1, 0.0
18063094.0, 6627720.0, 1, 0.0
18063094.0, 6627720.0, 1, 0.0
18063094.0, 6627720.0, 1, 0.0
18063094.0, 6627720.0, 1, 0.0
18063094.0, 6627720.0, 1, 0.0
18063094.0, 6627720.0, 1, 0.0
18063094.0, 6627720.0, 1, 0.0
18063094.0, 6627720.0, 1, 0.0
18154450.0, 6614188.0, 1, 0.0
18154450.0, 6614188.0, 1, 0.0
18154450.0, 6614188.0, 1, 0.0
18154450.0, 6614188.0, 1, 0.0
18154450.0, 6614188.0, 1, 0.0
18154450.0, 6614188.0, 1, 0.0
18154450.0, 6614188.0, 1, 0.0
18154450.0, 6614188.0, 1, 0.0
18154450.0, 6614188.0, 1, 0.0
18798620.0, 6443908.0, 1, 0.0
15819630.0, 9789000.0, 1, 0.0
16514866.0, 7965890.0, 1, 0.0
16514866.0, 7965890.0, 1, 0.0
16514866.0, 7965890.0, 1, 0.0
16514866.0, 7965890.0, 1, 0.0
16800464.0, 7596510.0, 1, 0.0
16800464.0, 7596510.0, 1, 0.0
16906902.0, 7329338.0, 1, 0.0
16906902.0, 7329338.0, 1, 0.0
16906902.0, 7329338.0, 1, 0.0
16906902.0, 7329338.0, 1, 0.0
16906902.0, 7329338.0, 1, 0.0
16906902.0, 7329338.0, 1, 0.0
16906902.0, 7329338.0, 1, 0.0
16906902.0, 7329338.0, 1, 0.0
16906902.0, 7329338.0, 1, 0.0
17027528.0, 7319250.0, 1, 0.0
17037622.0, 7118450.0, 1, 0.0
17037622.0, 7118450.0, 1, 0.0
17078728.0, 7050656.0, 1, 0.0
17078728.0, 7050656.0, 1, 0.0
17078728.0, 7050656.0, 1, 0.0
17078728.0, 7050656.0, 1, 0.0
17078728.0, 7050656.0, 1, 0.0
17078728.0, 7050656.0, 1, 0.0
17132118.0, 7045174.0, 1, 0.0
17132118.0, 7045174.0, 1, 0.0
17132118.0, 7045174.0, 1, 0.0
17161722.0, 6955492.0, 1, 0.0
17161722.0, 6955492.0, 1, 0.0
17161722.0, 6955492.0, 1, 0.0
17161722.0, 6955492.0, 1, 0.0
17161722.0, 6955492.0, 1, 0.0
17161722.0, 6955492.0, 1, 0.0
17161722.0, 6955492.0, 1, 0.0
17161722.0, 6955492.0, 1, 0.0
17161722.0, 6955492.0, 1, 0.0
17161722.0, 6955492.0, 1, 0.0
17161722.0, 6955492.0, 1, 0.0
17161722.0, 6955492.0, 1, 0.0
17161722.0, 6955492.0, 1, 0.0
17161722.0, 6955492.0, 1, 0.0
17161722.0, 6955492.0, 1, 0.0
17281742.0, 6937718.0, 1, 0.0
17281742.0, 6937718.0, 1, 0.0
17281742.0, 6937718.0, 1, 0.0
15667356.0, 12193914.0, 2, inf
18788234.0, 6529332.0, 2, inf
15911206.0, 9892610.0, 2, 0.668475733963
16560596.0, 8062924.0, 2, 0.414708794042
16416920.0, 8451260.0, 2, 0.347005113762
16068170.0, 9134780.0, 2, 0.245531321916
17116024.0, 7371024.0, 2, 0.243636221562
18130710.0, 6690272.0, 2, 0.214089187778
18023550.0, 6722720.0, 2, 0.173686172031
16068170.0, 9134780.0, 2, 0.170960388084
17116024.0, 7371024.0, 2, 0.15196923441
17611596.0, 6860582.0, 2, 0.143535636459
17209102.0, 6999062.0, 2, 0.130002141222
17377398.0, 6925930.0, 2, 0.118901502731
17611596.0, 6860582.0, 2, 0.0993798854406
18130710.0, 6690272.0, 2, 0.0477235017405
17283788.0, 6939118.0, 2, 0.0405770102566
18070440.0, 6709552.0, 2, 0.0400647161653
Generacion: 112
15540532.0, 12005908.0, 1, inf
19802394.0, 6290512.0, 1, inf
15809624.0, 11455018.0, 1, 0.453370872862
15819630.0, 9789000.0, 1, 0.320108888696
16024204.0, 8917252.0, 1, 0.2148472412
16468988.0, 8696010.0, 1, 0.214309189311
16514866.0, 7965890.0, 1, 0.194758672518
18874122.0, 6429124.0, 1, 0.183056499424
19113198.0, 6298954.0, 1, 0.173596608961
16009052.0, 9740364.0, 1, 0.168805126893
18187530.0, 6607946.0, 1, 0.162193553095
16259014.0, 8847640.0, 1, 0.143073602073
17852368.0, 6821194.0, 1, 0.109967447151
17442302.0, 6835196.0, 1, 0.0993074683853
16800464.0, 7596510.0, 1, 0.0925792259841
18874122.0, 6429124.0, 1, 0.0777974888389
16514866.0, 7965890.0, 1, 0.0753937209961
16815532.0, 7450386.0, 1, 0.0717205471609
16800464.0, 7596510.0, 1, 0.0681644864503
17025916.0, 7313618.0, 1, 0.0620731179045
15941572.0, 9771226.0, 1, 0.0529554779986
16906902.0, 7329338.0, 1, 0.0491046376802
19072340.0, 6303642.0, 1, 0.0473299586801
17037622.0, 7118450.0, 1, 0.0437928451036
17321632.0, 6852856.0, 1, 0.0431618804135
18187530.0, 6607946.0, 1, 0.0390496363745
17161722.0, 6955492.0, 1, 0.0367450096297
18063094.0, 6627720.0, 1, 0.0351505863069
17899764.0, 6742608.0, 1, 0.0349471860543
19072340.0, 6303642.0, 1, 0.0315419736135
17442302.0, 6835196.0, 1, 0.0307637893626
17132118.0, 7045174.0, 1, 0.0282186894438
17990104.0, 6729276.0, 1, 0.0252512699708
17078728.0, 7050656.0, 1, 0.0243890335459
16906902.0, 7329338.0, 1, 0.0241894516427
18154450.0, 6614188.0, 1, 0.0225278389067
17281742.0, 6937718.0, 1, 0.0219556564673
17251450.0, 6938632.0, 1, 0.0212136273773
18016714.0, 6706106.0, 1, 0.0199586349954
18016714.0, 6706106.0, 1, 0.0149365296061
17037622.0, 7118450.0, 1, 0.0146083320591
17852368.0, 6821194.0, 1, 0.0135708347339
17899764.0, 6742608.0, 1, 0.0134536075111
18063094.0, 6627720.0, 1, 0.0132502072586
17321632.0, 6852856.0, 1, 0.0124496583483
17078728.0, 7050656.0, 1, 0.0106042436488
18154450.0, 6614188.0, 1, 0.0101295055559
17251450.0, 6938632.0, 1, 0.0100576182561
17161722.0, 6955492.0, 1, 0.00989618646878
17281742.0, 6937718.0, 1, 0.00951967764354
17990104.0, 6729276.0, 1, 0.00857639656436
17132118.0, 7045174.0, 1, 0.00790542327407
17025916.0, 7313618.0, 1, 0.00549715236135
15819630.0, 9789000.0, 1, 0.00545764584998
17161722.0, 6955492.0, 1, 0.0
17251450.0, 6938632.0, 1, 0.0
17251450.0, 6938632.0, 1, 0.0
17321632.0, 6852856.0, 1, 0.0
17321632.0, 6852856.0, 1, 0.0
17321632.0, 6852856.0, 1, 0.0
17321632.0, 6852856.0, 1, 0.0
17852368.0, 6821194.0, 1, 0.0
17852368.0, 6821194.0, 1, 0.0
17852368.0, 6821194.0, 1, 0.0
17852368.0, 6821194.0, 1, 0.0
17852368.0, 6821194.0, 1, 0.0
17852368.0, 6821194.0, 1, 0.0
17899764.0, 6742608.0, 1, 0.0
17899764.0, 6742608.0, 1, 0.0
17899764.0, 6742608.0, 1, 0.0
17899764.0, 6742608.0, 1, 0.0
17990104.0, 6729276.0, 1, 0.0
18016714.0, 6706106.0, 1, 0.0
18016714.0, 6706106.0, 1, 0.0
18016714.0, 6706106.0, 1, 0.0
18063094.0, 6627720.0, 1, 0.0
18063094.0, 6627720.0, 1, 0.0
18063094.0, 6627720.0, 1, 0.0
18063094.0, 6627720.0, 1, 0.0
18063094.0, 6627720.0, 1, 0.0
18063094.0, 6627720.0, 1, 0.0
18063094.0, 6627720.0, 1, 0.0
18063094.0, 6627720.0, 1, 0.0
18063094.0, 6627720.0, 1, 0.0
18154450.0, 6614188.0, 1, 0.0
18154450.0, 6614188.0, 1, 0.0
18154450.0, 6614188.0, 1, 0.0
18154450.0, 6614188.0, 1, 0.0
18154450.0, 6614188.0, 1, 0.0
19072340.0, 6303642.0, 1, 0.0
16514866.0, 7965890.0, 1, 0.0
16514866.0, 7965890.0, 1, 0.0
16800464.0, 7596510.0, 1, 0.0
16800464.0, 7596510.0, 1, 0.0
16906902.0, 7329338.0, 1, 0.0
16906902.0, 7329338.0, 1, 0.0
16906902.0, 7329338.0, 1, 0.0
16906902.0, 7329338.0, 1, 0.0
16906902.0, 7329338.0, 1, 0.0
17037622.0, 7118450.0, 1, 0.0
17037622.0, 7118450.0, 1, 0.0
17037622.0, 7118450.0, 1, 0.0
17037622.0, 7118450.0, 1, 0.0
17078728.0, 7050656.0, 1, 0.0
17078728.0, 7050656.0, 1, 0.0
17078728.0, 7050656.0, 1, 0.0
17078728.0, 7050656.0, 1, 0.0
17078728.0, 7050656.0, 1, 0.0
17078728.0, 7050656.0, 1, 0.0
17078728.0, 7050656.0, 1, 0.0
17161722.0, 6955492.0, 1, 0.0
17161722.0, 6955492.0, 1, 0.0
17161722.0, 6955492.0, 1, 0.0
17161722.0, 6955492.0, 1, 0.0
17161722.0, 6955492.0, 1, 0.0
17161722.0, 6955492.0, 1, 0.0
17161722.0, 6955492.0, 1, 0.0
17161722.0, 6955492.0, 1, 0.0
17161722.0, 6955492.0, 1, 0.0
17161722.0, 6955492.0, 1, 0.0
17161722.0, 6955492.0, 1, 0.0
17161722.0, 6955492.0, 1, 0.0
17161722.0, 6955492.0, 1, 0.0
17161722.0, 6955492.0, 1, 0.0
17161722.0, 6955492.0, 1, 0.0
17161722.0, 6955492.0, 1, 0.0
17161722.0, 6955492.0, 1, 0.0
17161722.0, 6955492.0, 1, 0.0
17161722.0, 6955492.0, 1, 0.0
17161722.0, 6955492.0, 1, 0.0
17161722.0, 6955492.0, 1, 0.0
15667356.0, 12193914.0, 2, inf
18547636.0, 6614734.0, 2, inf
16068170.0, 9134780.0, 2, 0.622316977709
15950026.0, 11652956.0, 2, 0.54949211346
16560596.0, 8062924.0, 2, 0.354230526795
16560596.0, 8062924.0, 2, 0.304259126914
17283788.0, 6939118.0, 2, 0.28061553484
17907110.0, 6824440.0, 2, 0.265082611642
17976154.0, 6801306.0, 2, 0.259970484522
16068170.0, 9134780.0, 2, 0.233135355492
17027528.0, 7319250.0, 2, 0.201290130536
17027528.0, 7319250.0, 2, 0.178468578772
15950026.0, 11652956.0, 2, 0.137978361095
17157642.0, 7100676.0, 2, 0.113453852375
17197514.0, 7015538.0, 2, 0.0727537384267
17027528.0, 7319250.0, 2, 0.0
16374322.0, 11158736.0, 3, inf
18778200.0, 6824620.0, 3, inf
18778200.0, 6824620.0, 3, inf
Generacion: 113
19072340.0, 6303642.0, 1, inf
19072340.0, 6303642.0, 1, inf
15540532.0, 12005908.0, 1, inf
15819630.0, 9789000.0, 1, 0.458711391279
18672310.0, 6593054.0, 1, 0.171333635934
16227822.0, 9223016.0, 1, 0.155476173098
16259014.0, 8847640.0, 1, 0.14766594108
16066626.0, 9721364.0, 1, 0.134016744288
16096542.0, 9471888.0, 1, 0.133035943105
17852368.0, 6821194.0, 1, 0.129888076845
16453202.0, 8325276.0, 1, 0.123981999126
17442302.0, 6835196.0, 1, 0.119203552483
18275566.0, 6595074.0, 1, 0.114591880561
16771596.0, 7703098.0, 1, 0.106646027014
16358036.0, 8591222.0, 1, 0.103091727087
16514866.0, 7965890.0, 1, 0.0991267429273
15819630.0, 9789000.0, 1, 0.0908853641065
18833578.0, 6519020.0, 1, 0.085889491997
16642370.0, 7949384.0, 1, 0.0792925226367
18986452.0, 6403850.0, 1, 0.0781293002002
16417138.0, 8515082.0, 1, 0.0735840579385
17025916.0, 7313618.0, 1, 0.0679241483118
16906902.0, 7329338.0, 1, 0.0549258069506
16815532.0, 7450386.0, 1, 0.0514962044253
17321632.0, 6852856.0, 1, 0.0490487903315
18874122.0, 6429124.0, 1, 0.0475702005027
17037622.0, 7118450.0, 1, 0.0458651915395
17161722.0, 6955492.0, 1, 0.0411331164338
18063094.0, 6627720.0, 1, 0.0396131032789
16642370.0, 7949384.0, 1, 0.0394838304393
17899764.0, 6742608.0, 1, 0.0393605056978
17442302.0, 6835196.0, 1, 0.0366221515181
16800464.0, 7596510.0, 1, 0.0337993194305
17132118.0, 7045174.0, 1, 0.0308443351637
17990104.0, 6729276.0, 1, 0.029642263862
16906902.0, 7329338.0, 1, 0.0286274010409
17078728.0, 7050656.0, 1, 0.0270058611255
18154450.0, 6614188.0, 1, 0.026961290824
18187530.0, 6607946.0, 1, 0.0260212623739
17251450.0, 6938632.0, 1, 0.0255659717232
16815532.0, 7450386.0, 1, 0.0254944222321
18275566.0, 6595074.0, 1, 0.025280854964
17281742.0, 6937718.0, 1, 0.0234590640497
16800464.0, 7596510.0, 1, 0.0229585882321
18016714.0, 6706106.0, 1, 0.0212808496569
16514866.0, 7965890.0, 1, 0.0203542514814
18016714.0, 6706106.0, 1, 0.0171953811323
18874122.0, 6429124.0, 1, 0.015911945799
17852368.0, 6821194.0, 1, 0.0158752706004
17899764.0, 6742608.0, 1, 0.0157577734511
18063094.0, 6627720.0, 1, 0.01550517587
17037622.0, 7118450.0, 1, 0.015203407538
17321632.0, 6852856.0, 1, 0.0143915128702
17078728.0, 7050656.0, 1, 0.0126001702304
18154450.0, 6614188.0, 1, 0.0117393992479
18187530.0, 6607946.0, 1, 0.0116236557874
17251450.0, 6938632.0, 1, 0.0115336294943
17281742.0, 6937718.0, 1, 0.0114547856112
17161722.0, 6955492.0, 1, 0.011338828418
17990104.0, 6729276.0, 1, 0.00987240255887
17132118.0, 7045174.0, 1, 0.00934348130507
17025916.0, 7313618.0, 1, 0.00607124849802
17161722.0, 6955492.0, 1, 0.0
17161722.0, 6955492.0, 1, 0.0
17161722.0, 6955492.0, 1, 0.0
17161722.0, 6955492.0, 1, 0.0
17161722.0, 6955492.0, 1, 0.0
17281742.0, 6937718.0, 1, 0.0
17321632.0, 6852856.0, 1, 0.0
17321632.0, 6852856.0, 1, 0.0
17321632.0, 6852856.0, 1, 0.0
17321632.0, 6852856.0, 1, 0.0
17321632.0, 6852856.0, 1, 0.0
17321632.0, 6852856.0, 1, 0.0
17321632.0, 6852856.0, 1, 0.0
17852368.0, 6821194.0, 1, 0.0
17852368.0, 6821194.0, 1, 0.0
17852368.0, 6821194.0, 1, 0.0
17852368.0, 6821194.0, 1, 0.0
17899764.0, 6742608.0, 1, 0.0
17899764.0, 6742608.0, 1, 0.0
18016714.0, 6706106.0, 1, 0.0
18016714.0, 6706106.0, 1, 0.0
18016714.0, 6706106.0, 1, 0.0
18016714.0, 6706106.0, 1, 0.0
18063094.0, 6627720.0, 1, 0.0
18063094.0, 6627720.0, 1, 0.0
18063094.0, 6627720.0, 1, 0.0
18063094.0, 6627720.0, 1, 0.0
18063094.0, 6627720.0, 1, 0.0
18154450.0, 6614188.0, 1, 0.0
18154450.0, 6614188.0, 1, 0.0
18154450.0, 6614188.0, 1, 0.0
18154450.0, 6614188.0, 1, 0.0
18154450.0, 6614188.0, 1, 0.0
18154450.0, 6614188.0, 1, 0.0
19072340.0, 6303642.0, 1, 0.0
16800464.0, 7596510.0, 1, 0.0
16815532.0, 7450386.0, 1, 0.0
16815532.0, 7450386.0, 1, 0.0
16906902.0, 7329338.0, 1, 0.0
16906902.0, 7329338.0, 1, 0.0
16906902.0, 7329338.0, 1, 0.0
16906902.0, 7329338.0, 1, 0.0
16906902.0, 7329338.0, 1, 0.0
16906902.0, 7329338.0, 1, 0.0
16906902.0, 7329338.0, 1, 0.0
16906902.0, 7329338.0, 1, 0.0
16906902.0, 7329338.0, 1, 0.0
16906902.0, 7329338.0, 1, 0.0
17025916.0, 7313618.0, 1, 0.0
17037622.0, 7118450.0, 1, 0.0
17037622.0, 7118450.0, 1, 0.0
17037622.0, 7118450.0, 1, 0.0
17037622.0, 7118450.0, 1, 0.0
17037622.0, 7118450.0, 1, 0.0
17037622.0, 7118450.0, 1, 0.0
17037622.0, 7118450.0, 1, 0.0
17078728.0, 7050656.0, 1, 0.0
17078728.0, 7050656.0, 1, 0.0
17078728.0, 7050656.0, 1, 0.0
17078728.0, 7050656.0, 1, 0.0
17078728.0, 7050656.0, 1, 0.0
17078728.0, 7050656.0, 1, 0.0
17161722.0, 6955492.0, 1, 0.0
17161722.0, 6955492.0, 1, 0.0
17161722.0, 6955492.0, 1, 0.0
17161722.0, 6955492.0, 1, 0.0
17161722.0, 6955492.0, 1, 0.0
17161722.0, 6955492.0, 1, 0.0
17161722.0, 6955492.0, 1, 0.0
17161722.0, 6955492.0, 1, 0.0
17161722.0, 6955492.0, 1, 0.0
17161722.0, 6955492.0, 1, 0.0
17161722.0, 6955492.0, 1, 0.0
17161722.0, 6955492.0, 1, 0.0
17161722.0, 6955492.0, 1, 0.0
17161722.0, 6955492.0, 1, 0.0
17161722.0, 6955492.0, 1, 0.0
17161722.0, 6955492.0, 1, 0.0
17161722.0, 6955492.0, 1, 0.0
17161722.0, 6955492.0, 1, 0.0
17161722.0, 6955492.0, 1, 0.0
22616666.0, 6338320.0, 2, inf
15667356.0, 12193914.0, 2, inf
18986544.0, 6409982.0, 2, 0.703455474845
15911206.0, 9892610.0, 2, 0.625783212146
16302980.0, 9065168.0, 2, 0.284615971084
16468988.0, 8696010.0, 2, 0.208230821439
17201200.0, 7032946.0, 2, 0.189149591528
Generacion: 114
19185380.0, 6284830.0, 1, inf
15667356.0, 12193914.0, 1, inf
15819630.0, 9789000.0, 1, 0.441647993677
18874122.0, 6429124.0, 1, 0.275802708743
16259014.0, 8847640.0, 1, 0.223365753098
18275566.0, 6595074.0, 1, 0.172318169503
16358036.0, 8591222.0, 1, 0.143598196521
16096542.0, 9471888.0, 1, 0.139992625891
17852368.0, 6821194.0, 1, 0.129860640871
17442302.0, 6835196.0, 1, 0.119550074969
16453202.0, 8325276.0, 1, 0.101679085744
15941572.0, 9771226.0, 1, 0.0952506021322
16514866.0, 7965890.0, 1, 0.0823693421327
15975696.0, 9488294.0, 1, 0.082231389124
16771596.0, 7703098.0, 1, 0.0794992482952
16505722.0, 8238454.0, 1, 0.0783472617545
16642370.0, 7949384.0, 1, 0.0779222907793
16815532.0, 7450386.0, 1, 0.0687386622389
17025916.0, 7313618.0, 1, 0.0668582556535
19072340.0, 6303642.0, 1, 0.0595271339976
16906902.0, 7329338.0, 1, 0.054314856372
16771596.0, 7703098.0, 1, 0.0541680469196
19072340.0, 6303642.0, 1, 0.0533671141307
18275566.0, 6595074.0, 1, 0.0531081539811
16096542.0, 9471888.0, 1, 0.0489591467409
17321632.0, 6852856.0, 1, 0.0486617833864
15819630.0, 9789000.0, 1, 0.0462918683397
17037622.0, 7118450.0, 1, 0.0447128694936
17161722.0, 6955492.0, 1, 0.0406821983893
17132118.0, 7045174.0, 1, 0.039695779839
16642370.0, 7949384.0, 1, 0.0395258784802
18063094.0, 6627720.0, 1, 0.0392333251614
17899764.0, 6742608.0, 1, 0.0389783728703
17442302.0, 6835196.0, 1, 0.0366700770576
16815532.0, 7450386.0, 1, 0.0329738990619
17990104.0, 6729276.0, 1, 0.0296002695974
16906902.0, 7329338.0, 1, 0.0286322768838
18154450.0, 6614188.0, 1, 0.0270243262709
17078728.0, 7050656.0, 1, 0.0266489771492
18187530.0, 6607946.0, 1, 0.0260806146874
17251450.0, 6938632.0, 1, 0.0256599039017
17281742.0, 6937718.0, 1, 0.0229717937786
18016714.0, 6706106.0, 1, 0.0208292437794
18016714.0, 6706106.0, 1, 0.0171046186297
17852368.0, 6821194.0, 1, 0.0158419076079
17899764.0, 6742608.0, 1, 0.01572852286
18063094.0, 6627720.0, 1, 0.0154735705688
17037622.0, 7118450.0, 1, 0.0148002802671
17321632.0, 6852856.0, 1, 0.0143273704054
17078728.0, 7050656.0, 1, 0.0126121242681
15975696.0, 9488294.0, 1, 0.0124761665225
18154450.0, 6614188.0, 1, 0.0116930392251
18187530.0, 6607946.0, 1, 0.0115813467868
17281742.0, 6937718.0, 1, 0.0114934286304
17251450.0, 6938632.0, 1, 0.0114637495538
17161722.0, 6955492.0, 1, 0.0112681852256
17990104.0, 6729276.0, 1, 0.00982009244562
17025916.0, 7313618.0, 1, 0.00598774688626
16514866.0, 7965890.0, 1, 0.0053925127044
17161722.0, 6955492.0, 1, 0.0
17161722.0, 6955492.0, 1, 0.0
17161722.0, 6955492.0, 1, 0.0
17161722.0, 6955492.0, 1, 0.0
17161722.0, 6955492.0, 1, 0.0
17161722.0, 6955492.0, 1, 0.0
17161722.0, 6955492.0, 1, 0.0
17161722.0, 6955492.0, 1, 0.0
17251450.0, 6938632.0, 1, 0.0
17281742.0, 6937718.0, 1, 0.0
17321632.0, 6852856.0, 1, 0.0
17321632.0, 6852856.0, 1, 0.0
17321632.0, 6852856.0, 1, 0.0
17321632.0, 6852856.0, 1, 0.0
17321632.0, 6852856.0, 1, 0.0
17321632.0, 6852856.0, 1, 0.0
17321632.0, 6852856.0, 1, 0.0
17442302.0, 6835196.0, 1, 0.0
17852368.0, 6821194.0, 1, 0.0
17852368.0, 6821194.0, 1, 0.0
17852368.0, 6821194.0, 1, 0.0
17852368.0, 6821194.0, 1, 0.0
17852368.0, 6821194.0, 1, 0.0
17852368.0, 6821194.0, 1, 0.0
17852368.0, 6821194.0, 1, 0.0
17990104.0, 6729276.0, 1, 0.0
17990104.0, 6729276.0, 1, 0.0
18016714.0, 6706106.0, 1, 0.0
18016714.0, 6706106.0, 1, 0.0
18063094.0, 6627720.0, 1, 0.0
18063094.0, 6627720.0, 1, 0.0
18063094.0, 6627720.0, 1, 0.0
18063094.0, 6627720.0, 1, 0.0
18063094.0, 6627720.0, 1, 0.0
18063094.0, 6627720.0, 1, 0.0
18154450.0, 6614188.0, 1, 0.0
18275566.0, 6595074.0, 1, 0.0
15819630.0, 9789000.0, 1, 0.0
15819630.0, 9789000.0, 1, 0.0
16096542.0, 9471888.0, 1, 0.0
16514866.0, 7965890.0, 1, 0.0
16514866.0, 7965890.0, 1, 0.0
16514866.0, 7965890.0, 1, 0.0
16815532.0, 7450386.0, 1, 0.0
16815532.0, 7450386.0, 1, 0.0
16906902.0, 7329338.0, 1, 0.0
16906902.0, 7329338.0, 1, 0.0
16906902.0, 7329338.0, 1, 0.0
16906902.0, 7329338.0, 1, 0.0
16906902.0, 7329338.0, 1, 0.0
16906902.0, 7329338.0, 1, 0.0
16906902.0, 7329338.0, 1, 0.0
16906902.0, 7329338.0, 1, 0.0
16906902.0, 7329338.0, 1, 0.0
17037622.0, 7118450.0, 1, 0.0
17037622.0, 7118450.0, 1, 0.0
17037622.0, 7118450.0, 1, 0.0
17037622.0, 7118450.0, 1, 0.0
17037622.0, 7118450.0, 1, 0.0
17037622.0, 7118450.0, 1, 0.0
17078728.0, 7050656.0, 1, 0.0
17078728.0, 7050656.0, 1, 0.0
17161722.0, 6955492.0, 1, 0.0
17161722.0, 6955492.0, 1, 0.0
17161722.0, 6955492.0, 1, 0.0
17161722.0, 6955492.0, 1, 0.0
17161722.0, 6955492.0, 1, 0.0
17161722.0, 6955492.0, 1, 0.0
17161722.0, 6955492.0, 1, 0.0
17161722.0, 6955492.0, 1, 0.0
17161722.0, 6955492.0, 1, 0.0
15911206.0, 9892610.0, 2, inf
15911206.0, 9892610.0, 2, inf
20466104.0, 6488966.0, 2, inf
18910868.0, 6624204.0, 2, 0.544184336632
16394958.0, 9166018.0, 2, 0.526390991974
16560596.0, 8062924.0, 2, 0.39136513748
16187080.0, 9575462.0, 2, 0.319679527895
18023550.0, 6722720.0, 2, 0.231223743661
16867018.0, 7613474.0, 2, 0.220442648036
16919478.0, 7580790.0, 2, 0.214466189395
18193200.0, 6642750.0, 2, 0.194088148214
17157642.0, 7100676.0, 2, 0.16875340098
16560596.0, 8062924.0, 2, 0.168414460241
17377398.0, 6925930.0, 2, 0.145733390792
17157642.0, 7100676.0, 2, 0.0997536359264
17377398.0, 6925930.0, 2, 0.0802551618039
17283788.0, 6939118.0, 2, 0.0680176892598
18073090.0, 6658782.0, 2, 0.0607410266774
17283788.0, 6939118.0, 2, 0.0315692536365
16717220.0, 9007242.0, 3, inf
Generacion: 115
19185380.0, 6284830.0, 1, inf
15340568.0, 12759360.0, 1, inf
19185380.0, 6284830.0, 1, inf
15667356.0, 12193914.0, 1, 0.513354966547
15819630.0, 9789000.0, 1, 0.40315823648
16218700.0, 8663926.0, 1, 0.269859752684
18754666.0, 6516376.0, 1, 0.215763410887
15434698.0, 12464520.0, 1, 0.172328439755
18154450.0, 6614188.0, 1, 0.158200659754
16096542.0, 9471888.0, 1, 0.156221759859
17852368.0, 6821194.0, 1, 0.118792084592
16453202.0, 8325276.0, 1, 0.11649945729
18874122.0, 6429124.0, 1, 0.11548112269
17442302.0, 6835196.0, 1, 0.109381980693
16514866.0, 7965890.0, 1, 0.0886702682423
15941572.0, 9771226.0, 1, 0.0754152188396
15975696.0, 9488294.0, 1, 0.0751301593881
16642370.0, 7949384.0, 1, 0.071201818795
16453202.0, 8325276.0, 1, 0.0683431903738
17025916.0, 7313618.0, 1, 0.0665710011774
19072340.0, 6303642.0, 1, 0.0544602054813
16771596.0, 7703098.0, 1, 0.050073148181
16906902.0, 7329338.0, 1, 0.0496504682858
19072340.0, 6303642.0, 1, 0.0487815235572
16815532.0, 7450386.0, 1, 0.0463335422999
16771596.0, 7703098.0, 1, 0.0455475085192
17321632.0, 6852856.0, 1, 0.044492201437
15819630.0, 9789000.0, 1, 0.0423502759843
17037622.0, 7118450.0, 1, 0.0408352540951
18154450.0, 6614188.0, 1, 0.0388680466555
17161722.0, 6955492.0, 1, 0.0371889293279
16642370.0, 7949384.0, 1, 0.0361598602667
18063094.0, 6627720.0, 1, 0.0358676744277
17899764.0, 6742608.0, 1, 0.0356343125085
16096542.0, 9471888.0, 1, 0.0343060937765
17251450.0, 6938632.0, 1, 0.0339613092416
17442302.0, 6835196.0, 1, 0.0335477776719
16800464.0, 7596510.0, 1, 0.0300773508398
17132118.0, 7045174.0, 1, 0.0277377520011
17990104.0, 6729276.0, 1, 0.0270752356335
16906902.0, 7329338.0, 1, 0.0261924664225
17078728.0, 7050656.0, 1, 0.0243571205113
16815532.0, 7450386.0, 1, 0.0226150761782
17281742.0, 6937718.0, 1, 0.0209857204959
16800464.0, 7596510.0, 1, 0.0203817094318
18016714.0, 6706106.0, 1, 0.0190278393461
16514866.0, 7965890.0, 1, 0.0185876096599
18016714.0, 6706106.0, 1, 0.0156416466829
17852368.0, 6821194.0, 1, 0.0144898887556
17899764.0, 6742608.0, 1, 0.0143864063407
18063094.0, 6627720.0, 1, 0.0141530444215
17037622.0, 7118450.0, 1, 0.013515498086
17321632.0, 6852856.0, 1, 0.013102630753
15941572.0, 9771226.0, 1, 0.0116205549992
17078728.0, 7050656.0, 1, 0.0115379923634
15975696.0, 9488294.0, 1, 0.0114092655311
17281742.0, 6937718.0, 1, 0.010516188185
17161722.0, 6955492.0, 1, 0.0103037763042
17990104.0, 6729276.0, 1, 0.00898016020951
17132118.0, 7045174.0, 1, 0.00854642866662
17161722.0, 6955492.0, 1, 0.0
17161722.0, 6955492.0, 1, 0.0
17161722.0, 6955492.0, 1, 0.0
17161722.0, 6955492.0, 1, 0.0
17161722.0, 6955492.0, 1, 0.0
17161722.0, 6955492.0, 1, 0.0
17321632.0, 6852856.0, 1, 0.0
17321632.0, 6852856.0, 1, 0.0
17321632.0, 6852856.0, 1, 0.0
17321632.0, 6852856.0, 1, 0.0
17321632.0, 6852856.0, 1, 0.0
17321632.0, 6852856.0, 1, 0.0
17321632.0, 6852856.0, 1, 0.0
17442302.0, 6835196.0, 1, 0.0
17442302.0, 6835196.0, 1, 0.0
17442302.0, 6835196.0, 1, 0.0
17442302.0, 6835196.0, 1, 0.0
17852368.0, 6821194.0, 1, 0.0
17990104.0, 6729276.0, 1, 0.0
17990104.0, 6729276.0, 1, 0.0
17990104.0, 6729276.0, 1, 0.0
17990104.0, 6729276.0, 1, 0.0
17990104.0, 6729276.0, 1, 0.0
18016714.0, 6706106.0, 1, 0.0
18016714.0, 6706106.0, 1, 0.0
18016714.0, 6706106.0, 1, 0.0
18016714.0, 6706106.0, 1, 0.0
18063094.0, 6627720.0, 1, 0.0
18063094.0, 6627720.0, 1, 0.0
18063094.0, 6627720.0, 1, 0.0
19072340.0, 6303642.0, 1, 0.0
15819630.0, 9789000.0, 1, 0.0
15819630.0, 9789000.0, 1, 0.0
15819630.0, 9789000.0, 1, 0.0
15975696.0, 9488294.0, 1, 0.0
15975696.0, 9488294.0, 1, 0.0
16453202.0, 8325276.0, 1, 0.0
16514866.0, 7965890.0, 1, 0.0
16514866.0, 7965890.0, 1, 0.0
16514866.0, 7965890.0, 1, 0.0
16514866.0, 7965890.0, 1, 0.0
16642370.0, 7949384.0, 1, 0.0
16771596.0, 7703098.0, 1, 0.0
16771596.0, 7703098.0, 1, 0.0
16771596.0, 7703098.0, 1, 0.0
16800464.0, 7596510.0, 1, 0.0
16906902.0, 7329338.0, 1, 0.0
16906902.0, 7329338.0, 1, 0.0
17037622.0, 7118450.0, 1, 0.0
17037622.0, 7118450.0, 1, 0.0
17037622.0, 7118450.0, 1, 0.0
17037622.0, 7118450.0, 1, 0.0
17037622.0, 7118450.0, 1, 0.0
17037622.0, 7118450.0, 1, 0.0
17078728.0, 7050656.0, 1, 0.0
17078728.0, 7050656.0, 1, 0.0
17161722.0, 6955492.0, 1, 0.0
17161722.0, 6955492.0, 1, 0.0
17161722.0, 6955492.0, 1, 0.0
17161722.0, 6955492.0, 1, 0.0
17161722.0, 6955492.0, 1, 0.0
17161722.0, 6955492.0, 1, 0.0
17161722.0, 6955492.0, 1, 0.0
17161722.0, 6955492.0, 1, 0.0
17161722.0, 6955492.0, 1, 0.0
17161722.0, 6955492.0, 1, 0.0
17161722.0, 6955492.0, 1, 0.0
17161722.0, 6955492.0, 1, 0.0
17161722.0, 6955492.0, 1, 0.0
17161722.0, 6955492.0, 1, 0.0
17161722.0, 6955492.0, 1, 0.0
17161722.0, 6955492.0, 1, 0.0
17161722.0, 6955492.0, 1, 0.0
17161722.0, 6955492.0, 1, 0.0
17161722.0, 6955492.0, 1, 0.0
17161722.0, 6955492.0, 1, 0.0
20608224.0, 6361654.0, 2, inf
15911206.0, 9892610.0, 2, inf
15911206.0, 9892610.0, 2, inf
18110570.0, 6710048.0, 2, 0.596627906855
16259014.0, 8847640.0, 2, 0.367387752313
17116024.0, 7371024.0, 2, 0.362406304173
16066234.0, 9591868.0, 2, 0.33899868863
16472146.0, 8599780.0, 2, 0.286446083393
16713474.0, 8046416.0, 2, 0.282383405941
18110570.0, 6710048.0, 2, 0.274691207236
17283788.0, 6939118.0, 2, 0.197665608502
16560596.0, 8062924.0, 2, 0.179188410001
16033148.0, 9874836.0, 2, 0.118178589186
17157642.0, 7100676.0, 2, 0.11802628925
Generacion: 116
19185380.0, 6284830.0, 1, inf
15281680.0, 12678618.0, 1, inf
15646820.0, 11990586.0, 1, 0.418224178703
15819630.0, 9789000.0, 1, 0.375569573645
16024204.0, 8917252.0, 1, 0.191182305827
15378942.0, 12057702.0, 1, 0.171522458702
18275566.0, 6595074.0, 1, 0.169053641295
18754666.0, 6516376.0, 1, 0.157631927843
16218700.0, 8663926.0, 1, 0.129882753427
17852368.0, 6821194.0, 1, 0.117336462127
16348574.0, 8618088.0, 1, 0.113037198935
17442302.0, 6835196.0, 1, 0.107807525603
15975696.0, 9488294.0, 1, 0.0980534513798
16815532.0, 7450386.0, 1, 0.0931177022493
15540532.0, 12005908.0, 1, 0.0791186278695
15941572.0, 9771226.0, 1, 0.0754886200695
16514866.0, 7965890.0, 1, 0.0752918482401
16771596.0, 7703098.0, 1, 0.0726280795206
16505722.0, 8238454.0, 1, 0.0720049158137
16642370.0, 7949384.0, 1, 0.0711819215425
18986452.0, 6403850.0, 1, 0.0704025668056
17025916.0, 7313618.0, 1, 0.061012114198
16453202.0, 8325276.0, 1, 0.0592502287667
15975696.0, 9488294.0, 1, 0.056677235998
18874122.0, 6429124.0, 1, 0.0543815459925
16771596.0, 7703098.0, 1, 0.049774538803
16906902.0, 7329338.0, 1, 0.0494196122258
15819630.0, 9789000.0, 1, 0.0470481440456
17161722.0, 6955492.0, 1, 0.0447716173609
19072340.0, 6303642.0, 1, 0.0446298555495
18798620.0, 6443908.0, 1, 0.0442470826533
17321632.0, 6852856.0, 1, 0.0441842693456
17281742.0, 6937718.0, 1, 0.0440177606488
17037622.0, 7118450.0, 1, 0.0410546379575
16453202.0, 8325276.0, 1, 0.0403813822494
16642370.0, 7949384.0, 1, 0.0356850341772
18063094.0, 6627720.0, 1, 0.0356621251783
17899764.0, 6742608.0, 1, 0.0354331396382
18154450.0, 6614188.0, 1, 0.0331423789991
17442302.0, 6835196.0, 1, 0.0331016372659
17132118.0, 7045174.0, 1, 0.0277031950949
17990104.0, 6729276.0, 1, 0.0267659770736
18154450.0, 6614188.0, 1, 0.0263918772439
16906902.0, 7329338.0, 1, 0.0258646358504
19072340.0, 6303642.0, 1, 0.0249439215065
17078728.0, 7050656.0, 1, 0.0242798723322
18016714.0, 6706106.0, 1, 0.019076321966
18016714.0, 6706106.0, 1, 0.0155048658201
17852368.0, 6821194.0, 1, 0.0143312399505
17899764.0, 6742608.0, 1, 0.0142264507395
18063094.0, 6627720.0, 1, 0.0139974651994
17037622.0, 7118450.0, 1, 0.0136017976851
17281742.0, 6937718.0, 1, 0.0129983963703
17321632.0, 6852856.0, 1, 0.0129805665643
15941572.0, 9771226.0, 1, 0.0115213361454
17078728.0, 7050656.0, 1, 0.0113874046993
17161722.0, 6955492.0, 1, 0.0103634602841
17990104.0, 6729276.0, 1, 0.00890175878058
17132118.0, 7045174.0, 1, 0.00844096926621
17025916.0, 7313618.0, 1, 0.00545732996112
16514866.0, 7965890.0, 1, 0.00492396134889
17161722.0, 6955492.0, 1, 0.0
17161722.0, 6955492.0, 1, 0.0
17161722.0, 6955492.0, 1, 0.0
17161722.0, 6955492.0, 1, 0.0
17281742.0, 6937718.0, 1, 0.0
17321632.0, 6852856.0, 1, 0.0
17321632.0, 6852856.0, 1, 0.0
17321632.0, 6852856.0, 1, 0.0
17321632.0, 6852856.0, 1, 0.0
17321632.0, 6852856.0, 1, 0.0
17442302.0, 6835196.0, 1, 0.0
17442302.0, 6835196.0, 1, 0.0
17442302.0, 6835196.0, 1, 0.0
17852368.0, 6821194.0, 1, 0.0
17852368.0, 6821194.0, 1, 0.0
17852368.0, 6821194.0, 1, 0.0
17899764.0, 6742608.0, 1, 0.0
17990104.0, 6729276.0, 1, 0.0
17990104.0, 6729276.0, 1, 0.0
17990104.0, 6729276.0, 1, 0.0
17990104.0, 6729276.0, 1, 0.0
17990104.0, 6729276.0, 1, 0.0
17990104.0, 6729276.0, 1, 0.0
18016714.0, 6706106.0, 1, 0.0
18016714.0, 6706106.0, 1, 0.0
18016714.0, 6706106.0, 1, 0.0
18016714.0, 6706106.0, 1, 0.0
18016714.0, 6706106.0, 1, 0.0
18063094.0, 6627720.0, 1, 0.0
18063094.0, 6627720.0, 1, 0.0
18063094.0, 6627720.0, 1, 0.0
18154450.0, 6614188.0, 1, 0.0
19072340.0, 6303642.0, 1, 0.0
19072340.0, 6303642.0, 1, 0.0
19072340.0, 6303642.0, 1, 0.0
15819630.0, 9789000.0, 1, 0.0
15819630.0, 9789000.0, 1, 0.0
15941572.0, 9771226.0, 1, 0.0
15975696.0, 9488294.0, 1, 0.0
16514866.0, 7965890.0, 1, 0.0
16514866.0, 7965890.0, 1, 0.0
16642370.0, 7949384.0, 1, 0.0
16771596.0, 7703098.0, 1, 0.0
16771596.0, 7703098.0, 1, 0.0
16906902.0, 7329338.0, 1, 0.0
16906902.0, 7329338.0, 1, 0.0
16906902.0, 7329338.0, 1, 0.0
17037622.0, 7118450.0, 1, 0.0
17037622.0, 7118450.0, 1, 0.0
17037622.0, 7118450.0, 1, 0.0
17078728.0, 7050656.0, 1, 0.0
17078728.0, 7050656.0, 1, 0.0
17161722.0, 6955492.0, 1, 0.0
17161722.0, 6955492.0, 1, 0.0
17161722.0, 6955492.0, 1, 0.0
17161722.0, 6955492.0, 1, 0.0
17161722.0, 6955492.0, 1, 0.0
17161722.0, 6955492.0, 1, 0.0
17161722.0, 6955492.0, 1, 0.0
17161722.0, 6955492.0, 1, 0.0
17161722.0, 6955492.0, 1, 0.0
17161722.0, 6955492.0, 1, 0.0
17161722.0, 6955492.0, 1, 0.0
17161722.0, 6955492.0, 1, 0.0
17161722.0, 6955492.0, 1, 0.0
17161722.0, 6955492.0, 1, 0.0
17161722.0, 6955492.0, 1, 0.0
17161722.0, 6955492.0, 1, 0.0
17161722.0, 6955492.0, 1, 0.0
17161722.0, 6955492.0, 1, 0.0
17161722.0, 6955492.0, 1, 0.0
17161722.0, 6955492.0, 1, 0.0
17161722.0, 6955492.0, 1, 0.0
18110570.0, 6710048.0, 2, inf
15340568.0, 12759360.0, 2, inf
15911206.0, 9892610.0, 2, 0.574138336941
15667356.0, 12193914.0, 2, 0.56198302136
16259014.0, 8847640.0, 2, 0.400441497113
17283788.0, 6939118.0, 2, 0.380122824379
16560596.0, 8062924.0, 2, 0.287353031633
16867018.0, 7613474.0, 2, 0.242743823282
17027528.0, 7319250.0, 2, 0.218156186327
15469358.0, 12327284.0, 2, 0.211446700432
16688100.0, 8046418.0, 2, 0.184919286038
17197514.0, 7015538.0, 2, 0.155351450095
16066234.0, 9591868.0, 2, 0.136456990399
16096542.0, 9471888.0, 2, 0.11413473098
16096542.0, 9471888.0, 2, 0.0784877696979
16096542.0, 9471888.0, 2, 0.0
Generacion: 117
19185380.0, 6284830.0, 1, inf
19185380.0, 6284830.0, 1, inf
15258940.0, 12423764.0, 1, inf
15756232.0, 11671294.0, 1, 0.43220432371
15819630.0, 9789000.0, 1, 0.338334582905
16024204.0, 8917252.0, 1, 0.19617434457
18788234.0, 6529332.0, 1, 0.157837437292
17442302.0, 6835196.0, 1, 0.140327345069
15378942.0, 12057702.0, 1, 0.139783413843
18275566.0, 6595074.0, 1, 0.133681718127
17852368.0, 6821194.0, 1, 0.117238343534
15975696.0, 9488294.0, 1, 0.101048379557
15540532.0, 12005908.0, 1, 0.0956611854731
16815532.0, 7450386.0, 1, 0.0953437580133
15944172.0, 9752114.0, 1, 0.0887308785654
16514866.0, 7965890.0, 1, 0.0768724211603
16505722.0, 8238454.0, 1, 0.0742468971287
16771596.0, 7703098.0, 1, 0.0740772001831
16642370.0, 7949384.0, 1, 0.07259187343
16218700.0, 8663926.0, 1, 0.0725716919316
15540532.0, 12005908.0, 1, 0.0633722290966
17025916.0, 7313618.0, 1, 0.0621027565565
16453202.0, 8325276.0, 1, 0.0610735162039
15975696.0, 9488294.0, 1, 0.0553290814432
16218700.0, 8663926.0, 1, 0.0525357944148
16771596.0, 7703098.0, 1, 0.0513084716717
16906902.0, 7329338.0, 1, 0.0500289991256
16348574.0, 8618088.0, 1, 0.0494680924612
18874122.0, 6429124.0, 1, 0.0479242170528
18996838.0, 6318426.0, 1, 0.0446363789761
17321632.0, 6852856.0, 1, 0.0445562464993
17037622.0, 7118450.0, 1, 0.0422608641552
18275566.0, 6595074.0, 1, 0.0415552881504
16453202.0, 8325276.0, 1, 0.0407898853468
16341622.0, 8645504.0, 1, 0.0405435506819
17132118.0, 7045174.0, 1, 0.0366389274948
18063094.0, 6627720.0, 1, 0.0360355442358
17899764.0, 6742608.0, 1, 0.0358093646118
16642370.0, 7949384.0, 1, 0.0356004874509
17161722.0, 6955492.0, 1, 0.0339392128964
18798620.0, 6443908.0, 1, 0.0331442430481
18154450.0, 6614188.0, 1, 0.0330505542666
18952884.0, 6390894.0, 1, 0.0318640475589
19072340.0, 6303642.0, 1, 0.0311976734574
16348574.0, 8618088.0, 1, 0.0311129609818
17990104.0, 6729276.0, 1, 0.0267823902218
18154450.0, 6614188.0, 1, 0.0263804477647
16906902.0, 7329338.0, 1, 0.0258311486199
17078728.0, 7050656.0, 1, 0.0246408444773
19072340.0, 6303642.0, 1, 0.0222934992544
15819630.0, 9789000.0, 1, 0.0221549679334
17281742.0, 6937718.0, 1, 0.0215384492071
17237622.0, 6948220.0, 1, 0.0208923223451
18016714.0, 6706106.0, 1, 0.0195457977988
18952884.0, 6390894.0, 1, 0.0174218299108
18016714.0, 6706106.0, 1, 0.0155864977594
17852368.0, 6821194.0, 1, 0.0143518374395
17899764.0, 6742608.0, 1, 0.01424269797
17037622.0, 7118450.0, 1, 0.0140246119613
18063094.0, 6627720.0, 1, 0.0140165183461
17321632.0, 6852856.0, 1, 0.0130360510223
17251450.0, 6938632.0, 1, 0.0129473623041
17078728.0, 7050656.0, 1, 0.0113620142897
17281742.0, 6937718.0, 1, 0.0103082158639
17990104.0, 6729276.0, 1, 0.00894884399546
17161722.0, 6955492.0, 1, 0.0087242247223
17025916.0, 7313618.0, 1, 0.00554203176088
18798620.0, 6443908.0, 1, 0.00505337989882
16514866.0, 7965890.0, 1, 0.00501756755395
17237622.0, 6948220.0, 1, 0.00470633574399
15819630.0, 9789000.0, 1, 0.0
15975696.0, 9488294.0, 1, 0.0
16453202.0, 8325276.0, 1, 0.0
16514866.0, 7965890.0, 1, 0.0
16514866.0, 7965890.0, 1, 0.0
16642370.0, 7949384.0, 1, 0.0
16771596.0, 7703098.0, 1, 0.0
16771596.0, 7703098.0, 1, 0.0
16906902.0, 7329338.0, 1, 0.0
17037622.0, 7118450.0, 1, 0.0
17037622.0, 7118450.0, 1, 0.0
17078728.0, 7050656.0, 1, 0.0
17078728.0, 7050656.0, 1, 0.0
17078728.0, 7050656.0, 1, 0.0
17161722.0, 6955492.0, 1, 0.0
17161722.0, 6955492.0, 1, 0.0
17161722.0, 6955492.0, 1, 0.0
17161722.0, 6955492.0, 1, 0.0
17161722.0, 6955492.0, 1, 0.0
17161722.0, 6955492.0, 1, 0.0
17161722.0, 6955492.0, 1, 0.0
17161722.0, 6955492.0, 1, 0.0
17161722.0, 6955492.0, 1, 0.0
17161722.0, 6955492.0, 1, 0.0
17161722.0, 6955492.0, 1, 0.0
17161722.0, 6955492.0, 1, 0.0
17161722.0, 6955492.0, 1, 0.0
17281742.0, 6937718.0, 1, 0.0
17321632.0, 6852856.0, 1, 0.0
17321632.0, 6852856.0, 1, 0.0
17321632.0, 6852856.0, 1, 0.0
17321632.0, 6852856.0, 1, 0.0
17321632.0, 6852856.0, 1, 0.0
17321632.0, 6852856.0, 1, 0.0
17321632.0, 6852856.0, 1, 0.0
17990104.0, 6729276.0, 1, 0.0
17990104.0, 6729276.0, 1, 0.0
17990104.0, 6729276.0, 1, 0.0
18016714.0, 6706106.0, 1, 0.0
18016714.0, 6706106.0, 1, 0.0
18063094.0, 6627720.0, 1, 0.0
18063094.0, 6627720.0, 1, 0.0
18063094.0, 6627720.0, 1, 0.0
18154450.0, 6614188.0, 1, 0.0
18798620.0, 6443908.0, 1, 0.0
18798620.0, 6443908.0, 1, 0.0
18798620.0, 6443908.0, 1, 0.0
19072340.0, 6303642.0, 1, 0.0
19072340.0, 6303642.0, 1, 0.0
19185380.0, 6284830.0, 1, 0.0
15819630.0, 9789000.0, 1, 0.0
15819630.0, 9789000.0, 1, 0.0
15819630.0, 9789000.0, 1, 0.0
19101944.0, 6385102.0, 2, inf
15281680.0, 12678618.0, 2, inf
15281680.0, 12678618.0, 2, inf
15992902.0, 10558642.0, 2, 0.422483924943
15869374.0, 11756560.0, 2, 0.345049984073
18527116.0, 6641648.0, 2, 0.276975313683
17797026.0, 6835930.0, 2, 0.252817900036
17283788.0, 6939118.0, 2, 0.235132056914
16581196.0, 8308446.0, 2, 0.226312463554
16863360.0, 7580476.0, 2, 0.225398680452
16096542.0, 9471888.0, 2, 0.194493079334
18986544.0, 6409982.0, 2, 0.191231676584
16231042.0, 8729046.0, 2, 0.189293581347
17282680.0, 7468402.0, 2, 0.17609079976
15667356.0, 12193914.0, 2, 0.170448118912
16494840.0, 8397676.0, 2, 0.158487703703
16179880.0, 9070132.0, 2, 0.153239899721
15667356.0, 12193914.0, 2, 0.129897047249
18110570.0, 6710048.0, 2, 0.129037775909
16991120.0, 7565206.0, 2, 0.127569899622
18110570.0, 6710048.0, 2, 0.0929422376382
16096542.0, 9471888.0, 2, 0.0909655097439
15340568.0, 12759360.0, 3, inf
18819840.0, 6885526.0, 3, inf
18819840.0, 6885526.0, 3, inf
16266036.0, 9180042.0, 3, 0.994596328822
16057814.0, 12089440.0, 3, 0.701463282758
Generacion: 118
15540532.0, 12005908.0, 1, inf
15540532.0, 12005908.0, 1, inf
19185380.0, 6284830.0, 1, inf
15809624.0, 11455018.0, 1, 0.346404238452
15819630.0, 9789000.0, 1, 0.330514999222
16024204.0, 8917252.0, 1, 0.210763667995
18788234.0, 6529332.0, 1, 0.206498014785
18154450.0, 6614188.0, 1, 0.17625018027
15756232.0, 11671294.0, 1, 0.170119337761
17852368.0, 6821194.0, 1, 0.126241874252
17442302.0, 6835196.0, 1, 0.115592482652
15975696.0, 9488294.0, 1, 0.109175962422
16815532.0, 7450386.0, 1, 0.102452880785
15941572.0, 9771226.0, 1, 0.0829103066101
16514866.0, 7965890.0, 1, 0.0826240502974
16771360.0, 7783850.0, 1, 0.0785033076781
16218700.0, 8663926.0, 1, 0.07800428042
17027528.0, 7319250.0, 1, 0.072725905843
16453202.0, 8325276.0, 1, 0.0655906434258
16642370.0, 7949384.0, 1, 0.0639160375767
15975696.0, 9488294.0, 1, 0.062762964389
16505722.0, 8238454.0, 1, 0.0620514502877
16218700.0, 8663926.0, 1, 0.0565819185444
16906902.0, 7329338.0, 1, 0.0542531831484
16348574.0, 8618088.0, 1, 0.0530886131628
17321632.0, 6852856.0, 1, 0.0479402232314
17037622.0, 7118450.0, 1, 0.0463761169807
16771596.0, 7703098.0, 1, 0.0442368437673
16453202.0, 8325276.0, 1, 0.0438815350771
16341622.0, 8645504.0, 1, 0.0436443393068
18154450.0, 6614188.0, 1, 0.0398965894374
18063094.0, 6627720.0, 1, 0.0387656836885
17899764.0, 6742608.0, 1, 0.0385218925138
16642370.0, 7949384.0, 1, 0.0382747994028
17161722.0, 6955492.0, 1, 0.0364996307036
18798620.0, 6443908.0, 1, 0.0356461701489
17442302.0, 6835196.0, 1, 0.035554445586
18874122.0, 6429124.0, 1, 0.035216195131
19072340.0, 6303642.0, 1, 0.0335977673533
16348574.0, 8618088.0, 1, 0.033497827671
18996838.0, 6318426.0, 1, 0.0333815619754
17132118.0, 7045174.0, 1, 0.0303237901747
17990104.0, 6729276.0, 1, 0.0288356061181
18914362.0, 6424106.0, 1, 0.0282914386499
16906902.0, 7329338.0, 1, 0.0268315647827
17078728.0, 7050656.0, 1, 0.0264979377742
16771596.0, 7703098.0, 1, 0.026169097382
19072340.0, 6303642.0, 1, 0.0240029099102
18952884.0, 6390894.0, 1, 0.0232357342207
17281742.0, 6937718.0, 1, 0.023144127482
17237622.0, 6948220.0, 1, 0.0224998215767
18016714.0, 6706106.0, 1, 0.0210019799621
18952884.0, 6390894.0, 1, 0.0178644130926
16505722.0, 8238454.0, 1, 0.0176845578644
18016714.0, 6706106.0, 1, 0.0167747465157
17852368.0, 6821194.0, 1, 0.015451000943
17899764.0, 6742608.0, 1, 0.0153338901468
18063094.0, 6627720.0, 1, 0.015090098972
18996838.0, 6318426.0, 1, 0.014643341819
17037622.0, 7118450.0, 1, 0.0146192531212
17321632.0, 6852856.0, 1, 0.0140310457962
17251450.0, 6938632.0, 1, 0.0139404252137
15941572.0, 9771226.0, 1, 0.0124690131374
17078728.0, 7050656.0, 1, 0.0122360475742
17281742.0, 6937718.0, 1, 0.0111039750588
17990104.0, 6729276.0, 1, 0.00963104602268
17161722.0, 6955492.0, 1, 0.00939323852094
17132118.0, 7045174.0, 1, 0.00908036042349
18798620.0, 6443908.0, 1, 0.00543362991881
16514866.0, 7965890.0, 1, 0.00539386719385
17237622.0, 6948220.0, 1, 0.00506493731331
16514866.0, 7965890.0, 1, 0.0
16514866.0, 7965890.0, 1, 0.0
16514866.0, 7965890.0, 1, 0.0
16514866.0, 7965890.0, 1, 0.0
16642370.0, 7949384.0, 1, 0.0
16771596.0, 7703098.0, 1, 0.0
16771596.0, 7703098.0, 1, 0.0
16771596.0, 7703098.0, 1, 0.0
16771596.0, 7703098.0, 1, 0.0
16771596.0, 7703098.0, 1, 0.0
16771596.0, 7703098.0, 1, 0.0
16906902.0, 7329338.0, 1, 0.0
16906902.0, 7329338.0, 1, 0.0
17037622.0, 7118450.0, 1, 0.0
17037622.0, 7118450.0, 1, 0.0
17078728.0, 7050656.0, 1, 0.0
17078728.0, 7050656.0, 1, 0.0
17161722.0, 6955492.0, 1, 0.0
17161722.0, 6955492.0, 1, 0.0
17161722.0, 6955492.0, 1, 0.0
17161722.0, 6955492.0, 1, 0.0
17161722.0, 6955492.0, 1, 0.0
17161722.0, 6955492.0, 1, 0.0
17161722.0, 6955492.0, 1, 0.0
17281742.0, 6937718.0, 1, 0.0
17281742.0, 6937718.0, 1, 0.0
17281742.0, 6937718.0, 1, 0.0
17281742.0, 6937718.0, 1, 0.0
17281742.0, 6937718.0, 1, 0.0
17321632.0, 6852856.0, 1, 0.0
17321632.0, 6852856.0, 1, 0.0
17321632.0, 6852856.0, 1, 0.0
17442302.0, 6835196.0, 1, 0.0
17442302.0, 6835196.0, 1, 0.0
17899764.0, 6742608.0, 1, 0.0
17990104.0, 6729276.0, 1, 0.0
17990104.0, 6729276.0, 1, 0.0
18063094.0, 6627720.0, 1, 0.0
18996838.0, 6318426.0, 1, 0.0
19072340.0, 6303642.0, 1, 0.0
19072340.0, 6303642.0, 1, 0.0
19072340.0, 6303642.0, 1, 0.0
19072340.0, 6303642.0, 1, 0.0
19072340.0, 6303642.0, 1, 0.0
19072340.0, 6303642.0, 1, 0.0
19072340.0, 6303642.0, 1, 0.0
15540532.0, 12005908.0, 1, 0.0
15941572.0, 9771226.0, 1, 0.0
15975696.0, 9488294.0, 1, 0.0
16218700.0, 8663926.0, 1, 0.0
16348574.0, 8618088.0, 1, 0.0
16348574.0, 8618088.0, 1, 0.0
16453202.0, 8325276.0, 1, 0.0
16514866.0, 7965890.0, 1, 0.0
16514866.0, 7965890.0, 1, 0.0
20571584.0, 6421244.0, 2, inf
15667356.0, 12193914.0, 2, inf
15667356.0, 12193914.0, 2, inf
15880446.0, 11726956.0, 2, 0.611662237723
18110570.0, 6710048.0, 2, 0.571783341008
16068170.0, 9134780.0, 2, 0.507059287961
17283788.0, 6939118.0, 2, 0.217656729768
16352696.0, 8719370.0, 2, 0.21468901517
17907110.0, 6824440.0, 2, 0.188328321543
16940030.0, 7666154.0, 2, 0.132602569316
16494840.0, 8397676.0, 2, 0.116092246708
16767532.0, 7974662.0, 2, 0.114845943173
16068170.0, 9134780.0, 2, 0.11023949332
17137942.0, 7175528.0, 2, 0.109027138878
16624190.0, 8368778.0, 2, 0.102652435174
16689230.0, 8033910.0, 2, 0.0975009899276
16985280.0, 7465498.0, 2, 0.08701156733
18023550.0, 6722720.0, 2, 0.0613027855345
17116024.0, 7371024.0, 2, 0.0605252304966
17116024.0, 7371024.0, 2, 0.020834942111
17116024.0, 7371024.0, 2, 0.0
15899586.0, 11869508.0, 3, inf
18746422.0, 6982522.0, 3, inf
16266036.0, 9180042.0, 3, 0.807672150355
Generacion: 119
19185380.0, 6284830.0, 1, inf
15333522.0, 12245606.0, 1, inf
15819630.0, 9789000.0, 1, 0.316734333233
15809624.0, 11455018.0, 1, 0.293358193105
16024204.0, 8917252.0, 1, 0.201386248064
18798620.0, 6443908.0, 1, 0.169716389359
18154450.0, 6614188.0, 1, 0.169506349592
17852368.0, 6821194.0, 1, 0.119643126297
17442302.0, 6835196.0, 1, 0.109421973883
15975696.0, 9488294.0, 1, 0.10465904407
15635864.0, 11727664.0, 1, 0.102401311606
15540532.0, 12005908.0, 1, 0.100422052198
15941572.0, 9771226.0, 1, 0.0909645284627
16514866.0, 7965890.0, 1, 0.0788282083087
16771360.0, 7783850.0, 1, 0.0748667788756
16218700.0, 8663926.0, 1, 0.0744112203821
17027528.0, 7319250.0, 1, 0.0693161550954
16815532.0, 7450386.0, 1, 0.0661168421188
15540532.0, 12005908.0, 1, 0.0649621638489
16453202.0, 8325276.0, 1, 0.0627581125398
18063094.0, 6627720.0, 1, 0.0619742351422
16642370.0, 7949384.0, 1, 0.0608724924757
15975696.0, 9488294.0, 1, 0.0600590349675
15756232.0, 11671294.0, 1, 0.0598781749159
16505722.0, 8238454.0, 1, 0.059361239381
16218700.0, 8663926.0, 1, 0.0535846104551
18154450.0, 6614188.0, 1, 0.0522841355897
16906902.0, 7329338.0, 1, 0.0516237384593
16348574.0, 8618088.0, 1, 0.0509279775764
18798620.0, 6443908.0, 1, 0.0481681998517
17321632.0, 6852856.0, 1, 0.0455644754194
17037622.0, 7118450.0, 1, 0.0443586220559
16771596.0, 7703098.0, 1, 0.0424570914219
16453202.0, 8325276.0, 1, 0.0417285483151
15744846.0, 11711694.0, 1, 0.0407061571369
17990104.0, 6729276.0, 1, 0.0404909954364
18952884.0, 6390894.0, 1, 0.0391412395386
15809624.0, 11455018.0, 1, 0.0388809027345
17899764.0, 6742608.0, 1, 0.0366374703249
16341622.0, 8645504.0, 1, 0.0365117925224
16642370.0, 7949384.0, 1, 0.0362568375563
17161722.0, 6955492.0, 1, 0.0347501327511
17442302.0, 6835196.0, 1, 0.0336767614708
18874122.0, 6429124.0, 1, 0.0333704065704
19113198.0, 6298954.0, 1, 0.0325028411629
16348574.0, 8618088.0, 1, 0.031762396257
18996838.0, 6318426.0, 1, 0.0317589269651
16815532.0, 7450386.0, 1, 0.0317138663924
17132118.0, 7045174.0, 1, 0.0289061997712
17237622.0, 6948220.0, 1, 0.0261232228359
16906902.0, 7329338.0, 1, 0.0254134169272
17078728.0, 7050656.0, 1, 0.0252341946497
16771596.0, 7703098.0, 1, 0.0249536727532
17281742.0, 6937718.0, 1, 0.02210099364
17990104.0, 6729276.0, 1, 0.0211859182176
19072340.0, 6303642.0, 1, 0.0203879242634
16505722.0, 8238454.0, 1, 0.0169394724976
18914362.0, 6424106.0, 1, 0.0160186641732
17852368.0, 6821194.0, 1, 0.0146537341421
17899764.0, 6742608.0, 1, 0.0145413326696
17037622.0, 7118450.0, 1, 0.0139939048986
18996838.0, 6318426.0, 1, 0.013891330387
17321632.0, 6852856.0, 1, 0.0133187426631
19072340.0, 6303642.0, 1, 0.0130875624392
17078728.0, 7050656.0, 1, 0.0115914118806
18914362.0, 6424106.0, 1, 0.0108427245837
17281742.0, 6937718.0, 1, 0.0105093769027
17251450.0, 6938632.0, 1, 0.00947277207956
17161722.0, 6955492.0, 1, 0.00890561696444
17132118.0, 7045174.0, 1, 0.00860532049298
16514866.0, 7965890.0, 1, 0.00514302183416
16341622.0, 8645504.0, 1, 0.00489538047826
17251450.0, 6938632.0, 1, 0.00374329154852
16771596.0, 7703098.0, 1, 0.0
16771596.0, 7703098.0, 1, 0.0
16771596.0, 7703098.0, 1, 0.0
16906902.0, 7329338.0, 1, 0.0
16906902.0, 7329338.0, 1, 0.0
16906902.0, 7329338.0, 1, 0.0
16906902.0, 7329338.0, 1, 0.0
16906902.0, 7329338.0, 1, 0.0
16906902.0, 7329338.0, 1, 0.0
17037622.0, 7118450.0, 1, 0.0
17078728.0, 7050656.0, 1, 0.0
17078728.0, 7050656.0, 1, 0.0
17078728.0, 7050656.0, 1, 0.0
17078728.0, 7050656.0, 1, 0.0
17078728.0, 7050656.0, 1, 0.0
17132118.0, 7045174.0, 1, 0.0
17132118.0, 7045174.0, 1, 0.0
17132118.0, 7045174.0, 1, 0.0
17161722.0, 6955492.0, 1, 0.0
17161722.0, 6955492.0, 1, 0.0
17161722.0, 6955492.0, 1, 0.0
17161722.0, 6955492.0, 1, 0.0
17161722.0, 6955492.0, 1, 0.0
17281742.0, 6937718.0, 1, 0.0
17281742.0, 6937718.0, 1, 0.0
17321632.0, 6852856.0, 1, 0.0
17321632.0, 6852856.0, 1, 0.0
17321632.0, 6852856.0, 1, 0.0
17321632.0, 6852856.0, 1, 0.0
17990104.0, 6729276.0, 1, 0.0
17990104.0, 6729276.0, 1, 0.0
17990104.0, 6729276.0, 1, 0.0
17990104.0, 6729276.0, 1, 0.0
17990104.0, 6729276.0, 1, 0.0
18154450.0, 6614188.0, 1, 0.0
18154450.0, 6614188.0, 1, 0.0
18154450.0, 6614188.0, 1, 0.0
18154450.0, 6614188.0, 1, 0.0
18996838.0, 6318426.0, 1, 0.0
15540532.0, 12005908.0, 1, 0.0
15540532.0, 12005908.0, 1, 0.0
15540532.0, 12005908.0, 1, 0.0
15975696.0, 9488294.0, 1, 0.0
15975696.0, 9488294.0, 1, 0.0
15975696.0, 9488294.0, 1, 0.0
16218700.0, 8663926.0, 1, 0.0
16218700.0, 8663926.0, 1, 0.0
16218700.0, 8663926.0, 1, 0.0
16218700.0, 8663926.0, 1, 0.0
16348574.0, 8618088.0, 1, 0.0
16453202.0, 8325276.0, 1, 0.0
16453202.0, 8325276.0, 1, 0.0
16505722.0, 8238454.0, 1, 0.0
16514866.0, 7965890.0, 1, 0.0
16514866.0, 7965890.0, 1, 0.0
16514866.0, 7965890.0, 1, 0.0
16514866.0, 7965890.0, 1, 0.0
16514866.0, 7965890.0, 1, 0.0
16514866.0, 7965890.0, 1, 0.0
16771596.0, 7703098.0, 1, 0.0
20608224.0, 6361654.0, 2, inf
15646820.0, 11990586.0, 2, inf
16068170.0, 9134780.0, 2, 0.583766490915
19606768.0, 6362562.0, 2, 0.469201432098
15970890.0, 10894510.0, 2, 0.439506990802
18527116.0, 6641648.0, 2, 0.424630299432
16591518.0, 8312658.0, 2, 0.347059634436
17907110.0, 6824440.0, 2, 0.206568107817
17862592.0, 7050474.0, 2, 0.204183307205
15918606.0, 11439048.0, 2, 0.201710082262
17084854.0, 7400356.0, 2, 0.177479061405
17273430.0, 7254836.0, 2, 0.170323698295
15722850.0, 11748510.0, 2, 0.152762766135
16767532.0, 7974662.0, 2, 0.137504176304
16767532.0, 7974662.0, 2, 0.124004309554
17243312.0, 7306614.0, 2, 0.0523673158879
17116024.0, 7371024.0, 2, 0.0308665762425
Generacion: 120
19185380.0, 6284830.0, 1, inf
15237972.0, 12343886.0, 1, inf
15809624.0, 11455018.0, 1, 0.318982053251
15819630.0, 9789000.0, 1, 0.314499618195
16024204.0, 8917252.0, 1, 0.197615913647
18275566.0, 6595074.0, 1, 0.181881108699
17403102.0, 6832300.0, 1, 0.164654211875
15540532.0, 12005908.0, 1, 0.16207483165
18798620.0, 6443908.0, 1, 0.134945668793
15975696.0, 9488294.0, 1, 0.133782357948
15333522.0, 12245606.0, 1, 0.132428401267
17899764.0, 6742608.0, 1, 0.128020121207
16316918.0, 8338366.0, 1, 0.115298122505
16218700.0, 8663926.0, 1, 0.103002968245
15635864.0, 11727664.0, 1, 0.0899407636506
16514866.0, 7965890.0, 1, 0.0772852547175
16642370.0, 7949384.0, 1, 0.0729482754917
16815532.0, 7450386.0, 1, 0.0710586806237
18874122.0, 6429124.0, 1, 0.0709245499257
18996838.0, 6318426.0, 1, 0.0709245499257
15635864.0, 11727664.0, 1, 0.0691486298977
16218700.0, 8663926.0, 1, 0.0666911270468
17025916.0, 7313618.0, 1, 0.0623608693049
15975696.0, 9488294.0, 1, 0.0619177532798
18023550.0, 6722720.0, 1, 0.0606282805529
16505722.0, 8238454.0, 1, 0.0582894985149
16800464.0, 7596510.0, 1, 0.0528384890089
15819630.0, 9789000.0, 1, 0.0521640110773
16771596.0, 7703098.0, 1, 0.0503284442981
16906902.0, 7329338.0, 1, 0.0501279406111
16453202.0, 8325276.0, 1, 0.0488542286905
16771596.0, 7703098.0, 1, 0.0479607393667
15809624.0, 11455018.0, 1, 0.0475329266312
18798620.0, 6443908.0, 1, 0.0440757524511
17037622.0, 7118450.0, 1, 0.0426243738628
17899764.0, 6742608.0, 1, 0.0376888698706
16642370.0, 7949384.0, 1, 0.0354611118291
17321632.0, 6852856.0, 1, 0.0346446718542
17990104.0, 6729276.0, 1, 0.034641165072
18154450.0, 6614188.0, 1, 0.0341911943213
17161722.0, 6955492.0, 1, 0.0340291227937
18187530.0, 6607946.0, 1, 0.0338370291825
17281742.0, 6937718.0, 1, 0.0319359224408
19072340.0, 6303642.0, 1, 0.0310764969216
17132118.0, 7045174.0, 1, 0.0283266466372
18154450.0, 6614188.0, 1, 0.0262925439069
16906902.0, 7329338.0, 1, 0.0257412981411
17078728.0, 7050656.0, 1, 0.0247142027185
19072340.0, 6303642.0, 1, 0.0222317556305
17237622.0, 6948220.0, 1, 0.0208102319301
16505722.0, 8238454.0, 1, 0.0166457516341
16453202.0, 8325276.0, 1, 0.0154653358071
17037622.0, 7118450.0, 1, 0.0141543619318
17321632.0, 6852856.0, 1, 0.0134979730369
17078728.0, 7050656.0, 1, 0.0113181769899
17251450.0, 6938632.0, 1, 0.00925632111068
17161722.0, 6955492.0, 1, 0.00869979176378
17132118.0, 7045174.0, 1, 0.00840436620574
17025916.0, 7313618.0, 1, 0.00555995382602
16514866.0, 7965890.0, 1, 0.00504064351166
17237622.0, 6948220.0, 1, 0.00470324516915
17251450.0, 6938632.0, 1, 0.00365390679037
17161722.0, 6955492.0, 1, 0.0
17161722.0, 6955492.0, 1, 0.0
17161722.0, 6955492.0, 1, 0.0
17251450.0, 6938632.0, 1, 0.0
17321632.0, 6852856.0, 1, 0.0
17321632.0, 6852856.0, 1, 0.0
17321632.0, 6852856.0, 1, 0.0
17321632.0, 6852856.0, 1, 0.0
17321632.0, 6852856.0, 1, 0.0
18154450.0, 6614188.0, 1, 0.0
19072340.0, 6303642.0, 1, 0.0
19072340.0, 6303642.0, 1, 0.0
19072340.0, 6303642.0, 1, 0.0
15819630.0, 9789000.0, 1, 0.0
15819630.0, 9789000.0, 1, 0.0
15819630.0, 9789000.0, 1, 0.0
15975696.0, 9488294.0, 1, 0.0
15975696.0, 9488294.0, 1, 0.0
15975696.0, 9488294.0, 1, 0.0
16218700.0, 8663926.0, 1, 0.0
16218700.0, 8663926.0, 1, 0.0
16218700.0, 8663926.0, 1, 0.0
16218700.0, 8663926.0, 1, 0.0
16218700.0, 8663926.0, 1, 0.0
16218700.0, 8663926.0, 1, 0.0
16453202.0, 8325276.0, 1, 0.0
16453202.0, 8325276.0, 1, 0.0
16514866.0, 7965890.0, 1, 0.0
16514866.0, 7965890.0, 1, 0.0
16514866.0, 7965890.0, 1, 0.0
16514866.0, 7965890.0, 1, 0.0
16514866.0, 7965890.0, 1, 0.0
16514866.0, 7965890.0, 1, 0.0
16514866.0, 7965890.0, 1, 0.0
16642370.0, 7949384.0, 1, 0.0
16771596.0, 7703098.0, 1, 0.0
16906902.0, 7329338.0, 1, 0.0
16906902.0, 7329338.0, 1, 0.0
16906902.0, 7329338.0, 1, 0.0
16906902.0, 7329338.0, 1, 0.0
16906902.0, 7329338.0, 1, 0.0
16906902.0, 7329338.0, 1, 0.0
17037622.0, 7118450.0, 1, 0.0
17078728.0, 7050656.0, 1, 0.0
17132118.0, 7045174.0, 1, 0.0
17132118.0, 7045174.0, 1, 0.0
17132118.0, 7045174.0, 1, 0.0
17161722.0, 6955492.0, 1, 0.0
17161722.0, 6955492.0, 1, 0.0
17161722.0, 6955492.0, 1, 0.0
15453080.0, 12410388.0, 2, inf
19895244.0, 6704686.0, 2, inf
18907484.0, 6817340.0, 2, 0.575068890992
16266036.0, 9180042.0, 2, 0.556140404372
15918606.0, 11439048.0, 2, 0.408710044574
17442302.0, 6835196.0, 2, 0.386862358579
16560596.0, 8062924.0, 2, 0.171592161332
16348574.0, 8618088.0, 2, 0.124148333775
16305544.0, 8762876.0, 2, 0.117070480296
15918606.0, 11439048.0, 2, 0.116227535732
15646820.0, 11990586.0, 2, 0.109616864629
15861794.0, 11655954.0, 2, 0.106498409643
16544958.0, 8362036.0, 2, 0.0966324314126
17137942.0, 7175528.0, 2, 0.0892748360387
17283788.0, 6939118.0, 2, 0.0889341108958
16826322.0, 7744378.0, 2, 0.0876340254267
15806920.0, 11903242.0, 2, 0.0793814965713
16826322.0, 7744378.0, 2, 0.0791914512157
16930100.0, 7585674.0, 2, 0.0777560724577
17201200.0, 7032946.0, 2, 0.0742661862681
17027528.0, 7319250.0, 2, 0.0702947986429
15646820.0, 11990586.0, 2, 0.0589220734864
16544958.0, 8362036.0, 2, 0.0483968675462
16978074.0, 7371268.0, 2, 0.0406191094462
16935142.0, 7440498.0, 2, 0.0280077860527
15806920.0, 11903242.0, 2, 0.0276611835237
16936998.0, 7434730.0, 2, 0.0217981352379
15806920.0, 11903242.0, 2, 0.0
16826322.0, 7744378.0, 2, 0.0
15557528.0, 12478990.0, 3, inf
19190956.0, 6909664.0, 3, inf
15950026.0, 11652956.0, 3, 0.732924045494
16511978.0, 9243248.0, 3, 0.686820095791
17884088.0, 7048358.0, 3, 0.394444846412
19117528.0, 6923382.0, 3, 0.384582261866
16763518.0, 8326256.0, 3, 0.310508740558
17116024.0, 7371024.0, 3, 0.289958602076
16959304.0, 7645530.0, 3, 0.268534097377
Generacion: 121
15237972.0, 12343886.0, 1, inf
19072340.0, 6303642.0, 1, inf
19072340.0, 6303642.0, 1, inf
15819630.0, 9789000.0, 1, 0.316521535915
15809624.0, 11455018.0, 1, 0.29271370109
15540532.0, 12005908.0, 1, 0.205789292814
16266036.0, 9180042.0, 1, 0.171888899391
18275566.0, 6595074.0, 1, 0.16967814303
17403102.0, 6832300.0, 1, 0.169028589766
18788234.0, 6529332.0, 1, 0.161438522614
16305544.0, 8762876.0, 1, 0.152614685445
17899764.0, 6742608.0, 1, 0.131736234026
16096542.0, 9471888.0, 1, 0.126753469371
15975696.0, 9488294.0, 1, 0.124718286249
16316918.0, 8338366.0, 1, 0.110956488599
15744846.0, 11711694.0, 1, 0.0784848930149
16514866.0, 7965890.0, 1, 0.0783776047911
16642370.0, 7949384.0, 1, 0.0740271182876
18996838.0, 6318426.0, 1, 0.0724694166343
16815532.0, 7450386.0, 1, 0.0719909302613
17025916.0, 7313618.0, 1, 0.063350030162
16505722.0, 8238454.0, 1, 0.0588218396689
15635864.0, 11727664.0, 1, 0.057951731179
17037622.0, 7118450.0, 1, 0.0573083221463
15819630.0, 9789000.0, 1, 0.052393306974
16771596.0, 7703098.0, 1, 0.0513483408198
16906902.0, 7329338.0, 1, 0.0510790027002
16453202.0, 8325276.0, 1, 0.0499166770159
16771596.0, 7703098.0, 1, 0.0483029311464
15809624.0, 11455018.0, 1, 0.0451038663487
18063094.0, 6627720.0, 1, 0.040638797243
17990104.0, 6729276.0, 1, 0.0403738252841
18798620.0, 6443908.0, 1, 0.0389895775774
17899764.0, 6742608.0, 1, 0.0384096662204
17161722.0, 6955492.0, 1, 0.0382484015648
18874122.0, 6429124.0, 1, 0.0380176021852
16642370.0, 7949384.0, 1, 0.0364347048805
17321632.0, 6852856.0, 1, 0.0352967409927
18187530.0, 6607946.0, 1, 0.0347513942317
18874122.0, 6429124.0, 1, 0.0344518144491
16800464.0, 7596510.0, 1, 0.0317204884504
15681442.0, 11727162.0, 1, 0.0310663483031
17132118.0, 7045174.0, 1, 0.0287714812483
16906902.0, 7329338.0, 1, 0.0264317642273
17078728.0, 7050656.0, 1, 0.0251477865764
15635864.0, 11727664.0, 1, 0.0249456159018
18154450.0, 6614188.0, 1, 0.02485897113
17251450.0, 6938632.0, 1, 0.0235523065064
17281742.0, 6937718.0, 1, 0.021949560962
16800464.0, 7596510.0, 1, 0.021576028929
18063094.0, 6627720.0, 1, 0.0212760384215
17990104.0, 6729276.0, 1, 0.0212429271763
16505722.0, 8238454.0, 1, 0.0167586702727
16453202.0, 8325276.0, 1, 0.0158643035164
17321632.0, 6852856.0, 1, 0.0138064527549
17078728.0, 7050656.0, 1, 0.0116279899994
18154450.0, 6614188.0, 1, 0.0108675434622
17251450.0, 6938632.0, 1, 0.0106914064901
17281742.0, 6937718.0, 1, 0.0105545973663
17161722.0, 6955492.0, 1, 0.0105119766597
17132118.0, 7045174.0, 1, 0.00862827792166
17025916.0, 7313618.0, 1, 0.00565545897957
16514866.0, 7965890.0, 1, 0.00511741869414
17161722.0, 6955492.0, 1, 0.0
17281742.0, 6937718.0, 1, 0.0
17321632.0, 6852856.0, 1, 0.0
17321632.0, 6852856.0, 1, 0.0
17321632.0, 6852856.0, 1, 0.0
17321632.0, 6852856.0, 1, 0.0
18154450.0, 6614188.0, 1, 0.0
19072340.0, 6303642.0, 1, 0.0
19072340.0, 6303642.0, 1, 0.0
15809624.0, 11455018.0, 1, 0.0
15809624.0, 11455018.0, 1, 0.0
15819630.0, 9789000.0, 1, 0.0
15819630.0, 9789000.0, 1, 0.0
16505722.0, 8238454.0, 1, 0.0
16505722.0, 8238454.0, 1, 0.0
16514866.0, 7965890.0, 1, 0.0
16514866.0, 7965890.0, 1, 0.0
16514866.0, 7965890.0, 1, 0.0
16514866.0, 7965890.0, 1, 0.0
16514866.0, 7965890.0, 1, 0.0
16514866.0, 7965890.0, 1, 0.0
16514866.0, 7965890.0, 1, 0.0
16514866.0, 7965890.0, 1, 0.0
16771596.0, 7703098.0, 1, 0.0
16771596.0, 7703098.0, 1, 0.0
16800464.0, 7596510.0, 1, 0.0
16800464.0, 7596510.0, 1, 0.0
16906902.0, 7329338.0, 1, 0.0
17078728.0, 7050656.0, 1, 0.0
17078728.0, 7050656.0, 1, 0.0
17078728.0, 7050656.0, 1, 0.0
17132118.0, 7045174.0, 1, 0.0
17132118.0, 7045174.0, 1, 0.0
17132118.0, 7045174.0, 1, 0.0
17132118.0, 7045174.0, 1, 0.0
17132118.0, 7045174.0, 1, 0.0
17132118.0, 7045174.0, 1, 0.0
17132118.0, 7045174.0, 1, 0.0
17161722.0, 6955492.0, 1, 0.0
17161722.0, 6955492.0, 1, 0.0
17161722.0, 6955492.0, 1, 0.0
17161722.0, 6955492.0, 1, 0.0
17161722.0, 6955492.0, 1, 0.0
17161722.0, 6955492.0, 1, 0.0
17161722.0, 6955492.0, 1, 0.0
17161722.0, 6955492.0, 1, 0.0
17161722.0, 6955492.0, 1, 0.0
17161722.0, 6955492.0, 1, 0.0
18070440.0, 6709552.0, 2, inf
18070440.0, 6709552.0, 2, inf
15243422.0, 12526084.0, 2, inf
16066234.0, 9591868.0, 2, 0.516243577144
15950026.0, 11652956.0, 2, 0.482146183208
15762984.0, 11772356.0, 2, 0.400058204668
16295388.0, 9360784.0, 2, 0.267287930998
17442302.0, 6835196.0, 2, 0.238597355132
16826322.0, 7744378.0, 2, 0.209480500348
16348574.0, 8618088.0, 2, 0.199358245876
16416920.0, 8451260.0, 2, 0.170444338648
16560596.0, 8062924.0, 2, 0.160759338552
16921072.0, 7586146.0, 2, 0.144262122187
17147192.0, 7303644.0, 2, 0.130852068402
17027528.0, 7319250.0, 2, 0.128554144986
17258066.0, 7032472.0, 2, 0.113053372697
16560596.0, 8062924.0, 2, 0.105588079964
17360744.0, 6930624.0, 2, 0.0718731125301
17318184.0, 6997878.0, 2, 0.053830340023
17442302.0, 6835196.0, 2, 0.0504506680519
18070440.0, 6709552.0, 2, 0.0
17442302.0, 6835196.0, 2, 0.0
15340568.0, 12759360.0, 3, inf
18110570.0, 6710048.0, 3, inf
16098422.0, 9637254.0, 3, 0.743691695598
17116024.0, 7371024.0, 3, 0.576314597249
16452180.0, 8813580.0, 3, 0.549814795859
16905910.0, 8074698.0, 3, 0.478120827006
18042386.0, 7070302.0, 3, 0.468306274894
15806920.0, 11903242.0, 3, 0.385744183318
15763826.0, 12178372.0, 3, 0.2532689932
15806920.0, 11903242.0, 3, 0.150689397694
15776012.0, 12178208.0, 3, 0.0610385946246
18778200.0, 6824620.0, 4, inf
18778200.0, 6824620.0, 4, inf
15877086.0, 12415972.0, 4, inf
17348026.0, 7625406.0, 4, 0.811377363329
16133308.0, 10745764.0, 4, 0.759251820097
18120210.0, 7081540.0, 4, 0.546185452076
Generacion: 122
19072340.0, 6303642.0, 1, inf
19072340.0, 6303642.0, 1, inf
15237972.0, 12343886.0, 1, inf
15800464.0, 11163618.0, 1, 0.32815963654
15819630.0, 9789000.0, 1, 0.268278451695
18874122.0, 6429124.0, 1, 0.216065606754
16266036.0, 9180042.0, 1, 0.171888899391
17321632.0, 6852856.0, 1, 0.164825779416
15400050.0, 12313344.0, 1, 0.161564791803
15536678.0, 11838544.0, 1, 0.158463066344
18275566.0, 6595074.0, 1, 0.158233949006
17899764.0, 6742608.0, 1, 0.152983542579
16305544.0, 8762876.0, 1, 0.12086887931
15756232.0, 11671294.0, 1, 0.117976429721
16435400.0, 8716762.0, 1, 0.110956488599
16906902.0, 7329338.0, 1, 0.105632226803
15975696.0, 9488294.0, 1, 0.0813002872117
16096542.0, 9471888.0, 1, 0.0798334590504
16453202.0, 8325276.0, 1, 0.0785101171623
16514866.0, 7965890.0, 1, 0.0783776047911
16642370.0, 7949384.0, 1, 0.0740271182876
17025916.0, 7313618.0, 1, 0.0690054891416
17990104.0, 6729276.0, 1, 0.0616167524605
16505722.0, 8238454.0, 1, 0.0588218396689
15819630.0, 9789000.0, 1, 0.0547822273906
16800464.0, 7596510.0, 1, 0.05176073848
16771596.0, 7703098.0, 1, 0.0513483408198
18275566.0, 6595074.0, 1, 0.0504337716005
18986544.0, 6409982.0, 1, 0.0503309742976
16771596.0, 7703098.0, 1, 0.0483029311464
16096542.0, 9471888.0, 1, 0.0469200103209
16800464.0, 7596510.0, 1, 0.0454052492855
15975696.0, 9488294.0, 1, 0.0434179990376
17037622.0, 7118450.0, 1, 0.0430316882606
17899764.0, 6742608.0, 1, 0.0418128399994
15693898.0, 11708352.0, 1, 0.0407242792022
18063094.0, 6627720.0, 1, 0.040638797243
18996838.0, 6318426.0, 1, 0.0399807748306
17161722.0, 6955492.0, 1, 0.0382484015648
16642370.0, 7949384.0, 1, 0.0364347048805
18187530.0, 6607946.0, 1, 0.0347513942317
17251450.0, 6938632.0, 1, 0.0342437129964
15635864.0, 11727664.0, 1, 0.0334920934797
15635864.0, 11727664.0, 1, 0.0290648485199
17132118.0, 7045174.0, 1, 0.0287714812483
17321632.0, 6852856.0, 1, 0.028655521766
17078728.0, 7050656.0, 1, 0.0251477865764
18154450.0, 6614188.0, 1, 0.02485897113
17281742.0, 6937718.0, 1, 0.021949560962
18063094.0, 6627720.0, 1, 0.0212760384215
16453202.0, 8325276.0, 1, 0.0190166695049
16505722.0, 8238454.0, 1, 0.0167586702727
17037622.0, 7118450.0, 1, 0.0142766338857
17078728.0, 7050656.0, 1, 0.0116279899994
18154450.0, 6614188.0, 1, 0.0108675434622
17281742.0, 6937718.0, 1, 0.0105545973663
17161722.0, 6955492.0, 1, 0.0105119766597
17132118.0, 7045174.0, 1, 0.00862827792166
16514866.0, 7965890.0, 1, 0.00511741869414
18063094.0, 6627720.0, 1, 0.0
18154450.0, 6614188.0, 1, 0.0
18154450.0, 6614188.0, 1, 0.0
18154450.0, 6614188.0, 1, 0.0
19072340.0, 6303642.0, 1, 0.0
19072340.0, 6303642.0, 1, 0.0
15819630.0, 9789000.0, 1, 0.0
15819630.0, 9789000.0, 1, 0.0
15819630.0, 9789000.0, 1, 0.0
15819630.0, 9789000.0, 1, 0.0
15819630.0, 9789000.0, 1, 0.0
16453202.0, 8325276.0, 1, 0.0
16505722.0, 8238454.0, 1, 0.0
16505722.0, 8238454.0, 1, 0.0
16514866.0, 7965890.0, 1, 0.0
16514866.0, 7965890.0, 1, 0.0
16514866.0, 7965890.0, 1, 0.0
16514866.0, 7965890.0, 1, 0.0
16514866.0, 7965890.0, 1, 0.0
16514866.0, 7965890.0, 1, 0.0
16642370.0, 7949384.0, 1, 0.0
16771596.0, 7703098.0, 1, 0.0
17037622.0, 7118450.0, 1, 0.0
17078728.0, 7050656.0, 1, 0.0
17078728.0, 7050656.0, 1, 0.0
17078728.0, 7050656.0, 1, 0.0
17132118.0, 7045174.0, 1, 0.0
17132118.0, 7045174.0, 1, 0.0
17132118.0, 7045174.0, 1, 0.0
17132118.0, 7045174.0, 1, 0.0
17132118.0, 7045174.0, 1, 0.0
17132118.0, 7045174.0, 1, 0.0
17132118.0, 7045174.0, 1, 0.0
17161722.0, 6955492.0, 1, 0.0
17161722.0, 6955492.0, 1, 0.0
17161722.0, 6955492.0, 1, 0.0
17161722.0, 6955492.0, 1, 0.0
17161722.0, 6955492.0, 1, 0.0
17161722.0, 6955492.0, 1, 0.0
17161722.0, 6955492.0, 1, 0.0
17161722.0, 6955492.0, 1, 0.0
17161722.0, 6955492.0, 1, 0.0
17161722.0, 6955492.0, 1, 0.0
17161722.0, 6955492.0, 1, 0.0
17161722.0, 6955492.0, 1, 0.0
17161722.0, 6955492.0, 1, 0.0
17161722.0, 6955492.0, 1, 0.0
17281742.0, 6937718.0, 1, 0.0
17281742.0, 6937718.0, 1, 0.0
17321632.0, 6852856.0, 1, 0.0
17321632.0, 6852856.0, 1, 0.0
17321632.0, 6852856.0, 1, 0.0
17321632.0, 6852856.0, 1, 0.0
18063094.0, 6627720.0, 1, 0.0
18063094.0, 6627720.0, 1, 0.0
18063094.0, 6627720.0, 1, 0.0
15243422.0, 12526084.0, 2, inf
18070440.0, 6709552.0, 2, inf
16426510.0, 9221752.0, 2, 0.324072654718
15911206.0, 9892610.0, 2, 0.31895105052
15631884.0, 12184072.0, 2, 0.313368213389
17907110.0, 6824440.0, 2, 0.299438287954
16560596.0, 8062924.0, 2, 0.294599961139
15809624.0, 11455018.0, 2, 0.285112993583
16267084.0, 9344008.0, 2, 0.283211267204
17283788.0, 6939118.0, 2, 0.233625866625
15947116.0, 9882716.0, 2, 0.220202303061
15762984.0, 11772356.0, 2, 0.188213600934
16688100.0, 8046418.0, 2, 0.185661667253
16867018.0, 7613474.0, 2, 0.161897764172
17027528.0, 7319250.0, 2, 0.13712831318
17157642.0, 7100676.0, 2, 0.112344389315
15809624.0, 11455018.0, 2, 0.0904905014913
16935142.0, 7440498.0, 2, 0.0831854232014
18058956.0, 6792318.0, 2, 0.0775266345883
17283788.0, 6939118.0, 2, 0.0502335410801
17197514.0, 7015538.0, 2, 0.0451549134718
16919478.0, 7580790.0, 2, 0.0426761827052
17197514.0, 7015538.0, 2, 0.0272423204294
16919478.0, 7580790.0, 2, 0.0111599766337
15809624.0, 11455018.0, 2, 0.0
17197514.0, 7015538.0, 2, 0.0
18778200.0, 6824620.0, 3, inf
15340568.0, 12759360.0, 3, inf
16511978.0, 9243248.0, 3, 0.821745369743
16167566.0, 11292646.0, 3, 0.542601615574
16959904.0, 7783696.0, 3, 0.477174593222
17796696.0, 7002268.0, 3, 0.342485969513
18584832.0, 6955202.0, 3, 0.315451050038
15667356.0, 12193914.0, 3, 0.279916177686
15806920.0, 11903242.0, 3, 0.171841177433
Generacion: 123
19185380.0, 6284830.0, 1, inf
15333522.0, 12245606.0, 1, inf
19185380.0, 6284830.0, 1, inf
15819630.0, 9789000.0, 1, 0.271127648164
15800464.0, 11163618.0, 1, 0.267827941892
16218700.0, 8663926.0, 1, 0.208667664165
16096542.0, 9471888.0, 1, 0.201386248064
18798620.0, 6443908.0, 1, 0.183234433004
15536678.0, 11838544.0, 1, 0.179053405908
17899764.0, 6742608.0, 1, 0.15998709839
18275566.0, 6595074.0, 1, 0.138999278111
15657108.0, 11507166.0, 1, 0.123689704375
17442302.0, 6835196.0, 1, 0.121726685012
16348574.0, 8618088.0, 1, 0.117693302409
15578840.0, 11557940.0, 1, 0.0868585281394
15975696.0, 9488294.0, 1, 0.0818208892112
16514866.0, 7965890.0, 1, 0.0788282083087
16642370.0, 7949384.0, 1, 0.0744197218969
16906902.0, 7329338.0, 1, 0.073029578777
18996838.0, 6318426.0, 1, 0.072511646109
16863360.0, 7580476.0, 1, 0.0724545791368
17025916.0, 7313618.0, 1, 0.0636398617335
16453202.0, 8325276.0, 1, 0.0627581125398
15800464.0, 11163618.0, 1, 0.0626105582732
16505722.0, 8238454.0, 1, 0.059361239381
18275566.0, 6595074.0, 1, 0.0568036476314
15819630.0, 9789000.0, 1, 0.0554232390383
19072340.0, 6303642.0, 1, 0.0545845046307
16771596.0, 7703098.0, 1, 0.0514305685567
16771596.0, 7703098.0, 1, 0.0488123396933
17442302.0, 6835196.0, 1, 0.0468606153851
17321632.0, 6852856.0, 1, 0.0455644754194
17037622.0, 7118450.0, 1, 0.0434137786328
15975696.0, 9488294.0, 1, 0.0432693961511
16453202.0, 8325276.0, 1, 0.0417285483151
18063094.0, 6627720.0, 1, 0.0407547642461
17990104.0, 6729276.0, 1, 0.0404909954364
18874122.0, 6429124.0, 1, 0.0381725214367
16642370.0, 7949384.0, 1, 0.0363181066893
17161722.0, 6955492.0, 1, 0.0347501327511
18874122.0, 6429124.0, 1, 0.0343391246723
16800464.0, 7596510.0, 1, 0.0342103075813
18154450.0, 6614188.0, 1, 0.0337137009533
17132118.0, 7045174.0, 1, 0.0289061997712
18154450.0, 6614188.0, 1, 0.0269240146927
17078728.0, 7050656.0, 1, 0.0252341946497
17281742.0, 6937718.0, 1, 0.02210099364
17237622.0, 6948220.0, 1, 0.0213132916418
18063094.0, 6627720.0, 1, 0.021219470896
17990104.0, 6729276.0, 1, 0.0211859182176
16505722.0, 8238454.0, 1, 0.0169394724976
17037622.0, 7118450.0, 1, 0.0144124042307
16906902.0, 7329338.0, 1, 0.0139413955541
17321632.0, 6852856.0, 1, 0.0133187426631
17078728.0, 7050656.0, 1, 0.0115914118806
17281742.0, 6937718.0, 1, 0.0105093769027
16800464.0, 7596510.0, 1, 0.010184483186
17251450.0, 6938632.0, 1, 0.00947277207956
17161722.0, 6955492.0, 1, 0.00890561696444
17132118.0, 7045174.0, 1, 0.00860532049298
17025916.0, 7313618.0, 1, 0.00567629336187
16514866.0, 7965890.0, 1, 0.00514302183416
17237622.0, 6948220.0, 1, 0.00480993119409
17251450.0, 6938632.0, 1, 0.00374329154852
18154450.0, 6614188.0, 1, 0.0
18275566.0, 6595074.0, 1, 0.0
18275566.0, 6595074.0, 1, 0.0
18874122.0, 6429124.0, 1, 0.0
15819630.0, 9789000.0, 1, 0.0
15819630.0, 9789000.0, 1, 0.0
15819630.0, 9789000.0, 1, 0.0
15819630.0, 9789000.0, 1, 0.0
15975696.0, 9488294.0, 1, 0.0
15975696.0, 9488294.0, 1, 0.0
15975696.0, 9488294.0, 1, 0.0
15975696.0, 9488294.0, 1, 0.0
16453202.0, 8325276.0, 1, 0.0
16505722.0, 8238454.0, 1, 0.0
16505722.0, 8238454.0, 1, 0.0
16514866.0, 7965890.0, 1, 0.0
16514866.0, 7965890.0, 1, 0.0
16514866.0, 7965890.0, 1, 0.0
16514866.0, 7965890.0, 1, 0.0
16514866.0, 7965890.0, 1, 0.0
16514866.0, 7965890.0, 1, 0.0
16514866.0, 7965890.0, 1, 0.0
16514866.0, 7965890.0, 1, 0.0
16771596.0, 7703098.0, 1, 0.0
17025916.0, 7313618.0, 1, 0.0
17037622.0, 7118450.0, 1, 0.0
17037622.0, 7118450.0, 1, 0.0
17078728.0, 7050656.0, 1, 0.0
17078728.0, 7050656.0, 1, 0.0
17132118.0, 7045174.0, 1, 0.0
17132118.0, 7045174.0, 1, 0.0
17132118.0, 7045174.0, 1, 0.0
17161722.0, 6955492.0, 1, 0.0
17161722.0, 6955492.0, 1, 0.0
17161722.0, 6955492.0, 1, 0.0
17161722.0, 6955492.0, 1, 0.0
17161722.0, 6955492.0, 1, 0.0
17161722.0, 6955492.0, 1, 0.0
17161722.0, 6955492.0, 1, 0.0
17161722.0, 6955492.0, 1, 0.0
17161722.0, 6955492.0, 1, 0.0
17161722.0, 6955492.0, 1, 0.0
17161722.0, 6955492.0, 1, 0.0
17321632.0, 6852856.0, 1, 0.0
17442302.0, 6835196.0, 1, 0.0
17990104.0, 6729276.0, 1, 0.0
18063094.0, 6627720.0, 1, 0.0
18063094.0, 6627720.0, 1, 0.0
18063094.0, 6627720.0, 1, 0.0
18063094.0, 6627720.0, 1, 0.0
18154450.0, 6614188.0, 1, 0.0
18110570.0, 6710048.0, 2, inf
15393832.0, 12661896.0, 2, inf
16066234.0, 9591868.0, 2, 0.483451967115
15929422.0, 10816298.0, 2, 0.364694196104
17907110.0, 6824440.0, 2, 0.342816147537
16767532.0, 7974662.0, 2, 0.30429472915
15585884.0, 11723628.0, 2, 0.304235332154
17283788.0, 6939118.0, 2, 0.273858134243
15400050.0, 12313344.0, 2, 0.228335270256
16305544.0, 8762876.0, 2, 0.187081626378
16560596.0, 8062924.0, 2, 0.175039012385
15852290.0, 11493352.0, 2, 0.170284861071
17084854.0, 7400356.0, 2, 0.167153325413
15918606.0, 11439048.0, 2, 0.142146658938
17084854.0, 7400356.0, 2, 0.12328447284
16305544.0, 8762876.0, 2, 0.0958351032972
16435400.0, 8716762.0, 2, 0.0887268608555
17157642.0, 7100676.0, 2, 0.0873156671625
16472146.0, 8599780.0, 2, 0.0718989191285
16494200.0, 8417650.0, 2, 0.067717127938
16494200.0, 8417650.0, 2, 0.0550401835253
17258066.0, 7032472.0, 2, 0.052649795319
17157642.0, 7100676.0, 2, 0.0382517233474
17258066.0, 7032472.0, 2, 0.0209272702717
18937460.0, 6839148.0, 3, inf
15631884.0, 12184072.0, 3, inf
15631884.0, 12184072.0, 3, inf
16379928.0, 11120376.0, 3, 0.72985908615
16581196.0, 8308446.0, 3, 0.602372562411
16511978.0, 9243248.0, 3, 0.586980963948
17273430.0, 7254836.0, 3, 0.356427633986
18746422.0, 6982522.0, 3, 0.314024401969
15635864.0, 11727664.0, 3, 0.310484523595
18042386.0, 7070302.0, 3, 0.30841406115
17800022.0, 7100698.0, 3, 0.267148999129
Generacion: 124
19185380.0, 6284830.0, 1, inf
19185380.0, 6284830.0, 1, inf
15400050.0, 12313344.0, 1, inf
15800464.0, 11163618.0, 1, 0.26082833677
15819630.0, 9789000.0, 1, 0.260233740321
15408400.0, 11545012.0, 1, 0.237061637149
18798620.0, 6443908.0, 1, 0.185652696687
17403102.0, 6832300.0, 1, 0.171017373853
16218700.0, 8663926.0, 1, 0.166496668024
16096542.0, 9471888.0, 1, 0.165948234994
18275566.0, 6595074.0, 1, 0.14031442026
15607788.0, 11215058.0, 1, 0.139093869616
17899764.0, 6742608.0, 1, 0.133418544864
16514866.0, 7965890.0, 1, 0.113034824919
16771596.0, 7703098.0, 1, 0.0855029986677
15941572.0, 9771226.0, 1, 0.0791466598229
15975696.0, 9488294.0, 1, 0.078857120998
16906902.0, 7329338.0, 1, 0.073099210846
16863360.0, 7580476.0, 1, 0.07243660492
17025916.0, 7313618.0, 1, 0.0638149991813
16453202.0, 8325276.0, 1, 0.0624457895443
15717542.0, 11198822.0, 1, 0.0594334967781
16505722.0, 8238454.0, 1, 0.0590870845632
18874122.0, 6429124.0, 1, 0.0562657922449
19072340.0, 6303642.0, 1, 0.0553814525088
16771596.0, 7703098.0, 1, 0.0512177888767
18986452.0, 6403850.0, 1, 0.0507812403973
16348574.0, 8618088.0, 1, 0.0504077373797
18275566.0, 6595074.0, 1, 0.048332321051
16514866.0, 7965890.0, 1, 0.0460071467398
16800464.0, 7596510.0, 1, 0.0445823439058
17037622.0, 7118450.0, 1, 0.0432334382606
16453202.0, 8325276.0, 1, 0.0420422814139
18063094.0, 6627720.0, 1, 0.0409801659024
17990104.0, 6729276.0, 1, 0.0407117612983
18996838.0, 6318426.0, 1, 0.0393120378852
17899764.0, 6742608.0, 1, 0.0387437804658
16341622.0, 8645504.0, 1, 0.0370209796533
17321632.0, 6852856.0, 1, 0.0355993312689
16218700.0, 8663926.0, 1, 0.035327237898
18187530.0, 6607946.0, 1, 0.0351667524955
16096542.0, 9471888.0, 1, 0.0349928271295
17161722.0, 6955492.0, 1, 0.0349273948289
16348574.0, 8618088.0, 1, 0.0321881117131
17132118.0, 7045174.0, 1, 0.0289807534528
17078728.0, 7050656.0, 1, 0.0253500079656
18154450.0, 6614188.0, 1, 0.0251696361433
17281742.0, 6937718.0, 1, 0.0220792418712
17237622.0, 6948220.0, 1, 0.0216415336697
18063094.0, 6627720.0, 1, 0.02152700063
17990104.0, 6729276.0, 1, 0.0214938249585
16505722.0, 8238454.0, 1, 0.0168175321847
17037622.0, 7118450.0, 1, 0.0143380222206
16906902.0, 7329338.0, 1, 0.0141104358016
17321632.0, 6852856.0, 1, 0.0139478463588
15941572.0, 9771226.0, 1, 0.0119631238047
17078728.0, 7050656.0, 1, 0.0117686361551
15975696.0, 9488294.0, 1, 0.0117362022117
18154450.0, 6614188.0, 1, 0.0109836662311
17281742.0, 6937718.0, 1, 0.0106896636623
17251450.0, 6938632.0, 1, 0.00959291439477
17161722.0, 6955492.0, 1, 0.00902698582015
17132118.0, 7045174.0, 1, 0.00873006356037
15819630.0, 9789000.0, 1, 0.00801155287161
17025916.0, 7313618.0, 1, 0.00570007263639
16341622.0, 8645504.0, 1, 0.00489237488742
17237622.0, 6948220.0, 1, 0.00485931747948
17251450.0, 6938632.0, 1, 0.00380466288301
16906902.0, 7329338.0, 1, 0.0
17025916.0, 7313618.0, 1, 0.0
17037622.0, 7118450.0, 1, 0.0
17037622.0, 7118450.0, 1, 0.0
17078728.0, 7050656.0, 1, 0.0
17078728.0, 7050656.0, 1, 0.0
17078728.0, 7050656.0, 1, 0.0
17078728.0, 7050656.0, 1, 0.0
17078728.0, 7050656.0, 1, 0.0
17132118.0, 7045174.0, 1, 0.0
17161722.0, 6955492.0, 1, 0.0
17161722.0, 6955492.0, 1, 0.0
17161722.0, 6955492.0, 1, 0.0
17161722.0, 6955492.0, 1, 0.0
17161722.0, 6955492.0, 1, 0.0
17161722.0, 6955492.0, 1, 0.0
17161722.0, 6955492.0, 1, 0.0
17161722.0, 6955492.0, 1, 0.0
17161722.0, 6955492.0, 1, 0.0
17161722.0, 6955492.0, 1, 0.0
17161722.0, 6955492.0, 1, 0.0
17161722.0, 6955492.0, 1, 0.0
17161722.0, 6955492.0, 1, 0.0
17161722.0, 6955492.0, 1, 0.0
17237622.0, 6948220.0, 1, 0.0
17321632.0, 6852856.0, 1, 0.0
17321632.0, 6852856.0, 1, 0.0
17321632.0, 6852856.0, 1, 0.0
17899764.0, 6742608.0, 1, 0.0
17899764.0, 6742608.0, 1, 0.0
17990104.0, 6729276.0, 1, 0.0
17990104.0, 6729276.0, 1, 0.0
17990104.0, 6729276.0, 1, 0.0
17990104.0, 6729276.0, 1, 0.0
18063094.0, 6627720.0, 1, 0.0
18063094.0, 6627720.0, 1, 0.0
18154450.0, 6614188.0, 1, 0.0
18154450.0, 6614188.0, 1, 0.0
18154450.0, 6614188.0, 1, 0.0
18154450.0, 6614188.0, 1, 0.0
18154450.0, 6614188.0, 1, 0.0
15819630.0, 9789000.0, 1, 0.0
15819630.0, 9789000.0, 1, 0.0
15975696.0, 9488294.0, 1, 0.0
15975696.0, 9488294.0, 1, 0.0
15975696.0, 9488294.0, 1, 0.0
15975696.0, 9488294.0, 1, 0.0
16453202.0, 8325276.0, 1, 0.0
16453202.0, 8325276.0, 1, 0.0
16453202.0, 8325276.0, 1, 0.0
16505722.0, 8238454.0, 1, 0.0
16505722.0, 8238454.0, 1, 0.0
16505722.0, 8238454.0, 1, 0.0
16505722.0, 8238454.0, 1, 0.0
16514866.0, 7965890.0, 1, 0.0
16514866.0, 7965890.0, 1, 0.0
16514866.0, 7965890.0, 1, 0.0
16514866.0, 7965890.0, 1, 0.0
16514866.0, 7965890.0, 1, 0.0
16514866.0, 7965890.0, 1, 0.0
16514866.0, 7965890.0, 1, 0.0
16514866.0, 7965890.0, 1, 0.0
16514866.0, 7965890.0, 1, 0.0
16514866.0, 7965890.0, 1, 0.0
16771596.0, 7703098.0, 1, 0.0
16906902.0, 7329338.0, 1, 0.0
16906902.0, 7329338.0, 1, 0.0
16906902.0, 7329338.0, 1, 0.0
18070440.0, 6709552.0, 2, inf
15557528.0, 12478990.0, 2, inf
15929422.0, 10816298.0, 2, 0.481927423496
15704368.0, 11541504.0, 2, 0.419292778799
16234982.0, 9387548.0, 2, 0.373830608867
16066234.0, 9591868.0, 2, 0.369237085808
16494200.0, 8417650.0, 2, 0.308288074338
16935142.0, 7440498.0, 2, 0.274041616289
17907110.0, 6824440.0, 2, 0.271741696063
17197514.0, 7015538.0, 2, 0.225644571336
15562780.0, 12393602.0, 2, 0.220925935679
17442302.0, 6835196.0, 2, 0.202980377562
16633876.0, 8222062.0, 2, 0.169340672249
16807086.0, 7945402.0, 2, 0.159378450802
Generacion: 125
15408400.0, 11545012.0, 1, inf
19072340.0, 6303642.0, 1, inf
19072340.0, 6303642.0, 1, inf
15800464.0, 11163618.0, 1, 0.314850216283
15819630.0, 9789000.0, 1, 0.295544769141
18275566.0, 6595074.0, 1, 0.28634153015
18996838.0, 6318426.0, 1, 0.199677572019
16096542.0, 9471888.0, 1, 0.187133445564
16218700.0, 8663926.0, 1, 0.180957580239
15607788.0, 11215058.0, 1, 0.179772208878
17442302.0, 6835196.0, 1, 0.178823897055
16316918.0, 8338366.0, 1, 0.128613655666
17899764.0, 6742608.0, 1, 0.127398820293
16642370.0, 7949384.0, 1, 0.120207415295
15941572.0, 9771226.0, 1, 0.0999667712167
16218700.0, 8663926.0, 1, 0.0954541428588
15975696.0, 9488294.0, 1, 0.0869630702614
16514866.0, 7965890.0, 1, 0.0868021309796
16906902.0, 7329338.0, 1, 0.0803970907721
17025916.0, 7313618.0, 1, 0.0759127221296
18996838.0, 6318426.0, 1, 0.0733883985679
16505722.0, 8238454.0, 1, 0.0663367303453
16863360.0, 7580476.0, 1, 0.0650807919244
16771596.0, 7703098.0, 1, 0.0556055869078
16771596.0, 7703098.0, 1, 0.0548678097656
16453202.0, 8325276.0, 1, 0.0537607770608
17321632.0, 6852856.0, 1, 0.0491252963611
17037622.0, 7118450.0, 1, 0.0484551363243
18063094.0, 6627720.0, 1, 0.0430588466141
17899764.0, 6742608.0, 1, 0.0423213644689
18023550.0, 6722720.0, 1, 0.0392970279556
17161722.0, 6955492.0, 1, 0.0378258167007
16800464.0, 7596510.0, 1, 0.0375021245149
16096542.0, 9471888.0, 1, 0.0364707091382
18154450.0, 6614188.0, 1, 0.0356379859134
17132118.0, 7045174.0, 1, 0.0316821571429
18154450.0, 6614188.0, 1, 0.0285805708961
17078728.0, 7050656.0, 1, 0.027506149725
17990104.0, 6729276.0, 1, 0.0259073353124
17281742.0, 6937718.0, 1, 0.0244584077112
17237622.0, 6948220.0, 1, 0.0225446974513
16505722.0, 8238454.0, 1, 0.0190604271642
16453202.0, 8325276.0, 1, 0.0168317345141
17037622.0, 7118450.0, 1, 0.0161293258687
15800464.0, 11163618.0, 1, 0.0150452088162
16863360.0, 7580476.0, 1, 0.0149430520853
16906902.0, 7329338.0, 1, 0.0148831440841
17321632.0, 6852856.0, 1, 0.0142565351075
17251450.0, 6938632.0, 1, 0.0140453565171
18063094.0, 6627720.0, 1, 0.0133745209004
15975696.0, 9488294.0, 1, 0.0124435689558
17078728.0, 7050656.0, 1, 0.0122649799339
17990104.0, 6729276.0, 1, 0.0116720343735
17281742.0, 6937718.0, 1, 0.011061568906
16800464.0, 7596510.0, 1, 0.0109380738378
17161722.0, 6955492.0, 1, 0.00946725015185
17132118.0, 7045174.0, 1, 0.00912573638732
15819630.0, 9789000.0, 1, 0.0086220789856
16514866.0, 7965890.0, 1, 0.00564485070236
17237622.0, 6948220.0, 1, 0.00516150278699
16906902.0, 7329338.0, 1, 0.0
16906902.0, 7329338.0, 1, 0.0
16906902.0, 7329338.0, 1, 0.0
16906902.0, 7329338.0, 1, 0.0
16906902.0, 7329338.0, 1, 0.0
16906902.0, 7329338.0, 1, 0.0
16906902.0, 7329338.0, 1, 0.0
17037622.0, 7118450.0, 1, 0.0
17132118.0, 7045174.0, 1, 0.0
17132118.0, 7045174.0, 1, 0.0
17161722.0, 6955492.0, 1, 0.0
17161722.0, 6955492.0, 1, 0.0
17161722.0, 6955492.0, 1, 0.0
17161722.0, 6955492.0, 1, 0.0
17161722.0, 6955492.0, 1, 0.0
17161722.0, 6955492.0, 1, 0.0
17161722.0, 6955492.0, 1, 0.0
17161722.0, 6955492.0, 1, 0.0
17161722.0, 6955492.0, 1, 0.0
17161722.0, 6955492.0, 1, 0.0
17161722.0, 6955492.0, 1, 0.0
17161722.0, 6955492.0, 1, 0.0
17161722.0, 6955492.0, 1, 0.0
17161722.0, 6955492.0, 1, 0.0
17161722.0, 6955492.0, 1, 0.0
17161722.0, 6955492.0, 1, 0.0
17161722.0, 6955492.0, 1, 0.0
17237622.0, 6948220.0, 1, 0.0
17321632.0, 6852856.0, 1, 0.0
17321632.0, 6852856.0, 1, 0.0
17321632.0, 6852856.0, 1, 0.0
17899764.0, 6742608.0, 1, 0.0
17990104.0, 6729276.0, 1, 0.0
17990104.0, 6729276.0, 1, 0.0
17990104.0, 6729276.0, 1, 0.0
17990104.0, 6729276.0, 1, 0.0
17990104.0, 6729276.0, 1, 0.0
18063094.0, 6627720.0, 1, 0.0
18154450.0, 6614188.0, 1, 0.0
19072340.0, 6303642.0, 1, 0.0
19072340.0, 6303642.0, 1, 0.0
19072340.0, 6303642.0, 1, 0.0
15819630.0, 9789000.0, 1, 0.0
15819630.0, 9789000.0, 1, 0.0
15819630.0, 9789000.0, 1, 0.0
15819630.0, 9789000.0, 1, 0.0
15975696.0, 9488294.0, 1, 0.0
15975696.0, 9488294.0, 1, 0.0
16096542.0, 9471888.0, 1, 0.0
16218700.0, 8663926.0, 1, 0.0
16218700.0, 8663926.0, 1, 0.0
16453202.0, 8325276.0, 1, 0.0
16453202.0, 8325276.0, 1, 0.0
16453202.0, 8325276.0, 1, 0.0
16505722.0, 8238454.0, 1, 0.0
16505722.0, 8238454.0, 1, 0.0
16505722.0, 8238454.0, 1, 0.0
16505722.0, 8238454.0, 1, 0.0
16505722.0, 8238454.0, 1, 0.0
16505722.0, 8238454.0, 1, 0.0
16514866.0, 7965890.0, 1, 0.0
16514866.0, 7965890.0, 1, 0.0
16514866.0, 7965890.0, 1, 0.0
16514866.0, 7965890.0, 1, 0.0
15506338.0, 12298022.0, 2, inf
18070440.0, 6709552.0, 2, inf
16187080.0, 9575462.0, 2, 0.54170058022
16107490.0, 11358494.0, 2, 0.53511000429
15668048.0, 11434676.0, 2, 0.402568333739
17283788.0, 6939118.0, 2, 0.320468931057
16921072.0, 7586146.0, 2, 0.260444113259
16560596.0, 8062924.0, 2, 0.244605934922
16305544.0, 8762876.0, 2, 0.226677941027
16713474.0, 8046416.0, 2, 0.225900256137
16348574.0, 8618088.0, 2, 0.189646658318
17084854.0, 7400356.0, 2, 0.114525195773
17157642.0, 7100676.0, 2, 0.0953917195566
17116024.0, 7371024.0, 2, 0.0820120213764
17197514.0, 7015538.0, 2, 0.0781061155858
17283788.0, 6939118.0, 2, 0.074725373684
16341622.0, 8645504.0, 2, 0.0237138090166
16341622.0, 8645504.0, 2, 0.0189762381039
15739408.0, 12514098.0, 3, inf
18110570.0, 6710048.0, 3, inf
16147620.0, 11885922.0, 3, 0.947779849391
16435400.0, 8716762.0, 3, 0.836329969707
16633876.0, 8222062.0, 3, 0.605306197998
17862592.0, 7050474.0, 3, 0.446913952611
17273430.0, 7254836.0, 3, 0.415116475676
17273430.0, 7254836.0, 3, 0.304932006234
Generacion: 126
15408400.0, 11545012.0, 1, inf
19185380.0, 6284830.0, 1, inf
15408400.0, 11545012.0, 1, inf
18275566.0, 6595074.0, 1, 0.279258729596
15814250.0, 10294122.0, 1, 0.266399603023
15800464.0, 11163618.0, 1, 0.216310946012
18996838.0, 6318426.0, 1, 0.193775817689
16218700.0, 8663926.0, 1, 0.186144677521
16096542.0, 9471888.0, 1, 0.185595032037
17442302.0, 6835196.0, 1, 0.146537798768
17852368.0, 6821194.0, 1, 0.138720132059
16800464.0, 7596510.0, 1, 0.128641882949
15819630.0, 9789000.0, 1, 0.128313058517
16341622.0, 8645504.0, 1, 0.126467071857
15607788.0, 11215058.0, 1, 0.113739970331
16642370.0, 7949384.0, 1, 0.100842178388
15941572.0, 9771226.0, 1, 0.0860730751853
15975696.0, 9488294.0, 1, 0.0857828962593
16514866.0, 7965890.0, 1, 0.0855746458202
16906902.0, 7329338.0, 1, 0.0792535750976
16453202.0, 8325276.0, 1, 0.0747830309037
18996838.0, 6318426.0, 1, 0.0725829020098
17025916.0, 7313618.0, 1, 0.06861325885
16505722.0, 8238454.0, 1, 0.0657217474728
18063094.0, 6627720.0, 1, 0.0653916326417
16863360.0, 7580476.0, 1, 0.0643956727523
15607788.0, 11215058.0, 1, 0.0625694538603
17321632.0, 6852856.0, 1, 0.0480817075249
17037622.0, 7118450.0, 1, 0.0479861970175
16453202.0, 8325276.0, 1, 0.0460476335007
16642370.0, 7949384.0, 1, 0.0449951652707
17990104.0, 6729276.0, 1, 0.0432251367662
17281742.0, 6937718.0, 1, 0.0403720490297
17078728.0, 7050656.0, 1, 0.0389492469478
17899764.0, 6742608.0, 1, 0.0388583677077
17161722.0, 6955492.0, 1, 0.0371446401204
16218700.0, 8663926.0, 1, 0.0358449314002
16096542.0, 9471888.0, 1, 0.0354616746992
17237622.0, 6948220.0, 1, 0.0351556810311
18154450.0, 6614188.0, 1, 0.0346394239821
19072340.0, 6303642.0, 1, 0.0327392223134
17132118.0, 7045174.0, 1, 0.0311848521417
18154450.0, 6614188.0, 1, 0.0278212930106
19072340.0, 6303642.0, 1, 0.0235663470693
17990104.0, 6729276.0, 1, 0.0218594763949
16505722.0, 8238454.0, 1, 0.0189264943895
17037622.0, 7118450.0, 1, 0.0159874487746
17899764.0, 6742608.0, 1, 0.015083163044
16863360.0, 7580476.0, 1, 0.0145764415302
16906902.0, 7329338.0, 1, 0.0145167477781
17321632.0, 6852856.0, 1, 0.0139186462388
15800464.0, 11163618.0, 1, 0.0134291354048
15941572.0, 9771226.0, 1, 0.0124137019896
15975696.0, 9488294.0, 1, 0.0121536349425
17161722.0, 6955492.0, 1, 0.00922046981555
17132118.0, 7045174.0, 1, 0.00888017740742
17025916.0, 7313618.0, 1, 0.00608779131026
16514866.0, 7965890.0, 1, 0.00555889608211
15819630.0, 9789000.0, 1, 0.00480338898824
17161722.0, 6955492.0, 1, 0.0
17161722.0, 6955492.0, 1, 0.0
17161722.0, 6955492.0, 1, 0.0
17161722.0, 6955492.0, 1, 0.0
17161722.0, 6955492.0, 1, 0.0
17161722.0, 6955492.0, 1, 0.0
17161722.0, 6955492.0, 1, 0.0
17161722.0, 6955492.0, 1, 0.0
17161722.0, 6955492.0, 1, 0.0
17161722.0, 6955492.0, 1, 0.0
17161722.0, 6955492.0, 1, 0.0
17161722.0, 6955492.0, 1, 0.0
17161722.0, 6955492.0, 1, 0.0
17161722.0, 6955492.0, 1, 0.0
17161722.0, 6955492.0, 1, 0.0
17161722.0, 6955492.0, 1, 0.0
17161722.0, 6955492.0, 1, 0.0
17161722.0, 6955492.0, 1, 0.0
17161722.0, 6955492.0, 1, 0.0
17161722.0, 6955492.0, 1, 0.0
17161722.0, 6955492.0, 1, 0.0
17161722.0, 6955492.0, 1, 0.0
17161722.0, 6955492.0, 1, 0.0
17321632.0, 6852856.0, 1, 0.0
17321632.0, 6852856.0, 1, 0.0
17321632.0, 6852856.0, 1, 0.0
17321632.0, 6852856.0, 1, 0.0
17321632.0, 6852856.0, 1, 0.0
17990104.0, 6729276.0, 1, 0.0
17990104.0, 6729276.0, 1, 0.0
18154450.0, 6614188.0, 1, 0.0
18154450.0, 6614188.0, 1, 0.0
18154450.0, 6614188.0, 1, 0.0
19072340.0, 6303642.0, 1, 0.0
19072340.0, 6303642.0, 1, 0.0
19072340.0, 6303642.0, 1, 0.0
19072340.0, 6303642.0, 1, 0.0
19072340.0, 6303642.0, 1, 0.0
15819630.0, 9789000.0, 1, 0.0
15819630.0, 9789000.0, 1, 0.0
15819630.0, 9789000.0, 1, 0.0
15819630.0, 9789000.0, 1, 0.0
15819630.0, 9789000.0, 1, 0.0
15819630.0, 9789000.0, 1, 0.0
15975696.0, 9488294.0, 1, 0.0
15975696.0, 9488294.0, 1, 0.0
15975696.0, 9488294.0, 1, 0.0
16453202.0, 8325276.0, 1, 0.0
16453202.0, 8325276.0, 1, 0.0
16505722.0, 8238454.0, 1, 0.0
16505722.0, 8238454.0, 1, 0.0
16505722.0, 8238454.0, 1, 0.0
16505722.0, 8238454.0, 1, 0.0
16505722.0, 8238454.0, 1, 0.0
16514866.0, 7965890.0, 1, 0.0
16514866.0, 7965890.0, 1, 0.0
16514866.0, 7965890.0, 1, 0.0
16514866.0, 7965890.0, 1, 0.0
16642370.0, 7949384.0, 1, 0.0
16906902.0, 7329338.0, 1, 0.0
16906902.0, 7329338.0, 1, 0.0
16906902.0, 7329338.0, 1, 0.0
16906902.0, 7329338.0, 1, 0.0
16906902.0, 7329338.0, 1, 0.0
16906902.0, 7329338.0, 1, 0.0
16906902.0, 7329338.0, 1, 0.0
17037622.0, 7118450.0, 1, 0.0
17132118.0, 7045174.0, 1, 0.0
17132118.0, 7045174.0, 1, 0.0
17161722.0, 6955492.0, 1, 0.0
17161722.0, 6955492.0, 1, 0.0
20807372.0, 6460218.0, 2, inf
15540532.0, 12005908.0, 2, inf
16107490.0, 11358494.0, 2, 0.721092856084
16355602.0, 8865174.0, 2, 0.603717148299
18638714.0, 6662382.0, 2, 0.546206644421
18436572.0, 6992990.0, 2, 0.289286101995
17643916.0, 7219206.0, 2, 0.268058604999
16807086.0, 7945402.0, 2, 0.147618709232
16494200.0, 8417650.0, 2, 0.132698577184
17027528.0, 7319250.0, 2, 0.117096149108
16560596.0, 8062924.0, 2, 0.0959491569055
17004752.0, 7711948.0, 2, 0.087301663204
17273430.0, 7254836.0, 2, 0.0767401678111
17017230.0, 7682524.0, 2, 0.0751358015003
16551452.0, 8335488.0, 2, 0.0600190735918
17261466.0, 7290312.0, 2, 0.0583038627505
16560596.0, 8062924.0, 2, 0.0229277374218
16551452.0, 8335488.0, 2, 0.0165516147031
17273430.0, 7254836.0, 2, 0.0086963799852
17273430.0, 7254836.0, 2, 0.0
Generacion: 127
19185380.0, 6284830.0, 1, inf
15408400.0, 11545012.0, 1, inf
15408400.0, 11545012.0, 1, inf
19185380.0, 6284830.0, 1, inf
15800464.0, 11163618.0, 1, 0.327191975723
15819630.0, 9789000.0, 1, 0.293610761144
18952884.0, 6390894.0, 1, 0.2693137585
18187530.0, 6607946.0, 1, 0.253844680083
16815532.0, 7450386.0, 1, 0.187913355944
16218700.0, 8663926.0, 1, 0.186144677521
16096542.0, 9471888.0, 1, 0.185595032037
16642370.0, 7949384.0, 1, 0.128621445342
16341622.0, 8645504.0, 1, 0.126467071857
17442302.0, 6835196.0, 1, 0.124475758005
17899764.0, 6742608.0, 1, 0.123652972786
15607788.0, 11215058.0, 1, 0.113739970331
15941572.0, 9771226.0, 1, 0.0860730751853
15975696.0, 9488294.0, 1, 0.0857828962593
16514866.0, 7965890.0, 1, 0.0855746458202
16453202.0, 8325276.0, 1, 0.0747830309037
17025916.0, 7313618.0, 1, 0.06861325885
16505722.0, 8238454.0, 1, 0.0657217474728
15607788.0, 11215058.0, 1, 0.0625694538603
17037622.0, 7118450.0, 1, 0.0621218291893
16906902.0, 7329338.0, 1, 0.0545224916484
17442302.0, 6835196.0, 1, 0.0495504779971
16642370.0, 7949384.0, 1, 0.0489845959799
18996838.0, 6318426.0, 1, 0.0482146436097
17321632.0, 6852856.0, 1, 0.0480817075249
16453202.0, 8325276.0, 1, 0.0460476335007
18063094.0, 6627720.0, 1, 0.0434941347488
17990104.0, 6729276.0, 1, 0.0432251367662
17132118.0, 7045174.0, 1, 0.0420681504382
17899764.0, 6742608.0, 1, 0.0415202527907
17161722.0, 6955492.0, 1, 0.0371446401204
16218700.0, 8663926.0, 1, 0.0358449314002
16096542.0, 9471888.0, 1, 0.0354616746992
19072340.0, 6303642.0, 1, 0.0327392223134
17281742.0, 6937718.0, 1, 0.0278141922085
16906902.0, 7329338.0, 1, 0.0271797748527
18154450.0, 6614188.0, 1, 0.0253742293919
19072340.0, 6303642.0, 1, 0.0235663470693
17237622.0, 6948220.0, 1, 0.0220919290165
18063094.0, 6627720.0, 1, 0.021897497893
17990104.0, 6729276.0, 1, 0.0218594763949
17132118.0, 7045174.0, 1, 0.0217683246236
16505722.0, 8238454.0, 1, 0.0189264943895
17037622.0, 7118450.0, 1, 0.0170296180379
17321632.0, 6852856.0, 1, 0.0139186462388
17237622.0, 6948220.0, 1, 0.0130637520146
17281742.0, 6937718.0, 1, 0.0125578568213
15941572.0, 9771226.0, 1, 0.0124137019896
15975696.0, 9488294.0, 1, 0.0121536349425
18154450.0, 6614188.0, 1, 0.0113308547019
17161722.0, 6955492.0, 1, 0.00922046981555
15819630.0, 9789000.0, 1, 0.00845339507776
17025916.0, 7313618.0, 1, 0.00608779131026
16514866.0, 7965890.0, 1, 0.00555889608211
15819630.0, 9789000.0, 1, 0.0
15819630.0, 9789000.0, 1, 0.0
15819630.0, 9789000.0, 1, 0.0
15819630.0, 9789000.0, 1, 0.0
15819630.0, 9789000.0, 1, 0.0
15941572.0, 9771226.0, 1, 0.0
15941572.0, 9771226.0, 1, 0.0
15941572.0, 9771226.0, 1, 0.0
15941572.0, 9771226.0, 1, 0.0
15975696.0, 9488294.0, 1, 0.0
15975696.0, 9488294.0, 1, 0.0
15975696.0, 9488294.0, 1, 0.0
15975696.0, 9488294.0, 1, 0.0
16096542.0, 9471888.0, 1, 0.0
16096542.0, 9471888.0, 1, 0.0
16453202.0, 8325276.0, 1, 0.0
16505722.0, 8238454.0, 1, 0.0
16505722.0, 8238454.0, 1, 0.0
16505722.0, 8238454.0, 1, 0.0
16505722.0, 8238454.0, 1, 0.0
16505722.0, 8238454.0, 1, 0.0
16514866.0, 7965890.0, 1, 0.0
16514866.0, 7965890.0, 1, 0.0
16514866.0, 7965890.0, 1, 0.0
16514866.0, 7965890.0, 1, 0.0
16514866.0, 7965890.0, 1, 0.0
16514866.0, 7965890.0, 1, 0.0
16642370.0, 7949384.0, 1, 0.0
16642370.0, 7949384.0, 1, 0.0
16642370.0, 7949384.0, 1, 0.0
16906902.0, 7329338.0, 1, 0.0
16906902.0, 7329338.0, 1, 0.0
17132118.0, 7045174.0, 1, 0.0
17132118.0, 7045174.0, 1, 0.0
17161722.0, 6955492.0, 1, 0.0
17161722.0, 6955492.0, 1, 0.0
17161722.0, 6955492.0, 1, 0.0
17161722.0, 6955492.0, 1, 0.0
17161722.0, 6955492.0, 1, 0.0
17161722.0, 6955492.0, 1, 0.0
17161722.0, 6955492.0, 1, 0.0
17161722.0, 6955492.0, 1, 0.0
17161722.0, 6955492.0, 1, 0.0
17161722.0, 6955492.0, 1, 0.0
17161722.0, 6955492.0, 1, 0.0
17161722.0, 6955492.0, 1, 0.0
17161722.0, 6955492.0, 1, 0.0
17281742.0, 6937718.0, 1, 0.0
17281742.0, 6937718.0, 1, 0.0
17321632.0, 6852856.0, 1, 0.0
17321632.0, 6852856.0, 1, 0.0
18154450.0, 6614188.0, 1, 0.0
19072340.0, 6303642.0, 1, 0.0
19072340.0, 6303642.0, 1, 0.0
15408400.0, 11545012.0, 1, 0.0
15408400.0, 11545012.0, 1, 0.0
15607788.0, 11215058.0, 1, 0.0
15819630.0, 9789000.0, 1, 0.0
15819630.0, 9789000.0, 1, 0.0
15551780.0, 13439968.0, 2, inf
19436584.0, 6753256.0, 2, inf
15670230.0, 11887478.0, 2, 0.375470399147
15878406.0, 11491510.0, 2, 0.360363585709
17611596.0, 6860582.0, 2, 0.333109957777
16511978.0, 9243248.0, 2, 0.28741812772
18549560.0, 6762378.0, 2, 0.282480674692
15911206.0, 9892610.0, 2, 0.281606773741
18372838.0, 6811152.0, 2, 0.256130796818
16560596.0, 8062924.0, 2, 0.224322459284
16246676.0, 9444472.0, 2, 0.217711378757
17197514.0, 7015538.0, 2, 0.203903566761
16033148.0, 9874836.0, 2, 0.153373607679
16851056.0, 7848620.0, 2, 0.114796025967
16688100.0, 8046418.0, 2, 0.106817485219
16863360.0, 7580476.0, 2, 0.0729881402956
16991120.0, 7565206.0, 2, 0.0699285515829
17116024.0, 7371024.0, 2, 0.0611866201592
17038268.0, 7413944.0, 2, 0.0346131357139
17084854.0, 7400356.0, 2, 0.0264341244537
17116024.0, 7371024.0, 2, 0.0253632155948
17038268.0, 7413944.0, 2, 0.0141686095408
16863360.0, 7580476.0, 2, 0.00545084612493
17116024.0, 7371024.0, 2, 0.0
16863360.0, 7580476.0, 2, 0.0
16863360.0, 7580476.0, 2, 0.0
17116024.0, 7371024.0, 2, 0.0
17116024.0, 7371024.0, 2, 0.0
18778200.0, 6824620.0, 3, inf
16107490.0, 11358494.0, 3, inf
16107490.0, 11358494.0, 3, inf
16581196.0, 8308446.0, 3, 0.794307872767
18436572.0, 6992990.0, 3, 0.615031458161
Generacion: 128
15408400.0, 11545012.0, 1, inf
19185380.0, 6284830.0, 1, inf
15801706.0, 9909422.0, 1, 0.442709027214
18996838.0, 6318426.0, 1, 0.292114352597
18187530.0, 6607946.0, 1, 0.279258729596
16218700.0, 8663926.0, 1, 0.186144677521
16096542.0, 9471888.0, 1, 0.185595032037
17529700.0, 6819712.0, 1, 0.148548243084
16771596.0, 7703098.0, 1, 0.140709939324
17899764.0, 6742608.0, 1, 0.139089949937
16341622.0, 8645504.0, 1, 0.126467071857
15941572.0, 9771226.0, 1, 0.0860730751853
15975696.0, 9488294.0, 1, 0.0857828962593
16514866.0, 7965890.0, 1, 0.0855746458202
16642370.0, 7949384.0, 1, 0.0805790011828
16453202.0, 8325276.0, 1, 0.0747830309037
17025916.0, 7313618.0, 1, 0.0747010501603
16815532.0, 7450386.0, 1, 0.0722337292596
16505722.0, 8238454.0, 1, 0.0657217474728
17403102.0, 6832300.0, 1, 0.061389379583
15819630.0, 9789000.0, 1, 0.0551787068916
16906902.0, 7329338.0, 1, 0.0545224916484
17037622.0, 7118450.0, 1, 0.0479861970175
16453202.0, 8325276.0, 1, 0.0460476335007
18063094.0, 6627720.0, 1, 0.0422477900405
17132118.0, 7045174.0, 1, 0.0400650295491
17078728.0, 7050656.0, 1, 0.0389492469478
18023550.0, 6722720.0, 1, 0.0386315196436
17321632.0, 6852856.0, 1, 0.0377030452074
16642370.0, 7949384.0, 1, 0.0373520218069
17161722.0, 6955492.0, 1, 0.0371446401204
16218700.0, 8663926.0, 1, 0.0358449314002
16096542.0, 9471888.0, 1, 0.0354616746992
16815532.0, 7450386.0, 1, 0.0346447056924
19072340.0, 6303642.0, 1, 0.0327392223134
16906902.0, 7329338.0, 1, 0.0271797748527
18154450.0, 6614188.0, 1, 0.0253742293919
17990104.0, 6729276.0, 1, 0.0251649251614
17281742.0, 6937718.0, 1, 0.0241530661236
19072340.0, 6303642.0, 1, 0.0235663470693
17237622.0, 6948220.0, 1, 0.0219181707701
16505722.0, 8238454.0, 1, 0.0189264943895
17037622.0, 7118450.0, 1, 0.0159874487746
17321632.0, 6852856.0, 1, 0.0144691975316
17251450.0, 6938632.0, 1, 0.0136777992091
18063094.0, 6627720.0, 1, 0.0130422749371
15941572.0, 9771226.0, 1, 0.0124137019896
15975696.0, 9488294.0, 1, 0.0121536349425
17990104.0, 6729276.0, 1, 0.0113897360203
18154450.0, 6614188.0, 1, 0.0113308547019
17281742.0, 6937718.0, 1, 0.0107351062016
17161722.0, 6955492.0, 1, 0.00922046981555
15819630.0, 9789000.0, 1, 0.00812456092985
16514866.0, 7965890.0, 1, 0.00555889608211
17237622.0, 6948220.0, 1, 0.00504358775634
15975696.0, 9488294.0, 1, 0.0
15975696.0, 9488294.0, 1, 0.0
16096542.0, 9471888.0, 1, 0.0
16096542.0, 9471888.0, 1, 0.0
16218700.0, 8663926.0, 1, 0.0
16453202.0, 8325276.0, 1, 0.0
16505722.0, 8238454.0, 1, 0.0
16514866.0, 7965890.0, 1, 0.0
16514866.0, 7965890.0, 1, 0.0
16514866.0, 7965890.0, 1, 0.0
16514866.0, 7965890.0, 1, 0.0
16514866.0, 7965890.0, 1, 0.0
16514866.0, 7965890.0, 1, 0.0
16514866.0, 7965890.0, 1, 0.0
16642370.0, 7949384.0, 1, 0.0
16642370.0, 7949384.0, 1, 0.0
16906902.0, 7329338.0, 1, 0.0
16906902.0, 7329338.0, 1, 0.0
16906902.0, 7329338.0, 1, 0.0
16906902.0, 7329338.0, 1, 0.0
16906902.0, 7329338.0, 1, 0.0
16906902.0, 7329338.0, 1, 0.0
17161722.0, 6955492.0, 1, 0.0
17161722.0, 6955492.0, 1, 0.0
17161722.0, 6955492.0, 1, 0.0
17161722.0, 6955492.0, 1, 0.0
17161722.0, 6955492.0, 1, 0.0
17161722.0, 6955492.0, 1, 0.0
17161722.0, 6955492.0, 1, 0.0
17161722.0, 6955492.0, 1, 0.0
17161722.0, 6955492.0, 1, 0.0
17281742.0, 6937718.0, 1, 0.0
17281742.0, 6937718.0, 1, 0.0
17281742.0, 6937718.0, 1, 0.0
17321632.0, 6852856.0, 1, 0.0
17321632.0, 6852856.0, 1, 0.0
17321632.0, 6852856.0, 1, 0.0
17321632.0, 6852856.0, 1, 0.0
17321632.0, 6852856.0, 1, 0.0
17990104.0, 6729276.0, 1, 0.0
17990104.0, 6729276.0, 1, 0.0
17990104.0, 6729276.0, 1, 0.0
18063094.0, 6627720.0, 1, 0.0
18063094.0, 6627720.0, 1, 0.0
18063094.0, 6627720.0, 1, 0.0
19072340.0, 6303642.0, 1, 0.0
19072340.0, 6303642.0, 1, 0.0
19072340.0, 6303642.0, 1, 0.0
15819630.0, 9789000.0, 1, 0.0
15819630.0, 9789000.0, 1, 0.0
15819630.0, 9789000.0, 1, 0.0
15819630.0, 9789000.0, 1, 0.0
15819630.0, 9789000.0, 1, 0.0
15819630.0, 9789000.0, 1, 0.0
15819630.0, 9789000.0, 1, 0.0
15941572.0, 9771226.0, 1, 0.0
15941572.0, 9771226.0, 1, 0.0
15941572.0, 9771226.0, 1, 0.0
15941572.0, 9771226.0, 1, 0.0
15975696.0, 9488294.0, 1, 0.0
15975696.0, 9488294.0, 1, 0.0
15975696.0, 9488294.0, 1, 0.0
15975696.0, 9488294.0, 1, 0.0
15975696.0, 9488294.0, 1, 0.0
15422086.0, 11728008.0, 2, inf
20696180.0, 6400070.0, 2, inf
16098422.0, 9637254.0, 2, 0.720309109412
17737658.0, 6847706.0, 2, 0.656631072314
20671562.0, 6453298.0, 2, 0.644970340397
16423372.0, 8901754.0, 2, 0.38311677092
16560596.0, 8062924.0, 2, 0.341293215569
16921072.0, 7586146.0, 2, 0.223759778529
17611596.0, 6860582.0, 2, 0.103213593227
17283788.0, 6939118.0, 2, 0.0992934301555
17157642.0, 7100676.0, 2, 0.0904748005012
17116024.0, 7371024.0, 2, 0.0566516012586
17258066.0, 7032472.0, 2, 0.0542408419608
17084854.0, 7400356.0, 2, 0.0407809210817
17084854.0, 7400356.0, 2, 0.036559373342
17116024.0, 7371024.0, 2, 0.0133963428764
18999580.0, 6857388.0, 3, inf
15670230.0, 11887478.0, 3, inf
15670230.0, 11887478.0, 3, inf
17884088.0, 7048358.0, 3, 0.555837822817
16577270.0, 10264344.0, 3, 0.545578573229
16631224.0, 9223082.0, 3, 0.423015131214
16633876.0, 8222062.0, 3, 0.392067978942
16217160.0, 11341810.0, 3, 0.358623576498
16929238.0, 7701194.0, 3, 0.348005112389
17400562.0, 7237454.0, 3, 0.260843805313
17195710.0, 7320402.0, 3, 0.233759553248
16107490.0, 11358494.0, 3, 0.138104287243
16107490.0, 11358494.0, 3, 0.134651784521
18564754.0, 7080182.0, 4, inf
16003356.0, 12185430.0, 4, inf
Generacion: 129
15362076.0, 12211404.0, 1, inf
19185380.0, 6284830.0, 1, inf
15518154.0, 11528776.0, 1, 0.378846341893
15801706.0, 9909422.0, 1, 0.372407313953
18275566.0, 6595074.0, 1, 0.243398583669
18986452.0, 6403850.0, 1, 0.202843243224
16132018.0, 9331812.0, 1, 0.168279577268
15408400.0, 11545012.0, 1, 0.156003685193
16218700.0, 8663926.0, 1, 0.144844164242
17899764.0, 6742608.0, 1, 0.135679859288
17529700.0, 6819712.0, 1, 0.135273478059
16453202.0, 8325276.0, 1, 0.0903756934895
16390590.0, 8595604.0, 1, 0.0832167479218
15941572.0, 9771226.0, 1, 0.0796339574577
15975696.0, 9488294.0, 1, 0.079347294404
16514866.0, 7965890.0, 1, 0.0793393114643
16771596.0, 7703098.0, 1, 0.0764400485747
17025916.0, 7313618.0, 1, 0.0754985586982
16642370.0, 7949384.0, 1, 0.0749053838697
16815532.0, 7450386.0, 1, 0.0665386648501
17442302.0, 6835196.0, 1, 0.0600134313392
16505722.0, 8238454.0, 1, 0.0597269552405
17078728.0, 7050656.0, 1, 0.0583343468019
16096542.0, 9471888.0, 1, 0.055242980512
18986452.0, 6403850.0, 1, 0.0547298611058
16771596.0, 7703098.0, 1, 0.0530478491301
15819630.0, 9789000.0, 1, 0.0522133937391
16906902.0, 7329338.0, 1, 0.0515531899236
18063094.0, 6627720.0, 1, 0.0496824197511
17321632.0, 6852856.0, 1, 0.0458806033875
17990104.0, 6729276.0, 1, 0.0407644786196
16341622.0, 8645504.0, 1, 0.0405704303783
16642370.0, 7949384.0, 1, 0.0365846447613
17161722.0, 6955492.0, 1, 0.0349841221856
18187530.0, 6607946.0, 1, 0.0347186312285
19113198.0, 6298954.0, 1, 0.0327402285887
16815532.0, 7450386.0, 1, 0.0319162476349
17132118.0, 7045174.0, 1, 0.0290965443211
19072340.0, 6303642.0, 1, 0.0275948193473
16906902.0, 7329338.0, 1, 0.0265506380406
18187530.0, 6607946.0, 1, 0.0263626550928
16218700.0, 8663926.0, 1, 0.0257803860861
19072340.0, 6303642.0, 1, 0.0232553532366
18063094.0, 6627720.0, 1, 0.0224273153971
17281742.0, 6937718.0, 1, 0.0222418867173
17237622.0, 6948220.0, 1, 0.0214697376525
17990104.0, 6729276.0, 1, 0.0213403467707
16505722.0, 8238454.0, 1, 0.0170412590712
17025916.0, 7313618.0, 1, 0.0164656434914
16341622.0, 8645504.0, 1, 0.0159161430126
17078728.0, 7050656.0, 1, 0.0147381699122
17321632.0, 6852856.0, 1, 0.0134131834406
17251450.0, 6938632.0, 1, 0.0133117759438
16096542.0, 9471888.0, 1, 0.0120470952492
15941572.0, 9771226.0, 1, 0.0119242991583
15975696.0, 9488294.0, 1, 0.0116934744019
17281742.0, 6937718.0, 1, 0.0105876049529
17161722.0, 6955492.0, 1, 0.00897005690792
17132118.0, 7045174.0, 1, 0.00866802743862
15819630.0, 9789000.0, 1, 0.00768712628374
16514866.0, 7965890.0, 1, 0.00517673160557
17237622.0, 6948220.0, 1, 0.00484378287897
15819630.0, 9789000.0, 1, 0.0
15819630.0, 9789000.0, 1, 0.0
15819630.0, 9789000.0, 1, 0.0
15819630.0, 9789000.0, 1, 0.0
15819630.0, 9789000.0, 1, 0.0
15819630.0, 9789000.0, 1, 0.0
15941572.0, 9771226.0, 1, 0.0
15941572.0, 9771226.0, 1, 0.0
15941572.0, 9771226.0, 1, 0.0
15975696.0, 9488294.0, 1, 0.0
15975696.0, 9488294.0, 1, 0.0
16096542.0, 9471888.0, 1, 0.0
16096542.0, 9471888.0, 1, 0.0
16096542.0, 9471888.0, 1, 0.0
16096542.0, 9471888.0, 1, 0.0
16505722.0, 8238454.0, 1, 0.0
16514866.0, 7965890.0, 1, 0.0
16514866.0, 7965890.0, 1, 0.0
16514866.0, 7965890.0, 1, 0.0
16514866.0, 7965890.0, 1, 0.0
16514866.0, 7965890.0, 1, 0.0
16514866.0, 7965890.0, 1, 0.0
16514866.0, 7965890.0, 1, 0.0
16514866.0, 7965890.0, 1, 0.0
16642370.0, 7949384.0, 1, 0.0
16642370.0, 7949384.0, 1, 0.0
16771596.0, 7703098.0, 1, 0.0
16815532.0, 7450386.0, 1, 0.0
16906902.0, 7329338.0, 1, 0.0
16906902.0, 7329338.0, 1, 0.0
16906902.0, 7329338.0, 1, 0.0
16906902.0, 7329338.0, 1, 0.0
16906902.0, 7329338.0, 1, 0.0
17132118.0, 7045174.0, 1, 0.0
17132118.0, 7045174.0, 1, 0.0
17132118.0, 7045174.0, 1, 0.0
17132118.0, 7045174.0, 1, 0.0
17161722.0, 6955492.0, 1, 0.0
17161722.0, 6955492.0, 1, 0.0
17161722.0, 6955492.0, 1, 0.0
17161722.0, 6955492.0, 1, 0.0
17161722.0, 6955492.0, 1, 0.0
17281742.0, 6937718.0, 1, 0.0
17281742.0, 6937718.0, 1, 0.0
17281742.0, 6937718.0, 1, 0.0
17281742.0, 6937718.0, 1, 0.0
17321632.0, 6852856.0, 1, 0.0
17321632.0, 6852856.0, 1, 0.0
17321632.0, 6852856.0, 1, 0.0
18063094.0, 6627720.0, 1, 0.0
18063094.0, 6627720.0, 1, 0.0
19072340.0, 6303642.0, 1, 0.0
15819630.0, 9789000.0, 1, 0.0
15819630.0, 9789000.0, 1, 0.0
15819630.0, 9789000.0, 1, 0.0
20069920.0, 6309786.0, 2, inf
15422086.0, 11728008.0, 2, inf
18070440.0, 6709552.0, 2, 0.601075260636
15837804.0, 9932044.0, 2, 0.426822334365
15531820.0, 11711202.0, 2, 0.420910791309
16371972.0, 9069780.0, 2, 0.347667556935
16581196.0, 8308446.0, 2, 0.212806548742
17737658.0, 6847706.0, 2, 0.182059225644
16826322.0, 7744378.0, 2, 0.159680953665
16633876.0, 8222062.0, 2, 0.156845573381
16066234.0, 9591868.0, 2, 0.121986521103
16066234.0, 9591868.0, 2, 0.11946035053
15947116.0, 9882716.0, 2, 0.111931319927
17410386.0, 6926530.0, 2, 0.0963980927829
16997724.0, 7603276.0, 2, 0.0916399823979
17197514.0, 7015538.0, 2, 0.0911733972224
17027528.0, 7319250.0, 2, 0.0889936823326
16929238.0, 7701194.0, 2, 0.0629199453943
17027528.0, 7319250.0, 2, 0.0624662618127
17360744.0, 6930624.0, 2, 0.0622277879656
17197514.0, 7015538.0, 2, 0.0522450958036
18935936.0, 6857120.0, 3, inf
15670230.0, 11887478.0, 3, inf
16660916.0, 8920856.0, 3, 0.625922719006
17286994.0, 7115580.0, 3, 0.588143279393
17116024.0, 7371024.0, 3, 0.449748058461
16779066.0, 8902058.0, 3, 0.340537861706
16660916.0, 8920856.0, 3, 0.307097348194
16779066.0, 8902058.0, 3, 0.106917662699
17242506.0, 7353528.0, 3, 0.0712970469026
17273430.0, 7254836.0, 3, 0.0371524345376
17273430.0, 7254836.0, 3, 0.0237727459382
16660916.0, 8920856.0, 3, 0.0
Generacion: 130
21052724.0, 6298380.0, 1, inf
15449862.0, 11802584.0, 1, inf
15518154.0, 11528776.0, 1, 0.406745562963
15801706.0, 9909422.0, 1, 0.369888808557
19072340.0, 6303642.0, 1, 0.356145303981
16218700.0, 8663926.0, 1, 0.245270253252
16096542.0, 9471888.0, 1, 0.168358600646
18986452.0, 6403850.0, 1, 0.164015667319
18154450.0, 6614188.0, 1, 0.150954378166
17990104.0, 6729276.0, 1, 0.148493185131
16316918.0, 8338366.0, 1, 0.102104653532
17442302.0, 6835196.0, 1, 0.100980273995
15941572.0, 9771226.0, 1, 0.0731671253819
15975696.0, 9488294.0, 1, 0.0729715110691
16514866.0, 7965890.0, 1, 0.0722761812088
16652226.0, 7846962.0, 1, 0.067809355154
16771596.0, 7703098.0, 1, 0.067217725444
16815532.0, 7450386.0, 1, 0.0622202794958
16505722.0, 8238454.0, 1, 0.0611236666546
17025916.0, 7313618.0, 1, 0.056699632115
18154450.0, 6614188.0, 1, 0.054519301574
16440704.0, 8320016.0, 1, 0.0518497215247
18063094.0, 6627720.0, 1, 0.0502416177394
15819630.0, 9789000.0, 1, 0.0436424202656
16906902.0, 7329338.0, 1, 0.0432335614534
17037622.0, 7118450.0, 1, 0.0427945957247
16642370.0, 7949384.0, 1, 0.0413648995775
17442302.0, 6835196.0, 1, 0.0407806800418
18986452.0, 6403850.0, 1, 0.0400677587732
17321632.0, 6852856.0, 1, 0.0369548770737
16771596.0, 7703098.0, 1, 0.0339788192641
18996838.0, 6318426.0, 1, 0.0335350290584
17161722.0, 6955492.0, 1, 0.0298400122505
16815532.0, 7450386.0, 1, 0.0298336240642
17132118.0, 7045174.0, 1, 0.0258224226686
16096542.0, 9471888.0, 1, 0.0247834165957
17281742.0, 6937718.0, 1, 0.0232922168119
17078728.0, 7050656.0, 1, 0.021845825871
16906902.0, 7329338.0, 1, 0.0191637358067
16505722.0, 8238454.0, 1, 0.0164501511697
17237622.0, 6948220.0, 1, 0.0154546442663
19072340.0, 6303642.0, 1, 0.0144316095429
17037622.0, 7118450.0, 1, 0.0144060566959
17321632.0, 6852856.0, 1, 0.0103280323373
15941572.0, 9771226.0, 1, 0.00931962687407
17237622.0, 6948220.0, 1, 0.00919571893498
15975696.0, 9488294.0, 1, 0.00907108957422
17281742.0, 6937718.0, 1, 0.00902757181659
17078728.0, 7050656.0, 1, 0.00833257360486
17161722.0, 6955492.0, 1, 0.00660490017128
15819630.0, 9789000.0, 1, 0.00642824743263
17132118.0, 7045174.0, 1, 0.00627969420144
17025916.0, 7313618.0, 1, 0.00494528816331
16642370.0, 7949384.0, 1, 0.00475789971014
16514866.0, 7965890.0, 1, 0.00463082179888
15819630.0, 9789000.0, 1, 0.0
15819630.0, 9789000.0, 1, 0.0
15819630.0, 9789000.0, 1, 0.0
15819630.0, 9789000.0, 1, 0.0
15819630.0, 9789000.0, 1, 0.0
15819630.0, 9789000.0, 1, 0.0
15819630.0, 9789000.0, 1, 0.0
15941572.0, 9771226.0, 1, 0.0
15941572.0, 9771226.0, 1, 0.0
15941572.0, 9771226.0, 1, 0.0
15941572.0, 9771226.0, 1, 0.0
15941572.0, 9771226.0, 1, 0.0
15975696.0, 9488294.0, 1, 0.0
15975696.0, 9488294.0, 1, 0.0
15975696.0, 9488294.0, 1, 0.0
16096542.0, 9471888.0, 1, 0.0
16096542.0, 9471888.0, 1, 0.0
16096542.0, 9471888.0, 1, 0.0
16096542.0, 9471888.0, 1, 0.0
16096542.0, 9471888.0, 1, 0.0
16096542.0, 9471888.0, 1, 0.0
16505722.0, 8238454.0, 1, 0.0
16505722.0, 8238454.0, 1, 0.0
16505722.0, 8238454.0, 1, 0.0
16514866.0, 7965890.0, 1, 0.0
16514866.0, 7965890.0, 1, 0.0
16642370.0, 7949384.0, 1, 0.0
16642370.0, 7949384.0, 1, 0.0
16906902.0, 7329338.0, 1, 0.0
16906902.0, 7329338.0, 1, 0.0
17025916.0, 7313618.0, 1, 0.0
17025916.0, 7313618.0, 1, 0.0
17078728.0, 7050656.0, 1, 0.0
17078728.0, 7050656.0, 1, 0.0
17132118.0, 7045174.0, 1, 0.0
17161722.0, 6955492.0, 1, 0.0
17161722.0, 6955492.0, 1, 0.0
17161722.0, 6955492.0, 1, 0.0
17161722.0, 6955492.0, 1, 0.0
17161722.0, 6955492.0, 1, 0.0
17161722.0, 6955492.0, 1, 0.0
17161722.0, 6955492.0, 1, 0.0
17161722.0, 6955492.0, 1, 0.0
17161722.0, 6955492.0, 1, 0.0
17237622.0, 6948220.0, 1, 0.0
17237622.0, 6948220.0, 1, 0.0
17237622.0, 6948220.0, 1, 0.0
17237622.0, 6948220.0, 1, 0.0
17281742.0, 6937718.0, 1, 0.0
17281742.0, 6937718.0, 1, 0.0
17281742.0, 6937718.0, 1, 0.0
17321632.0, 6852856.0, 1, 0.0
17321632.0, 6852856.0, 1, 0.0
19072340.0, 6303642.0, 1, 0.0
19072340.0, 6303642.0, 1, 0.0
15819630.0, 9789000.0, 1, 0.0
15819630.0, 9789000.0, 1, 0.0
15819630.0, 9789000.0, 1, 0.0
15819630.0, 9789000.0, 1, 0.0
15819630.0, 9789000.0, 1, 0.0
15819630.0, 9789000.0, 1, 0.0
15819630.0, 9789000.0, 1, 0.0
15819630.0, 9789000.0, 1, 0.0
15782352.0, 11870858.0, 2, inf
18527116.0, 6641648.0, 2, inf
15782352.0, 11870858.0, 2, inf
16033148.0, 9874836.0, 2, 0.539245919975
17283788.0, 6939118.0, 2, 0.315835587947
18110570.0, 6710048.0, 2, 0.314301895478
16826322.0, 7744378.0, 2, 0.261000687192
16633876.0, 8222062.0, 2, 0.24702597071
16250412.0, 9315342.0, 2, 0.24191907371
18110570.0, 6710048.0, 2, 0.195566076321
16348574.0, 8618088.0, 2, 0.188709056332
17197514.0, 7015538.0, 2, 0.166057181446
16453202.0, 8325276.0, 2, 0.160070134802
16936998.0, 7434730.0, 2, 0.154604096423
16187080.0, 9575462.0, 2, 0.119982607508
16066234.0, 9591868.0, 2, 0.113332383312
17027528.0, 7319250.0, 2, 0.0910627004203
17027528.0, 7319250.0, 2, 0.0840146492448
17283788.0, 6939118.0, 2, 0.0752380626921
16390590.0, 8595604.0, 2, 0.0670034541387
16390590.0, 8595604.0, 2, 0.0271111264211
17283788.0, 6939118.0, 2, 0.0
18110570.0, 6710048.0, 2, 0.0
15989064.0, 12716294.0, 3, inf
15989064.0, 12716294.0, 3, inf
18948960.0, 6752384.0, 3, inf
16410886.0, 8849410.0, 3, 0.719891319656
16112874.0, 12169248.0, 3, 0.697051823037
18468724.0, 6759388.0, 3, 0.575848814789
17258066.0, 7032472.0, 3, 0.532349968424
17202506.0, 7382966.0, 3, 0.296231063026
16861736.0, 8000600.0, 3, 0.228137441519
Generacion: 131
19185380.0, 6284830.0, 1, inf
19185380.0, 6284830.0, 1, inf
15408400.0, 11545012.0, 1, inf
15819630.0, 9789000.0, 1, 0.366116617405
16218700.0, 8663926.0, 1, 0.23781598176
17899764.0, 6742608.0, 1, 0.165173225577
18672310.0, 6593054.0, 1, 0.164162372221
18754666.0, 6586582.0, 1, 0.160932049442
18154450.0, 6614188.0, 1, 0.139682077107
16132018.0, 9331812.0, 1, 0.136362820849
17442302.0, 6835196.0, 1, 0.124475758005
15819630.0, 9789000.0, 1, 0.112256963008
16815532.0, 7450386.0, 1, 0.106878434952
16316918.0, 8338366.0, 1, 0.0946651980414
19072340.0, 6303642.0, 1, 0.0876842402008
15941572.0, 9771226.0, 1, 0.0860730751853
15975696.0, 9488294.0, 1, 0.0857828962593
16514866.0, 7965890.0, 1, 0.0855746458202
19072340.0, 6303642.0, 1, 0.0837176865567
16771596.0, 7703098.0, 1, 0.0822565517262
17025916.0, 7313618.0, 1, 0.0815014060662
16642370.0, 7949384.0, 1, 0.0805790011828
16505722.0, 8238454.0, 1, 0.0690307403719
16440704.0, 8320016.0, 1, 0.0689821053178
18063094.0, 6627720.0, 1, 0.0653916326417
17990104.0, 6729276.0, 1, 0.0650846131611
17078728.0, 7050656.0, 1, 0.0641266781089
16096542.0, 9471888.0, 1, 0.0586249005854
16771596.0, 7703098.0, 1, 0.0584533875973
16906902.0, 7329338.0, 1, 0.0545224916484
16132018.0, 9331812.0, 1, 0.0495795786615
17442302.0, 6835196.0, 1, 0.0495504779971
17321632.0, 6852856.0, 1, 0.0480817075249
16642370.0, 7949384.0, 1, 0.0373520218069
17161722.0, 6955492.0, 1, 0.0371446401204
17132118.0, 7045174.0, 1, 0.0311848521417
16316918.0, 8338366.0, 1, 0.0294928463169
18154450.0, 6614188.0, 1, 0.0282053101415
16906902.0, 7329338.0, 1, 0.0271797748527
17281742.0, 6937718.0, 1, 0.0241530661236
17237622.0, 6948220.0, 1, 0.0219181707701
16505722.0, 8238454.0, 1, 0.0179265289891
17025916.0, 7313618.0, 1, 0.0169710896068
17078728.0, 7050656.0, 1, 0.0150247691183
17321632.0, 6852856.0, 1, 0.0139186462388
17251450.0, 6938632.0, 1, 0.0136777992091
16096542.0, 9471888.0, 1, 0.0125115928878
15941572.0, 9771226.0, 1, 0.0124137019896
15975696.0, 9488294.0, 1, 0.0121536349425
17281742.0, 6937718.0, 1, 0.0107351062016
17161722.0, 6955492.0, 1, 0.00922046981555
17132118.0, 7045174.0, 1, 0.00888017740742
16514866.0, 7965890.0, 1, 0.00555889608211
17237622.0, 6948220.0, 1, 0.00504358775634
17025916.0, 7313618.0, 1, 0.0
17025916.0, 7313618.0, 1, 0.0
17025916.0, 7313618.0, 1, 0.0
17078728.0, 7050656.0, 1, 0.0
17078728.0, 7050656.0, 1, 0.0
17078728.0, 7050656.0, 1, 0.0
17078728.0, 7050656.0, 1, 0.0
17132118.0, 7045174.0, 1, 0.0
17161722.0, 6955492.0, 1, 0.0
17161722.0, 6955492.0, 1, 0.0
17161722.0, 6955492.0, 1, 0.0
17161722.0, 6955492.0, 1, 0.0
17161722.0, 6955492.0, 1, 0.0
17161722.0, 6955492.0, 1, 0.0
17161722.0, 6955492.0, 1, 0.0
17161722.0, 6955492.0, 1, 0.0
17161722.0, 6955492.0, 1, 0.0
17161722.0, 6955492.0, 1, 0.0
17161722.0, 6955492.0, 1, 0.0
17237622.0, 6948220.0, 1, 0.0
17281742.0, 6937718.0, 1, 0.0
17281742.0, 6937718.0, 1, 0.0
17281742.0, 6937718.0, 1, 0.0
17321632.0, 6852856.0, 1, 0.0
17321632.0, 6852856.0, 1, 0.0
17321632.0, 6852856.0, 1, 0.0
17321632.0, 6852856.0, 1, 0.0
17442302.0, 6835196.0, 1, 0.0
18154450.0, 6614188.0, 1, 0.0
19185380.0, 6284830.0, 1, 0.0
19185380.0, 6284830.0, 1, 0.0
19185380.0, 6284830.0, 1, 0.0
15819630.0, 9789000.0, 1, 0.0
15819630.0, 9789000.0, 1, 0.0
15819630.0, 9789000.0, 1, 0.0
15819630.0, 9789000.0, 1, 0.0
15819630.0, 9789000.0, 1, 0.0
15819630.0, 9789000.0, 1, 0.0
15819630.0, 9789000.0, 1, 0.0
15819630.0, 9789000.0, 1, 0.0
15819630.0, 9789000.0, 1, 0.0
15819630.0, 9789000.0, 1, 0.0
15819630.0, 9789000.0, 1, 0.0
15819630.0, 9789000.0, 1, 0.0
15819630.0, 9789000.0, 1, 0.0
15819630.0, 9789000.0, 1, 0.0
15819630.0, 9789000.0, 1, 0.0
15819630.0, 9789000.0, 1, 0.0
15819630.0, 9789000.0, 1, 0.0
15819630.0, 9789000.0, 1, 0.0
15819630.0, 9789000.0, 1, 0.0
15941572.0, 9771226.0, 1, 0.0
15941572.0, 9771226.0, 1, 0.0
15941572.0, 9771226.0, 1, 0.0
15941572.0, 9771226.0, 1, 0.0
15941572.0, 9771226.0, 1, 0.0
15941572.0, 9771226.0, 1, 0.0
15941572.0, 9771226.0, 1, 0.0
15941572.0, 9771226.0, 1, 0.0
15975696.0, 9488294.0, 1, 0.0
15975696.0, 9488294.0, 1, 0.0
15975696.0, 9488294.0, 1, 0.0
15975696.0, 9488294.0, 1, 0.0
15975696.0, 9488294.0, 1, 0.0
15975696.0, 9488294.0, 1, 0.0
15975696.0, 9488294.0, 1, 0.0
15975696.0, 9488294.0, 1, 0.0
16096542.0, 9471888.0, 1, 0.0
16096542.0, 9471888.0, 1, 0.0
16316918.0, 8338366.0, 1, 0.0
16316918.0, 8338366.0, 1, 0.0
16505722.0, 8238454.0, 1, 0.0
16505722.0, 8238454.0, 1, 0.0
16514866.0, 7965890.0, 1, 0.0
16514866.0, 7965890.0, 1, 0.0
16514866.0, 7965890.0, 1, 0.0
16514866.0, 7965890.0, 1, 0.0
16642370.0, 7949384.0, 1, 0.0
16642370.0, 7949384.0, 1, 0.0
16906902.0, 7329338.0, 1, 0.0
16906902.0, 7329338.0, 1, 0.0
17025916.0, 7313618.0, 1, 0.0
17025916.0, 7313618.0, 1, 0.0
15462632.0, 11985002.0, 2, inf
20608224.0, 6361654.0, 2, inf
18110570.0, 6710048.0, 2, 0.569493937827
20526828.0, 6484930.0, 2, 0.54735172778
15670230.0, 11887478.0, 2, 0.459266442491
15911206.0, 9892610.0, 2, 0.45880733134
16633876.0, 8222062.0, 2, 0.374186233288
16511978.0, 9243248.0, 2, 0.353895684785
16921072.0, 7586146.0, 2, 0.197533894897
17907110.0, 6824440.0, 2, 0.184947039341
16103086.0, 9632068.0, 2, 0.150437015936
17360744.0, 6930624.0, 2, 0.107691856499
17091966.0, 7360136.0, 2, 0.0865319909938
Generacion: 132
19185380.0, 6284830.0, 1, inf
15408400.0, 11545012.0, 1, inf
19185380.0, 6284830.0, 1, inf
15819630.0, 9789000.0, 1, 0.366116617405
18986452.0, 6403850.0, 1, 0.302059323693
16218700.0, 8663926.0, 1, 0.23781598176
18154450.0, 6614188.0, 1, 0.222854876539
16132018.0, 9331812.0, 1, 0.136362820849
17442302.0, 6835196.0, 1, 0.124475758005
17899764.0, 6742608.0, 1, 0.123652972786
16514866.0, 7965890.0, 1, 0.119788753388
16771596.0, 7703098.0, 1, 0.116014739485
15819630.0, 9789000.0, 1, 0.112256963008
16316918.0, 8338366.0, 1, 0.0946651980414
15941572.0, 9771226.0, 1, 0.0860730751853
15975696.0, 9488294.0, 1, 0.0857828962593
17025916.0, 7313618.0, 1, 0.0815014060662
16815532.0, 7450386.0, 1, 0.0722337292596
16505722.0, 8238454.0, 1, 0.0690307403719
16440704.0, 8320016.0, 1, 0.0689821053178
18154450.0, 6614188.0, 1, 0.0641744077887
17078728.0, 7050656.0, 1, 0.0641266781089
16771596.0, 7703098.0, 1, 0.0615913018368
16096542.0, 9471888.0, 1, 0.0586249005854
16906902.0, 7329338.0, 1, 0.0545224916484
16514866.0, 7965890.0, 1, 0.0523797095064
16132018.0, 9331812.0, 1, 0.0495795786615
17442302.0, 6835196.0, 1, 0.0495504779971
19072340.0, 6303642.0, 1, 0.0489789645885
17321632.0, 6852856.0, 1, 0.0480817075249
18063094.0, 6627720.0, 1, 0.0422477900405
17899764.0, 6742608.0, 1, 0.0415202527907
18023550.0, 6722720.0, 1, 0.0386315196436
17161722.0, 6955492.0, 1, 0.0371446401204
16815532.0, 7450386.0, 1, 0.0346447056924
17132118.0, 7045174.0, 1, 0.0311848521417
16316918.0, 8338366.0, 1, 0.0294928463169
17281742.0, 6937718.0, 1, 0.0278141922085
16906902.0, 7329338.0, 1, 0.0271797748527
19072340.0, 6303642.0, 1, 0.0263161630598
17990104.0, 6729276.0, 1, 0.0251649251614
17237622.0, 6948220.0, 1, 0.0220919290165
16505722.0, 8238454.0, 1, 0.0179265289891
17025916.0, 7313618.0, 1, 0.0169710896068
17078728.0, 7050656.0, 1, 0.0150247691183
17321632.0, 6852856.0, 1, 0.0139186462388
17237622.0, 6948220.0, 1, 0.0130637520146
18063094.0, 6627720.0, 1, 0.0130422749371
17281742.0, 6937718.0, 1, 0.0125578568213
16096542.0, 9471888.0, 1, 0.0125115928878
15941572.0, 9771226.0, 1, 0.0124137019896
15975696.0, 9488294.0, 1, 0.0121536349425
17990104.0, 6729276.0, 1, 0.0113897360203
17161722.0, 6955492.0, 1, 0.00922046981555
17132118.0, 7045174.0, 1, 0.00888017740742
17161722.0, 6955492.0, 1, 0.0
17161722.0, 6955492.0, 1, 0.0
17161722.0, 6955492.0, 1, 0.0
17237622.0, 6948220.0, 1, 0.0
17281742.0, 6937718.0, 1, 0.0
17281742.0, 6937718.0, 1, 0.0
17281742.0, 6937718.0, 1, 0.0
17281742.0, 6937718.0, 1, 0.0
17281742.0, 6937718.0, 1, 0.0
17321632.0, 6852856.0, 1, 0.0
17321632.0, 6852856.0, 1, 0.0
17321632.0, 6852856.0, 1, 0.0
17321632.0, 6852856.0, 1, 0.0
17321632.0, 6852856.0, 1, 0.0
17321632.0, 6852856.0, 1, 0.0
17899764.0, 6742608.0, 1, 0.0
18154450.0, 6614188.0, 1, 0.0
19072340.0, 6303642.0, 1, 0.0
19072340.0, 6303642.0, 1, 0.0
19185380.0, 6284830.0, 1, 0.0
19185380.0, 6284830.0, 1, 0.0
19185380.0, 6284830.0, 1, 0.0
15819630.0, 9789000.0, 1, 0.0
15819630.0, 9789000.0, 1, 0.0
15819630.0, 9789000.0, 1, 0.0
15819630.0, 9789000.0, 1, 0.0
15819630.0, 9789000.0, 1, 0.0
15819630.0, 9789000.0, 1, 0.0
15819630.0, 9789000.0, 1, 0.0
15819630.0, 9789000.0, 1, 0.0
15819630.0, 9789000.0, 1, 0.0
15819630.0, 9789000.0, 1, 0.0
15819630.0, 9789000.0, 1, 0.0
15819630.0, 9789000.0, 1, 0.0
15819630.0, 9789000.0, 1, 0.0
15941572.0, 9771226.0, 1, 0.0
15941572.0, 9771226.0, 1, 0.0
15941572.0, 9771226.0, 1, 0.0
15941572.0, 9771226.0, 1, 0.0
15941572.0, 9771226.0, 1, 0.0
15975696.0, 9488294.0, 1, 0.0
15975696.0, 9488294.0, 1, 0.0
15975696.0, 9488294.0, 1, 0.0
15975696.0, 9488294.0, 1, 0.0
15975696.0, 9488294.0, 1, 0.0
15975696.0, 9488294.0, 1, 0.0
15975696.0, 9488294.0, 1, 0.0
15975696.0, 9488294.0, 1, 0.0
15975696.0, 9488294.0, 1, 0.0
15975696.0, 9488294.0, 1, 0.0
15975696.0, 9488294.0, 1, 0.0
16096542.0, 9471888.0, 1, 0.0
16316918.0, 8338366.0, 1, 0.0
16316918.0, 8338366.0, 1, 0.0
16316918.0, 8338366.0, 1, 0.0
16316918.0, 8338366.0, 1, 0.0
16316918.0, 8338366.0, 1, 0.0
16514866.0, 7965890.0, 1, 0.0
16514866.0, 7965890.0, 1, 0.0
16514866.0, 7965890.0, 1, 0.0
16514866.0, 7965890.0, 1, 0.0
16514866.0, 7965890.0, 1, 0.0
16771596.0, 7703098.0, 1, 0.0
16815532.0, 7450386.0, 1, 0.0
16906902.0, 7329338.0, 1, 0.0
16906902.0, 7329338.0, 1, 0.0
17025916.0, 7313618.0, 1, 0.0
17025916.0, 7313618.0, 1, 0.0
17025916.0, 7313618.0, 1, 0.0
17025916.0, 7313618.0, 1, 0.0
17025916.0, 7313618.0, 1, 0.0
17025916.0, 7313618.0, 1, 0.0
17078728.0, 7050656.0, 1, 0.0
17078728.0, 7050656.0, 1, 0.0
17132118.0, 7045174.0, 1, 0.0
17132118.0, 7045174.0, 1, 0.0
17132118.0, 7045174.0, 1, 0.0
17161722.0, 6955492.0, 1, 0.0
17161722.0, 6955492.0, 1, 0.0
17161722.0, 6955492.0, 1, 0.0
17161722.0, 6955492.0, 1, 0.0
17161722.0, 6955492.0, 1, 0.0
17161722.0, 6955492.0, 1, 0.0
17161722.0, 6955492.0, 1, 0.0
17161722.0, 6955492.0, 1, 0.0
17161722.0, 6955492.0, 1, 0.0
17161722.0, 6955492.0, 1, 0.0
17161722.0, 6955492.0, 1, 0.0
17161722.0, 6955492.0, 1, 0.0
17161722.0, 6955492.0, 1, 0.0
15422086.0, 11728008.0, 2, inf
20229124.0, 6568042.0, 2, inf
15947116.0, 9882716.0, 2, 0.519545576791
18110570.0, 6710048.0, 2, 0.461323223854
16633876.0, 8222062.0, 2, 0.320078788584
Generacion: 133
15494848.0, 12149238.0, 1, inf
19822694.0, 6273594.0, 1, inf
15518154.0, 11528776.0, 1, 0.47674332731
15819630.0, 9789000.0, 1, 0.32427576875
18275566.0, 6595074.0, 1, 0.197785529273
18874122.0, 6429124.0, 1, 0.196803815785
17442302.0, 6835196.0, 1, 0.152347795884
19185380.0, 6284830.0, 1, 0.150460628256
17899764.0, 6742608.0, 1, 0.14460309059
16218700.0, 8663926.0, 1, 0.136364693648
16132018.0, 9331812.0, 1, 0.121867412553
16316918.0, 8338366.0, 1, 0.0990337914039
16505722.0, 8238454.0, 1, 0.0900141843617
15941572.0, 9771226.0, 1, 0.0763295010728
15975696.0, 9488294.0, 1, 0.0760762573114
16514866.0, 7965890.0, 1, 0.0758500944195
16218700.0, 8663926.0, 1, 0.0754372955952
15819630.0, 9789000.0, 1, 0.0726846252038
17025916.0, 7313618.0, 1, 0.0722541756734
16652226.0, 7846962.0, 1, 0.0717756220672
16771596.0, 7703098.0, 1, 0.0705919440582
17078728.0, 7050656.0, 1, 0.0702268156668
18986452.0, 6403850.0, 1, 0.0671569103374
16815532.0, 7450386.0, 1, 0.0641222129264
18063094.0, 6627720.0, 1, 0.0575613865854
18154450.0, 6614188.0, 1, 0.0546503252311
16642370.0, 7949384.0, 1, 0.0519794975268
16096542.0, 9471888.0, 1, 0.0517630075638
16906902.0, 7329338.0, 1, 0.0481012487773
16132018.0, 9331812.0, 1, 0.0438690113356
19072340.0, 6303642.0, 1, 0.04317404018
17321632.0, 6852856.0, 1, 0.0423252431046
16316918.0, 8338366.0, 1, 0.0396988643365
17990104.0, 6729276.0, 1, 0.0381583583867
16771596.0, 7703098.0, 1, 0.0346367378034
17161722.0, 6955492.0, 1, 0.0328009407576
17237622.0, 6948220.0, 1, 0.0307570704803
16815532.0, 7450386.0, 1, 0.0307535889945
19185380.0, 6284830.0, 1, 0.0280315298441
17132118.0, 7045174.0, 1, 0.0275997390513
17281742.0, 6937718.0, 1, 0.0246374603138
16906902.0, 7329338.0, 1, 0.02378757046
19072340.0, 6303642.0, 1, 0.0230471297166
17990104.0, 6729276.0, 1, 0.0191342305614
16505722.0, 8238454.0, 1, 0.0191172632351
17025916.0, 7313618.0, 1, 0.0148782885678
17321632.0, 6852856.0, 1, 0.0122226842234
17281742.0, 6937718.0, 1, 0.0110044347856
16096542.0, 9471888.0, 1, 0.0109893539092
15941572.0, 9771226.0, 1, 0.0109097838624
15975696.0, 9488294.0, 1, 0.0106769583203
17161722.0, 6955492.0, 1, 0.00807800586733
17132118.0, 7045174.0, 1, 0.00777335841081
16514866.0, 7965890.0, 1, 0.00492205331433
17161722.0, 6955492.0, 1, 0.0
17161722.0, 6955492.0, 1, 0.0
17161722.0, 6955492.0, 1, 0.0
17161722.0, 6955492.0, 1, 0.0
17161722.0, 6955492.0, 1, 0.0
17161722.0, 6955492.0, 1, 0.0
17161722.0, 6955492.0, 1, 0.0
17161722.0, 6955492.0, 1, 0.0
17161722.0, 6955492.0, 1, 0.0
17161722.0, 6955492.0, 1, 0.0
17281742.0, 6937718.0, 1, 0.0
17281742.0, 6937718.0, 1, 0.0
17281742.0, 6937718.0, 1, 0.0
17281742.0, 6937718.0, 1, 0.0
17281742.0, 6937718.0, 1, 0.0
17281742.0, 6937718.0, 1, 0.0
17321632.0, 6852856.0, 1, 0.0
17321632.0, 6852856.0, 1, 0.0
17321632.0, 6852856.0, 1, 0.0
17321632.0, 6852856.0, 1, 0.0
19072340.0, 6303642.0, 1, 0.0
19072340.0, 6303642.0, 1, 0.0
19072340.0, 6303642.0, 1, 0.0
19185380.0, 6284830.0, 1, 0.0
19185380.0, 6284830.0, 1, 0.0
19185380.0, 6284830.0, 1, 0.0
15819630.0, 9789000.0, 1, 0.0
15819630.0, 9789000.0, 1, 0.0
15819630.0, 9789000.0, 1, 0.0
15819630.0, 9789000.0, 1, 0.0
15819630.0, 9789000.0, 1, 0.0
15819630.0, 9789000.0, 1, 0.0
15819630.0, 9789000.0, 1, 0.0
15819630.0, 9789000.0, 1, 0.0
15819630.0, 9789000.0, 1, 0.0
15819630.0, 9789000.0, 1, 0.0
15819630.0, 9789000.0, 1, 0.0
15819630.0, 9789000.0, 1, 0.0
15819630.0, 9789000.0, 1, 0.0
15819630.0, 9789000.0, 1, 0.0
15819630.0, 9789000.0, 1, 0.0
15941572.0, 9771226.0, 1, 0.0
15941572.0, 9771226.0, 1, 0.0
15941572.0, 9771226.0, 1, 0.0
15941572.0, 9771226.0, 1, 0.0
15941572.0, 9771226.0, 1, 0.0
15941572.0, 9771226.0, 1, 0.0
15941572.0, 9771226.0, 1, 0.0
15941572.0, 9771226.0, 1, 0.0
15941572.0, 9771226.0, 1, 0.0
15975696.0, 9488294.0, 1, 0.0
15975696.0, 9488294.0, 1, 0.0
15975696.0, 9488294.0, 1, 0.0
15975696.0, 9488294.0, 1, 0.0
15975696.0, 9488294.0, 1, 0.0
15975696.0, 9488294.0, 1, 0.0
15975696.0, 9488294.0, 1, 0.0
15975696.0, 9488294.0, 1, 0.0
16096542.0, 9471888.0, 1, 0.0
16096542.0, 9471888.0, 1, 0.0
16132018.0, 9331812.0, 1, 0.0
16132018.0, 9331812.0, 1, 0.0
16218700.0, 8663926.0, 1, 0.0
16505722.0, 8238454.0, 1, 0.0
16505722.0, 8238454.0, 1, 0.0
16514866.0, 7965890.0, 1, 0.0
16514866.0, 7965890.0, 1, 0.0
16514866.0, 7965890.0, 1, 0.0
16514866.0, 7965890.0, 1, 0.0
16514866.0, 7965890.0, 1, 0.0
16514866.0, 7965890.0, 1, 0.0
16771596.0, 7703098.0, 1, 0.0
16815532.0, 7450386.0, 1, 0.0
16815532.0, 7450386.0, 1, 0.0
16906902.0, 7329338.0, 1, 0.0
16906902.0, 7329338.0, 1, 0.0
16906902.0, 7329338.0, 1, 0.0
16906902.0, 7329338.0, 1, 0.0
16906902.0, 7329338.0, 1, 0.0
17025916.0, 7313618.0, 1, 0.0
17025916.0, 7313618.0, 1, 0.0
17025916.0, 7313618.0, 1, 0.0
17025916.0, 7313618.0, 1, 0.0
17025916.0, 7313618.0, 1, 0.0
17132118.0, 7045174.0, 1, 0.0
17161722.0, 6955492.0, 1, 0.0
17161722.0, 6955492.0, 1, 0.0
17161722.0, 6955492.0, 1, 0.0
17161722.0, 6955492.0, 1, 0.0
17161722.0, 6955492.0, 1, 0.0
17161722.0, 6955492.0, 1, 0.0
18986544.0, 6409982.0, 2, inf
15782352.0, 11870858.0, 2, inf
15983596.0, 9649906.0, 2, 0.666206651801
17121798.0, 7216348.0, 2, 0.551220876208
18485432.0, 6793794.0, 2, 0.543826851277
Generacion: 134
19185380.0, 6284830.0, 1, inf
19185380.0, 6284830.0, 1, inf
15341070.0, 11820208.0, 1, inf
15736692.0, 11329562.0, 1, 0.310314241502
15801706.0, 9909422.0, 1, 0.299886200654
18986452.0, 6403850.0, 1, 0.234527463859
18154450.0, 6614188.0, 1, 0.23374197098
17990104.0, 6729276.0, 1, 0.196441769638
17442302.0, 6835196.0, 1, 0.196211566257
16218700.0, 8663926.0, 1, 0.146206632111
16132018.0, 9331812.0, 1, 0.129885887946
16642370.0, 7949384.0, 1, 0.123313990713
16815532.0, 7450386.0, 1, 0.113914644666
16316918.0, 8338366.0, 1, 0.107926996163
15408400.0, 11545012.0, 1, 0.0987129020304
16505722.0, 8238454.0, 1, 0.0983529435874
15668048.0, 11434676.0, 1, 0.0928363639644
15518154.0, 11528776.0, 1, 0.087473734494
15941572.0, 9771226.0, 1, 0.0828335284596
15975696.0, 9488294.0, 1, 0.0825484317843
16514866.0, 7965890.0, 1, 0.0824072992455
16218700.0, 8663926.0, 1, 0.0813625411636
17025916.0, 7313618.0, 1, 0.0784641802938
16096542.0, 9471888.0, 1, 0.0689326473963
16815532.0, 7450386.0, 1, 0.06691177789
18110570.0, 6710048.0, 1, 0.0635418079317
17078728.0, 7050656.0, 1, 0.0613937567328
18986452.0, 6403850.0, 1, 0.0603404408629
15819630.0, 9789000.0, 1, 0.0534750998211
16906902.0, 7329338.0, 1, 0.0528265454295
18154450.0, 6614188.0, 1, 0.0494131223063
16642370.0, 7949384.0, 1, 0.048025624135
16132018.0, 9331812.0, 1, 0.0478537184599
19072340.0, 6303642.0, 1, 0.0475076865778
17321632.0, 6852856.0, 1, 0.0467200890068
16316918.0, 8338366.0, 1, 0.0435986440021
17161722.0, 6955492.0, 1, 0.0359450685933
17132118.0, 7045174.0, 1, 0.0300896615111
17281742.0, 6937718.0, 1, 0.0268075429322
16906902.0, 7329338.0, 1, 0.0266075086404
19072340.0, 6303642.0, 1, 0.0257400937863
17237622.0, 6948220.0, 1, 0.0216407157559
16505722.0, 8238454.0, 1, 0.0204282961374
17025916.0, 7313618.0, 1, 0.0165776203119
17078728.0, 7050656.0, 1, 0.014728062793
17321632.0, 6852856.0, 1, 0.0135667617932
17237622.0, 6948220.0, 1, 0.0127904333509
17281742.0, 6937718.0, 1, 0.0122736251727
15941572.0, 9771226.0, 1, 0.0120874775507
15975696.0, 9488294.0, 1, 0.0118403399568
17161722.0, 6955492.0, 1, 0.00901446315076
17132118.0, 7045174.0, 1, 0.00869108866757
15819630.0, 9789000.0, 1, 0.00787345734937
16514866.0, 7965890.0, 1, 0.00536049046988
16815532.0, 7450386.0, 1, 0.0
16815532.0, 7450386.0, 1, 0.0
16906902.0, 7329338.0, 1, 0.0
16906902.0, 7329338.0, 1, 0.0
17025916.0, 7313618.0, 1, 0.0
17078728.0, 7050656.0, 1, 0.0
17132118.0, 7045174.0, 1, 0.0
17161722.0, 6955492.0, 1, 0.0
17161722.0, 6955492.0, 1, 0.0
17161722.0, 6955492.0, 1, 0.0
17161722.0, 6955492.0, 1, 0.0
17161722.0, 6955492.0, 1, 0.0
17161722.0, 6955492.0, 1, 0.0
17161722.0, 6955492.0, 1, 0.0
17161722.0, 6955492.0, 1, 0.0
17161722.0, 6955492.0, 1, 0.0
17281742.0, 6937718.0, 1, 0.0
17281742.0, 6937718.0, 1, 0.0
17281742.0, 6937718.0, 1, 0.0
17281742.0, 6937718.0, 1, 0.0
17321632.0, 6852856.0, 1, 0.0
17321632.0, 6852856.0, 1, 0.0
18154450.0, 6614188.0, 1, 0.0
18154450.0, 6614188.0, 1, 0.0
18154450.0, 6614188.0, 1, 0.0
18986452.0, 6403850.0, 1, 0.0
18986452.0, 6403850.0, 1, 0.0
18986452.0, 6403850.0, 1, 0.0
19072340.0, 6303642.0, 1, 0.0
19072340.0, 6303642.0, 1, 0.0
19072340.0, 6303642.0, 1, 0.0
19072340.0, 6303642.0, 1, 0.0
19072340.0, 6303642.0, 1, 0.0
19072340.0, 6303642.0, 1, 0.0
19185380.0, 6284830.0, 1, 0.0
19185380.0, 6284830.0, 1, 0.0
19185380.0, 6284830.0, 1, 0.0
19185380.0, 6284830.0, 1, 0.0
19185380.0, 6284830.0, 1, 0.0
19185380.0, 6284830.0, 1, 0.0
19185380.0, 6284830.0, 1, 0.0
15819630.0, 9789000.0, 1, 0.0
15819630.0, 9789000.0, 1, 0.0
15819630.0, 9789000.0, 1, 0.0
15819630.0, 9789000.0, 1, 0.0
15819630.0, 9789000.0, 1, 0.0
15819630.0, 9789000.0, 1, 0.0
15819630.0, 9789000.0, 1, 0.0
15819630.0, 9789000.0, 1, 0.0
15819630.0, 9789000.0, 1, 0.0
15819630.0, 9789000.0, 1, 0.0
15819630.0, 9789000.0, 1, 0.0
15941572.0, 9771226.0, 1, 0.0
15941572.0, 9771226.0, 1, 0.0
15941572.0, 9771226.0, 1, 0.0
15941572.0, 9771226.0, 1, 0.0
15941572.0, 9771226.0, 1, 0.0
15941572.0, 9771226.0, 1, 0.0
15941572.0, 9771226.0, 1, 0.0
15941572.0, 9771226.0, 1, 0.0
15941572.0, 9771226.0, 1, 0.0
15975696.0, 9488294.0, 1, 0.0
15975696.0, 9488294.0, 1, 0.0
15975696.0, 9488294.0, 1, 0.0
15975696.0, 9488294.0, 1, 0.0
15975696.0, 9488294.0, 1, 0.0
16218700.0, 8663926.0, 1, 0.0
16218700.0, 8663926.0, 1, 0.0
16316918.0, 8338366.0, 1, 0.0
16505722.0, 8238454.0, 1, 0.0
16505722.0, 8238454.0, 1, 0.0
16514866.0, 7965890.0, 1, 0.0
16514866.0, 7965890.0, 1, 0.0
16514866.0, 7965890.0, 1, 0.0
16514866.0, 7965890.0, 1, 0.0
16514866.0, 7965890.0, 1, 0.0
16514866.0, 7965890.0, 1, 0.0
16642370.0, 7949384.0, 1, 0.0
16815532.0, 7450386.0, 1, 0.0
16815532.0, 7450386.0, 1, 0.0
19802394.0, 6290512.0, 2, inf
15670230.0, 11887478.0, 2, inf
15782352.0, 11870858.0, 2, 0.475618834337
15983596.0, 9649906.0, 2, 0.430461304208
18986544.0, 6409982.0, 2, 0.341009641735
16511978.0, 9243248.0, 2, 0.251667371904
17889846.0, 6903456.0, 2, 0.238750179419
18568524.0, 6762564.0, 2, 0.231348142807
16122634.0, 9502626.0, 2, 0.200527394275
16544958.0, 8362036.0, 2, 0.182420362347
17400562.0, 7237454.0, 2, 0.165051549231
18639710.0, 6624290.0, 2, 0.164157691491
17147192.0, 7303644.0, 2, 0.141011086348
17558258.0, 6936640.0, 2, 0.128748990207
16896392.0, 7685292.0, 2, 0.1205853506
16773148.0, 8026830.0, 2, 0.105256483431
Generacion: 135
19185380.0, 6284830.0, 1, inf
15408400.0, 11545012.0, 1, inf
19185380.0, 6284830.0, 1, inf
15721248.0, 11146554.0, 1, 0.382925061456
15801706.0, 9909422.0, 1, 0.284128979062
18275566.0, 6595074.0, 1, 0.26026917133
18986452.0, 6403850.0, 1, 0.207265743973
17899764.0, 6742608.0, 1, 0.165173225577
15518154.0, 11528776.0, 1, 0.158580048152
16218700.0, 8663926.0, 1, 0.152974505317
16132018.0, 9331812.0, 1, 0.136362820849
16642370.0, 7949384.0, 1, 0.128621445342
17442302.0, 6835196.0, 1, 0.124475758005
16815532.0, 7450386.0, 1, 0.119054542684
16316918.0, 8338366.0, 1, 0.114300462194
16514866.0, 7965890.0, 1, 0.104568665419
16316918.0, 8338366.0, 1, 0.0968148515251
15941572.0, 9771226.0, 1, 0.0860730751853
15975696.0, 9488294.0, 1, 0.0857828962593
16218700.0, 8663926.0, 1, 0.0848414764437
16815532.0, 7450386.0, 1, 0.0688588132598
17025916.0, 7313618.0, 1, 0.06861325885
18063094.0, 6627720.0, 1, 0.0653916326417
17037622.0, 7118450.0, 1, 0.0639736457921
18986452.0, 6403850.0, 1, 0.0590929757253
16096542.0, 9471888.0, 1, 0.0586249005854
16514866.0, 7965890.0, 1, 0.0555469818014
15819630.0, 9789000.0, 1, 0.0551787068916
16906902.0, 7329338.0, 1, 0.0545224916484
16132018.0, 9331812.0, 1, 0.0495795786615
17442302.0, 6835196.0, 1, 0.0495504779971
16642370.0, 7949384.0, 1, 0.0489845959799
19072340.0, 6303642.0, 1, 0.0489789645885
17161722.0, 6955492.0, 1, 0.0488259304635
17321632.0, 6852856.0, 1, 0.0480817075249
17281742.0, 6937718.0, 1, 0.0479096123589
17990104.0, 6729276.0, 1, 0.0432251367662
17132118.0, 7045174.0, 1, 0.0400650295491
18154450.0, 6614188.0, 1, 0.0346394239821
18154450.0, 6614188.0, 1, 0.0278212930106
16906902.0, 7329338.0, 1, 0.0271797748527
17078728.0, 7050656.0, 1, 0.0270237793879
19072340.0, 6303642.0, 1, 0.0263161630598
17990104.0, 6729276.0, 1, 0.0218594763949
17281742.0, 6937718.0, 1, 0.0139403184928
17321632.0, 6852856.0, 1, 0.0139186462388
16096542.0, 9471888.0, 1, 0.0125115928878
15941572.0, 9771226.0, 1, 0.0124137019896
15975696.0, 9488294.0, 1, 0.0121536349425
17078728.0, 7050656.0, 1, 0.0119254675599
17161722.0, 6955492.0, 1, 0.0112169786816
15819630.0, 9789000.0, 1, 0.00812456092985
17025916.0, 7313618.0, 1, 0.00608779131026
17025916.0, 7313618.0, 1, 0.0
17078728.0, 7050656.0, 1, 0.0
17078728.0, 7050656.0, 1, 0.0
17161722.0, 6955492.0, 1, 0.0
17161722.0, 6955492.0, 1, 0.0
17161722.0, 6955492.0, 1, 0.0
17161722.0, 6955492.0, 1, 0.0
17161722.0, 6955492.0, 1, 0.0
17161722.0, 6955492.0, 1, 0.0
17161722.0, 6955492.0, 1, 0.0
17161722.0, 6955492.0, 1, 0.0
17161722.0, 6955492.0, 1, 0.0
17281742.0, 6937718.0, 1, 0.0
17281742.0, 6937718.0, 1, 0.0
17321632.0, 6852856.0, 1, 0.0
17321632.0, 6852856.0, 1, 0.0
17321632.0, 6852856.0, 1, 0.0
17321632.0, 6852856.0, 1, 0.0
17321632.0, 6852856.0, 1, 0.0
17442302.0, 6835196.0, 1, 0.0
17442302.0, 6835196.0, 1, 0.0
17442302.0, 6835196.0, 1, 0.0
17990104.0, 6729276.0, 1, 0.0
17990104.0, 6729276.0, 1, 0.0
18154450.0, 6614188.0, 1, 0.0
18154450.0, 6614188.0, 1, 0.0
18154450.0, 6614188.0, 1, 0.0
18986452.0, 6403850.0, 1, 0.0
18986452.0, 6403850.0, 1, 0.0
18986452.0, 6403850.0, 1, 0.0
18986452.0, 6403850.0, 1, 0.0
19072340.0, 6303642.0, 1, 0.0
19185380.0, 6284830.0, 1, 0.0
19185380.0, 6284830.0, 1, 0.0
15819630.0, 9789000.0, 1, 0.0
15819630.0, 9789000.0, 1, 0.0
15819630.0, 9789000.0, 1, 0.0
15819630.0, 9789000.0, 1, 0.0
15819630.0, 9789000.0, 1, 0.0
15819630.0, 9789000.0, 1, 0.0
15819630.0, 9789000.0, 1, 0.0
15819630.0, 9789000.0, 1, 0.0
15819630.0, 9789000.0, 1, 0.0
15819630.0, 9789000.0, 1, 0.0
15819630.0, 9789000.0, 1, 0.0
15819630.0, 9789000.0, 1, 0.0
15819630.0, 9789000.0, 1, 0.0
15819630.0, 9789000.0, 1, 0.0
15819630.0, 9789000.0, 1, 0.0
15941572.0, 9771226.0, 1, 0.0
15941572.0, 9771226.0, 1, 0.0
15941572.0, 9771226.0, 1, 0.0
15941572.0, 9771226.0, 1, 0.0
15941572.0, 9771226.0, 1, 0.0
15975696.0, 9488294.0, 1, 0.0
15975696.0, 9488294.0, 1, 0.0
15975696.0, 9488294.0, 1, 0.0
15975696.0, 9488294.0, 1, 0.0
15975696.0, 9488294.0, 1, 0.0
15975696.0, 9488294.0, 1, 0.0
15975696.0, 9488294.0, 1, 0.0
15975696.0, 9488294.0, 1, 0.0
15975696.0, 9488294.0, 1, 0.0
16096542.0, 9471888.0, 1, 0.0
16096542.0, 9471888.0, 1, 0.0
16132018.0, 9331812.0, 1, 0.0
16132018.0, 9331812.0, 1, 0.0
16218700.0, 8663926.0, 1, 0.0
16316918.0, 8338366.0, 1, 0.0
16514866.0, 7965890.0, 1, 0.0
16514866.0, 7965890.0, 1, 0.0
16642370.0, 7949384.0, 1, 0.0
16815532.0, 7450386.0, 1, 0.0
16815532.0, 7450386.0, 1, 0.0
16906902.0, 7329338.0, 1, 0.0
16906902.0, 7329338.0, 1, 0.0
16906902.0, 7329338.0, 1, 0.0
16906902.0, 7329338.0, 1, 0.0
16906902.0, 7329338.0, 1, 0.0
16906902.0, 7329338.0, 1, 0.0
20760706.0, 6387658.0, 2, inf
15422086.0, 11728008.0, 2, inf
18070440.0, 6709552.0, 2, 0.616308428956
15820306.0, 10226598.0, 2, 0.310342615876
16341622.0, 8645504.0, 2, 0.276548964573
17258066.0, 7032472.0, 2, 0.257413284124
16250412.0, 9315342.0, 2, 0.255141333373
15736692.0, 11329562.0, 2, 0.222706372832
17907110.0, 6824440.0, 2, 0.212637234051
17027528.0, 7319250.0, 2, 0.189989645216
15983596.0, 9649906.0, 2, 0.163054534668
16633876.0, 8222062.0, 2, 0.14934580324
15947116.0, 9882716.0, 2, 0.138574234786
15650354.0, 11596722.0, 2, 0.133540676035
16896392.0, 7685292.0, 2, 0.117295533357
16773864.0, 8102070.0, 2, 0.110184577515
16826322.0, 7744378.0, 2, 0.10099444899
Generacion: 136
19185380.0, 6284830.0, 1, inf
15408400.0, 11545012.0, 1, inf
19185380.0, 6284830.0, 1, inf
15518154.0, 11528776.0, 1, 0.415070312591
15801706.0, 9909422.0, 1, 0.312596915689
18986452.0, 6403850.0, 1, 0.204455194832
18275566.0, 6595074.0, 1, 0.190662516176
16218700.0, 8663926.0, 1, 0.152974505317
16652226.0, 7846962.0, 1, 0.140709939324
16132018.0, 9331812.0, 1, 0.136362820849
17442302.0, 6835196.0, 1, 0.124475758005
17899764.0, 6742608.0, 1, 0.123652972786
16815532.0, 7450386.0, 1, 0.099583353284
15801706.0, 9909422.0, 1, 0.0979668603899
16316918.0, 8338366.0, 1, 0.0946651980414
16505722.0, 8238454.0, 1, 0.086957269361
16514866.0, 7965890.0, 1, 0.0855746458202
16218700.0, 8663926.0, 1, 0.0848414764437
15975696.0, 9488294.0, 1, 0.0821495618994
17025916.0, 7313618.0, 1, 0.0815014060662
16440704.0, 8320016.0, 1, 0.0689821053178
16815532.0, 7450386.0, 1, 0.06624932102
18063094.0, 6627720.0, 1, 0.0653916326417
17078728.0, 7050656.0, 1, 0.0641266781089
15944172.0, 9752114.0, 1, 0.0628222239761
18275566.0, 6595074.0, 1, 0.0596616840584
16642370.0, 7949384.0, 1, 0.0589767836377
16096542.0, 9471888.0, 1, 0.0586249005854
15819630.0, 9789000.0, 1, 0.0551787068916
16906902.0, 7329338.0, 1, 0.0545224916484
16132018.0, 9331812.0, 1, 0.0495795786615
17442302.0, 6835196.0, 1, 0.0495504779971
17321632.0, 6852856.0, 1, 0.0480817075249
17990104.0, 6729276.0, 1, 0.0432251367662
17899764.0, 6742608.0, 1, 0.0415202527907
18986452.0, 6403850.0, 1, 0.0391029307687
17161722.0, 6955492.0, 1, 0.0371446401204
18154450.0, 6614188.0, 1, 0.0367050840937
18996838.0, 6318426.0, 1, 0.0362297872316
15941572.0, 9771226.0, 1, 0.0359189170212
18187530.0, 6607946.0, 1, 0.0357006039945
17237622.0, 6948220.0, 1, 0.0351556810311
19072340.0, 6303642.0, 1, 0.0327392223134
17132118.0, 7045174.0, 1, 0.0311848521417
16316918.0, 8338366.0, 1, 0.0294928463169
17281742.0, 6937718.0, 1, 0.0278141922085
16906902.0, 7329338.0, 1, 0.0271797748527
19072340.0, 6303642.0, 1, 0.0235663470693
17990104.0, 6729276.0, 1, 0.0218594763949
17025916.0, 7313618.0, 1, 0.0169710896068
17078728.0, 7050656.0, 1, 0.0150247691183
17321632.0, 6852856.0, 1, 0.0139186462388
17281742.0, 6937718.0, 1, 0.0125578568213
16096542.0, 9471888.0, 1, 0.0125115928878
15975696.0, 9488294.0, 1, 0.0114652542786
17161722.0, 6955492.0, 1, 0.00922046981555
17132118.0, 7045174.0, 1, 0.00888017740742
15819630.0, 9789000.0, 1, 0.00812456092985
18996838.0, 6318426.0, 1, 0.00556036513125
16514866.0, 7965890.0, 1, 0.00555889608211
15941572.0, 9771226.0, 1, 0.00406735120144
17161722.0, 6955492.0, 1, 0.0
17161722.0, 6955492.0, 1, 0.0
17161722.0, 6955492.0, 1, 0.0
17161722.0, 6955492.0, 1, 0.0
17161722.0, 6955492.0, 1, 0.0
17161722.0, 6955492.0, 1, 0.0
17161722.0, 6955492.0, 1, 0.0
17281742.0, 6937718.0, 1, 0.0
17281742.0, 6937718.0, 1, 0.0
17281742.0, 6937718.0, 1, 0.0
17281742.0, 6937718.0, 1, 0.0
17321632.0, 6852856.0, 1, 0.0
17321632.0, 6852856.0, 1, 0.0
17321632.0, 6852856.0, 1, 0.0
17321632.0, 6852856.0, 1, 0.0
17321632.0, 6852856.0, 1, 0.0
17321632.0, 6852856.0, 1, 0.0
17321632.0, 6852856.0, 1, 0.0
17899764.0, 6742608.0, 1, 0.0
17990104.0, 6729276.0, 1, 0.0
17990104.0, 6729276.0, 1, 0.0
18275566.0, 6595074.0, 1, 0.0
18986452.0, 6403850.0, 1, 0.0
18986452.0, 6403850.0, 1, 0.0
19072340.0, 6303642.0, 1, 0.0
19072340.0, 6303642.0, 1, 0.0
19185380.0, 6284830.0, 1, 0.0
19185380.0, 6284830.0, 1, 0.0
19185380.0, 6284830.0, 1, 0.0
19185380.0, 6284830.0, 1, 0.0
19185380.0, 6284830.0, 1, 0.0
15801706.0, 9909422.0, 1, 0.0
15819630.0, 9789000.0, 1, 0.0
15819630.0, 9789000.0, 1, 0.0
15819630.0, 9789000.0, 1, 0.0
15819630.0, 9789000.0, 1, 0.0
15819630.0, 9789000.0, 1, 0.0
15819630.0, 9789000.0, 1, 0.0
15819630.0, 9789000.0, 1, 0.0
15819630.0, 9789000.0, 1, 0.0
15941572.0, 9771226.0, 1, 0.0
15941572.0, 9771226.0, 1, 0.0
15941572.0, 9771226.0, 1, 0.0
15941572.0, 9771226.0, 1, 0.0
15941572.0, 9771226.0, 1, 0.0
15941572.0, 9771226.0, 1, 0.0
15941572.0, 9771226.0, 1, 0.0
15941572.0, 9771226.0, 1, 0.0
15975696.0, 9488294.0, 1, 0.0
15975696.0, 9488294.0, 1, 0.0
15975696.0, 9488294.0, 1, 0.0
15975696.0, 9488294.0, 1, 0.0
15975696.0, 9488294.0, 1, 0.0
15975696.0, 9488294.0, 1, 0.0
15975696.0, 9488294.0, 1, 0.0
15975696.0, 9488294.0, 1, 0.0
16096542.0, 9471888.0, 1, 0.0
16132018.0, 9331812.0, 1, 0.0
16132018.0, 9331812.0, 1, 0.0
16132018.0, 9331812.0, 1, 0.0
16316918.0, 8338366.0, 1, 0.0
16316918.0, 8338366.0, 1, 0.0
16514866.0, 7965890.0, 1, 0.0
16514866.0, 7965890.0, 1, 0.0
16514866.0, 7965890.0, 1, 0.0
16514866.0, 7965890.0, 1, 0.0
16514866.0, 7965890.0, 1, 0.0
16815532.0, 7450386.0, 1, 0.0
16906902.0, 7329338.0, 1, 0.0
16906902.0, 7329338.0, 1, 0.0
16906902.0, 7329338.0, 1, 0.0
16906902.0, 7329338.0, 1, 0.0
17025916.0, 7313618.0, 1, 0.0
17025916.0, 7313618.0, 1, 0.0
17025916.0, 7313618.0, 1, 0.0
17025916.0, 7313618.0, 1, 0.0
17025916.0, 7313618.0, 1, 0.0
17025916.0, 7313618.0, 1, 0.0
17078728.0, 7050656.0, 1, 0.0
17078728.0, 7050656.0, 1, 0.0
17161722.0, 6955492.0, 1, 0.0
17161722.0, 6955492.0, 1, 0.0
15422086.0, 11728008.0, 2, inf
20728526.0, 6344006.0, 2, inf
19915878.0, 6586922.0, 2, 0.542863045106
15947116.0, 9882716.0, 2, 0.444056460985
15531820.0, 11711202.0, 2, 0.441678168493
18070440.0, 6709552.0, 2, 0.369112045371
16416920.0, 8451260.0, 2, 0.334716182151
Generacion: 137
19185380.0, 6284830.0, 1, inf
19185380.0, 6284830.0, 1, inf
15518154.0, 11528776.0, 1, inf
15801706.0, 9909422.0, 1, 0.313692094681
18654432.0, 6577354.0, 1, 0.266985661853
17403102.0, 6832300.0, 1, 0.178672177667
17899764.0, 6742608.0, 1, 0.157341305521
16218700.0, 8663926.0, 1, 0.154145890676
18986452.0, 6403850.0, 1, 0.142745768769
18154450.0, 6614188.0, 1, 0.138918429035
16132018.0, 9331812.0, 1, 0.137037046007
16642370.0, 7949384.0, 1, 0.129925482076
16815532.0, 7450386.0, 1, 0.120072257868
15801706.0, 9909422.0, 1, 0.100284573322
16316918.0, 8338366.0, 1, 0.095837688222
16505722.0, 8238454.0, 1, 0.0877533587636
16514866.0, 7965890.0, 1, 0.0867454035624
16218700.0, 8663926.0, 1, 0.0857199589084
15975696.0, 9488294.0, 1, 0.0832624157195
17025916.0, 7313618.0, 1, 0.082599238316
17078728.0, 7050656.0, 1, 0.0727771002749
16815532.0, 7450386.0, 1, 0.0703021773271
15944172.0, 9752114.0, 1, 0.0632591522236
17899764.0, 6742608.0, 1, 0.0616416651552
16096542.0, 9471888.0, 1, 0.0596649187201
15819630.0, 9789000.0, 1, 0.0562158412618
16906902.0, 7329338.0, 1, 0.0555367933556
16642370.0, 7949384.0, 1, 0.0503664266538
16132018.0, 9331812.0, 1, 0.0503488852932
16440704.0, 8320016.0, 1, 0.0493082235784
18063094.0, 6627720.0, 1, 0.0471182509171
18063094.0, 6627720.0, 1, 0.046820165019
18996838.0, 6318426.0, 1, 0.0425297011381
17161722.0, 6955492.0, 1, 0.038844245529
17321632.0, 6852856.0, 1, 0.0383985536207
15941572.0, 9771226.0, 1, 0.0368964203524
19072340.0, 6303642.0, 1, 0.0336436397878
17078728.0, 7050656.0, 1, 0.0325484786469
18154450.0, 6614188.0, 1, 0.0319355723859
16316918.0, 8338366.0, 1, 0.0302819149597
17281742.0, 6937718.0, 1, 0.0282137436308
16906902.0, 7329338.0, 1, 0.0279130327345
19072340.0, 6303642.0, 1, 0.0241756887427
17161722.0, 6955492.0, 1, 0.0240180169433
17237622.0, 6948220.0, 1, 0.0226995331312
16440704.0, 8320016.0, 1, 0.0212287505242
17025916.0, 7313618.0, 1, 0.0173988184483
17321632.0, 6852856.0, 1, 0.0147973804388
17237622.0, 6948220.0, 1, 0.0134176339836
17281742.0, 6937718.0, 1, 0.0128801219468
16096542.0, 9471888.0, 1, 0.0128023570911
15975696.0, 9488294.0, 1, 0.0117247033005
15819630.0, 9789000.0, 1, 0.00827705036163
16514866.0, 7965890.0, 1, 0.00564106748588
15941572.0, 9771226.0, 1, 0.00409841506617
15819630.0, 9789000.0, 1, 0.0
15819630.0, 9789000.0, 1, 0.0
15819630.0, 9789000.0, 1, 0.0
15819630.0, 9789000.0, 1, 0.0
15819630.0, 9789000.0, 1, 0.0
15819630.0, 9789000.0, 1, 0.0
15941572.0, 9771226.0, 1, 0.0
15941572.0, 9771226.0, 1, 0.0
15941572.0, 9771226.0, 1, 0.0
15941572.0, 9771226.0, 1, 0.0
15941572.0, 9771226.0, 1, 0.0
15941572.0, 9771226.0, 1, 0.0
15941572.0, 9771226.0, 1, 0.0
15975696.0, 9488294.0, 1, 0.0
15975696.0, 9488294.0, 1, 0.0
15975696.0, 9488294.0, 1, 0.0
15975696.0, 9488294.0, 1, 0.0
16096542.0, 9471888.0, 1, 0.0
16096542.0, 9471888.0, 1, 0.0
16096542.0, 9471888.0, 1, 0.0
16218700.0, 8663926.0, 1, 0.0
16514866.0, 7965890.0, 1, 0.0
16815532.0, 7450386.0, 1, 0.0
16815532.0, 7450386.0, 1, 0.0
16815532.0, 7450386.0, 1, 0.0
16906902.0, 7329338.0, 1, 0.0
17025916.0, 7313618.0, 1, 0.0
17025916.0, 7313618.0, 1, 0.0
17078728.0, 7050656.0, 1, 0.0
17161722.0, 6955492.0, 1, 0.0
17161722.0, 6955492.0, 1, 0.0
17161722.0, 6955492.0, 1, 0.0
17161722.0, 6955492.0, 1, 0.0
17161722.0, 6955492.0, 1, 0.0
17281742.0, 6937718.0, 1, 0.0
17281742.0, 6937718.0, 1, 0.0
17281742.0, 6937718.0, 1, 0.0
17321632.0, 6852856.0, 1, 0.0
17321632.0, 6852856.0, 1, 0.0
17321632.0, 6852856.0, 1, 0.0
17899764.0, 6742608.0, 1, 0.0
18063094.0, 6627720.0, 1, 0.0
18154450.0, 6614188.0, 1, 0.0
18154450.0, 6614188.0, 1, 0.0
18154450.0, 6614188.0, 1, 0.0
19072340.0, 6303642.0, 1, 0.0
19072340.0, 6303642.0, 1, 0.0
19072340.0, 6303642.0, 1, 0.0
19072340.0, 6303642.0, 1, 0.0
19072340.0, 6303642.0, 1, 0.0
19072340.0, 6303642.0, 1, 0.0
19072340.0, 6303642.0, 1, 0.0
19185380.0, 6284830.0, 1, 0.0
19185380.0, 6284830.0, 1, 0.0
19185380.0, 6284830.0, 1, 0.0
19185380.0, 6284830.0, 1, 0.0
19185380.0, 6284830.0, 1, 0.0
19185380.0, 6284830.0, 1, 0.0
19185380.0, 6284830.0, 1, 0.0
15819630.0, 9789000.0, 1, 0.0
15819630.0, 9789000.0, 1, 0.0
15782352.0, 11870858.0, 2, inf
20069920.0, 6309786.0, 2, inf
15782352.0, 11870858.0, 2, inf
18070440.0, 6709552.0, 2, 0.596983306339
15825172.0, 9892696.0, 2, 0.446311428477
16581656.0, 8184920.0, 2, 0.153380237598
16266036.0, 9180042.0, 2, 0.141724368735
16472146.0, 8599780.0, 2, 0.138806598702
17442302.0, 6835196.0, 2, 0.137874930617
17907110.0, 6824440.0, 2, 0.129067635908
17209102.0, 6999062.0, 2, 0.126933904153
16341622.0, 8645504.0, 2, 0.126563827932
16246676.0, 9444472.0, 2, 0.12239193181
17046858.0, 7769528.0, 2, 0.118217526889
15983596.0, 9649906.0, 2, 0.10501764212
16948902.0, 8016830.0, 2, 0.0923531108939
16782488.0, 8149342.0, 2, 0.0908434819579
17117732.0, 7120110.0, 2, 0.0885955543545
17060948.0, 7504740.0, 2, 0.0806703006495
15983596.0, 9649906.0, 2, 0.0738910566876
16847532.0, 8024580.0, 2, 0.0626416446076
17442302.0, 6835196.0, 2, 0.0563239673854
16250412.0, 9315342.0, 2, 0.0520655648496
17116024.0, 7371024.0, 2, 0.0454247859728
17907110.0, 6824440.0, 2, 0.0400280159276
17114716.0, 7408928.0, 2, 0.0368905148277
16341622.0, 8645504.0, 2, 0.0258512638847
17116024.0, 7371024.0, 2, 0.00721431306118
17442302.0, 6835196.0, 2, 0.0
17442302.0, 6835196.0, 2, 0.0
15837804.0, 9932044.0, 3, inf
18110570.0, 6710048.0, 3, inf
18110570.0, 6710048.0, 3, inf
16631224.0, 9223082.0, 3, 0.880987040735
Generacion: 138
19185380.0, 6284830.0, 1, inf
15801706.0, 9909422.0, 1, inf
19185380.0, 6284830.0, 1, inf
17990104.0, 6729276.0, 1, 0.281242739736
18654432.0, 6577354.0, 1, 0.262850320695
16132018.0, 9331812.0, 1, 0.259013335693
17321632.0, 6852856.0, 1, 0.220970881036
16218700.0, 8663926.0, 1, 0.213292181171
16777278.0, 7830392.0, 1, 0.188845849531
16514866.0, 7965890.0, 1, 0.135383044573
16440704.0, 8320016.0, 1, 0.134284238955
16815532.0, 7450386.0, 1, 0.131844233807
16316918.0, 8338366.0, 1, 0.126403076055
18986452.0, 6403850.0, 1, 0.121692004051
18275566.0, 6595074.0, 1, 0.117242245539
16218700.0, 8663926.0, 1, 0.115437480669
15975696.0, 9488294.0, 1, 0.108500556721
17025916.0, 7313618.0, 1, 0.107722417106
17078728.0, 7050656.0, 1, 0.0883281137541
15944172.0, 9752114.0, 1, 0.0881438884561
16096542.0, 9471888.0, 1, 0.0743604383295
16642370.0, 7949384.0, 1, 0.0705111914099
15819630.0, 9789000.0, 1, 0.0692619431977
16906902.0, 7329338.0, 1, 0.0685693207023
18063094.0, 6627720.0, 1, 0.0550176566913
18986452.0, 6403850.0, 1, 0.050938004736
17132118.0, 7045174.0, 1, 0.0507828695991
17161722.0, 6955492.0, 1, 0.0471738858398
17321632.0, 6852856.0, 1, 0.0458838326762
18996838.0, 6318426.0, 1, 0.0458815093051
16815532.0, 7450386.0, 1, 0.0447017731786
16642370.0, 7949384.0, 1, 0.0444241630492
15941572.0, 9771226.0, 1, 0.0413112110877
18275566.0, 6595074.0, 1, 0.0406830545117
18154450.0, 6614188.0, 1, 0.03952761412
19072340.0, 6303642.0, 1, 0.0374862775554
17281742.0, 6937718.0, 1, 0.0364519232404
16316918.0, 8338366.0, 1, 0.0340896667917
18154450.0, 6614188.0, 1, 0.0322724759923
16906902.0, 7329338.0, 1, 0.0313402322534
19072340.0, 6303642.0, 1, 0.027503716715
16440704.0, 8320016.0, 1, 0.0269802348547
16514866.0, 7965890.0, 1, 0.0264714879392
17237622.0, 6948220.0, 1, 0.0253286685022
18063094.0, 6627720.0, 1, 0.0253046127316
17025916.0, 7313618.0, 1, 0.0199449264408
17078728.0, 7050656.0, 1, 0.0171203326658
17237622.0, 6948220.0, 1, 0.0150453759655
16096542.0, 9471888.0, 1, 0.0150107641112
17281742.0, 6937718.0, 1, 0.0146863903158
15975696.0, 9488294.0, 1, 0.013842802895
17161722.0, 6955492.0, 1, 0.0107553645755
15819630.0, 9789000.0, 1, 0.0102009249533
18996838.0, 6318426.0, 1, 0.00714824853726
15941572.0, 9771226.0, 1, 0.00567211987334
16218700.0, 8663926.0, 1, 0.0
16218700.0, 8663926.0, 1, 0.0
16218700.0, 8663926.0, 1, 0.0
16316918.0, 8338366.0, 1, 0.0
16316918.0, 8338366.0, 1, 0.0
16316918.0, 8338366.0, 1, 0.0
16316918.0, 8338366.0, 1, 0.0
16316918.0, 8338366.0, 1, 0.0
16514866.0, 7965890.0, 1, 0.0
16906902.0, 7329338.0, 1, 0.0
16906902.0, 7329338.0, 1, 0.0
17025916.0, 7313618.0, 1, 0.0
17025916.0, 7313618.0, 1, 0.0
17078728.0, 7050656.0, 1, 0.0
17078728.0, 7050656.0, 1, 0.0
17078728.0, 7050656.0, 1, 0.0
17161722.0, 6955492.0, 1, 0.0
17161722.0, 6955492.0, 1, 0.0
17161722.0, 6955492.0, 1, 0.0
17161722.0, 6955492.0, 1, 0.0
17161722.0, 6955492.0, 1, 0.0
17161722.0, 6955492.0, 1, 0.0
17161722.0, 6955492.0, 1, 0.0
17161722.0, 6955492.0, 1, 0.0
17281742.0, 6937718.0, 1, 0.0
17281742.0, 6937718.0, 1, 0.0
17281742.0, 6937718.0, 1, 0.0
17281742.0, 6937718.0, 1, 0.0
17321632.0, 6852856.0, 1, 0.0
17321632.0, 6852856.0, 1, 0.0
17321632.0, 6852856.0, 1, 0.0
17321632.0, 6852856.0, 1, 0.0
18063094.0, 6627720.0, 1, 0.0
18996838.0, 6318426.0, 1, 0.0
19072340.0, 6303642.0, 1, 0.0
19072340.0, 6303642.0, 1, 0.0
19072340.0, 6303642.0, 1, 0.0
19072340.0, 6303642.0, 1, 0.0
19072340.0, 6303642.0, 1, 0.0
19072340.0, 6303642.0, 1, 0.0
19072340.0, 6303642.0, 1, 0.0
19072340.0, 6303642.0, 1, 0.0
19072340.0, 6303642.0, 1, 0.0
19185380.0, 6284830.0, 1, 0.0
19185380.0, 6284830.0, 1, 0.0
19185380.0, 6284830.0, 1, 0.0
15819630.0, 9789000.0, 1, 0.0
15819630.0, 9789000.0, 1, 0.0
15819630.0, 9789000.0, 1, 0.0
15819630.0, 9789000.0, 1, 0.0
15819630.0, 9789000.0, 1, 0.0
15941572.0, 9771226.0, 1, 0.0
15975696.0, 9488294.0, 1, 0.0
15975696.0, 9488294.0, 1, 0.0
15975696.0, 9488294.0, 1, 0.0
15975696.0, 9488294.0, 1, 0.0
15975696.0, 9488294.0, 1, 0.0
15975696.0, 9488294.0, 1, 0.0
15975696.0, 9488294.0, 1, 0.0
15975696.0, 9488294.0, 1, 0.0
15975696.0, 9488294.0, 1, 0.0
15975696.0, 9488294.0, 1, 0.0
15975696.0, 9488294.0, 1, 0.0
15975696.0, 9488294.0, 1, 0.0
16096542.0, 9471888.0, 1, 0.0
16096542.0, 9471888.0, 1, 0.0
16096542.0, 9471888.0, 1, 0.0
18568172.0, 6676210.0, 2, inf
15837804.0, 9932044.0, 2, inf
16614680.0, 8167192.0, 2, 0.55913045016
16935142.0, 7440498.0, 2, 0.416032620605
16316306.0, 8823834.0, 2, 0.377502572608
17360744.0, 6930624.0, 2, 0.371635047951
17956994.0, 6910908.0, 2, 0.327827134644
16158048.0, 9563372.0, 2, 0.326329479302
16517408.0, 8762806.0, 2, 0.310961432958
18070440.0, 6709552.0, 2, 0.244139517198
17117732.0, 7120110.0, 2, 0.224893825231
16125770.0, 9841998.0, 2, 0.18929904485
16146266.0, 9683544.0, 2, 0.0973993084571
17114716.0, 7408928.0, 2, 0.0875865241692
17116024.0, 7371024.0, 2, 0.077545024654
18070440.0, 6709552.0, 2, 0.0517904046047
17116024.0, 7371024.0, 2, 0.012267427878
15915646.0, 10035978.0, 3, inf
18110570.0, 6710048.0, 3, inf
18110570.0, 6710048.0, 3, inf
16670654.0, 8616578.0, 3, 0.779977860582
17273430.0, 7254836.0, 3, 0.467352860425
17534280.0, 6990580.0, 3, 0.443168299501
16383488.0, 9491668.0, 3, 0.381029309436
16500012.0, 8933304.0, 3, 0.298020043344
17273430.0, 7254836.0, 3, 0.279848927829
16383488.0, 9491668.0, 3, 0.216744423953
16660916.0, 8920856.0, 3, 0.164793913523
Generacion: 139
15801706.0, 9909422.0, 1, inf
19185380.0, 6284830.0, 1, inf
15801706.0, 9909422.0, 1, inf
19185380.0, 6284830.0, 1, inf
16132018.0, 9331812.0, 1, 0.259013335693
16218700.0, 8663926.0, 1, 0.213292181171
18654432.0, 6577354.0, 1, 0.195631612926
17442302.0, 6835196.0, 1, 0.165587317882
17852368.0, 6821194.0, 1, 0.160741222734
18154450.0, 6614188.0, 1, 0.15149643854
16815532.0, 7450386.0, 1, 0.136415782826
16514866.0, 7965890.0, 1, 0.135383044573
16440704.0, 8320016.0, 1, 0.134284238955
16316918.0, 8338366.0, 1, 0.126403076055
18986452.0, 6403850.0, 1, 0.121692004051
16218700.0, 8663926.0, 1, 0.115437480669
16652226.0, 7846962.0, 1, 0.112325400596
18654432.0, 6577354.0, 1, 0.108286357292
15975696.0, 9488294.0, 1, 0.103544964478
17025916.0, 7313618.0, 1, 0.0890185188466
17037622.0, 7118450.0, 1, 0.0881572935155
15967382.0, 9734152.0, 1, 0.0881438884561
16815532.0, 7450386.0, 1, 0.0816592342106
17990104.0, 6729276.0, 1, 0.0799668254658
16652226.0, 7846962.0, 1, 0.0765204489349
16096542.0, 9471888.0, 1, 0.0743604383295
15819630.0, 9789000.0, 1, 0.0692619431977
16906902.0, 7329338.0, 1, 0.0685693207023
16642370.0, 7949384.0, 1, 0.0659396423914
17161722.0, 6955492.0, 1, 0.0602129670278
17321632.0, 6852856.0, 1, 0.0590752610678
17281742.0, 6937718.0, 1, 0.0588831621836
18063094.0, 6627720.0, 1, 0.0550176566913
18986452.0, 6403850.0, 1, 0.050938004736
17899764.0, 6742608.0, 1, 0.0483801263642
15941572.0, 9771226.0, 1, 0.046266803331
18996838.0, 6318426.0, 1, 0.0458815093051
17132118.0, 7045174.0, 1, 0.0405213537105
19072340.0, 6303642.0, 1, 0.0374862775554
18154450.0, 6614188.0, 1, 0.0371613021002
17078728.0, 7050656.0, 1, 0.0344826050734
16316918.0, 8338366.0, 1, 0.0340896667917
16906902.0, 7329338.0, 1, 0.0313402322534
19072340.0, 6303642.0, 1, 0.027503716715
16440704.0, 8320016.0, 1, 0.0269802348547
16514866.0, 7965890.0, 1, 0.0264714879392
18063094.0, 6627720.0, 1, 0.0253046127316
17899764.0, 6742608.0, 1, 0.0176854666566
17281742.0, 6937718.0, 1, 0.0166926850933
17321632.0, 6852856.0, 1, 0.0166612332775
16096542.0, 9471888.0, 1, 0.0150107641112
17078728.0, 7050656.0, 1, 0.0136607795292
17161722.0, 6955492.0, 1, 0.0136527941345
15941572.0, 9771226.0, 1, 0.0125315277241
17132118.0, 7045174.0, 1, 0.0102615158886
15819630.0, 9789000.0, 1, 0.0102009249533
17025916.0, 7313618.0, 1, 0.00779659300207
16642370.0, 7949384.0, 1, 0.00746670201715
18996838.0, 6318426.0, 1, 0.00714824853726
15975696.0, 9488294.0, 1, 0.00698339504429
16906902.0, 7329338.0, 1, 0.0
16906902.0, 7329338.0, 1, 0.0
17025916.0, 7313618.0, 1, 0.0
17078728.0, 7050656.0, 1, 0.0
17078728.0, 7050656.0, 1, 0.0
17132118.0, 7045174.0, 1, 0.0
17161722.0, 6955492.0, 1, 0.0
17161722.0, 6955492.0, 1, 0.0
17161722.0, 6955492.0, 1, 0.0
17161722.0, 6955492.0, 1, 0.0
17161722.0, 6955492.0, 1, 0.0
17161722.0, 6955492.0, 1, 0.0
17161722.0, 6955492.0, 1, 0.0
17281742.0, 6937718.0, 1, 0.0
17281742.0, 6937718.0, 1, 0.0
17281742.0, 6937718.0, 1, 0.0
17281742.0, 6937718.0, 1, 0.0
17321632.0, 6852856.0, 1, 0.0
18063094.0, 6627720.0, 1, 0.0
18154450.0, 6614188.0, 1, 0.0
18986452.0, 6403850.0, 1, 0.0
19072340.0, 6303642.0, 1, 0.0
19072340.0, 6303642.0, 1, 0.0
19072340.0, 6303642.0, 1, 0.0
19072340.0, 6303642.0, 1, 0.0
19185380.0, 6284830.0, 1, 0.0
19185380.0, 6284830.0, 1, 0.0
19185380.0, 6284830.0, 1, 0.0
19185380.0, 6284830.0, 1, 0.0
19185380.0, 6284830.0, 1, 0.0
19185380.0, 6284830.0, 1, 0.0
19185380.0, 6284830.0, 1, 0.0
15801706.0, 9909422.0, 1, 0.0
15819630.0, 9789000.0, 1, 0.0
15819630.0, 9789000.0, 1, 0.0
15819630.0, 9789000.0, 1, 0.0
15941572.0, 9771226.0, 1, 0.0
15975696.0, 9488294.0, 1, 0.0
15975696.0, 9488294.0, 1, 0.0
15975696.0, 9488294.0, 1, 0.0
15975696.0, 9488294.0, 1, 0.0
15975696.0, 9488294.0, 1, 0.0
15975696.0, 9488294.0, 1, 0.0
15975696.0, 9488294.0, 1, 0.0
15975696.0, 9488294.0, 1, 0.0
15975696.0, 9488294.0, 1, 0.0
15975696.0, 9488294.0, 1, 0.0
15975696.0, 9488294.0, 1, 0.0
16096542.0, 9471888.0, 1, 0.0
16096542.0, 9471888.0, 1, 0.0
16218700.0, 8663926.0, 1, 0.0
16218700.0, 8663926.0, 1, 0.0
16316918.0, 8338366.0, 1, 0.0
16316918.0, 8338366.0, 1, 0.0
16440704.0, 8320016.0, 1, 0.0
16514866.0, 7965890.0, 1, 0.0
16514866.0, 7965890.0, 1, 0.0
16514866.0, 7965890.0, 1, 0.0
16514866.0, 7965890.0, 1, 0.0
16514866.0, 7965890.0, 1, 0.0
16514866.0, 7965890.0, 1, 0.0
16642370.0, 7949384.0, 1, 0.0
16642370.0, 7949384.0, 1, 0.0
16642370.0, 7949384.0, 1, 0.0
16642370.0, 7949384.0, 1, 0.0
16652226.0, 7846962.0, 1, 0.0
16815532.0, 7450386.0, 1, 0.0
16815532.0, 7450386.0, 1, 0.0
16815532.0, 7450386.0, 1, 0.0
16815532.0, 7450386.0, 1, 0.0
20893298.0, 6435298.0, 2, inf
15825172.0, 9892696.0, 2, inf
18568172.0, 6676210.0, 2, 0.586691872767
20740842.0, 6475952.0, 2, 0.528454455041
16936998.0, 7434730.0, 2, 0.509634710499
16348574.0, 8618088.0, 2, 0.467672624384
17258066.0, 7032472.0, 2, 0.272822596059
16158048.0, 9563372.0, 2, 0.25089567952
16250412.0, 9315342.0, 2, 0.21196498273
16341622.0, 8645504.0, 2, 0.195112205194
18110570.0, 6710048.0, 2, 0.183546436293
18110570.0, 6710048.0, 2, 0.177996048759
17201200.0, 7032946.0, 2, 0.128434011847
17027528.0, 7319250.0, 2, 0.100671713417
16250412.0, 9315342.0, 2, 0.0897357105602
17027528.0, 7319250.0, 2, 0.0676683392276
16341622.0, 8645504.0, 2, 0.0259264528467
18110570.0, 6710048.0, 2, 0.0
17027528.0, 7319250.0, 2, 0.0
15837804.0, 9932044.0, 3, inf
Generacion: 140
19185380.0, 6284830.0, 1, inf
19185380.0, 6284830.0, 1, inf
15801706.0, 9909422.0, 1, inf
15801706.0, 9909422.0, 1, inf
16266036.0, 9180042.0, 1, 0.328729661841
16316918.0, 8338366.0, 1, 0.290713526283
17442302.0, 6835196.0, 1, 0.165587317882
17852368.0, 6821194.0, 1, 0.160741222734
18654432.0, 6577354.0, 1, 0.160273343632
18187530.0, 6607946.0, 1, 0.15792530005
16740512.0, 7780098.0, 1, 0.157675514112
16514866.0, 7965890.0, 1, 0.140445683347
18870408.0, 6496574.0, 1, 0.139646563991
16815532.0, 7450386.0, 1, 0.117968465169
16316918.0, 8338366.0, 1, 0.117801066874
15941572.0, 9771226.0, 1, 0.114097334326
15975696.0, 9488294.0, 1, 0.113773426053
17025916.0, 7313618.0, 1, 0.0890185188466
17037622.0, 7118450.0, 1, 0.0881572935155
18952884.0, 6390894.0, 1, 0.0865145184242
16132018.0, 9331812.0, 1, 0.0782532483343
16096542.0, 9471888.0, 1, 0.0743604383295
18654432.0, 6577354.0, 1, 0.0722689663958
15819630.0, 9789000.0, 1, 0.0692619431977
16906902.0, 7329338.0, 1, 0.0685693207023
17899764.0, 6742608.0, 1, 0.0660655930208
16642370.0, 7949384.0, 1, 0.0659396423914
16514866.0, 7965890.0, 1, 0.0630547994521
18996838.0, 6318426.0, 1, 0.0593758640191
17321632.0, 6852856.0, 1, 0.0590752610678
16815532.0, 7450386.0, 1, 0.0555674771441
16652226.0, 7846962.0, 1, 0.0543492823272
18063094.0, 6627720.0, 1, 0.0532089013886
16132018.0, 9331812.0, 1, 0.0523567605709
18023550.0, 6722720.0, 1, 0.0495898288332
17161722.0, 6955492.0, 1, 0.0471738858398
17132118.0, 7045174.0, 1, 0.0405213537105
17237622.0, 6948220.0, 1, 0.0403740444677
19072340.0, 6303642.0, 1, 0.0374862775554
17281742.0, 6937718.0, 1, 0.0364519232404
17078728.0, 7050656.0, 1, 0.0344826050734
16906902.0, 7329338.0, 1, 0.0313402322534
18154450.0, 6614188.0, 1, 0.0287211797361
17990104.0, 6729276.0, 1, 0.0285075448433
19072340.0, 6303642.0, 1, 0.027503716715
16652226.0, 7846962.0, 1, 0.0213601278151
17321632.0, 6852856.0, 1, 0.0166612332775
18063094.0, 6627720.0, 1, 0.0154200907593
16096542.0, 9471888.0, 1, 0.0150107641112
15941572.0, 9771226.0, 1, 0.0149886202218
17281742.0, 6937718.0, 1, 0.0146863903158
15975696.0, 9488294.0, 1, 0.014611198432
17078728.0, 7050656.0, 1, 0.0136607795292
17990104.0, 6729276.0, 1, 0.0135627290643
18154450.0, 6614188.0, 1, 0.0135097412399
17161722.0, 6955492.0, 1, 0.0107553645755
17132118.0, 7045174.0, 1, 0.0102615158886
15819630.0, 9789000.0, 1, 0.0102009249533
17025916.0, 7313618.0, 1, 0.00779659300207
16642370.0, 7949384.0, 1, 0.00746670201715
17025916.0, 7313618.0, 1, 0.0
17025916.0, 7313618.0, 1, 0.0
17025916.0, 7313618.0, 1, 0.0
17078728.0, 7050656.0, 1, 0.0
17078728.0, 7050656.0, 1, 0.0
17132118.0, 7045174.0, 1, 0.0
17161722.0, 6955492.0, 1, 0.0
17161722.0, 6955492.0, 1, 0.0
17161722.0, 6955492.0, 1, 0.0
17161722.0, 6955492.0, 1, 0.0
17161722.0, 6955492.0, 1, 0.0
17161722.0, 6955492.0, 1, 0.0
17161722.0, 6955492.0, 1, 0.0
17161722.0, 6955492.0, 1, 0.0
17161722.0, 6955492.0, 1, 0.0
17161722.0, 6955492.0, 1, 0.0
17161722.0, 6955492.0, 1, 0.0
17161722.0, 6955492.0, 1, 0.0
17281742.0, 6937718.0, 1, 0.0
17281742.0, 6937718.0, 1, 0.0
17281742.0, 6937718.0, 1, 0.0
17281742.0, 6937718.0, 1, 0.0
17281742.0, 6937718.0, 1, 0.0
17281742.0, 6937718.0, 1, 0.0
18063094.0, 6627720.0, 1, 0.0
18154450.0, 6614188.0, 1, 0.0
18154450.0, 6614188.0, 1, 0.0
18654432.0, 6577354.0, 1, 0.0
18654432.0, 6577354.0, 1, 0.0
18654432.0, 6577354.0, 1, 0.0
19072340.0, 6303642.0, 1, 0.0
19072340.0, 6303642.0, 1, 0.0
19072340.0, 6303642.0, 1, 0.0
19072340.0, 6303642.0, 1, 0.0
19072340.0, 6303642.0, 1, 0.0
19072340.0, 6303642.0, 1, 0.0
19185380.0, 6284830.0, 1, 0.0
19185380.0, 6284830.0, 1, 0.0
15819630.0, 9789000.0, 1, 0.0
15975696.0, 9488294.0, 1, 0.0
15975696.0, 9488294.0, 1, 0.0
15975696.0, 9488294.0, 1, 0.0
15975696.0, 9488294.0, 1, 0.0
15975696.0, 9488294.0, 1, 0.0
15975696.0, 9488294.0, 1, 0.0
15975696.0, 9488294.0, 1, 0.0
15975696.0, 9488294.0, 1, 0.0
16096542.0, 9471888.0, 1, 0.0
16096542.0, 9471888.0, 1, 0.0
16096542.0, 9471888.0, 1, 0.0
16096542.0, 9471888.0, 1, 0.0
16316918.0, 8338366.0, 1, 0.0
16316918.0, 8338366.0, 1, 0.0
16514866.0, 7965890.0, 1, 0.0
16514866.0, 7965890.0, 1, 0.0
16514866.0, 7965890.0, 1, 0.0
16514866.0, 7965890.0, 1, 0.0
16514866.0, 7965890.0, 1, 0.0
16514866.0, 7965890.0, 1, 0.0
16642370.0, 7949384.0, 1, 0.0
16642370.0, 7949384.0, 1, 0.0
16642370.0, 7949384.0, 1, 0.0
16652226.0, 7846962.0, 1, 0.0
16652226.0, 7846962.0, 1, 0.0
16815532.0, 7450386.0, 1, 0.0
16906902.0, 7329338.0, 1, 0.0
16906902.0, 7329338.0, 1, 0.0
16906902.0, 7329338.0, 1, 0.0
18986452.0, 6403850.0, 2, inf
18986452.0, 6403850.0, 2, inf
15837804.0, 9932044.0, 2, inf
18639710.0, 6624290.0, 2, 0.660345054642
17360408.0, 6911624.0, 2, 0.551448345424
16122634.0, 9502626.0, 2, 0.40836512164
16348574.0, 8618088.0, 2, 0.36689849288
16708414.0, 8214856.0, 2, 0.314977403071
16777278.0, 7830392.0, 2, 0.293709499525
16936998.0, 7434730.0, 2, 0.237783778414
16472146.0, 8599780.0, 2, 0.22857247205
17117732.0, 7120110.0, 2, 0.144116855158
17268022.0, 7032872.0, 2, 0.136164502099
17116024.0, 7371024.0, 2, 0.127974892311
15983596.0, 9649906.0, 2, 0.124124691687
15983596.0, 9649906.0, 2, 0.0880467844793
17116024.0, 7371024.0, 2, 0.0185987183934
18986452.0, 6403850.0, 2, 0.0
16383488.0, 9491668.0, 3, inf
16383488.0, 9491668.0, 3, inf
19259030.0, 6461670.0, 3, inf
17184768.0, 7747892.0, 3, 0.762850138242
Generacion: 141
15801706.0, 9909422.0, 1, inf
19185380.0, 6284830.0, 1, inf
15801706.0, 9909422.0, 1, inf
16316918.0, 8338366.0, 1, 0.290713526283
16266036.0, 9180042.0, 1, 0.28919592475
18754666.0, 6516376.0, 1, 0.172630008787
17865480.0, 6825946.0, 1, 0.160741222734
18187530.0, 6607946.0, 1, 0.15792530005
18654432.0, 6577354.0, 1, 0.154810108045
18996838.0, 6318426.0, 1, 0.15257618717
16514866.0, 7965890.0, 1, 0.140445683347
17442302.0, 6835196.0, 1, 0.129936921184
16316918.0, 8338366.0, 1, 0.117801066874
16771596.0, 7703098.0, 1, 0.113136439389
17025916.0, 7313618.0, 1, 0.107722417106
15975696.0, 9488294.0, 1, 0.103544964478
16815532.0, 7450386.0, 1, 0.0967246948356
17078728.0, 7050656.0, 1, 0.0883281137541
15967382.0, 9734152.0, 1, 0.0881438884561
16250412.0, 9315342.0, 1, 0.0814795424937
16740512.0, 7780098.0, 1, 0.0749693092371
16096542.0, 9471888.0, 1, 0.0743604383295
16132018.0, 9331812.0, 1, 0.0736357822309
15819630.0, 9789000.0, 1, 0.0692619431977
16906902.0, 7329338.0, 1, 0.0685693207023
16642370.0, 7949384.0, 1, 0.0659396423914
17899764.0, 6742608.0, 1, 0.0635015593327
16514866.0, 7965890.0, 1, 0.0630547994521
17321632.0, 6852856.0, 1, 0.0590752610678
16652226.0, 7846962.0, 1, 0.0543492823272
18063094.0, 6627720.0, 1, 0.0532089013886
17132118.0, 7045174.0, 1, 0.0507828695991
18023550.0, 6722720.0, 1, 0.0495898288332
17161722.0, 6955492.0, 1, 0.0471738858398
16815532.0, 7450386.0, 1, 0.0463810129635
15941572.0, 9771226.0, 1, 0.046266803331
19113198.0, 6298954.0, 1, 0.0385975750477
17442302.0, 6835196.0, 1, 0.0382144303868
18654432.0, 6577354.0, 1, 0.0380629524595
17281742.0, 6937718.0, 1, 0.0364519232404
16906902.0, 7329338.0, 1, 0.0313402322534
18154450.0, 6614188.0, 1, 0.0287211797361
17990104.0, 6729276.0, 1, 0.0285075448433
17237622.0, 6948220.0, 1, 0.0253286685022
19072340.0, 6303642.0, 1, 0.023607002271
16652226.0, 7846962.0, 1, 0.0213601278151
17025916.0, 7313618.0, 1, 0.0199449264408
17078728.0, 7050656.0, 1, 0.0171203326658
17321632.0, 6852856.0, 1, 0.0166612332775
19072340.0, 6303642.0, 1, 0.01615384423
18063094.0, 6627720.0, 1, 0.0154200907593
17237622.0, 6948220.0, 1, 0.0150453759655
16132018.0, 9331812.0, 1, 0.0150284212709
16096542.0, 9471888.0, 1, 0.0150107641112
17281742.0, 6937718.0, 1, 0.0146863903158
17990104.0, 6729276.0, 1, 0.0135627290643
18154450.0, 6614188.0, 1, 0.0135097412399
15941572.0, 9771226.0, 1, 0.0125315277241
17161722.0, 6955492.0, 1, 0.0107553645755
15819630.0, 9789000.0, 1, 0.0102009249533
16642370.0, 7949384.0, 1, 0.00746670201715
15975696.0, 9488294.0, 1, 0.00698339504429
17161722.0, 6955492.0, 1, 0.0
17161722.0, 6955492.0, 1, 0.0
17161722.0, 6955492.0, 1, 0.0
17161722.0, 6955492.0, 1, 0.0
17161722.0, 6955492.0, 1, 0.0
17161722.0, 6955492.0, 1, 0.0
17161722.0, 6955492.0, 1, 0.0
17161722.0, 6955492.0, 1, 0.0
17161722.0, 6955492.0, 1, 0.0
17161722.0, 6955492.0, 1, 0.0
17281742.0, 6937718.0, 1, 0.0
17281742.0, 6937718.0, 1, 0.0
17281742.0, 6937718.0, 1, 0.0
17281742.0, 6937718.0, 1, 0.0
17281742.0, 6937718.0, 1, 0.0
17281742.0, 6937718.0, 1, 0.0
17281742.0, 6937718.0, 1, 0.0
17281742.0, 6937718.0, 1, 0.0
17321632.0, 6852856.0, 1, 0.0
17321632.0, 6852856.0, 1, 0.0
17321632.0, 6852856.0, 1, 0.0
17321632.0, 6852856.0, 1, 0.0
17321632.0, 6852856.0, 1, 0.0
17990104.0, 6729276.0, 1, 0.0
18063094.0, 6627720.0, 1, 0.0
18063094.0, 6627720.0, 1, 0.0
18154450.0, 6614188.0, 1, 0.0
18154450.0, 6614188.0, 1, 0.0
18154450.0, 6614188.0, 1, 0.0
18654432.0, 6577354.0, 1, 0.0
18654432.0, 6577354.0, 1, 0.0
19072340.0, 6303642.0, 1, 0.0
19072340.0, 6303642.0, 1, 0.0
19072340.0, 6303642.0, 1, 0.0
19072340.0, 6303642.0, 1, 0.0
15819630.0, 9789000.0, 1, 0.0
15819630.0, 9789000.0, 1, 0.0
15819630.0, 9789000.0, 1, 0.0
15975696.0, 9488294.0, 1, 0.0
15975696.0, 9488294.0, 1, 0.0
15975696.0, 9488294.0, 1, 0.0
15975696.0, 9488294.0, 1, 0.0
15975696.0, 9488294.0, 1, 0.0
15975696.0, 9488294.0, 1, 0.0
15975696.0, 9488294.0, 1, 0.0
16096542.0, 9471888.0, 1, 0.0
16096542.0, 9471888.0, 1, 0.0
16316918.0, 8338366.0, 1, 0.0
16514866.0, 7965890.0, 1, 0.0
16514866.0, 7965890.0, 1, 0.0
16514866.0, 7965890.0, 1, 0.0
16514866.0, 7965890.0, 1, 0.0
16514866.0, 7965890.0, 1, 0.0
16514866.0, 7965890.0, 1, 0.0
16514866.0, 7965890.0, 1, 0.0
16514866.0, 7965890.0, 1, 0.0
16514866.0, 7965890.0, 1, 0.0
16514866.0, 7965890.0, 1, 0.0
16514866.0, 7965890.0, 1, 0.0
16514866.0, 7965890.0, 1, 0.0
16642370.0, 7949384.0, 1, 0.0
16642370.0, 7949384.0, 1, 0.0
16642370.0, 7949384.0, 1, 0.0
16642370.0, 7949384.0, 1, 0.0
16815532.0, 7450386.0, 1, 0.0
16815532.0, 7450386.0, 1, 0.0
16815532.0, 7450386.0, 1, 0.0
16906902.0, 7329338.0, 1, 0.0
16906902.0, 7329338.0, 1, 0.0
16906902.0, 7329338.0, 1, 0.0
16906902.0, 7329338.0, 1, 0.0
17078728.0, 7050656.0, 1, 0.0
17078728.0, 7050656.0, 1, 0.0
17161722.0, 6955492.0, 1, 0.0
17161722.0, 6955492.0, 1, 0.0
17161722.0, 6955492.0, 1, 0.0
15837804.0, 9932044.0, 2, inf
18766994.0, 6560212.0, 2, inf
18766994.0, 6560212.0, 2, inf
18110570.0, 6710048.0, 2, 0.612291830644
16522232.0, 8685470.0, 2, 0.50247104931
17201200.0, 7032946.0, 2, 0.487713925566
16201554.0, 9418658.0, 2, 0.378767063226
16633876.0, 8222062.0, 2, 0.340664972197
18639710.0, 6624290.0, 2, 0.268535010646
16777278.0, 7830392.0, 2, 0.260084443893
17036222.0, 7597904.0, 2, 0.204757193768
15983596.0, 9649906.0, 2, 0.180210007213
Generacion: 142
19185380.0, 6284830.0, 1, inf
15801706.0, 9909422.0, 1, inf
15801706.0, 9909422.0, 1, inf
19185380.0, 6284830.0, 1, inf
16316918.0, 8338366.0, 1, 0.288896069634
16266036.0, 9180042.0, 1, 0.236830084793
16440704.0, 8320016.0, 1, 0.16126447381
18654432.0, 6577354.0, 1, 0.154248893459
18914362.0, 6424106.0, 1, 0.145992670168
17442302.0, 6835196.0, 1, 0.140069102948
17899764.0, 6742608.0, 1, 0.13887503752
16514866.0, 7965890.0, 1, 0.135383044573
15975696.0, 9488294.0, 1, 0.11867715039
16815532.0, 7450386.0, 1, 0.117968465169
18275566.0, 6595074.0, 1, 0.117242245539
16740512.0, 7780098.0, 1, 0.117057029847
17025916.0, 7313618.0, 1, 0.107722417106
17078728.0, 7050656.0, 1, 0.0883281137541
15819630.0, 9789000.0, 1, 0.088259917524
18654432.0, 6577354.0, 1, 0.081707692228
16250412.0, 9315342.0, 1, 0.0814795424937
18986452.0, 6403850.0, 1, 0.0799234928506
15819630.0, 9789000.0, 1, 0.0793468390831
16096542.0, 9471888.0, 1, 0.0743604383295
16132018.0, 9331812.0, 1, 0.0736357822309
16906902.0, 7329338.0, 1, 0.0685693207023
16642370.0, 7949384.0, 1, 0.0659396423914
17442302.0, 6835196.0, 1, 0.0612068113223
17321632.0, 6852856.0, 1, 0.0590752610678
16815532.0, 7450386.0, 1, 0.0555674771441
18063094.0, 6627720.0, 1, 0.0550176566913
17990104.0, 6729276.0, 1, 0.0547173913584
16652226.0, 7846962.0, 1, 0.0543492823272
16266036.0, 9180042.0, 1, 0.0523658399576
17899764.0, 6742608.0, 1, 0.0522431818474
17132118.0, 7045174.0, 1, 0.0507828695991
15975696.0, 9488294.0, 1, 0.0506495401871
17161722.0, 6955492.0, 1, 0.0471738858398
18275566.0, 6595074.0, 1, 0.0406830545117
16740512.0, 7780098.0, 1, 0.0406184842644
19072340.0, 6303642.0, 1, 0.0397217382164
18154450.0, 6614188.0, 1, 0.03952761412
17281742.0, 6937718.0, 1, 0.0364519232404
18154450.0, 6614188.0, 1, 0.0322724759923
16906902.0, 7329338.0, 1, 0.0313402322534
19072340.0, 6303642.0, 1, 0.0266764469042
16514866.0, 7965890.0, 1, 0.0264714879392
17237622.0, 6948220.0, 1, 0.0253286685022
18063094.0, 6627720.0, 1, 0.0253046127316
17990104.0, 6729276.0, 1, 0.0252494341074
19113198.0, 6298954.0, 1, 0.0226258202777
16652226.0, 7846962.0, 1, 0.0213601278151
17025916.0, 7313618.0, 1, 0.0199449264408
17078728.0, 7050656.0, 1, 0.0171203326658
17321632.0, 6852856.0, 1, 0.0166612332775
19113198.0, 6298954.0, 1, 0.01597175477
17237622.0, 6948220.0, 1, 0.0150453759655
16132018.0, 9331812.0, 1, 0.0150284212709
16096542.0, 9471888.0, 1, 0.0150107641112
17281742.0, 6937718.0, 1, 0.0146863903158
17161722.0, 6955492.0, 1, 0.0107553645755
16642370.0, 7949384.0, 1, 0.00746670201715
16132018.0, 9331812.0, 1, 0.0
16514866.0, 7965890.0, 1, 0.0
16514866.0, 7965890.0, 1, 0.0
16514866.0, 7965890.0, 1, 0.0
16514866.0, 7965890.0, 1, 0.0
16514866.0, 7965890.0, 1, 0.0
16514866.0, 7965890.0, 1, 0.0
16652226.0, 7846962.0, 1, 0.0
16740512.0, 7780098.0, 1, 0.0
16815532.0, 7450386.0, 1, 0.0
16906902.0, 7329338.0, 1, 0.0
16906902.0, 7329338.0, 1, 0.0
16906902.0, 7329338.0, 1, 0.0
17025916.0, 7313618.0, 1, 0.0
17161722.0, 6955492.0, 1, 0.0
17161722.0, 6955492.0, 1, 0.0
17161722.0, 6955492.0, 1, 0.0
17161722.0, 6955492.0, 1, 0.0
17161722.0, 6955492.0, 1, 0.0
17161722.0, 6955492.0, 1, 0.0
17161722.0, 6955492.0, 1, 0.0
17161722.0, 6955492.0, 1, 0.0
17161722.0, 6955492.0, 1, 0.0
17161722.0, 6955492.0, 1, 0.0
17161722.0, 6955492.0, 1, 0.0
17161722.0, 6955492.0, 1, 0.0
17161722.0, 6955492.0, 1, 0.0
17281742.0, 6937718.0, 1, 0.0
17281742.0, 6937718.0, 1, 0.0
17281742.0, 6937718.0, 1, 0.0
17281742.0, 6937718.0, 1, 0.0
17281742.0, 6937718.0, 1, 0.0
17281742.0, 6937718.0, 1, 0.0
17321632.0, 6852856.0, 1, 0.0
17321632.0, 6852856.0, 1, 0.0
17321632.0, 6852856.0, 1, 0.0
17990104.0, 6729276.0, 1, 0.0
17990104.0, 6729276.0, 1, 0.0
18154450.0, 6614188.0, 1, 0.0
18154450.0, 6614188.0, 1, 0.0
18654432.0, 6577354.0, 1, 0.0
19185380.0, 6284830.0, 1, 0.0
15801706.0, 9909422.0, 1, 0.0
15801706.0, 9909422.0, 1, 0.0
15819630.0, 9789000.0, 1, 0.0
15819630.0, 9789000.0, 1, 0.0
15819630.0, 9789000.0, 1, 0.0
15819630.0, 9789000.0, 1, 0.0
15819630.0, 9789000.0, 1, 0.0
15819630.0, 9789000.0, 1, 0.0
15819630.0, 9789000.0, 1, 0.0
15819630.0, 9789000.0, 1, 0.0
15975696.0, 9488294.0, 1, 0.0
15975696.0, 9488294.0, 1, 0.0
15975696.0, 9488294.0, 1, 0.0
15975696.0, 9488294.0, 1, 0.0
15975696.0, 9488294.0, 1, 0.0
15975696.0, 9488294.0, 1, 0.0
15975696.0, 9488294.0, 1, 0.0
15975696.0, 9488294.0, 1, 0.0
16096542.0, 9471888.0, 1, 0.0
16132018.0, 9331812.0, 1, 0.0
16132018.0, 9331812.0, 1, 0.0
15837804.0, 9932044.0, 2, inf
19802394.0, 6290512.0, 2, inf
18070440.0, 6709552.0, 2, 0.786512568477
16648162.0, 8118526.0, 2, 0.290614247755
17360408.0, 6911624.0, 2, 0.261460558457
16935142.0, 7440498.0, 2, 0.260630952032
16399030.0, 8984434.0, 2, 0.22700073449
16383488.0, 9491668.0, 2, 0.212016710558
17273430.0, 7254836.0, 2, 0.18543409277
16122634.0, 9502626.0, 2, 0.183718305693
16457968.0, 8524926.0, 2, 0.163852376814
16439026.0, 8716050.0, 2, 0.141051454928
17003668.0, 7357088.0, 2, 0.134259853086
16628928.0, 8293804.0, 2, 0.127539174853
17283788.0, 6939118.0, 2, 0.11618805586
16122634.0, 9502626.0, 2, 0.0748526675977
16633876.0, 8222062.0, 2, 0.0529844859508
16936998.0, 7434730.0, 2, 0.0401897059814
18110570.0, 6710048.0, 3, inf
16158048.0, 9563372.0, 3, inf
16985790.0, 7982394.0, 3, 0.979436365339
16406710.0, 9472614.0, 3, 0.959206122346
17967436.0, 7125888.0, 3, 0.335476933305
17443420.0, 7173074.0, 3, 0.329429484595
17116024.0, 7371024.0, 3, 0.312926037838
Generacion: 143
19185380.0, 6284830.0, 1, inf
19185380.0, 6284830.0, 1, inf
15801706.0, 9909422.0, 1, inf
15801706.0, 9909422.0, 1, inf
16266036.0, 9180042.0, 1, 0.271819862177
16316918.0, 8338366.0, 1, 0.268795930202
18654432.0, 6577354.0, 1, 0.222679755387
16440704.0, 8320016.0, 1, 0.16126447381
17442302.0, 6835196.0, 1, 0.140069102948
17899764.0, 6742608.0, 1, 0.13887503752
16514866.0, 7965890.0, 1, 0.135383044573
15941572.0, 9771226.0, 1, 0.129085954548
18874122.0, 6429124.0, 1, 0.11909893516
16815532.0, 7450386.0, 1, 0.117968465169
18275566.0, 6595074.0, 1, 0.117242245539
16740512.0, 7780098.0, 1, 0.117057029847
15975696.0, 9488294.0, 1, 0.113773426053
17025916.0, 7313618.0, 1, 0.107722417106
17078728.0, 7050656.0, 1, 0.0883281137541
16132018.0, 9331812.0, 1, 0.0782532483343
16096542.0, 9471888.0, 1, 0.0743604383295
15819630.0, 9789000.0, 1, 0.0692619431977
16906902.0, 7329338.0, 1, 0.0685693207023
18063094.0, 6627720.0, 1, 0.0660655930208
16642370.0, 7949384.0, 1, 0.0659396423914
17442302.0, 6835196.0, 1, 0.0612068113223
17321632.0, 6852856.0, 1, 0.0590752610678
16266036.0, 9180042.0, 1, 0.0569097996639
16815532.0, 7450386.0, 1, 0.0555674771441
16652226.0, 7846962.0, 1, 0.0543492823272
16132018.0, 9331812.0, 1, 0.0523567605709
17899764.0, 6742608.0, 1, 0.0522431818474
18016714.0, 6706106.0, 1, 0.0495898288332
17161722.0, 6955492.0, 1, 0.0471738858398
18996838.0, 6318426.0, 1, 0.0458815093051
18986452.0, 6403850.0, 1, 0.0448731379313
18275566.0, 6595074.0, 1, 0.0406830545117
16740512.0, 7780098.0, 1, 0.0406184842644
17132118.0, 7045174.0, 1, 0.0405213537105
17237622.0, 6948220.0, 1, 0.0403740444677
18914362.0, 6424106.0, 1, 0.040170565308
18154450.0, 6614188.0, 1, 0.03952761412
19113198.0, 6298954.0, 1, 0.0385975750477
17281742.0, 6937718.0, 1, 0.0364519232404
17990104.0, 6729276.0, 1, 0.0330912331591
18154450.0, 6614188.0, 1, 0.0322724759923
16906902.0, 7329338.0, 1, 0.0313402322534
16514866.0, 7965890.0, 1, 0.0264714879392
19072340.0, 6303642.0, 1, 0.023607002271
16652226.0, 7846962.0, 1, 0.0213601278151
16316918.0, 8338366.0, 1, 0.0201001394318
17025916.0, 7313618.0, 1, 0.0199449264408
17078728.0, 7050656.0, 1, 0.0171203326658
17321632.0, 6852856.0, 1, 0.0166612332775
19072340.0, 6303642.0, 1, 0.01615384423
16096542.0, 9471888.0, 1, 0.0150107641112
17281742.0, 6937718.0, 1, 0.0146863903158
15975696.0, 9488294.0, 1, 0.014611198432
17990104.0, 6729276.0, 1, 0.0115424398757
17161722.0, 6955492.0, 1, 0.0107553645755
17132118.0, 7045174.0, 1, 0.0102615158886
15819630.0, 9789000.0, 1, 0.0102009249533
18986452.0, 6403850.0, 1, 0.00865793569653
16642370.0, 7949384.0, 1, 0.00746670201715
18996838.0, 6318426.0, 1, 0.00714824853726
17161722.0, 6955492.0, 1, 0.0
17161722.0, 6955492.0, 1, 0.0
17161722.0, 6955492.0, 1, 0.0
17161722.0, 6955492.0, 1, 0.0
17161722.0, 6955492.0, 1, 0.0
17161722.0, 6955492.0, 1, 0.0
17281742.0, 6937718.0, 1, 0.0
17281742.0, 6937718.0, 1, 0.0
17281742.0, 6937718.0, 1, 0.0
17281742.0, 6937718.0, 1, 0.0
17281742.0, 6937718.0, 1, 0.0
17281742.0, 6937718.0, 1, 0.0
17281742.0, 6937718.0, 1, 0.0
17321632.0, 6852856.0, 1, 0.0
17321632.0, 6852856.0, 1, 0.0
17899764.0, 6742608.0, 1, 0.0
17990104.0, 6729276.0, 1, 0.0
17990104.0, 6729276.0, 1, 0.0
18154450.0, 6614188.0, 1, 0.0
18154450.0, 6614188.0, 1, 0.0
18154450.0, 6614188.0, 1, 0.0
18154450.0, 6614188.0, 1, 0.0
18154450.0, 6614188.0, 1, 0.0
18275566.0, 6595074.0, 1, 0.0
18275566.0, 6595074.0, 1, 0.0
18275566.0, 6595074.0, 1, 0.0
19072340.0, 6303642.0, 1, 0.0
19072340.0, 6303642.0, 1, 0.0
19072340.0, 6303642.0, 1, 0.0
19072340.0, 6303642.0, 1, 0.0
19072340.0, 6303642.0, 1, 0.0
15801706.0, 9909422.0, 1, 0.0
15801706.0, 9909422.0, 1, 0.0
15819630.0, 9789000.0, 1, 0.0
15819630.0, 9789000.0, 1, 0.0
15819630.0, 9789000.0, 1, 0.0
15975696.0, 9488294.0, 1, 0.0
15975696.0, 9488294.0, 1, 0.0
15975696.0, 9488294.0, 1, 0.0
15975696.0, 9488294.0, 1, 0.0
16132018.0, 9331812.0, 1, 0.0
16132018.0, 9331812.0, 1, 0.0
16132018.0, 9331812.0, 1, 0.0
16132018.0, 9331812.0, 1, 0.0
16132018.0, 9331812.0, 1, 0.0
16266036.0, 9180042.0, 1, 0.0
16316918.0, 8338366.0, 1, 0.0
16514866.0, 7965890.0, 1, 0.0
16514866.0, 7965890.0, 1, 0.0
16514866.0, 7965890.0, 1, 0.0
16514866.0, 7965890.0, 1, 0.0
16652226.0, 7846962.0, 1, 0.0
16740512.0, 7780098.0, 1, 0.0
16815532.0, 7450386.0, 1, 0.0
16815532.0, 7450386.0, 1, 0.0
16815532.0, 7450386.0, 1, 0.0
16906902.0, 7329338.0, 1, 0.0
16906902.0, 7329338.0, 1, 0.0
16906902.0, 7329338.0, 1, 0.0
16906902.0, 7329338.0, 1, 0.0
16906902.0, 7329338.0, 1, 0.0
16906902.0, 7329338.0, 1, 0.0
16906902.0, 7329338.0, 1, 0.0
17025916.0, 7313618.0, 1, 0.0
17025916.0, 7313618.0, 1, 0.0
17078728.0, 7050656.0, 1, 0.0
17161722.0, 6955492.0, 1, 0.0
17161722.0, 6955492.0, 1, 0.0
17161722.0, 6955492.0, 1, 0.0
17161722.0, 6955492.0, 1, 0.0
17161722.0, 6955492.0, 1, 0.0
17161722.0, 6955492.0, 1, 0.0
15825172.0, 9892696.0, 2, inf
18869294.0, 6686904.0, 2, inf
15825172.0, 9892696.0, 2, inf
15983596.0, 9649906.0, 2, 0.448512165921
16372024.0, 9030754.0, 2, 0.440912383175
17360408.0, 6911624.0, 2, 0.373259625686
18070440.0, 6709552.0, 2, 0.325458502873
16773148.0, 8026830.0, 2, 0.308183364673
16936998.0, 7434730.0, 2, 0.304283573112
18070440.0, 6709552.0, 2, 0.240311606391
17209102.0, 6999062.0, 2, 0.2365047058
17027528.0, 7319250.0, 2, 0.225286963948
16615292.0, 8512336.0, 2, 0.207941755992
Generacion: 144
15801706.0, 9909422.0, 1, inf
19185380.0, 6284830.0, 1, inf
19185380.0, 6284830.0, 1, inf
16266036.0, 9180042.0, 1, 0.328729661841
16316918.0, 8338366.0, 1, 0.268795930202
18654432.0, 6577354.0, 1, 0.196287336165
16440704.0, 8320016.0, 1, 0.16126447381
17442302.0, 6835196.0, 1, 0.140069102948
17899764.0, 6742608.0, 1, 0.13887503752
16514866.0, 7965890.0, 1, 0.135383044573
18275566.0, 6595074.0, 1, 0.117242245539
15975696.0, 9488294.0, 1, 0.108500556721
18798620.0, 6443908.0, 1, 0.10582210486
16815532.0, 7450386.0, 1, 0.0967246948356
18996838.0, 6318426.0, 1, 0.0932003231504
17025916.0, 7313618.0, 1, 0.0890185188466
17037622.0, 7118450.0, 1, 0.0881572935155
15944172.0, 9752114.0, 1, 0.0881438884561
18063094.0, 6627720.0, 1, 0.0803222694229
16771596.0, 7703098.0, 1, 0.0789079666284
16132018.0, 9331812.0, 1, 0.0782532483343
16096542.0, 9471888.0, 1, 0.0743604383295
16642370.0, 7949384.0, 1, 0.0734063444086
15819630.0, 9789000.0, 1, 0.0692619431977
16906902.0, 7329338.0, 1, 0.0685693207023
17442302.0, 6835196.0, 1, 0.0612068113223
17321632.0, 6852856.0, 1, 0.0590752610678
17990104.0, 6729276.0, 1, 0.0547173913584
16652226.0, 7846962.0, 1, 0.0543492823272
18874122.0, 6429124.0, 1, 0.0528544320507
16132018.0, 9331812.0, 1, 0.0523567605709
17899764.0, 6742608.0, 1, 0.0522431818474
16740512.0, 7780098.0, 1, 0.0473355273998
17161722.0, 6955492.0, 1, 0.0471738858398
16815532.0, 7450386.0, 1, 0.0463810129635
15941572.0, 9771226.0, 1, 0.0413112110877
18275566.0, 6595074.0, 1, 0.0406830545117
17132118.0, 7045174.0, 1, 0.0405213537105
18874122.0, 6429124.0, 1, 0.0403458910998
18154450.0, 6614188.0, 1, 0.03952761412
19072340.0, 6303642.0, 1, 0.0374862775554
17281742.0, 6937718.0, 1, 0.0364519232404
17078728.0, 7050656.0, 1, 0.0344826050734
16771596.0, 7703098.0, 1, 0.0342284727603
18154450.0, 6614188.0, 1, 0.0322724759923
16906902.0, 7329338.0, 1, 0.0313402322534
16740512.0, 7780098.0, 1, 0.0276337818374
19072340.0, 6303642.0, 1, 0.027503716715
16514866.0, 7965890.0, 1, 0.0264714879392
17237622.0, 6948220.0, 1, 0.0253286685022
17990104.0, 6729276.0, 1, 0.0252494341074
16652226.0, 7846962.0, 1, 0.0213601278151
16316918.0, 8338366.0, 1, 0.0201001394318
17321632.0, 6852856.0, 1, 0.0166612332775
17237622.0, 6948220.0, 1, 0.0150453759655
16096542.0, 9471888.0, 1, 0.0150107641112
17281742.0, 6937718.0, 1, 0.0146863903158
15975696.0, 9488294.0, 1, 0.013842802895
17078728.0, 7050656.0, 1, 0.0136607795292
17161722.0, 6955492.0, 1, 0.0107553645755
17132118.0, 7045174.0, 1, 0.0102615158886
15819630.0, 9789000.0, 1, 0.0102009249533
17025916.0, 7313618.0, 1, 0.00779659300207
15941572.0, 9771226.0, 1, 0.00567211987334
17078728.0, 7050656.0, 1, 0.0
17132118.0, 7045174.0, 1, 0.0
17132118.0, 7045174.0, 1, 0.0
17161722.0, 6955492.0, 1, 0.0
17161722.0, 6955492.0, 1, 0.0
17161722.0, 6955492.0, 1, 0.0
17161722.0, 6955492.0, 1, 0.0
17161722.0, 6955492.0, 1, 0.0
17161722.0, 6955492.0, 1, 0.0
17161722.0, 6955492.0, 1, 0.0
17161722.0, 6955492.0, 1, 0.0
17161722.0, 6955492.0, 1, 0.0
17161722.0, 6955492.0, 1, 0.0
17161722.0, 6955492.0, 1, 0.0
17281742.0, 6937718.0, 1, 0.0
17281742.0, 6937718.0, 1, 0.0
17321632.0, 6852856.0, 1, 0.0
17321632.0, 6852856.0, 1, 0.0
17321632.0, 6852856.0, 1, 0.0
17321632.0, 6852856.0, 1, 0.0
17442302.0, 6835196.0, 1, 0.0
17990104.0, 6729276.0, 1, 0.0
18154450.0, 6614188.0, 1, 0.0
18154450.0, 6614188.0, 1, 0.0
18154450.0, 6614188.0, 1, 0.0
18154450.0, 6614188.0, 1, 0.0
18154450.0, 6614188.0, 1, 0.0
18154450.0, 6614188.0, 1, 0.0
18154450.0, 6614188.0, 1, 0.0
18154450.0, 6614188.0, 1, 0.0
19072340.0, 6303642.0, 1, 0.0
19185380.0, 6284830.0, 1, 0.0
19185380.0, 6284830.0, 1, 0.0
15819630.0, 9789000.0, 1, 0.0
15819630.0, 9789000.0, 1, 0.0
15819630.0, 9789000.0, 1, 0.0
15819630.0, 9789000.0, 1, 0.0
15819630.0, 9789000.0, 1, 0.0
15819630.0, 9789000.0, 1, 0.0
15941572.0, 9771226.0, 1, 0.0
15975696.0, 9488294.0, 1, 0.0
15975696.0, 9488294.0, 1, 0.0
15975696.0, 9488294.0, 1, 0.0
15975696.0, 9488294.0, 1, 0.0
15975696.0, 9488294.0, 1, 0.0
15975696.0, 9488294.0, 1, 0.0
15975696.0, 9488294.0, 1, 0.0
15975696.0, 9488294.0, 1, 0.0
15975696.0, 9488294.0, 1, 0.0
15975696.0, 9488294.0, 1, 0.0
16132018.0, 9331812.0, 1, 0.0
16132018.0, 9331812.0, 1, 0.0
16514866.0, 7965890.0, 1, 0.0
16514866.0, 7965890.0, 1, 0.0
16740512.0, 7780098.0, 1, 0.0
16815532.0, 7450386.0, 1, 0.0
16815532.0, 7450386.0, 1, 0.0
16906902.0, 7329338.0, 1, 0.0
16906902.0, 7329338.0, 1, 0.0
16906902.0, 7329338.0, 1, 0.0
16906902.0, 7329338.0, 1, 0.0
16906902.0, 7329338.0, 1, 0.0
16906902.0, 7329338.0, 1, 0.0
16906902.0, 7329338.0, 1, 0.0
17025916.0, 7313618.0, 1, 0.0
17025916.0, 7313618.0, 1, 0.0
17025916.0, 7313618.0, 1, 0.0
17025916.0, 7313618.0, 1, 0.0
17025916.0, 7313618.0, 1, 0.0
17078728.0, 7050656.0, 1, 0.0
17078728.0, 7050656.0, 1, 0.0
19044640.0, 6341978.0, 2, inf
15814414.0, 11153438.0, 2, inf
15825172.0, 9892696.0, 2, 0.438517487718
16501110.0, 8443206.0, 2, 0.40948189105
18141150.0, 6686332.0, 2, 0.377984327599
17800022.0, 7100698.0, 2, 0.35850157636
17116024.0, 7371024.0, 2, 0.338369026079
16241868.0, 9483552.0, 2, 0.337353838139
16122634.0, 9502626.0, 2, 0.214034335125
16648162.0, 8118526.0, 2, 0.170754788076
16896392.0, 7685292.0, 2, 0.137287038548
16935142.0, 7440498.0, 2, 0.133309322552
16841998.0, 7962310.0, 2, 0.109137642641
17907110.0, 6824440.0, 2, 0.107979693327
16773148.0, 8026830.0, 2, 0.0924744307646
Generacion: 145
15801706.0, 9909422.0, 1, inf
19185380.0, 6284830.0, 1, inf
19185380.0, 6284830.0, 1, inf
15801706.0, 9909422.0, 1, inf
16316918.0, 8338366.0, 1, 0.310668229208
16132018.0, 9331812.0, 1, 0.28456937926
18654432.0, 6577354.0, 1, 0.210717647068
16440704.0, 8320016.0, 1, 0.16126447381
18154450.0, 6614188.0, 1, 0.15149643854
17442302.0, 6835196.0, 1, 0.140069102948
17899764.0, 6742608.0, 1, 0.13887503752
16514866.0, 7965890.0, 1, 0.135383044573
16771596.0, 7703098.0, 1, 0.113136439389
15975696.0, 9488294.0, 1, 0.108500556721
16815532.0, 7450386.0, 1, 0.0967246948356
16132018.0, 9331812.0, 1, 0.0932907489919
17025916.0, 7313618.0, 1, 0.0890185188466
17037622.0, 7118450.0, 1, 0.0881572935155
15944172.0, 9752114.0, 1, 0.0881438884561
18788234.0, 6529332.0, 1, 0.079429685637
16740512.0, 7780098.0, 1, 0.0749693092371
16096542.0, 9471888.0, 1, 0.0743604383295
15819630.0, 9789000.0, 1, 0.0692619431977
16906902.0, 7329338.0, 1, 0.0685693207023
18986452.0, 6403850.0, 1, 0.0668079039277
16642370.0, 7949384.0, 1, 0.0659396423914
17442302.0, 6835196.0, 1, 0.0612068113223
16316918.0, 8338366.0, 1, 0.0597073829192
17321632.0, 6852856.0, 1, 0.0590752610678
18063094.0, 6627720.0, 1, 0.0550176566913
17990104.0, 6729276.0, 1, 0.0547173913584
16652226.0, 7846962.0, 1, 0.0543492823272
18996838.0, 6318426.0, 1, 0.0530297578424
17899764.0, 6742608.0, 1, 0.0522431818474
17132118.0, 7045174.0, 1, 0.0507828695991
17161722.0, 6955492.0, 1, 0.0471738858398
16815532.0, 7450386.0, 1, 0.0463810129635
18798620.0, 6443908.0, 1, 0.0458815093051
15941572.0, 9771226.0, 1, 0.0413112110877
17237622.0, 6948220.0, 1, 0.0403740444677
19072340.0, 6303642.0, 1, 0.0374862775554
18874122.0, 6429124.0, 1, 0.0372764464665
18154450.0, 6614188.0, 1, 0.0371613021002
17281742.0, 6937718.0, 1, 0.0364519232404
17078728.0, 7050656.0, 1, 0.0344826050734
16906902.0, 7329338.0, 1, 0.0313402322534
18874122.0, 6429124.0, 1, 0.0292865380642
19072340.0, 6303642.0, 1, 0.027503716715
16514866.0, 7965890.0, 1, 0.0264714879392
18063094.0, 6627720.0, 1, 0.0253046127316
17990104.0, 6729276.0, 1, 0.0252494341074
16652226.0, 7846962.0, 1, 0.0213601278151
17321632.0, 6852856.0, 1, 0.0166612332775
16096542.0, 9471888.0, 1, 0.0150107641112
17281742.0, 6937718.0, 1, 0.0146863903158
15975696.0, 9488294.0, 1, 0.013842802895
17078728.0, 7050656.0, 1, 0.0136607795292
17161722.0, 6955492.0, 1, 0.0107553645755
15819630.0, 9789000.0, 1, 0.0102009249533
17025916.0, 7313618.0, 1, 0.00779659300207
16642370.0, 7949384.0, 1, 0.00746670201715
18798620.0, 6443908.0, 1, 0.00714824853726
15941572.0, 9771226.0, 1, 0.00567211987334
18154450.0, 6614188.0, 1, 0.0
18154450.0, 6614188.0, 1, 0.0
18154450.0, 6614188.0, 1, 0.0
18154450.0, 6614188.0, 1, 0.0
18154450.0, 6614188.0, 1, 0.0
18154450.0, 6614188.0, 1, 0.0
18154450.0, 6614188.0, 1, 0.0
18154450.0, 6614188.0, 1, 0.0
18154450.0, 6614188.0, 1, 0.0
18798620.0, 6443908.0, 1, 0.0
18874122.0, 6429124.0, 1, 0.0
19072340.0, 6303642.0, 1, 0.0
19072340.0, 6303642.0, 1, 0.0
19072340.0, 6303642.0, 1, 0.0
19072340.0, 6303642.0, 1, 0.0
19072340.0, 6303642.0, 1, 0.0
19185380.0, 6284830.0, 1, 0.0
19185380.0, 6284830.0, 1, 0.0
19185380.0, 6284830.0, 1, 0.0
15819630.0, 9789000.0, 1, 0.0
15819630.0, 9789000.0, 1, 0.0
15819630.0, 9789000.0, 1, 0.0
15819630.0, 9789000.0, 1, 0.0
15819630.0, 9789000.0, 1, 0.0
15819630.0, 9789000.0, 1, 0.0
15819630.0, 9789000.0, 1, 0.0
15941572.0, 9771226.0, 1, 0.0
15941572.0, 9771226.0, 1, 0.0
15941572.0, 9771226.0, 1, 0.0
15941572.0, 9771226.0, 1, 0.0
15941572.0, 9771226.0, 1, 0.0
15975696.0, 9488294.0, 1, 0.0
15975696.0, 9488294.0, 1, 0.0
15975696.0, 9488294.0, 1, 0.0
15975696.0, 9488294.0, 1, 0.0
16096542.0, 9471888.0, 1, 0.0
16096542.0, 9471888.0, 1, 0.0
16096542.0, 9471888.0, 1, 0.0
16096542.0, 9471888.0, 1, 0.0
16096542.0, 9471888.0, 1, 0.0
16132018.0, 9331812.0, 1, 0.0
16132018.0, 9331812.0, 1, 0.0
16514866.0, 7965890.0, 1, 0.0
16514866.0, 7965890.0, 1, 0.0
16514866.0, 7965890.0, 1, 0.0
16514866.0, 7965890.0, 1, 0.0
16652226.0, 7846962.0, 1, 0.0
16815532.0, 7450386.0, 1, 0.0
16815532.0, 7450386.0, 1, 0.0
16906902.0, 7329338.0, 1, 0.0
16906902.0, 7329338.0, 1, 0.0
16906902.0, 7329338.0, 1, 0.0
16906902.0, 7329338.0, 1, 0.0
17025916.0, 7313618.0, 1, 0.0
17025916.0, 7313618.0, 1, 0.0
17025916.0, 7313618.0, 1, 0.0
17025916.0, 7313618.0, 1, 0.0
17025916.0, 7313618.0, 1, 0.0
17161722.0, 6955492.0, 1, 0.0
17161722.0, 6955492.0, 1, 0.0
17161722.0, 6955492.0, 1, 0.0
17161722.0, 6955492.0, 1, 0.0
17161722.0, 6955492.0, 1, 0.0
17161722.0, 6955492.0, 1, 0.0
17161722.0, 6955492.0, 1, 0.0
17161722.0, 6955492.0, 1, 0.0
17161722.0, 6955492.0, 1, 0.0
17161722.0, 6955492.0, 1, 0.0
17161722.0, 6955492.0, 1, 0.0
17281742.0, 6937718.0, 1, 0.0
17281742.0, 6937718.0, 1, 0.0
17281742.0, 6937718.0, 1, 0.0
17281742.0, 6937718.0, 1, 0.0
17281742.0, 6937718.0, 1, 0.0
17321632.0, 6852856.0, 1, 0.0
17321632.0, 6852856.0, 1, 0.0
17442302.0, 6835196.0, 1, 0.0
17990104.0, 6729276.0, 1, 0.0
18154450.0, 6614188.0, 1, 0.0
15911206.0, 9892610.0, 2, inf
19118278.0, 6325204.0, 2, inf
16416920.0, 8451260.0, 2, 0.512501774983
16122634.0, 9502626.0, 2, 0.471114468286
17283788.0, 6939118.0, 2, 0.375216754022
18110570.0, 6710048.0, 2, 0.346280212755
17282680.0, 7468402.0, 2, 0.32995860055
17907110.0, 6824440.0, 2, 0.322011560974
Generacion: 146
15801706.0, 9909422.0, 1, inf
19185380.0, 6284830.0, 1, inf
19185380.0, 6284830.0, 1, inf
15801706.0, 9909422.0, 1, inf
16266036.0, 9180042.0, 1, 0.328729661841
16316918.0, 8338366.0, 1, 0.268795930202
18788234.0, 6529332.0, 1, 0.179158929861
16440704.0, 8320016.0, 1, 0.16126447381
17852368.0, 6821194.0, 1, 0.160741222734
18275566.0, 6595074.0, 1, 0.156785653089
16514866.0, 7965890.0, 1, 0.135383044573
17442302.0, 6835196.0, 1, 0.126061843384
15975696.0, 9488294.0, 1, 0.118985018285
16815532.0, 7450386.0, 1, 0.0967246948356
17025916.0, 7313618.0, 1, 0.0890185188466
15944172.0, 9752114.0, 1, 0.0881438884561
16132018.0, 9331812.0, 1, 0.0880711940536
16132018.0, 9331812.0, 1, 0.0827795508809
16771596.0, 7703098.0, 1, 0.0789079666284
16740512.0, 7780098.0, 1, 0.0749693092371
15819630.0, 9789000.0, 1, 0.0692619431977
18063094.0, 6627720.0, 1, 0.068628992148
16906902.0, 7329338.0, 1, 0.0685693207023
17037622.0, 7118450.0, 1, 0.0659938421194
16642370.0, 7949384.0, 1, 0.0659396423914
18874122.0, 6429124.0, 1, 0.0639137850862
17321632.0, 6852856.0, 1, 0.0590752610678
18874122.0, 6429124.0, 1, 0.0559238766839
16652226.0, 7846962.0, 1, 0.0543492823272
18275566.0, 6595074.0, 1, 0.0539319939785
18996838.0, 6318426.0, 1, 0.0528544320507
15975696.0, 9488294.0, 1, 0.0524888077419
17132118.0, 7045174.0, 1, 0.0507828695991
18023550.0, 6722720.0, 1, 0.0495898288332
17899764.0, 6742608.0, 1, 0.0483801263642
17161722.0, 6955492.0, 1, 0.0471738858398
16815532.0, 7450386.0, 1, 0.0463810129635
18788234.0, 6529332.0, 1, 0.0435208255267
15941572.0, 9771226.0, 1, 0.0413112110877
17237622.0, 6948220.0, 1, 0.0403740444677
18996838.0, 6318426.0, 1, 0.0403458910998
18154450.0, 6614188.0, 1, 0.03952761412
17442302.0, 6835196.0, 1, 0.0395254744988
19113198.0, 6298954.0, 1, 0.0385975750477
17281742.0, 6937718.0, 1, 0.0364519232404
17078728.0, 7050656.0, 1, 0.0344826050734
16771596.0, 7703098.0, 1, 0.0342284727603
18154450.0, 6614188.0, 1, 0.0322724759923
16906902.0, 7329338.0, 1, 0.0313402322534
17990104.0, 6729276.0, 1, 0.0285075448433
16514866.0, 7965890.0, 1, 0.0264714879392
19072340.0, 6303642.0, 1, 0.023607002271
17037622.0, 7118450.0, 1, 0.0221634513961
16652226.0, 7846962.0, 1, 0.0213601278151
16316918.0, 8338366.0, 1, 0.0201001394318
17899764.0, 6742608.0, 1, 0.0176854666566
17321632.0, 6852856.0, 1, 0.0166612332775
19072340.0, 6303642.0, 1, 0.01615384423
17281742.0, 6937718.0, 1, 0.0146863903158
17078728.0, 7050656.0, 1, 0.0136607795292
17990104.0, 6729276.0, 1, 0.0135627290643
17161722.0, 6955492.0, 1, 0.0107553645755
15819630.0, 9789000.0, 1, 0.0102009249533
17025916.0, 7313618.0, 1, 0.00779659300207
16642370.0, 7949384.0, 1, 0.00746670201715
15941572.0, 9771226.0, 1, 0.00567211987334
16771596.0, 7703098.0, 1, 0.0
16815532.0, 7450386.0, 1, 0.0
16815532.0, 7450386.0, 1, 0.0
16906902.0, 7329338.0, 1, 0.0
16906902.0, 7329338.0, 1, 0.0
16906902.0, 7329338.0, 1, 0.0
16906902.0, 7329338.0, 1, 0.0
16906902.0, 7329338.0, 1, 0.0
16906902.0, 7329338.0, 1, 0.0
17025916.0, 7313618.0, 1, 0.0
17025916.0, 7313618.0, 1, 0.0
17078728.0, 7050656.0, 1, 0.0
17078728.0, 7050656.0, 1, 0.0
17078728.0, 7050656.0, 1, 0.0
17161722.0, 6955492.0, 1, 0.0
17161722.0, 6955492.0, 1, 0.0
17161722.0, 6955492.0, 1, 0.0
17161722.0, 6955492.0, 1, 0.0
17161722.0, 6955492.0, 1, 0.0
17161722.0, 6955492.0, 1, 0.0
17281742.0, 6937718.0, 1, 0.0
17281742.0, 6937718.0, 1, 0.0
17442302.0, 6835196.0, 1, 0.0
17442302.0, 6835196.0, 1, 0.0
17442302.0, 6835196.0, 1, 0.0
17442302.0, 6835196.0, 1, 0.0
17442302.0, 6835196.0, 1, 0.0
17899764.0, 6742608.0, 1, 0.0
18154450.0, 6614188.0, 1, 0.0
18154450.0, 6614188.0, 1, 0.0
18154450.0, 6614188.0, 1, 0.0
18874122.0, 6429124.0, 1, 0.0
18874122.0, 6429124.0, 1, 0.0
18874122.0, 6429124.0, 1, 0.0
19072340.0, 6303642.0, 1, 0.0
19072340.0, 6303642.0, 1, 0.0
19072340.0, 6303642.0, 1, 0.0
19185380.0, 6284830.0, 1, 0.0
19185380.0, 6284830.0, 1, 0.0
15819630.0, 9789000.0, 1, 0.0
15819630.0, 9789000.0, 1, 0.0
15819630.0, 9789000.0, 1, 0.0
15819630.0, 9789000.0, 1, 0.0
15819630.0, 9789000.0, 1, 0.0
15819630.0, 9789000.0, 1, 0.0
15819630.0, 9789000.0, 1, 0.0
15819630.0, 9789000.0, 1, 0.0
15819630.0, 9789000.0, 1, 0.0
15819630.0, 9789000.0, 1, 0.0
15941572.0, 9771226.0, 1, 0.0
15941572.0, 9771226.0, 1, 0.0
15975696.0, 9488294.0, 1, 0.0
15975696.0, 9488294.0, 1, 0.0
15975696.0, 9488294.0, 1, 0.0
16132018.0, 9331812.0, 1, 0.0
16132018.0, 9331812.0, 1, 0.0
16132018.0, 9331812.0, 1, 0.0
16132018.0, 9331812.0, 1, 0.0
16514866.0, 7965890.0, 1, 0.0
16514866.0, 7965890.0, 1, 0.0
16514866.0, 7965890.0, 1, 0.0
16514866.0, 7965890.0, 1, 0.0
16514866.0, 7965890.0, 1, 0.0
16514866.0, 7965890.0, 1, 0.0
16514866.0, 7965890.0, 1, 0.0
16652226.0, 7846962.0, 1, 0.0
16652226.0, 7846962.0, 1, 0.0
16771596.0, 7703098.0, 1, 0.0
15837804.0, 9932044.0, 2, inf
15837804.0, 9932044.0, 2, inf
23497878.0, 6406142.0, 2, inf
20807372.0, 6460218.0, 2, 0.410207276045
16439026.0, 8716050.0, 2, 0.33524399997
16935142.0, 7440498.0, 2, 0.31973475933
19297474.0, 6618756.0, 2, 0.271899404824
16184480.0, 9436856.0, 2, 0.264389082825
16614680.0, 8167192.0, 2, 0.257276072487
18110570.0, 6710048.0, 2, 0.239843050849
19940020.0, 6593446.0, 2, 0.189371628217
17201200.0, 7032946.0, 2, 0.186907519115
16122634.0, 9502626.0, 2, 0.185700454028
16494840.0, 8397676.0, 2, 0.16925655598
17907110.0, 6824440.0, 2, 0.12459779161
17082356.0, 7255108.0, 2, 0.114703545481
Generacion: 147
15801706.0, 9909422.0, 1, inf
19185380.0, 6284830.0, 1, inf
15801706.0, 9909422.0, 1, inf
16316918.0, 8338366.0, 1, 0.268795930202
16266036.0, 9180042.0, 1, 0.236830084793
18788234.0, 6529332.0, 1, 0.222679755387
18275566.0, 6595074.0, 1, 0.199219166681
16440704.0, 8320016.0, 1, 0.16126447381
16815532.0, 7450386.0, 1, 0.143105707799
17852368.0, 6821194.0, 1, 0.142870907686
16514866.0, 7965890.0, 1, 0.135383044573
17442302.0, 6835196.0, 1, 0.126061843384
15975696.0, 9488294.0, 1, 0.118985018285
16652226.0, 7846962.0, 1, 0.106139644656
16771596.0, 7703098.0, 1, 0.104999723695
17025916.0, 7313618.0, 1, 0.0890185188466
17037622.0, 7118450.0, 1, 0.0881572935155
15944172.0, 9752114.0, 1, 0.0881438884561
16250412.0, 9315342.0, 1, 0.0814795424937
16132018.0, 9331812.0, 1, 0.0781620847775
15819630.0, 9789000.0, 1, 0.0692619431977
16906902.0, 7329338.0, 1, 0.0685693207023
16642370.0, 7949384.0, 1, 0.0659396423914
18874122.0, 6429124.0, 1, 0.0608715298334
17321632.0, 6852856.0, 1, 0.0590752610678
18986544.0, 6409982.0, 1, 0.0584845025487
18063094.0, 6627720.0, 1, 0.0532089013886
16771596.0, 7703098.0, 1, 0.052675790417
15975696.0, 9488294.0, 1, 0.0524888077419
16266036.0, 9180042.0, 1, 0.0523658399576
16132018.0, 9331812.0, 1, 0.0507428547536
18023550.0, 6722720.0, 1, 0.0495898288332
17161722.0, 6955492.0, 1, 0.0486863319302
17899764.0, 6742608.0, 1, 0.0483801263642
18996838.0, 6318426.0, 1, 0.0475732859244
17078728.0, 7050656.0, 1, 0.0432316748715
15941572.0, 9771226.0, 1, 0.0413112110877
18187530.0, 6607946.0, 1, 0.0410676495226
17442302.0, 6835196.0, 1, 0.0395254744988
17078728.0, 7050656.0, 1, 0.0384034264258
19072340.0, 6303642.0, 1, 0.0374862775554
17281742.0, 6937718.0, 1, 0.0364519232404
16906902.0, 7329338.0, 1, 0.0313402322534
18874122.0, 6429124.0, 1, 0.0306642060782
18154450.0, 6614188.0, 1, 0.0287211797361
17990104.0, 6729276.0, 1, 0.0285075448433
19072340.0, 6303642.0, 1, 0.027503716715
17161722.0, 6955492.0, 1, 0.0265340713895
16514866.0, 7965890.0, 1, 0.0264714879392
17237622.0, 6948220.0, 1, 0.0253286685022
16316918.0, 8338366.0, 1, 0.0201001394318
17852368.0, 6821194.0, 1, 0.0178703150478
17899764.0, 6742608.0, 1, 0.0176854666566
17321632.0, 6852856.0, 1, 0.0166612332775
18063094.0, 6627720.0, 1, 0.0154200907593
17237622.0, 6948220.0, 1, 0.0150453759655
17281742.0, 6937718.0, 1, 0.0146863903158
17990104.0, 6729276.0, 1, 0.0135627290643
18154450.0, 6614188.0, 1, 0.0135097412399
15819630.0, 9789000.0, 1, 0.0102009249533
18986544.0, 6409982.0, 1, 0.00832340137896
17025916.0, 7313618.0, 1, 0.00779659300207
16642370.0, 7949384.0, 1, 0.00746670201715
18996838.0, 6318426.0, 1, 0.00712105915672
15941572.0, 9771226.0, 1, 0.00567211987334
17078728.0, 7050656.0, 1, 0.0
17161722.0, 6955492.0, 1, 0.0
17161722.0, 6955492.0, 1, 0.0
17161722.0, 6955492.0, 1, 0.0
17161722.0, 6955492.0, 1, 0.0
17161722.0, 6955492.0, 1, 0.0
17161722.0, 6955492.0, 1, 0.0
17281742.0, 6937718.0, 1, 0.0
17281742.0, 6937718.0, 1, 0.0
17281742.0, 6937718.0, 1, 0.0
17281742.0, 6937718.0, 1, 0.0
17281742.0, 6937718.0, 1, 0.0
17281742.0, 6937718.0, 1, 0.0
17281742.0, 6937718.0, 1, 0.0
17321632.0, 6852856.0, 1, 0.0
17321632.0, 6852856.0, 1, 0.0
17321632.0, 6852856.0, 1, 0.0
17442302.0, 6835196.0, 1, 0.0
17442302.0, 6835196.0, 1, 0.0
17442302.0, 6835196.0, 1, 0.0
17899764.0, 6742608.0, 1, 0.0
17990104.0, 6729276.0, 1, 0.0
18154450.0, 6614188.0, 1, 0.0
18154450.0, 6614188.0, 1, 0.0
18154450.0, 6614188.0, 1, 0.0
18154450.0, 6614188.0, 1, 0.0
18154450.0, 6614188.0, 1, 0.0
18874122.0, 6429124.0, 1, 0.0
18874122.0, 6429124.0, 1, 0.0
18874122.0, 6429124.0, 1, 0.0
18996838.0, 6318426.0, 1, 0.0
18996838.0, 6318426.0, 1, 0.0
19072340.0, 6303642.0, 1, 0.0
19072340.0, 6303642.0, 1, 0.0
19072340.0, 6303642.0, 1, 0.0
15819630.0, 9789000.0, 1, 0.0
15819630.0, 9789000.0, 1, 0.0
15819630.0, 9789000.0, 1, 0.0
15819630.0, 9789000.0, 1, 0.0
15819630.0, 9789000.0, 1, 0.0
15819630.0, 9789000.0, 1, 0.0
15819630.0, 9789000.0, 1, 0.0
15819630.0, 9789000.0, 1, 0.0
15941572.0, 9771226.0, 1, 0.0
15941572.0, 9771226.0, 1, 0.0
15941572.0, 9771226.0, 1, 0.0
15975696.0, 9488294.0, 1, 0.0
15975696.0, 9488294.0, 1, 0.0
15975696.0, 9488294.0, 1, 0.0
15975696.0, 9488294.0, 1, 0.0
15975696.0, 9488294.0, 1, 0.0
15975696.0, 9488294.0, 1, 0.0
15975696.0, 9488294.0, 1, 0.0
15975696.0, 9488294.0, 1, 0.0
16132018.0, 9331812.0, 1, 0.0
16266036.0, 9180042.0, 1, 0.0
16316918.0, 8338366.0, 1, 0.0
16514866.0, 7965890.0, 1, 0.0
16514866.0, 7965890.0, 1, 0.0
16514866.0, 7965890.0, 1, 0.0
16514866.0, 7965890.0, 1, 0.0
16514866.0, 7965890.0, 1, 0.0
16514866.0, 7965890.0, 1, 0.0
16514866.0, 7965890.0, 1, 0.0
16642370.0, 7949384.0, 1, 0.0
16906902.0, 7329338.0, 1, 0.0
16906902.0, 7329338.0, 1, 0.0
16906902.0, 7329338.0, 1, 0.0
17025916.0, 7313618.0, 1, 0.0
17025916.0, 7313618.0, 1, 0.0
17025916.0, 7313618.0, 1, 0.0
17025916.0, 7313618.0, 1, 0.0
19802394.0, 6290512.0, 2, inf
15825172.0, 9892696.0, 2, inf
15825172.0, 9892696.0, 2, inf
16896392.0, 7685292.0, 2, 0.440418498369
17201200.0, 7032946.0, 2, 0.304548552828
19700580.0, 6414512.0, 2, 0.287111514445
18070440.0, 6709552.0, 2, 0.269594319966
18903108.0, 6510254.0, 2, 0.255836793588
17410386.0, 6926530.0, 2, 0.239811784055
18903108.0, 6510254.0, 2, 0.235938071423
18070440.0, 6709552.0, 2, 0.221285541483
16648162.0, 8118526.0, 2, 0.217836042196
16295388.0, 9360784.0, 2, 0.193700655778
Generacion: 148
19072340.0, 6303642.0, 1, inf
19072340.0, 6303642.0, 1, inf
15801706.0, 9909422.0, 1, inf
16316918.0, 8338366.0, 1, 0.291918101142
16266036.0, 9180042.0, 1, 0.291281485249
17899764.0, 6742608.0, 1, 0.196866132529
18788234.0, 6529332.0, 1, 0.165833672038
18275566.0, 6595074.0, 1, 0.160318637843
17442302.0, 6835196.0, 1, 0.144767209692
16771596.0, 7703098.0, 1, 0.140153307962
16906902.0, 7329338.0, 1, 0.140044460564
16505722.0, 8238454.0, 1, 0.120885765044
16514866.0, 7965890.0, 1, 0.114575347371
16652226.0, 7846962.0, 1, 0.107814107228
15975696.0, 9488294.0, 1, 0.105133214552
17025916.0, 7313618.0, 1, 0.0905150938248
15967382.0, 9734152.0, 1, 0.0888996914432
16250412.0, 9315342.0, 1, 0.0830669075363
16771596.0, 7703098.0, 1, 0.0812681241907
16096542.0, 9471888.0, 1, 0.0757964275045
16132018.0, 9331812.0, 1, 0.0750467257647
15819630.0, 9789000.0, 1, 0.0706808376752
16642370.0, 7949384.0, 1, 0.0673894402994
17037622.0, 7118450.0, 1, 0.0666946357729
17442302.0, 6835196.0, 1, 0.0625726493088
16440704.0, 8320016.0, 1, 0.06046750159
17321632.0, 6852856.0, 1, 0.0604299783749
18986452.0, 6403850.0, 1, 0.0545256282879
18870408.0, 6496574.0, 1, 0.0540512876329
18996838.0, 6318426.0, 1, 0.0540512876329
18016714.0, 6706106.0, 1, 0.0504815539378
18063094.0, 6627720.0, 1, 0.0496711848178
17161722.0, 6955492.0, 1, 0.0495985803172
15941572.0, 9771226.0, 1, 0.0475657280456
16906902.0, 7329338.0, 1, 0.0457296276656
18275566.0, 6595074.0, 1, 0.0451494989145
17078728.0, 7050656.0, 1, 0.044176988081
18788234.0, 6529332.0, 1, 0.0433571858645
18914362.0, 6424106.0, 1, 0.0413543247461
17078728.0, 7050656.0, 1, 0.0389602759395
17281742.0, 6937718.0, 1, 0.0370247303404
17990104.0, 6729276.0, 1, 0.0340473500846
18874122.0, 6429124.0, 1, 0.0310095024274
18154450.0, 6614188.0, 1, 0.0296633085746
18187530.0, 6607946.0, 1, 0.028648214865
17161722.0, 6955492.0, 1, 0.0273922702114
17237622.0, 6948220.0, 1, 0.0261190557761
16440704.0, 8320016.0, 1, 0.0249683776164
17037622.0, 7118450.0, 1, 0.0223806024262
18063094.0, 6627720.0, 1, 0.0179336002816
17321632.0, 6852856.0, 1, 0.0170941041107
17237622.0, 6948220.0, 1, 0.0155065012749
16132018.0, 9331812.0, 1, 0.0154144929976
16096542.0, 9471888.0, 1, 0.0153967437173
17281742.0, 6937718.0, 1, 0.0151089580397
18154450.0, 6614188.0, 1, 0.0138671104206
18187530.0, 6607946.0, 1, 0.0136840709673
15941572.0, 9771226.0, 1, 0.0128207442837
17990104.0, 6729276.0, 1, 0.0118334341903
15819630.0, 9789000.0, 1, 0.0104095909722
17025916.0, 7313618.0, 1, 0.00793878955903
16642370.0, 7949384.0, 1, 0.00759113334086
16514866.0, 7965890.0, 1, 0.00737343854529
15975696.0, 9488294.0, 1, 0.00709193186737
18874122.0, 6429124.0, 1, 0.00252721416016
15975696.0, 9488294.0, 1, 0.0
15975696.0, 9488294.0, 1, 0.0
16096542.0, 9471888.0, 1, 0.0
16132018.0, 9331812.0, 1, 0.0
16132018.0, 9331812.0, 1, 0.0
16132018.0, 9331812.0, 1, 0.0
16514866.0, 7965890.0, 1, 0.0
16514866.0, 7965890.0, 1, 0.0
16514866.0, 7965890.0, 1, 0.0
16642370.0, 7949384.0, 1, 0.0
16642370.0, 7949384.0, 1, 0.0
16642370.0, 7949384.0, 1, 0.0
16771596.0, 7703098.0, 1, 0.0
16771596.0, 7703098.0, 1, 0.0
16771596.0, 7703098.0, 1, 0.0
16771596.0, 7703098.0, 1, 0.0
17025916.0, 7313618.0, 1, 0.0
17025916.0, 7313618.0, 1, 0.0
17037622.0, 7118450.0, 1, 0.0
17078728.0, 7050656.0, 1, 0.0
17161722.0, 6955492.0, 1, 0.0
17161722.0, 6955492.0, 1, 0.0
17161722.0, 6955492.0, 1, 0.0
17237622.0, 6948220.0, 1, 0.0
17281742.0, 6937718.0, 1, 0.0
17281742.0, 6937718.0, 1, 0.0
17281742.0, 6937718.0, 1, 0.0
17281742.0, 6937718.0, 1, 0.0
17281742.0, 6937718.0, 1, 0.0
17321632.0, 6852856.0, 1, 0.0
17321632.0, 6852856.0, 1, 0.0
17321632.0, 6852856.0, 1, 0.0
17321632.0, 6852856.0, 1, 0.0
17321632.0, 6852856.0, 1, 0.0
17442302.0, 6835196.0, 1, 0.0
17442302.0, 6835196.0, 1, 0.0
17442302.0, 6835196.0, 1, 0.0
18063094.0, 6627720.0, 1, 0.0
18063094.0, 6627720.0, 1, 0.0
18154450.0, 6614188.0, 1, 0.0
18154450.0, 6614188.0, 1, 0.0
18154450.0, 6614188.0, 1, 0.0
18154450.0, 6614188.0, 1, 0.0
18154450.0, 6614188.0, 1, 0.0
18154450.0, 6614188.0, 1, 0.0
18154450.0, 6614188.0, 1, 0.0
18275566.0, 6595074.0, 1, 0.0
18874122.0, 6429124.0, 1, 0.0
18874122.0, 6429124.0, 1, 0.0
19072340.0, 6303642.0, 1, 0.0
15819630.0, 9789000.0, 1, 0.0
15819630.0, 9789000.0, 1, 0.0
15819630.0, 9789000.0, 1, 0.0
15819630.0, 9789000.0, 1, 0.0
15819630.0, 9789000.0, 1, 0.0
15819630.0, 9789000.0, 1, 0.0
15975696.0, 9488294.0, 1, 0.0
18986544.0, 6409982.0, 2, inf
18986544.0, 6409982.0, 2, inf
15825172.0, 9892696.0, 2, inf
17360744.0, 6930624.0, 2, 0.377971004532
16455092.0, 8920894.0, 2, 0.343114975616
18110570.0, 6710048.0, 2, 0.309932305849
17907110.0, 6824440.0, 2, 0.300518243494
16581656.0, 8184920.0, 2, 0.295023918923
17004752.0, 7711948.0, 2, 0.254688698471
16103086.0, 9632068.0, 2, 0.206094423384
17147192.0, 7303644.0, 2, 0.203862533815
16891108.0, 8010254.0, 2, 0.185050775904
18110570.0, 6710048.0, 2, 0.150516801325
16384174.0, 9162336.0, 2, 0.149962506667
16357592.0, 9335760.0, 2, 0.137245518543
16241868.0, 9483552.0, 2, 0.122234162407
17116024.0, 7371024.0, 2, 0.107749334048
16773864.0, 8102070.0, 2, 0.104370187315
16122634.0, 9502626.0, 2, 0.0865430486245
16702990.0, 8166506.0, 2, 0.0845878375926
17116024.0, 7371024.0, 2, 0.0545443568735
18986544.0, 6409982.0, 2, 0.0
18986544.0, 6409982.0, 2, 0.0
18110570.0, 6710048.0, 2, 0.0
16184222.0, 9547946.0, 3, inf
19020118.0, 6732134.0, 3, inf
16633876.0, 8222062.0, 3, 0.928710564899
17242506.0, 7353528.0, 3, 0.756482753703
Generacion: 149
15801706.0, 9909422.0, 1, inf
15801706.0, 9909422.0, 1, inf
19185380.0, 6284830.0, 1, inf
19185380.0, 6284830.0, 1, inf
16439026.0, 8716050.0, 1, 0.288896069634
18754666.0, 6516376.0, 1, 0.196287336165
17899764.0, 6742608.0, 1, 0.191118219367
16266036.0, 9180042.0, 1, 0.167619444585
18275566.0, 6595074.0, 1, 0.145142950771
17442302.0, 6835196.0, 1, 0.140069102948
16771596.0, 7703098.0, 1, 0.138396034231
16906902.0, 7329338.0, 1, 0.13829082315
16440704.0, 8320016.0, 1, 0.128478264451
16514866.0, 7965890.0, 1, 0.112880649821
16652226.0, 7846962.0, 1, 0.106139644656
15975696.0, 9488294.0, 1, 0.103544964478
16505722.0, 8238454.0, 1, 0.0944137407745
16266036.0, 9180042.0, 1, 0.0929972005187
17025916.0, 7313618.0, 1, 0.0890185188466
18986452.0, 6403850.0, 1, 0.0799234928506
16771596.0, 7703098.0, 1, 0.079678982805
16132018.0, 9331812.0, 1, 0.0782532483343
15967382.0, 9734152.0, 1, 0.0746899388457
16096542.0, 9471888.0, 1, 0.0743604383295
15819630.0, 9789000.0, 1, 0.0692619431977
17037622.0, 7118450.0, 1, 0.0659938421194
16642370.0, 7949384.0, 1, 0.0659396423914
17442302.0, 6835196.0, 1, 0.0612068113223
19072340.0, 6303642.0, 1, 0.0610541715418
17321632.0, 6852856.0, 1, 0.0590752610678
18063094.0, 6627720.0, 1, 0.0550176566913
17990104.0, 6729276.0, 1, 0.0547173913584
16132018.0, 9331812.0, 1, 0.0523567605709
17161722.0, 6955492.0, 1, 0.0486863319302
18275566.0, 6595074.0, 1, 0.0477301097333
16906902.0, 7329338.0, 1, 0.0443249346804
17078728.0, 7050656.0, 1, 0.0432316748715
18798620.0, 6443908.0, 1, 0.0423070380267
15941572.0, 9771226.0, 1, 0.0413112110877
17237622.0, 6948220.0, 1, 0.0403740444677
18914362.0, 6424106.0, 1, 0.040170565308
17078728.0, 7050656.0, 1, 0.0384034264258
17281742.0, 6937718.0, 1, 0.0364519232404
19072340.0, 6303642.0, 1, 0.0305731613482
18154450.0, 6614188.0, 1, 0.0287211797361
18187530.0, 6607946.0, 1, 0.0277399977428
17161722.0, 6955492.0, 1, 0.0265340713895
18063094.0, 6627720.0, 1, 0.0253046127316
17990104.0, 6729276.0, 1, 0.0252494341074
16505722.0, 8238454.0, 1, 0.0252047827483
18874122.0, 6429124.0, 1, 0.023698047001
16440704.0, 8320016.0, 1, 0.0229983054104
17037622.0, 7118450.0, 1, 0.0221634513961
18798620.0, 6443908.0, 1, 0.0170688259924
17321632.0, 6852856.0, 1, 0.0166612332775
18874122.0, 6429124.0, 1, 0.0159712025216
16096542.0, 9471888.0, 1, 0.0150107641112
17281742.0, 6937718.0, 1, 0.0146863903158
18154450.0, 6614188.0, 1, 0.0135097412399
18187530.0, 6607946.0, 1, 0.0133276517799
15944172.0, 9752114.0, 1, 0.0121322771834
15819630.0, 9789000.0, 1, 0.0102009249533
17025916.0, 7313618.0, 1, 0.00779659300207
16642370.0, 7949384.0, 1, 0.00746670201715
15967382.0, 9734152.0, 1, 0.00741268474089
16514866.0, 7965890.0, 1, 0.00725627985473
15975696.0, 9488294.0, 1, 0.00698339504429
15944172.0, 9752114.0, 1, 0.00572398778013
15941572.0, 9771226.0, 1, 0.00567211987334
15967382.0, 9734152.0, 1, 0.0
15975696.0, 9488294.0, 1, 0.0
15975696.0, 9488294.0, 1, 0.0
15975696.0, 9488294.0, 1, 0.0
15975696.0, 9488294.0, 1, 0.0
15975696.0, 9488294.0, 1, 0.0
16132018.0, 9331812.0, 1, 0.0
16132018.0, 9331812.0, 1, 0.0
16440704.0, 8320016.0, 1, 0.0
16514866.0, 7965890.0, 1, 0.0
16514866.0, 7965890.0, 1, 0.0
16642370.0, 7949384.0, 1, 0.0
16642370.0, 7949384.0, 1, 0.0
16906902.0, 7329338.0, 1, 0.0
17025916.0, 7313618.0, 1, 0.0
17025916.0, 7313618.0, 1, 0.0
17161722.0, 6955492.0, 1, 0.0
17161722.0, 6955492.0, 1, 0.0
17281742.0, 6937718.0, 1, 0.0
17281742.0, 6937718.0, 1, 0.0
17281742.0, 6937718.0, 1, 0.0
17281742.0, 6937718.0, 1, 0.0
17281742.0, 6937718.0, 1, 0.0
17281742.0, 6937718.0, 1, 0.0
17281742.0, 6937718.0, 1, 0.0
17281742.0, 6937718.0, 1, 0.0
17321632.0, 6852856.0, 1, 0.0
17321632.0, 6852856.0, 1, 0.0
17321632.0, 6852856.0, 1, 0.0
17321632.0, 6852856.0, 1, 0.0
17321632.0, 6852856.0, 1, 0.0
17321632.0, 6852856.0, 1, 0.0
17321632.0, 6852856.0, 1, 0.0
17442302.0, 6835196.0, 1, 0.0
17442302.0, 6835196.0, 1, 0.0
17442302.0, 6835196.0, 1, 0.0
17442302.0, 6835196.0, 1, 0.0
17990104.0, 6729276.0, 1, 0.0
18063094.0, 6627720.0, 1, 0.0
18063094.0, 6627720.0, 1, 0.0
18154450.0, 6614188.0, 1, 0.0
18154450.0, 6614188.0, 1, 0.0
18154450.0, 6614188.0, 1, 0.0
18187530.0, 6607946.0, 1, 0.0
18275566.0, 6595074.0, 1, 0.0
18275566.0, 6595074.0, 1, 0.0
18874122.0, 6429124.0, 1, 0.0
19072340.0, 6303642.0, 1, 0.0
15801706.0, 9909422.0, 1, 0.0
15801706.0, 9909422.0, 1, 0.0
15801706.0, 9909422.0, 1, 0.0
15819630.0, 9789000.0, 1, 0.0
15941572.0, 9771226.0, 1, 0.0
15983596.0, 9649906.0, 2, inf
20728526.0, 6344006.0, 2, inf
19101944.0, 6385102.0, 2, 0.434997425199
16593126.0, 8768012.0, 2, 0.375709719131
16919478.0, 7580790.0, 2, 0.35337121205
16614680.0, 8167192.0, 2, 0.245978298555
18141150.0, 6686332.0, 2, 0.20579064915
16375422.0, 9303060.0, 2, 0.198674209903
16407308.0, 9264770.0, 2, 0.196548673636
17907110.0, 6824440.0, 2, 0.183523837854
16614680.0, 8167192.0, 2, 0.181922973796
17201200.0, 7032946.0, 2, 0.169259038556
18788234.0, 6529332.0, 2, 0.142144666045
17073798.0, 7318860.0, 2, 0.131824765343
17907110.0, 6824440.0, 2, 0.0974928774052
17157642.0, 7100676.0, 2, 0.0932655538773
18070440.0, 6709552.0, 2, 0.0911004443451
17147192.0, 7303644.0, 2, 0.0836685956223
17201200.0, 7032946.0, 2, 0.0722507768895
18788234.0, 6529332.0, 2, 0.0717006905125
18903108.0, 6510254.0, 2, 0.0620670052831
18903108.0, 6510254.0, 2, 0.0476758329958
16392314.0, 9277872.0, 2, 0.0183023373512
18788234.0, 6529332.0, 2, 0.0
20308302.0, 6415418.0, 3, inf
15992098.0, 10054450.0, 3, inf
16633876.0, 8222062.0, 3, 0.655375269281
18110570.0, 6710048.0, 3, 0.597596400364
Generacion: 150
21100108.0, 6280828.0, 1, inf
15801706.0, 9909422.0, 1, inf
15801706.0, 9909422.0, 1, inf
19185380.0, 6284830.0, 1, 0.366562770157
16316918.0, 8338366.0, 1, 0.270888958192
16266036.0, 9180042.0, 1, 0.257250551363
16771596.0, 7703098.0, 1, 0.140113664455
17442302.0, 6835196.0, 1, 0.122032791519
18063094.0, 6627720.0, 1, 0.1208951608
16505722.0, 8238454.0, 1, 0.11068099575
18798620.0, 6443908.0, 1, 0.102793504097
18275566.0, 6595074.0, 1, 0.10226657824
16514866.0, 7965890.0, 1, 0.0991802099364
15975696.0, 9488294.0, 1, 0.0955138558532
16815532.0, 7450386.0, 1, 0.0868894282658
15944172.0, 9752114.0, 1, 0.0844133332157
17037622.0, 7118450.0, 1, 0.0824369253331
17442302.0, 6835196.0, 1, 0.079952860865
17025916.0, 7313618.0, 1, 0.0762483663945
18063094.0, 6627720.0, 1, 0.0744202493342
16096542.0, 9471888.0, 1, 0.0726283049726
15819630.0, 9789000.0, 1, 0.0644830454002
16132018.0, 9331812.0, 1, 0.0638974234024
16453202.0, 8325276.0, 1, 0.0631687721271
18275566.0, 6595074.0, 1, 0.0582752379076
18798620.0, 6443908.0, 1, 0.0559096189909
16906902.0, 7329338.0, 1, 0.0558217218043
16642370.0, 7949384.0, 1, 0.0522909740505
16266036.0, 9180042.0, 1, 0.0514293906104
16652226.0, 7846962.0, 1, 0.0507557941982
16132018.0, 9331812.0, 1, 0.0485217214679
18986544.0, 6409982.0, 1, 0.0464499071193
17321632.0, 6852856.0, 1, 0.0461618112188
18996838.0, 6318426.0, 1, 0.045498923727
18874122.0, 6429124.0, 1, 0.0448176793233
16815532.0, 7450386.0, 1, 0.0416517890586
16652226.0, 7846962.0, 1, 0.0415074959345
17161722.0, 6955492.0, 1, 0.0405512099355
17078728.0, 7050656.0, 1, 0.0343472377252
17078728.0, 7050656.0, 1, 0.0339843242972
15941572.0, 9771226.0, 1, 0.0336709475569
17281742.0, 6937718.0, 1, 0.0317140588587
17237622.0, 6948220.0, 1, 0.0275504288314
19072340.0, 6303642.0, 1, 0.0254090398751
19185380.0, 6284830.0, 1, 0.0224376410357
16906902.0, 7329338.0, 1, 0.0215770786339
19072340.0, 6303642.0, 1, 0.0194343340733
18154450.0, 6614188.0, 1, 0.0189624053318
18187530.0, 6607946.0, 1, 0.0183358013104
17161722.0, 6955492.0, 1, 0.017668050139
17321632.0, 6852856.0, 1, 0.0123955839234
15975696.0, 9488294.0, 1, 0.0104710288825
17281742.0, 6937718.0, 1, 0.0104229190289
18154450.0, 6614188.0, 1, 0.00997266001629
18187530.0, 6607946.0, 1, 0.00979077138394
18986544.0, 6409982.0, 1, 0.00721817145425
17025916.0, 7313618.0, 1, 0.00654160189964
16642370.0, 7949384.0, 1, 0.00640905284606
16514866.0, 7965890.0, 1, 0.00627467270654
16642370.0, 7949384.0, 1, 0.0
16642370.0, 7949384.0, 1, 0.0
16652226.0, 7846962.0, 1, 0.0
16652226.0, 7846962.0, 1, 0.0
16906902.0, 7329338.0, 1, 0.0
16906902.0, 7329338.0, 1, 0.0
16906902.0, 7329338.0, 1, 0.0
17025916.0, 7313618.0, 1, 0.0
17161722.0, 6955492.0, 1, 0.0
17161722.0, 6955492.0, 1, 0.0
17161722.0, 6955492.0, 1, 0.0
17161722.0, 6955492.0, 1, 0.0
17161722.0, 6955492.0, 1, 0.0
17161722.0, 6955492.0, 1, 0.0
17281742.0, 6937718.0, 1, 0.0
17281742.0, 6937718.0, 1, 0.0
17281742.0, 6937718.0, 1, 0.0
17281742.0, 6937718.0, 1, 0.0
17281742.0, 6937718.0, 1, 0.0
17281742.0, 6937718.0, 1, 0.0
17281742.0, 6937718.0, 1, 0.0
17281742.0, 6937718.0, 1, 0.0
17281742.0, 6937718.0, 1, 0.0
17281742.0, 6937718.0, 1, 0.0
17281742.0, 6937718.0, 1, 0.0
17321632.0, 6852856.0, 1, 0.0
17321632.0, 6852856.0, 1, 0.0
17321632.0, 6852856.0, 1, 0.0
17321632.0, 6852856.0, 1, 0.0
17321632.0, 6852856.0, 1, 0.0
17321632.0, 6852856.0, 1, 0.0
17442302.0, 6835196.0, 1, 0.0
18154450.0, 6614188.0, 1, 0.0
18154450.0, 6614188.0, 1, 0.0
18154450.0, 6614188.0, 1, 0.0
18154450.0, 6614188.0, 1, 0.0
18275566.0, 6595074.0, 1, 0.0
18275566.0, 6595074.0, 1, 0.0
18275566.0, 6595074.0, 1, 0.0
18275566.0, 6595074.0, 1, 0.0
18275566.0, 6595074.0, 1, 0.0
18275566.0, 6595074.0, 1, 0.0
18798620.0, 6443908.0, 1, 0.0
18986544.0, 6409982.0, 1, 0.0
18986544.0, 6409982.0, 1, 0.0
18986544.0, 6409982.0, 1, 0.0
19072340.0, 6303642.0, 1, 0.0
19072340.0, 6303642.0, 1, 0.0
19185380.0, 6284830.0, 1, 0.0
15801706.0, 9909422.0, 1, 0.0
15801706.0, 9909422.0, 1, 0.0
15801706.0, 9909422.0, 1, 0.0
15801706.0, 9909422.0, 1, 0.0
15975696.0, 9488294.0, 1, 0.0
15975696.0, 9488294.0, 1, 0.0
15975696.0, 9488294.0, 1, 0.0
15975696.0, 9488294.0, 1, 0.0
15975696.0, 9488294.0, 1, 0.0
15975696.0, 9488294.0, 1, 0.0
16266036.0, 9180042.0, 1, 0.0
16514866.0, 7965890.0, 1, 0.0
16514866.0, 7965890.0, 1, 0.0
16514866.0, 7965890.0, 1, 0.0
16642370.0, 7949384.0, 1, 0.0
19101944.0, 6385102.0, 2, inf
15825172.0, 9892696.0, 2, inf
19101944.0, 6385102.0, 2, inf
18946208.0, 6458074.0, 2, 0.395186630605
16122634.0, 9502626.0, 2, 0.37881783217
16384174.0, 9162336.0, 2, 0.320805443625
18110570.0, 6710048.0, 2, 0.306356413204
17956994.0, 6910908.0, 2, 0.276880765754
17201200.0, 7032946.0, 2, 0.24996152772
17113468.0, 7404158.0, 2, 0.207711749891
16892978.0, 7956970.0, 2, 0.199267586097
16566844.0, 8566648.0, 2, 0.195926786412
16439026.0, 8716050.0, 2, 0.158129948033
16614680.0, 8167192.0, 2, 0.152574155759
16930100.0, 7585674.0, 2, 0.146397001154
16648162.0, 8118526.0, 2, 0.144863925534
16896392.0, 7685292.0, 2, 0.117183728703
18110570.0, 6710048.0, 2, 0.113195091931
17975048.0, 6890120.0, 2, 0.104132400472
17157642.0, 7100676.0, 2, 0.0998143763716
16469800.0, 8699338.0, 2, 0.0816011605099
17201200.0, 7032946.0, 2, 0.0480854704606
17157642.0, 7100676.0, 2, 0.0327904825577
18110570.0, 6710048.0, 2, 0.0
15837804.0, 9932044.0, 3, inf
18937460.0, 6839148.0, 3, inf
16633876.0, 8222062.0, 3, 0.854956389158
Generacion: 151
15801706.0, 9909422.0, 1, inf
15801706.0, 9909422.0, 1, inf
21100108.0, 6280828.0, 1, inf
19185380.0, 6284830.0, 1, 0.365270809689
16316918.0, 8338366.0, 1, 0.30472855484
16266036.0, 9180042.0, 1, 0.2349053235
17990104.0, 6729276.0, 1, 0.174343962182
18798620.0, 6443908.0, 1, 0.158703123087
16896392.0, 7685292.0, 1, 0.128541217324
16906902.0, 7329338.0, 1, 0.120559193122
15941572.0, 9771226.0, 1, 0.112326512929
16505722.0, 8238454.0, 1, 0.110749735994
17442302.0, 6835196.0, 1, 0.108256939857
18275566.0, 6595074.0, 1, 0.10226657824
15975696.0, 9488294.0, 1, 0.100780909704
16514866.0, 7965890.0, 1, 0.0991802099364
17037622.0, 7118450.0, 1, 0.0824369253331
17025916.0, 7313618.0, 1, 0.0762483663945
16132018.0, 9331812.0, 1, 0.0721831616159
16250412.0, 9315342.0, 1, 0.067120159261
15819630.0, 9789000.0, 1, 0.0644830454002
16771596.0, 7703098.0, 1, 0.0632008291319
16096542.0, 9471888.0, 1, 0.0614113908213
18275566.0, 6595074.0, 1, 0.0582752379076
16642370.0, 7949384.0, 1, 0.0522909740505
17442302.0, 6835196.0, 1, 0.051965160946
16652226.0, 7846962.0, 1, 0.0507557941982
16266036.0, 9180042.0, 1, 0.0468904424668
17321632.0, 6852856.0, 1, 0.0461618112188
18063094.0, 6627720.0, 1, 0.045229879731
18986544.0, 6409982.0, 1, 0.0429294697671
17132118.0, 7045174.0, 1, 0.0418901041908
16652226.0, 7846962.0, 1, 0.0415074959345
17161722.0, 6955492.0, 1, 0.0390404319317
19072340.0, 6303642.0, 1, 0.0370174985728
17281742.0, 6937718.0, 1, 0.0317140588587
16505722.0, 8238454.0, 1, 0.0292604352361
17078728.0, 7050656.0, 1, 0.0287598927106
17237622.0, 6948220.0, 1, 0.0275504288314
16771596.0, 7703098.0, 1, 0.0274365691761
18874122.0, 6429124.0, 1, 0.0273019097386
19113198.0, 6298954.0, 1, 0.0265191117101
18914362.0, 6424106.0, 1, 0.0264934170849
18986544.0, 6409982.0, 1, 0.0200852235445
18154450.0, 6614188.0, 1, 0.0189624053318
18187530.0, 6607946.0, 1, 0.0183358013104
18063094.0, 6627720.0, 1, 0.0175051198032
19072340.0, 6303642.0, 1, 0.0174847672797
19185380.0, 6284830.0, 1, 0.0147262593777
17321632.0, 6852856.0, 1, 0.0123955839234
16096542.0, 9471888.0, 1, 0.0112169141513
15975696.0, 9488294.0, 1, 0.0109617428752
17281742.0, 6937718.0, 1, 0.0104229190289
18154450.0, 6614188.0, 1, 0.00997266001629
18187530.0, 6607946.0, 1, 0.00979077138394
17078728.0, 7050656.0, 1, 0.00926896622737
17161722.0, 6955492.0, 1, 0.00759142703644
17025916.0, 7313618.0, 1, 0.00654160189964
16642370.0, 7949384.0, 1, 0.00640905284606
16906902.0, 7329338.0, 1, 0.00631587346303
16514866.0, 7965890.0, 1, 0.00627467270654
17161722.0, 6955492.0, 1, 0.0
17161722.0, 6955492.0, 1, 0.0
17161722.0, 6955492.0, 1, 0.0
17161722.0, 6955492.0, 1, 0.0
17281742.0, 6937718.0, 1, 0.0
17281742.0, 6937718.0, 1, 0.0
17281742.0, 6937718.0, 1, 0.0
17281742.0, 6937718.0, 1, 0.0
17281742.0, 6937718.0, 1, 0.0
17281742.0, 6937718.0, 1, 0.0
17321632.0, 6852856.0, 1, 0.0
17321632.0, 6852856.0, 1, 0.0
17321632.0, 6852856.0, 1, 0.0
17321632.0, 6852856.0, 1, 0.0
17442302.0, 6835196.0, 1, 0.0
18063094.0, 6627720.0, 1, 0.0
18063094.0, 6627720.0, 1, 0.0
18063094.0, 6627720.0, 1, 0.0
18154450.0, 6614188.0, 1, 0.0
18154450.0, 6614188.0, 1, 0.0
18154450.0, 6614188.0, 1, 0.0
18154450.0, 6614188.0, 1, 0.0
18154450.0, 6614188.0, 1, 0.0
18154450.0, 6614188.0, 1, 0.0
18154450.0, 6614188.0, 1, 0.0
18154450.0, 6614188.0, 1, 0.0
18154450.0, 6614188.0, 1, 0.0
18275566.0, 6595074.0, 1, 0.0
18986544.0, 6409982.0, 1, 0.0
19072340.0, 6303642.0, 1, 0.0
15801706.0, 9909422.0, 1, 0.0
15801706.0, 9909422.0, 1, 0.0
15801706.0, 9909422.0, 1, 0.0
15801706.0, 9909422.0, 1, 0.0
15975696.0, 9488294.0, 1, 0.0
15975696.0, 9488294.0, 1, 0.0
15975696.0, 9488294.0, 1, 0.0
15975696.0, 9488294.0, 1, 0.0
15975696.0, 9488294.0, 1, 0.0
16096542.0, 9471888.0, 1, 0.0
16096542.0, 9471888.0, 1, 0.0
16096542.0, 9471888.0, 1, 0.0
16096542.0, 9471888.0, 1, 0.0
16266036.0, 9180042.0, 1, 0.0
16266036.0, 9180042.0, 1, 0.0
16514866.0, 7965890.0, 1, 0.0
16514866.0, 7965890.0, 1, 0.0
16514866.0, 7965890.0, 1, 0.0
16514866.0, 7965890.0, 1, 0.0
16514866.0, 7965890.0, 1, 0.0
16514866.0, 7965890.0, 1, 0.0
16514866.0, 7965890.0, 1, 0.0
16514866.0, 7965890.0, 1, 0.0
16514866.0, 7965890.0, 1, 0.0
16652226.0, 7846962.0, 1, 0.0
16652226.0, 7846962.0, 1, 0.0
16771596.0, 7703098.0, 1, 0.0
16771596.0, 7703098.0, 1, 0.0
16771596.0, 7703098.0, 1, 0.0
16771596.0, 7703098.0, 1, 0.0
16906902.0, 7329338.0, 1, 0.0
16906902.0, 7329338.0, 1, 0.0
16906902.0, 7329338.0, 1, 0.0
16906902.0, 7329338.0, 1, 0.0
17025916.0, 7313618.0, 1, 0.0
17025916.0, 7313618.0, 1, 0.0
17025916.0, 7313618.0, 1, 0.0
17025916.0, 7313618.0, 1, 0.0
17025916.0, 7313618.0, 1, 0.0
17025916.0, 7313618.0, 1, 0.0
17161722.0, 6955492.0, 1, 0.0
15825172.0, 9892696.0, 2, inf
21052724.0, 6298380.0, 2, inf
18070440.0, 6709552.0, 2, 0.622244570187
16372024.0, 9030754.0, 2, 0.275672007793
16522232.0, 8685470.0, 2, 0.275082653818
17480900.0, 6895562.0, 2, 0.275015065663
16777278.0, 7830392.0, 2, 0.243536539831
18070440.0, 6709552.0, 2, 0.227170601598
16241868.0, 9483552.0, 2, 0.218742068283
16103086.0, 9632068.0, 2, 0.193542335204
16633876.0, 8222062.0, 2, 0.181823157601
16935142.0, 7440498.0, 2, 0.140633413147
17400562.0, 7237454.0, 2, 0.139643945673
16648162.0, 8118526.0, 2, 0.136401233101
17027528.0, 7319250.0, 2, 0.114407044259
17273430.0, 7254836.0, 2, 0.0518755773876
16936998.0, 7434730.0, 2, 0.0514061603555
17273430.0, 7254836.0, 2, 0.0422406782076
Generacion: 152
15801706.0, 9909422.0, 1, inf
21100108.0, 6280828.0, 1, inf
15801706.0, 9909422.0, 1, inf
19185380.0, 6284830.0, 1, 0.366562770157
16316918.0, 8338366.0, 1, 0.264669391987
16266036.0, 9180042.0, 1, 0.257250551363
16490244.0, 8185428.0, 1, 0.14001017123
17899764.0, 6742608.0, 1, 0.1325804106
16896392.0, 7685292.0, 1, 0.128541217324
16906902.0, 7329338.0, 1, 0.120559193122
15941572.0, 9771226.0, 1, 0.112326512929
18798620.0, 6443908.0, 1, 0.102793504097
18275566.0, 6595074.0, 1, 0.10226657824
15975696.0, 9488294.0, 1, 0.100780909704
17442302.0, 6835196.0, 1, 0.0912065159742
16514866.0, 7965890.0, 1, 0.0845668362716
17025916.0, 7313618.0, 1, 0.0762483663945
16132018.0, 9331812.0, 1, 0.0638974234024
16771596.0, 7703098.0, 1, 0.0632008291319
17037622.0, 7118450.0, 1, 0.0615443103414
16096542.0, 9471888.0, 1, 0.0614113908213
18275566.0, 6595074.0, 1, 0.0582752379076
15819630.0, 9789000.0, 1, 0.0562018226426
18798620.0, 6443908.0, 1, 0.0559096189909
16642370.0, 7949384.0, 1, 0.0522909740505
16316918.0, 8338366.0, 1, 0.0517512783719
16266036.0, 9180042.0, 1, 0.0514293906104
16652226.0, 7846962.0, 1, 0.0507557941982
16132018.0, 9331812.0, 1, 0.0485217214679
17442302.0, 6835196.0, 1, 0.0482910105726
17321632.0, 6852856.0, 1, 0.0461618112188
18063094.0, 6627720.0, 1, 0.045229879731
17990104.0, 6729276.0, 1, 0.0450381238016
17132118.0, 7045174.0, 1, 0.0418901041908
16652226.0, 7846962.0, 1, 0.0415074959345
18996838.0, 6318426.0, 1, 0.0394817684239
17161722.0, 6955492.0, 1, 0.0390404319317
18986544.0, 6409982.0, 1, 0.0388551644026
17281742.0, 6937718.0, 1, 0.0317140588587
17078728.0, 7050656.0, 1, 0.0287598927106
18187530.0, 6607946.0, 1, 0.0281265726944
17237622.0, 6948220.0, 1, 0.0275504288314
16771596.0, 7703098.0, 1, 0.0274365691761
19072340.0, 6303642.0, 1, 0.0254090398751
19185380.0, 6284830.0, 1, 0.0224376410357
17037622.0, 7118450.0, 1, 0.0208926149918
19072340.0, 6303642.0, 1, 0.0194343340733
18154450.0, 6614188.0, 1, 0.0189624053318
18063094.0, 6627720.0, 1, 0.0175051198032
17990104.0, 6729276.0, 1, 0.0174500020358
18874122.0, 6429124.0, 1, 0.0156328616573
18914362.0, 6424106.0, 1, 0.0150062576359
17321632.0, 6852856.0, 1, 0.0123955839234
18874122.0, 6429124.0, 1, 0.0116690480813
18914362.0, 6424106.0, 1, 0.011487159449
16096542.0, 9471888.0, 1, 0.0112169141513
15975696.0, 9488294.0, 1, 0.0109617428752
17281742.0, 6937718.0, 1, 0.0104229190289
18154450.0, 6614188.0, 1, 0.00997266001629
17078728.0, 7050656.0, 1, 0.00926896622737
16514866.0, 7965890.0, 1, 0.00919593085192
15819630.0, 9789000.0, 1, 0.00828122275761
17161722.0, 6955492.0, 1, 0.00759142703644
17025916.0, 7313618.0, 1, 0.00654160189964
16642370.0, 7949384.0, 1, 0.00640905284606
16906902.0, 7329338.0, 1, 0.00631587346303
18996838.0, 6318426.0, 1, 0.00601715530309
18986544.0, 6409982.0, 1, 0.00583526667074
17161722.0, 6955492.0, 1, 0.0
17161722.0, 6955492.0, 1, 0.0
17281742.0, 6937718.0, 1, 0.0
17281742.0, 6937718.0, 1, 0.0
17281742.0, 6937718.0, 1, 0.0
17321632.0, 6852856.0, 1, 0.0
17321632.0, 6852856.0, 1, 0.0
17321632.0, 6852856.0, 1, 0.0
17321632.0, 6852856.0, 1, 0.0
17442302.0, 6835196.0, 1, 0.0
17990104.0, 6729276.0, 1, 0.0
17990104.0, 6729276.0, 1, 0.0
18063094.0, 6627720.0, 1, 0.0
18063094.0, 6627720.0, 1, 0.0
18154450.0, 6614188.0, 1, 0.0
18154450.0, 6614188.0, 1, 0.0
18154450.0, 6614188.0, 1, 0.0
18154450.0, 6614188.0, 1, 0.0
18275566.0, 6595074.0, 1, 0.0
18275566.0, 6595074.0, 1, 0.0
18275566.0, 6595074.0, 1, 0.0
18275566.0, 6595074.0, 1, 0.0
18275566.0, 6595074.0, 1, 0.0
18798620.0, 6443908.0, 1, 0.0
18874122.0, 6429124.0, 1, 0.0
18874122.0, 6429124.0, 1, 0.0
18986544.0, 6409982.0, 1, 0.0
19072340.0, 6303642.0, 1, 0.0
19072340.0, 6303642.0, 1, 0.0
19072340.0, 6303642.0, 1, 0.0
19072340.0, 6303642.0, 1, 0.0
19185380.0, 6284830.0, 1, 0.0
19185380.0, 6284830.0, 1, 0.0
15801706.0, 9909422.0, 1, 0.0
15819630.0, 9789000.0, 1, 0.0
15975696.0, 9488294.0, 1, 0.0
15975696.0, 9488294.0, 1, 0.0
15975696.0, 9488294.0, 1, 0.0
15975696.0, 9488294.0, 1, 0.0
15975696.0, 9488294.0, 1, 0.0
15975696.0, 9488294.0, 1, 0.0
15975696.0, 9488294.0, 1, 0.0
15975696.0, 9488294.0, 1, 0.0
15975696.0, 9488294.0, 1, 0.0
15975696.0, 9488294.0, 1, 0.0
16096542.0, 9471888.0, 1, 0.0
16096542.0, 9471888.0, 1, 0.0
16096542.0, 9471888.0, 1, 0.0
16096542.0, 9471888.0, 1, 0.0
16514866.0, 7965890.0, 1, 0.0
16514866.0, 7965890.0, 1, 0.0
16642370.0, 7949384.0, 1, 0.0
16771596.0, 7703098.0, 1, 0.0
16906902.0, 7329338.0, 1, 0.0
16906902.0, 7329338.0, 1, 0.0
16906902.0, 7329338.0, 1, 0.0
17025916.0, 7313618.0, 1, 0.0
17025916.0, 7313618.0, 1, 0.0
17025916.0, 7313618.0, 1, 0.0
17025916.0, 7313618.0, 1, 0.0
17161722.0, 6955492.0, 1, 0.0
17161722.0, 6955492.0, 1, 0.0
17161722.0, 6955492.0, 1, 0.0
17161722.0, 6955492.0, 1, 0.0
17161722.0, 6955492.0, 1, 0.0
20608224.0, 6361654.0, 2, inf
15825172.0, 9892696.0, 2, inf
18070440.0, 6709552.0, 2, 0.695788199236
16383488.0, 9491668.0, 2, 0.449937927212
16501110.0, 8443206.0, 2, 0.380469014922
16767532.0, 7974662.0, 2, 0.373255136674
17116024.0, 7371024.0, 2, 0.357363978589
15983596.0, 9649906.0, 2, 0.230300121405
17835610.0, 6929878.0, 2, 0.144301152199
17201200.0, 7032946.0, 2, 0.127543953675
17360744.0, 6930624.0, 2, 0.117987061165
16505722.0, 8238454.0, 2, 0.112723300088
17907110.0, 6824440.0, 2, 0.111493146286
16505722.0, 8238454.0, 2, 0.0756707976034
17283788.0, 6939118.0, 2, 0.0483424218888
17268022.0, 7032872.0, 2, 0.0438391257672
21081084.0, 6592160.0, 3, inf
Generacion: 153
19185380.0, 6284830.0, 1, inf
15801706.0, 9909422.0, 1, inf
19185380.0, 6284830.0, 1, inf
15801706.0, 9909422.0, 1, inf
16231042.0, 8729046.0, 1, 0.328729661841
18798620.0, 6443908.0, 1, 0.222679755387
17899764.0, 6742608.0, 1, 0.191118219367
16132018.0, 9331812.0, 1, 0.176783454665
16316918.0, 8338366.0, 1, 0.174811388393
18275566.0, 6595074.0, 1, 0.15813297286
16815532.0, 7450386.0, 1, 0.143105707799
17442302.0, 6835196.0, 1, 0.140069102948
15967382.0, 9734152.0, 1, 0.129085954548
16490244.0, 8185428.0, 1, 0.119618523523
16652226.0, 7846962.0, 1, 0.106139644656
16771596.0, 7703098.0, 1, 0.104999723695
15975696.0, 9488294.0, 1, 0.103544964478
16514866.0, 7965890.0, 1, 0.0982511411753
17025916.0, 7313618.0, 1, 0.0890185188466
18063094.0, 6627720.0, 1, 0.0803222694229
15819630.0, 9789000.0, 1, 0.0768897465854
16096542.0, 9471888.0, 1, 0.0743604383295
16440704.0, 8320016.0, 1, 0.0737152149105
16906902.0, 7329338.0, 1, 0.0685693207023
16132018.0, 9331812.0, 1, 0.0679112354808
18275566.0, 6595074.0, 1, 0.0677235324413
17037622.0, 7118450.0, 1, 0.0659938421194
16642370.0, 7949384.0, 1, 0.0659396423914
17442302.0, 6835196.0, 1, 0.0612068113223
17321632.0, 6852856.0, 1, 0.0590752610678
17990104.0, 6729276.0, 1, 0.0547173913584
18996838.0, 6318426.0, 1, 0.0546943450811
16771596.0, 7703098.0, 1, 0.052675790417
17132118.0, 7045174.0, 1, 0.0507828695991
17161722.0, 6955492.0, 1, 0.0471738858398
18986544.0, 6409982.0, 1, 0.0465921039311
18187530.0, 6607946.0, 1, 0.0410676495226
17237622.0, 6948220.0, 1, 0.0403740444677
19113198.0, 6298954.0, 1, 0.0385975750477
18914362.0, 6424106.0, 1, 0.0385059780693
17281742.0, 6937718.0, 1, 0.0364519232404
17078728.0, 7050656.0, 1, 0.0344826050734
16906902.0, 7329338.0, 1, 0.0313402322534
18154450.0, 6614188.0, 1, 0.0287211797361
17990104.0, 6729276.0, 1, 0.0252494341074
18874122.0, 6429124.0, 1, 0.023698047001
19072340.0, 6303642.0, 1, 0.023607002271
17037622.0, 7118450.0, 1, 0.0221634513961
15819630.0, 9789000.0, 1, 0.0204293865291
16440704.0, 8320016.0, 1, 0.0197035291201
17321632.0, 6852856.0, 1, 0.0166612332775
19072340.0, 6303642.0, 1, 0.01615384423
18874122.0, 6429124.0, 1, 0.0159712025216
16096542.0, 9471888.0, 1, 0.0150107641112
17281742.0, 6937718.0, 1, 0.0146863903158
17078728.0, 7050656.0, 1, 0.0136607795292
18154450.0, 6614188.0, 1, 0.0135097412399
16514866.0, 7965890.0, 1, 0.0118305975934
17161722.0, 6955492.0, 1, 0.0107553645755
17025916.0, 7313618.0, 1, 0.00779659300207
16642370.0, 7949384.0, 1, 0.00746670201715
15975696.0, 9488294.0, 1, 0.00698339504429
18986544.0, 6409982.0, 1, 0.00693896969672
17161722.0, 6955492.0, 1, 0.0
17161722.0, 6955492.0, 1, 0.0
17161722.0, 6955492.0, 1, 0.0
17281742.0, 6937718.0, 1, 0.0
17281742.0, 6937718.0, 1, 0.0
17281742.0, 6937718.0, 1, 0.0
17281742.0, 6937718.0, 1, 0.0
17321632.0, 6852856.0, 1, 0.0
17442302.0, 6835196.0, 1, 0.0
17990104.0, 6729276.0, 1, 0.0
17990104.0, 6729276.0, 1, 0.0
18154450.0, 6614188.0, 1, 0.0
18154450.0, 6614188.0, 1, 0.0
18154450.0, 6614188.0, 1, 0.0
18154450.0, 6614188.0, 1, 0.0
18154450.0, 6614188.0, 1, 0.0
18154450.0, 6614188.0, 1, 0.0
18154450.0, 6614188.0, 1, 0.0
18275566.0, 6595074.0, 1, 0.0
18275566.0, 6595074.0, 1, 0.0
18275566.0, 6595074.0, 1, 0.0
18275566.0, 6595074.0, 1, 0.0
18275566.0, 6595074.0, 1, 0.0
18275566.0, 6595074.0, 1, 0.0
18874122.0, 6429124.0, 1, 0.0
18874122.0, 6429124.0, 1, 0.0
18986544.0, 6409982.0, 1, 0.0
18986544.0, 6409982.0, 1, 0.0
18986544.0, 6409982.0, 1, 0.0
19185380.0, 6284830.0, 1, 0.0
19185380.0, 6284830.0, 1, 0.0
15801706.0, 9909422.0, 1, 0.0
15819630.0, 9789000.0, 1, 0.0
15819630.0, 9789000.0, 1, 0.0
15975696.0, 9488294.0, 1, 0.0
15975696.0, 9488294.0, 1, 0.0
15975696.0, 9488294.0, 1, 0.0
15975696.0, 9488294.0, 1, 0.0
15975696.0, 9488294.0, 1, 0.0
15975696.0, 9488294.0, 1, 0.0
15975696.0, 9488294.0, 1, 0.0
15975696.0, 9488294.0, 1, 0.0
15975696.0, 9488294.0, 1, 0.0
15975696.0, 9488294.0, 1, 0.0
16096542.0, 9471888.0, 1, 0.0
16096542.0, 9471888.0, 1, 0.0
16096542.0, 9471888.0, 1, 0.0
16096542.0, 9471888.0, 1, 0.0
16132018.0, 9331812.0, 1, 0.0
16132018.0, 9331812.0, 1, 0.0
16514866.0, 7965890.0, 1, 0.0
16514866.0, 7965890.0, 1, 0.0
16771596.0, 7703098.0, 1, 0.0
16771596.0, 7703098.0, 1, 0.0
16771596.0, 7703098.0, 1, 0.0
16906902.0, 7329338.0, 1, 0.0
16906902.0, 7329338.0, 1, 0.0
16906902.0, 7329338.0, 1, 0.0
16906902.0, 7329338.0, 1, 0.0
17025916.0, 7313618.0, 1, 0.0
17025916.0, 7313618.0, 1, 0.0
17025916.0, 7313618.0, 1, 0.0
17025916.0, 7313618.0, 1, 0.0
17025916.0, 7313618.0, 1, 0.0
17037622.0, 7118450.0, 1, 0.0
17078728.0, 7050656.0, 1, 0.0
17078728.0, 7050656.0, 1, 0.0
17078728.0, 7050656.0, 1, 0.0
17161722.0, 6955492.0, 1, 0.0
17161722.0, 6955492.0, 1, 0.0
17161722.0, 6955492.0, 1, 0.0
17161722.0, 6955492.0, 1, 0.0
19802394.0, 6290512.0, 2, inf
15983596.0, 9649906.0, 2, inf
18828054.0, 6591612.0, 2, 0.461450422005
16505722.0, 8238454.0, 2, 0.458666474089
18110570.0, 6710048.0, 2, 0.351265899699
19659790.0, 6522702.0, 2, 0.344772370992
17987016.0, 7031792.0, 2, 0.319215664565
16266036.0, 9180042.0, 2, 0.291662477224
16726454.0, 8044230.0, 2, 0.266963069218
17258066.0, 7032472.0, 2, 0.237686839649
16896392.0, 7685292.0, 2, 0.164359441266
16184480.0, 9436856.0, 2, 0.139916633669
16896392.0, 7685292.0, 2, 0.138049405003
17116024.0, 7371024.0, 2, 0.13798861367
16266036.0, 9180042.0, 2, 0.125296887169
Generacion: 154
15801706.0, 9909422.0, 1, inf
15801706.0, 9909422.0, 1, inf
19185380.0, 6284830.0, 1, inf
16440704.0, 8320016.0, 1, 0.229377490547
18798620.0, 6443908.0, 1, 0.222679755387
16352696.0, 8719370.0, 1, 0.17913710261
16514866.0, 7965890.0, 1, 0.161854532512
18275566.0, 6595074.0, 1, 0.15813297286
17442302.0, 6835196.0, 1, 0.140069102948
17899764.0, 6742608.0, 1, 0.13887503752
16266036.0, 9180042.0, 1, 0.138389877107
16439026.0, 8716050.0, 1, 0.13618861938
16771596.0, 7703098.0, 1, 0.107912533853
16642370.0, 7949384.0, 1, 0.105630730381
15975696.0, 9488294.0, 1, 0.103544964478
16815532.0, 7450386.0, 1, 0.0967246948356
17025916.0, 7313618.0, 1, 0.0890185188466
16227822.0, 9223016.0, 1, 0.0814795424937
16771596.0, 7703098.0, 1, 0.0809333156778
15967382.0, 9734152.0, 1, 0.0746899388457
16096542.0, 9471888.0, 1, 0.0743604383295
15819630.0, 9789000.0, 1, 0.0692619431977
16906902.0, 7329338.0, 1, 0.0685693207023
18275566.0, 6595074.0, 1, 0.0677235324413
16132018.0, 9331812.0, 1, 0.066959607162
17037622.0, 7118450.0, 1, 0.0659938421194
17442302.0, 6835196.0, 1, 0.0612068113223
17321632.0, 6852856.0, 1, 0.0590752610678
18063094.0, 6627720.0, 1, 0.0550176566913
17990104.0, 6729276.0, 1, 0.0547173913584
18986452.0, 6403850.0, 1, 0.0535310736278
18996838.0, 6318426.0, 1, 0.0530297578424
17899764.0, 6742608.0, 1, 0.0522431818474
17161722.0, 6955492.0, 1, 0.0486863319302
15941572.0, 9771226.0, 1, 0.0469833309611
16815532.0, 7450386.0, 1, 0.0463810129635
17078728.0, 7050656.0, 1, 0.0432316748715
16642370.0, 7949384.0, 1, 0.0427449232642
16132018.0, 9331812.0, 1, 0.0405005295799
19113198.0, 6298954.0, 1, 0.0385975750477
17078728.0, 7050656.0, 1, 0.0384034264258
16266036.0, 9180042.0, 1, 0.0374674453101
17281742.0, 6937718.0, 1, 0.0364519232404
16906902.0, 7329338.0, 1, 0.0313402322534
18154450.0, 6614188.0, 1, 0.0287211797361
18187530.0, 6607946.0, 1, 0.0277399977428
17161722.0, 6955492.0, 1, 0.0265340713895
17237622.0, 6948220.0, 1, 0.0253286685022
18063094.0, 6627720.0, 1, 0.0253046127316
17990104.0, 6729276.0, 1, 0.0252494341074
18874122.0, 6429124.0, 1, 0.023698047001
19072340.0, 6303642.0, 1, 0.023607002271
18914362.0, 6424106.0, 1, 0.0226896756271
17037622.0, 7118450.0, 1, 0.0221634513961
15944172.0, 9752114.0, 1, 0.0178562649635
18914362.0, 6424106.0, 1, 0.0174808896809
17321632.0, 6852856.0, 1, 0.0166612332775
19072340.0, 6303642.0, 1, 0.01615384423
18874122.0, 6429124.0, 1, 0.0159712025216
17237622.0, 6948220.0, 1, 0.0150453759655
16096542.0, 9471888.0, 1, 0.0150107641112
17281742.0, 6937718.0, 1, 0.0146863903158
18154450.0, 6614188.0, 1, 0.0135097412399
18187530.0, 6607946.0, 1, 0.0133276517799
15819630.0, 9789000.0, 1, 0.0102009249533
17025916.0, 7313618.0, 1, 0.00779659300207
15967382.0, 9734152.0, 1, 0.00741268474089
15975696.0, 9488294.0, 1, 0.00698339504429
17161722.0, 6955492.0, 1, 0.0
17281742.0, 6937718.0, 1, 0.0
17281742.0, 6937718.0, 1, 0.0
17281742.0, 6937718.0, 1, 0.0
17281742.0, 6937718.0, 1, 0.0
17442302.0, 6835196.0, 1, 0.0
17442302.0, 6835196.0, 1, 0.0
17899764.0, 6742608.0, 1, 0.0
17899764.0, 6742608.0, 1, 0.0
18063094.0, 6627720.0, 1, 0.0
18063094.0, 6627720.0, 1, 0.0
18063094.0, 6627720.0, 1, 0.0
18154450.0, 6614188.0, 1, 0.0
18154450.0, 6614188.0, 1, 0.0
18154450.0, 6614188.0, 1, 0.0
18275566.0, 6595074.0, 1, 0.0
18275566.0, 6595074.0, 1, 0.0
18275566.0, 6595074.0, 1, 0.0
18874122.0, 6429124.0, 1, 0.0
18874122.0, 6429124.0, 1, 0.0
18874122.0, 6429124.0, 1, 0.0
18874122.0, 6429124.0, 1, 0.0
19072340.0, 6303642.0, 1, 0.0
19072340.0, 6303642.0, 1, 0.0
19072340.0, 6303642.0, 1, 0.0
19072340.0, 6303642.0, 1, 0.0
19072340.0, 6303642.0, 1, 0.0
19072340.0, 6303642.0, 1, 0.0
19072340.0, 6303642.0, 1, 0.0
19072340.0, 6303642.0, 1, 0.0
19072340.0, 6303642.0, 1, 0.0
15801706.0, 9909422.0, 1, 0.0
15819630.0, 9789000.0, 1, 0.0
15975696.0, 9488294.0, 1, 0.0
15975696.0, 9488294.0, 1, 0.0
15975696.0, 9488294.0, 1, 0.0
15975696.0, 9488294.0, 1, 0.0
15975696.0, 9488294.0, 1, 0.0
15975696.0, 9488294.0, 1, 0.0
15975696.0, 9488294.0, 1, 0.0
15975696.0, 9488294.0, 1, 0.0
15975696.0, 9488294.0, 1, 0.0
15975696.0, 9488294.0, 1, 0.0
15975696.0, 9488294.0, 1, 0.0
16096542.0, 9471888.0, 1, 0.0
16132018.0, 9331812.0, 1, 0.0
16132018.0, 9331812.0, 1, 0.0
16266036.0, 9180042.0, 1, 0.0
16771596.0, 7703098.0, 1, 0.0
16771596.0, 7703098.0, 1, 0.0
16771596.0, 7703098.0, 1, 0.0
16771596.0, 7703098.0, 1, 0.0
16906902.0, 7329338.0, 1, 0.0
16906902.0, 7329338.0, 1, 0.0
16906902.0, 7329338.0, 1, 0.0
16906902.0, 7329338.0, 1, 0.0
16906902.0, 7329338.0, 1, 0.0
17025916.0, 7313618.0, 1, 0.0
17025916.0, 7313618.0, 1, 0.0
17025916.0, 7313618.0, 1, 0.0
17025916.0, 7313618.0, 1, 0.0
17037622.0, 7118450.0, 1, 0.0
17037622.0, 7118450.0, 1, 0.0
17161722.0, 6955492.0, 1, 0.0
17161722.0, 6955492.0, 1, 0.0
17161722.0, 6955492.0, 1, 0.0
17161722.0, 6955492.0, 1, 0.0
17161722.0, 6955492.0, 1, 0.0
17161722.0, 6955492.0, 1, 0.0
17161722.0, 6955492.0, 1, 0.0
19802394.0, 6290512.0, 2, inf
15825172.0, 9892696.0, 2, inf
15825172.0, 9892696.0, 2, inf
16863360.0, 7580476.0, 2, 0.375171815358
18070440.0, 6709552.0, 2, 0.369693390168
16122634.0, 9502626.0, 2, 0.365932081625
16371972.0, 9069780.0, 2, 0.338516925215
18633312.0, 6607602.0, 2, 0.313501094196
16581656.0, 8184920.0, 2, 0.297024753583
17282680.0, 7468402.0, 2, 0.282959191348
17480900.0, 6895562.0, 2, 0.262315735051
16472146.0, 8599780.0, 2, 0.239970537492
Generacion: 155
19185380.0, 6284830.0, 1, inf
19185380.0, 6284830.0, 1, inf
15801706.0, 9909422.0, 1, inf
15801706.0, 9909422.0, 1, inf
16316918.0, 8338366.0, 1, 0.290713526283
16266036.0, 9180042.0, 1, 0.243506259862
18788234.0, 6529332.0, 1, 0.196287336165
17899764.0, 6742608.0, 1, 0.191118219367
18275566.0, 6595074.0, 1, 0.155063528227
16514866.0, 7965890.0, 1, 0.140445683347
17442302.0, 6835196.0, 1, 0.140069102948
16316918.0, 8338366.0, 1, 0.117801066874
17025916.0, 7313618.0, 1, 0.107722417106
16740512.0, 7780098.0, 1, 0.106139644656
15975696.0, 9488294.0, 1, 0.103544964478
17078728.0, 7050656.0, 1, 0.0970771835522
16815532.0, 7450386.0, 1, 0.0967246948356
16642370.0, 7949384.0, 1, 0.0843869600482
15967382.0, 9734152.0, 1, 0.0821026235866
16771596.0, 7703098.0, 1, 0.0789079666284
16096542.0, 9471888.0, 1, 0.0743604383295
15819630.0, 9789000.0, 1, 0.0700303387347
16906902.0, 7329338.0, 1, 0.0685693207023
16132018.0, 9331812.0, 1, 0.066959607162
16514866.0, 7965890.0, 1, 0.0630547994521
17442302.0, 6835196.0, 1, 0.0612068113223
17321632.0, 6852856.0, 1, 0.0590752610678
15944172.0, 9752114.0, 1, 0.0587983310551
18986452.0, 6403850.0, 1, 0.0535310736278
18063094.0, 6627720.0, 1, 0.0532089013886
18798620.0, 6443908.0, 1, 0.0530297578424
18023550.0, 6722720.0, 1, 0.0495898288332
17161722.0, 6955492.0, 1, 0.0486863319302
16815532.0, 7450386.0, 1, 0.0463810129635
18996838.0, 6318426.0, 1, 0.0458815093051
18275566.0, 6595074.0, 1, 0.0441556384549
17078728.0, 7050656.0, 1, 0.0418629795624
16227822.0, 9223016.0, 1, 0.0413097091877
16132018.0, 9331812.0, 1, 0.0405005295799
17237622.0, 6948220.0, 1, 0.0403740444677
18914362.0, 6424106.0, 1, 0.040170565308
16227822.0, 9223016.0, 1, 0.0401698333061
17281742.0, 6937718.0, 1, 0.0364519232404
16771596.0, 7703098.0, 1, 0.0342284727603
16642370.0, 7949384.0, 1, 0.0335584590836
16906902.0, 7329338.0, 1, 0.0313402322534
18154450.0, 6614188.0, 1, 0.0287211797361
17990104.0, 6729276.0, 1, 0.0285075448433
18187530.0, 6607946.0, 1, 0.0277399977428
16266036.0, 9180042.0, 1, 0.0268937316485
17161722.0, 6955492.0, 1, 0.0265340713895
18874122.0, 6429124.0, 1, 0.023698047001
19072340.0, 6303642.0, 1, 0.023607002271
19113198.0, 6298954.0, 1, 0.0226258202777
17025916.0, 7313618.0, 1, 0.0199449264408
17321632.0, 6852856.0, 1, 0.0166612332775
19072340.0, 6303642.0, 1, 0.01615384423
19113198.0, 6298954.0, 1, 0.01597175477
18874122.0, 6429124.0, 1, 0.0159712025216
15819630.0, 9789000.0, 1, 0.0154737942859
18063094.0, 6627720.0, 1, 0.0154200907593
16096542.0, 9471888.0, 1, 0.0150107641112
17281742.0, 6937718.0, 1, 0.0146863903158
17990104.0, 6729276.0, 1, 0.0135627290643
18154450.0, 6614188.0, 1, 0.0135097412399
18187530.0, 6607946.0, 1, 0.0133276517799
18996838.0, 6318426.0, 1, 0.00714824853726
15975696.0, 9488294.0, 1, 0.00698339504429
16642370.0, 7949384.0, 1, 0.0
16771596.0, 7703098.0, 1, 0.0
16771596.0, 7703098.0, 1, 0.0
16906902.0, 7329338.0, 1, 0.0
16906902.0, 7329338.0, 1, 0.0
16906902.0, 7329338.0, 1, 0.0
16906902.0, 7329338.0, 1, 0.0
16906902.0, 7329338.0, 1, 0.0
17025916.0, 7313618.0, 1, 0.0
17025916.0, 7313618.0, 1, 0.0
17078728.0, 7050656.0, 1, 0.0
17161722.0, 6955492.0, 1, 0.0
17161722.0, 6955492.0, 1, 0.0
17161722.0, 6955492.0, 1, 0.0
17161722.0, 6955492.0, 1, 0.0
17161722.0, 6955492.0, 1, 0.0
17161722.0, 6955492.0, 1, 0.0
17281742.0, 6937718.0, 1, 0.0
17281742.0, 6937718.0, 1, 0.0
17281742.0, 6937718.0, 1, 0.0
17321632.0, 6852856.0, 1, 0.0
17442302.0, 6835196.0, 1, 0.0
17442302.0, 6835196.0, 1, 0.0
17442302.0, 6835196.0, 1, 0.0
17442302.0, 6835196.0, 1, 0.0
17442302.0, 6835196.0, 1, 0.0
17442302.0, 6835196.0, 1, 0.0
18063094.0, 6627720.0, 1, 0.0
18154450.0, 6614188.0, 1, 0.0
18154450.0, 6614188.0, 1, 0.0
18154450.0, 6614188.0, 1, 0.0
18275566.0, 6595074.0, 1, 0.0
18275566.0, 6595074.0, 1, 0.0
18275566.0, 6595074.0, 1, 0.0
18874122.0, 6429124.0, 1, 0.0
18874122.0, 6429124.0, 1, 0.0
18874122.0, 6429124.0, 1, 0.0
18996838.0, 6318426.0, 1, 0.0
19072340.0, 6303642.0, 1, 0.0
19072340.0, 6303642.0, 1, 0.0
19072340.0, 6303642.0, 1, 0.0
19072340.0, 6303642.0, 1, 0.0
19072340.0, 6303642.0, 1, 0.0
15801706.0, 9909422.0, 1, 0.0
15801706.0, 9909422.0, 1, 0.0
15975696.0, 9488294.0, 1, 0.0
15975696.0, 9488294.0, 1, 0.0
15975696.0, 9488294.0, 1, 0.0
15975696.0, 9488294.0, 1, 0.0
15975696.0, 9488294.0, 1, 0.0
15975696.0, 9488294.0, 1, 0.0
16132018.0, 9331812.0, 1, 0.0
16132018.0, 9331812.0, 1, 0.0
16132018.0, 9331812.0, 1, 0.0
16132018.0, 9331812.0, 1, 0.0
16266036.0, 9180042.0, 1, 0.0
16266036.0, 9180042.0, 1, 0.0
16266036.0, 9180042.0, 1, 0.0
16266036.0, 9180042.0, 1, 0.0
16514866.0, 7965890.0, 1, 0.0
16514866.0, 7965890.0, 1, 0.0
16514866.0, 7965890.0, 1, 0.0
15825172.0, 9892696.0, 2, inf
15825172.0, 9892696.0, 2, inf
19802394.0, 6290512.0, 2, inf
16654542.0, 8579600.0, 2, 0.40455539532
17004752.0, 7711948.0, 2, 0.379808351214
18875284.0, 6584090.0, 2, 0.377389167519
18792910.0, 6735644.0, 2, 0.310153120507
17907110.0, 6824440.0, 2, 0.252195941618
17360744.0, 6930624.0, 2, 0.223978094593
16489006.0, 8702118.0, 2, 0.201492511084
15983596.0, 9649906.0, 2, 0.183078483239
17907110.0, 6824440.0, 2, 0.162024375819
17116024.0, 7371024.0, 2, 0.141820421075
16469902.0, 9138184.0, 2, 0.136444902388
16250412.0, 9315342.0, 2, 0.130568980335
16122634.0, 9502626.0, 2, 0.123177073781
17089600.0, 7605494.0, 2, 0.122621010767
16444780.0, 9153562.0, 2, 0.104367480263
17209102.0, 6999062.0, 2, 0.0982743241586
17117732.0, 7120110.0, 2, 0.0855152233921
Generacion: 156
21100108.0, 6280828.0, 1, inf
15738952.0, 10367056.0, 1, inf
19185380.0, 6284830.0, 1, 0.360604834842
16440704.0, 8320016.0, 1, 0.285227219662
16266036.0, 9180042.0, 1, 0.217597351226
16740512.0, 7780098.0, 1, 0.154416400552
18788234.0, 6529332.0, 1, 0.152258843014
15801706.0, 9909422.0, 1, 0.115337548959
15944172.0, 9752114.0, 1, 0.102700630563
16490244.0, 8185428.0, 1, 0.100496509857
18275566.0, 6595074.0, 1, 0.10030405463
16815532.0, 7450386.0, 1, 0.0977315620439
17442302.0, 6835196.0, 1, 0.0896508192371
17899764.0, 6742608.0, 1, 0.0885916517115
15975696.0, 9488294.0, 1, 0.087104244924
17025916.0, 7313618.0, 1, 0.0865525539788
17078728.0, 7050656.0, 1, 0.0798338537582
16514866.0, 7965890.0, 1, 0.0775092520813
16642370.0, 7949384.0, 1, 0.0652113577886
18063094.0, 6627720.0, 1, 0.0588198060812
16096542.0, 9471888.0, 1, 0.0568210595511
15819630.0, 9789000.0, 1, 0.0527006482832
16132018.0, 9331812.0, 1, 0.0521500520296
16906902.0, 7329338.0, 1, 0.0518227249042
18874122.0, 6429124.0, 1, 0.0492776468885
17161722.0, 6955492.0, 1, 0.0456759227034
17442302.0, 6835196.0, 1, 0.0451667549652
16815532.0, 7450386.0, 1, 0.043616658899
17321632.0, 6852856.0, 1, 0.0432760136752
17281742.0, 6937718.0, 1, 0.043154771167
16266036.0, 9180042.0, 1, 0.0430970763562
17990104.0, 6729276.0, 1, 0.0417040820955
15801706.0, 9909422.0, 1, 0.0411755219858
17899764.0, 6742608.0, 1, 0.0395093930082
18275566.0, 6595074.0, 1, 0.038680072736
18996838.0, 6318426.0, 1, 0.0349885002023
18986452.0, 6403850.0, 1, 0.034352070298
16227822.0, 9223016.0, 1, 0.0337529842454
16132018.0, 9331812.0, 1, 0.0332422734957
17078728.0, 7050656.0, 1, 0.033139820415
16227822.0, 9223016.0, 1, 0.0283868161064
18914362.0, 6424106.0, 1, 0.0271377370455
18154450.0, 6614188.0, 1, 0.0259030079222
16642370.0, 7949384.0, 1, 0.0223455486907
18154450.0, 6614188.0, 1, 0.0217180183351
16906902.0, 7329338.0, 1, 0.0208900348458
17161722.0, 6955492.0, 1, 0.0198303493037
17990104.0, 6729276.0, 1, 0.0168772677242
19072340.0, 6303642.0, 1, 0.0152304250288
19113198.0, 6298954.0, 1, 0.0146111556026
19185380.0, 6284830.0, 1, 0.0144432746131
17025916.0, 7313618.0, 1, 0.0136979292626
15819630.0, 9789000.0, 1, 0.0123702157604
17281742.0, 6937718.0, 1, 0.0117902922712
17321632.0, 6852856.0, 1, 0.0117623936812
19072340.0, 6303642.0, 1, 0.0112391241662
19113198.0, 6298954.0, 1, 0.011077606013
16096542.0, 9471888.0, 1, 0.0106321792964
15975696.0, 9488294.0, 1, 0.00989502484683
16514866.0, 7965890.0, 1, 0.00863208838471
18986452.0, 6403850.0, 1, 0.00689440770877
18996838.0, 6318426.0, 1, 0.00555527538429
17025916.0, 7313618.0, 1, 0.0
17025916.0, 7313618.0, 1, 0.0
17025916.0, 7313618.0, 1, 0.0
17025916.0, 7313618.0, 1, 0.0
17025916.0, 7313618.0, 1, 0.0
17078728.0, 7050656.0, 1, 0.0
17078728.0, 7050656.0, 1, 0.0
17161722.0, 6955492.0, 1, 0.0
17161722.0, 6955492.0, 1, 0.0
17161722.0, 6955492.0, 1, 0.0
17161722.0, 6955492.0, 1, 0.0
17281742.0, 6937718.0, 1, 0.0
17281742.0, 6937718.0, 1, 0.0
17321632.0, 6852856.0, 1, 0.0
17321632.0, 6852856.0, 1, 0.0
17321632.0, 6852856.0, 1, 0.0
17321632.0, 6852856.0, 1, 0.0
17321632.0, 6852856.0, 1, 0.0
17442302.0, 6835196.0, 1, 0.0
17442302.0, 6835196.0, 1, 0.0
17442302.0, 6835196.0, 1, 0.0
17990104.0, 6729276.0, 1, 0.0
17990104.0, 6729276.0, 1, 0.0
18154450.0, 6614188.0, 1, 0.0
18154450.0, 6614188.0, 1, 0.0
18154450.0, 6614188.0, 1, 0.0
18154450.0, 6614188.0, 1, 0.0
18154450.0, 6614188.0, 1, 0.0
18154450.0, 6614188.0, 1, 0.0
18154450.0, 6614188.0, 1, 0.0
18996838.0, 6318426.0, 1, 0.0
18996838.0, 6318426.0, 1, 0.0
19072340.0, 6303642.0, 1, 0.0
19072340.0, 6303642.0, 1, 0.0
19113198.0, 6298954.0, 1, 0.0
19185380.0, 6284830.0, 1, 0.0
19185380.0, 6284830.0, 1, 0.0
15801706.0, 9909422.0, 1, 0.0
15801706.0, 9909422.0, 1, 0.0
15819630.0, 9789000.0, 1, 0.0
15975696.0, 9488294.0, 1, 0.0
15975696.0, 9488294.0, 1, 0.0
15975696.0, 9488294.0, 1, 0.0
15975696.0, 9488294.0, 1, 0.0
15975696.0, 9488294.0, 1, 0.0
16096542.0, 9471888.0, 1, 0.0
16096542.0, 9471888.0, 1, 0.0
16132018.0, 9331812.0, 1, 0.0
16132018.0, 9331812.0, 1, 0.0
16132018.0, 9331812.0, 1, 0.0
16132018.0, 9331812.0, 1, 0.0
16132018.0, 9331812.0, 1, 0.0
16132018.0, 9331812.0, 1, 0.0
16132018.0, 9331812.0, 1, 0.0
16132018.0, 9331812.0, 1, 0.0
16266036.0, 9180042.0, 1, 0.0
16266036.0, 9180042.0, 1, 0.0
16266036.0, 9180042.0, 1, 0.0
16266036.0, 9180042.0, 1, 0.0
16266036.0, 9180042.0, 1, 0.0
16266036.0, 9180042.0, 1, 0.0
16514866.0, 7965890.0, 1, 0.0
16514866.0, 7965890.0, 1, 0.0
16514866.0, 7965890.0, 1, 0.0
16514866.0, 7965890.0, 1, 0.0
16642370.0, 7949384.0, 1, 0.0
16815532.0, 7450386.0, 1, 0.0
16906902.0, 7329338.0, 1, 0.0
16906902.0, 7329338.0, 1, 0.0
17025916.0, 7313618.0, 1, 0.0
21052724.0, 6298380.0, 2, inf
15837804.0, 9932044.0, 2, inf
19101944.0, 6385102.0, 2, 0.426918854265
18070440.0, 6709552.0, 2, 0.362791779309
16896392.0, 7685292.0, 2, 0.308746900065
18986544.0, 6409982.0, 2, 0.287088662873
16581656.0, 8184920.0, 2, 0.284379487138
16246676.0, 9444472.0, 2, 0.281206704486
16455092.0, 8920894.0, 2, 0.255721830018
16501110.0, 8443206.0, 2, 0.226812813784
17273430.0, 7254836.0, 2, 0.215201527433
17823000.0, 7146014.0, 2, 0.198218134893
17003668.0, 7357088.0, 2, 0.190763209891
16407940.0, 9307494.0, 2, 0.184056253346
17987016.0, 7031792.0, 2, 0.120133134827
17987016.0, 7031792.0, 2, 0.0474315642185
18110570.0, 6710048.0, 3, inf
16359030.0, 10007152.0, 3, inf
Generacion: 157
15738952.0, 10367056.0, 1, inf
19822694.0, 6273594.0, 1, inf
15738952.0, 10367056.0, 1, inf
16316918.0, 8338366.0, 1, 0.235926614616
16266036.0, 9180042.0, 1, 0.209440612317
18986452.0, 6403850.0, 1, 0.194945508105
17899764.0, 6742608.0, 1, 0.193880650894
18275566.0, 6595074.0, 1, 0.177221635256
17321632.0, 6852856.0, 1, 0.162300285776
19185380.0, 6284830.0, 1, 0.160656900109
15801706.0, 9909422.0, 1, 0.116185434766
16740512.0, 7780098.0, 1, 0.104578372693
16815532.0, 7450386.0, 1, 0.102920089677
16642370.0, 7949384.0, 1, 0.100642213322
17025916.0, 7313618.0, 1, 0.093382880688
15975696.0, 9488294.0, 1, 0.0896531185627
16514866.0, 7965890.0, 1, 0.0848537206867
17078728.0, 7050656.0, 1, 0.0845625389524
16440704.0, 8320016.0, 1, 0.0798044651049
15967382.0, 9734152.0, 1, 0.0721685049177
16250412.0, 9315342.0, 1, 0.069893646409
18275566.0, 6595074.0, 1, 0.0682721717319
16490244.0, 8185428.0, 1, 0.0657624068867
16096542.0, 9471888.0, 1, 0.0638114227072
16132018.0, 9331812.0, 1, 0.0632109930033
15819630.0, 9789000.0, 1, 0.059915160108
16740512.0, 7780098.0, 1, 0.0597256210879
16906902.0, 7329338.0, 1, 0.0587144264553
18063094.0, 6627720.0, 1, 0.0585674336898
17161722.0, 6955492.0, 1, 0.0526375151394
17281742.0, 6937718.0, 1, 0.050120819003
15944172.0, 9752114.0, 1, 0.0495794696203
18986452.0, 6403850.0, 1, 0.0492577481958
16815532.0, 7450386.0, 1, 0.0479414638147
16266036.0, 9180042.0, 1, 0.0455123579521
15801706.0, 9909422.0, 1, 0.0447849192652
18996838.0, 6318426.0, 1, 0.039356834775
16490244.0, 8185428.0, 1, 0.0389080452059
17321632.0, 6852856.0, 1, 0.0367007059011
17078728.0, 7050656.0, 1, 0.0361800601876
18187530.0, 6607946.0, 1, 0.0343274901939
18023550.0, 6722720.0, 1, 0.0313977770318
19072340.0, 6303642.0, 1, 0.0312921078567
19185380.0, 6284830.0, 1, 0.0304253598571
16906902.0, 7329338.0, 1, 0.0262143574628
17161722.0, 6955492.0, 1, 0.0246650731887
18154450.0, 6614188.0, 1, 0.0238955297023
17990104.0, 6729276.0, 1, 0.0237234459617
19072340.0, 6303642.0, 1, 0.0230840563786
16316918.0, 8338366.0, 1, 0.0169424090922
17025916.0, 7313618.0, 1, 0.0167725269064
17281742.0, 6937718.0, 1, 0.0141100479202
15819630.0, 9789000.0, 1, 0.0134000662926
16132018.0, 9331812.0, 1, 0.0127106197417
16096542.0, 9471888.0, 1, 0.012694985054
17990104.0, 6729276.0, 1, 0.011446938353
18154450.0, 6614188.0, 1, 0.0114061730687
18023550.0, 6722720.0, 1, 0.0112848541016
16514866.0, 7965890.0, 1, 0.0100615578072
18996838.0, 6318426.0, 1, 0.00615486853063
15975696.0, 9488294.0, 1, 0.00604373235491
17078728.0, 7050656.0, 1, 0.0
17161722.0, 6955492.0, 1, 0.0
17161722.0, 6955492.0, 1, 0.0
17161722.0, 6955492.0, 1, 0.0
17161722.0, 6955492.0, 1, 0.0
17161722.0, 6955492.0, 1, 0.0
17161722.0, 6955492.0, 1, 0.0
17161722.0, 6955492.0, 1, 0.0
17281742.0, 6937718.0, 1, 0.0
17281742.0, 6937718.0, 1, 0.0
17321632.0, 6852856.0, 1, 0.0
17321632.0, 6852856.0, 1, 0.0
17321632.0, 6852856.0, 1, 0.0
17321632.0, 6852856.0, 1, 0.0
17321632.0, 6852856.0, 1, 0.0
17990104.0, 6729276.0, 1, 0.0
17990104.0, 6729276.0, 1, 0.0
17990104.0, 6729276.0, 1, 0.0
17990104.0, 6729276.0, 1, 0.0
18154450.0, 6614188.0, 1, 0.0
18154450.0, 6614188.0, 1, 0.0
18154450.0, 6614188.0, 1, 0.0
18154450.0, 6614188.0, 1, 0.0
18154450.0, 6614188.0, 1, 0.0
18154450.0, 6614188.0, 1, 0.0
18154450.0, 6614188.0, 1, 0.0
18154450.0, 6614188.0, 1, 0.0
18154450.0, 6614188.0, 1, 0.0
18154450.0, 6614188.0, 1, 0.0
18154450.0, 6614188.0, 1, 0.0
18154450.0, 6614188.0, 1, 0.0
18154450.0, 6614188.0, 1, 0.0
18154450.0, 6614188.0, 1, 0.0
18275566.0, 6595074.0, 1, 0.0
18986452.0, 6403850.0, 1, 0.0
18996838.0, 6318426.0, 1, 0.0
19072340.0, 6303642.0, 1, 0.0
19072340.0, 6303642.0, 1, 0.0
15801706.0, 9909422.0, 1, 0.0
15801706.0, 9909422.0, 1, 0.0
15801706.0, 9909422.0, 1, 0.0
15801706.0, 9909422.0, 1, 0.0
15801706.0, 9909422.0, 1, 0.0
15801706.0, 9909422.0, 1, 0.0
15975696.0, 9488294.0, 1, 0.0
15975696.0, 9488294.0, 1, 0.0
16096542.0, 9471888.0, 1, 0.0
16096542.0, 9471888.0, 1, 0.0
16096542.0, 9471888.0, 1, 0.0
16096542.0, 9471888.0, 1, 0.0
16132018.0, 9331812.0, 1, 0.0
16132018.0, 9331812.0, 1, 0.0
16132018.0, 9331812.0, 1, 0.0
16132018.0, 9331812.0, 1, 0.0
16132018.0, 9331812.0, 1, 0.0
16132018.0, 9331812.0, 1, 0.0
16740512.0, 7780098.0, 1, 0.0
16815532.0, 7450386.0, 1, 0.0
16815532.0, 7450386.0, 1, 0.0
16815532.0, 7450386.0, 1, 0.0
16906902.0, 7329338.0, 1, 0.0
16906902.0, 7329338.0, 1, 0.0
16906902.0, 7329338.0, 1, 0.0
16906902.0, 7329338.0, 1, 0.0
16906902.0, 7329338.0, 1, 0.0
17025916.0, 7313618.0, 1, 0.0
17025916.0, 7313618.0, 1, 0.0
17078728.0, 7050656.0, 1, 0.0
15825172.0, 9892696.0, 2, inf
15825172.0, 9892696.0, 2, inf
19101944.0, 6385102.0, 2, inf
16348574.0, 8618088.0, 2, 0.364187629917
16581656.0, 8184920.0, 2, 0.355399946042
18110570.0, 6710048.0, 2, 0.35388367479
16122634.0, 9502626.0, 2, 0.353554548843
16777278.0, 7830392.0, 2, 0.322318649391
16342532.0, 9206374.0, 2, 0.321129993878
17975048.0, 6890120.0, 2, 0.275399114486
16936998.0, 7434730.0, 2, 0.20402627516
17410386.0, 6926530.0, 2, 0.199019821678
17117732.0, 7120110.0, 2, 0.134624983177
18110570.0, 6710048.0, 2, 0.133999096044
17201200.0, 7032946.0, 2, 0.128183656268
17027528.0, 7319250.0, 2, 0.102371278801
17360744.0, 6930624.0, 2, 0.0941777914963
17003668.0, 7357088.0, 2, 0.0605506520848
18110570.0, 6710048.0, 2, 0.0
18110570.0, 6710048.0, 2, 0.0
20845648.0, 6716606.0, 3, inf
Generacion: 158
15738952.0, 10367056.0, 1, inf
19185380.0, 6284830.0, 1, inf
19185380.0, 6284830.0, 1, inf
15738952.0, 10367056.0, 1, inf
16490244.0, 8185428.0, 1, 0.250789219763
16266036.0, 9180042.0, 1, 0.248178400677
18986452.0, 6403850.0, 1, 0.227193312625
17899764.0, 6742608.0, 1, 0.224233518982
18275566.0, 6595074.0, 1, 0.209420656236
17321632.0, 6852856.0, 1, 0.188536340915
16815532.0, 7450386.0, 1, 0.152791629645
16514866.0, 7965890.0, 1, 0.14101888226
16514866.0, 7965890.0, 1, 0.133424331097
16490244.0, 8185428.0, 1, 0.118834173919
15801706.0, 9909422.0, 1, 0.117304780413
16815532.0, 7450386.0, 1, 0.116892339536
15975696.0, 9488294.0, 1, 0.099690635411
17025916.0, 7313618.0, 1, 0.0989488911098
16266036.0, 9180042.0, 1, 0.0981988636738
17078728.0, 7050656.0, 1, 0.0884974904132
18275566.0, 6595074.0, 1, 0.0723871990105
16096542.0, 9471888.0, 1, 0.0693777619934
16132018.0, 9331812.0, 1, 0.0686663007356
16250412.0, 9315342.0, 1, 0.0674963508112
15944172.0, 9752114.0, 1, 0.0653809095151
15819630.0, 9789000.0, 1, 0.0648812422971
16906902.0, 7329338.0, 1, 0.0641850147345
17161722.0, 6955492.0, 1, 0.0581362528975
17281742.0, 6937718.0, 1, 0.0556126297566
18986452.0, 6403850.0, 1, 0.0498566253267
18063094.0, 6627720.0, 1, 0.0497790618146
18996838.0, 6318426.0, 1, 0.049468266144
15801706.0, 9909422.0, 1, 0.0477075192424
15941572.0, 9771226.0, 1, 0.0451723013237
18187530.0, 6607946.0, 1, 0.0398247214894
17078728.0, 7050656.0, 1, 0.0386354828248
17321632.0, 6852856.0, 1, 0.0385811364537
19072340.0, 6303642.0, 1, 0.0364207299574
18023550.0, 6722720.0, 1, 0.0329761574742
16906902.0, 7329338.0, 1, 0.0303623471897
17161722.0, 6955492.0, 1, 0.0284351616739
18154450.0, 6614188.0, 1, 0.028036512529
17990104.0, 6729276.0, 1, 0.0278186333709
19072340.0, 6303642.0, 1, 0.0265155897903
17025916.0, 7313618.0, 1, 0.0191745318632
17281742.0, 6937718.0, 1, 0.0159282994966
18063094.0, 6627720.0, 1, 0.0147887667572
16132018.0, 9331812.0, 1, 0.0143281196064
16096542.0, 9471888.0, 1, 0.0143124418854
15944172.0, 9752114.0, 1, 0.0138286210328
15975696.0, 9488294.0, 1, 0.0131657473948
18023550.0, 6722720.0, 1, 0.0130798951759
17990104.0, 6729276.0, 1, 0.0129704057103
18154450.0, 6614188.0, 1, 0.0129132016794
15819630.0, 9789000.0, 1, 0.00955474403574
16250412.0, 9315342.0, 1, 0.00856795284819
16906902.0, 7329338.0, 1, 0.0
16906902.0, 7329338.0, 1, 0.0
16906902.0, 7329338.0, 1, 0.0
17025916.0, 7313618.0, 1, 0.0
17078728.0, 7050656.0, 1, 0.0
17078728.0, 7050656.0, 1, 0.0
17161722.0, 6955492.0, 1, 0.0
17161722.0, 6955492.0, 1, 0.0
17161722.0, 6955492.0, 1, 0.0
17161722.0, 6955492.0, 1, 0.0
17161722.0, 6955492.0, 1, 0.0
17161722.0, 6955492.0, 1, 0.0
17281742.0, 6937718.0, 1, 0.0
17281742.0, 6937718.0, 1, 0.0
17281742.0, 6937718.0, 1, 0.0
17281742.0, 6937718.0, 1, 0.0
17281742.0, 6937718.0, 1, 0.0
17281742.0, 6937718.0, 1, 0.0
17321632.0, 6852856.0, 1, 0.0
17990104.0, 6729276.0, 1, 0.0
17990104.0, 6729276.0, 1, 0.0
17990104.0, 6729276.0, 1, 0.0
17990104.0, 6729276.0, 1, 0.0
17990104.0, 6729276.0, 1, 0.0
17990104.0, 6729276.0, 1, 0.0
18063094.0, 6627720.0, 1, 0.0
18154450.0, 6614188.0, 1, 0.0
18154450.0, 6614188.0, 1, 0.0
18154450.0, 6614188.0, 1, 0.0
18154450.0, 6614188.0, 1, 0.0
18154450.0, 6614188.0, 1, 0.0
18154450.0, 6614188.0, 1, 0.0
18154450.0, 6614188.0, 1, 0.0
18154450.0, 6614188.0, 1, 0.0
18154450.0, 6614188.0, 1, 0.0
18275566.0, 6595074.0, 1, 0.0
18986452.0, 6403850.0, 1, 0.0
19072340.0, 6303642.0, 1, 0.0
19072340.0, 6303642.0, 1, 0.0
15801706.0, 9909422.0, 1, 0.0
15819630.0, 9789000.0, 1, 0.0
15975696.0, 9488294.0, 1, 0.0
15975696.0, 9488294.0, 1, 0.0
15975696.0, 9488294.0, 1, 0.0
15975696.0, 9488294.0, 1, 0.0
15975696.0, 9488294.0, 1, 0.0
15975696.0, 9488294.0, 1, 0.0
15975696.0, 9488294.0, 1, 0.0
15975696.0, 9488294.0, 1, 0.0
16132018.0, 9331812.0, 1, 0.0
16132018.0, 9331812.0, 1, 0.0
16132018.0, 9331812.0, 1, 0.0
16132018.0, 9331812.0, 1, 0.0
16132018.0, 9331812.0, 1, 0.0
16132018.0, 9331812.0, 1, 0.0
16132018.0, 9331812.0, 1, 0.0
16266036.0, 9180042.0, 1, 0.0
16266036.0, 9180042.0, 1, 0.0
16266036.0, 9180042.0, 1, 0.0
16266036.0, 9180042.0, 1, 0.0
16266036.0, 9180042.0, 1, 0.0
16490244.0, 8185428.0, 1, 0.0
16490244.0, 8185428.0, 1, 0.0
16490244.0, 8185428.0, 1, 0.0
16514866.0, 7965890.0, 1, 0.0
16815532.0, 7450386.0, 1, 0.0
16906902.0, 7329338.0, 1, 0.0
19802394.0, 6290512.0, 2, inf
15922774.0, 10837996.0, 2, inf
19802394.0, 6290512.0, 2, inf
16122634.0, 9502626.0, 2, 0.42498797419
17917934.0, 6816364.0, 2, 0.346084525327
17117732.0, 7120110.0, 2, 0.340094105882
19101944.0, 6385102.0, 2, 0.327680567677
18869294.0, 6686904.0, 2, 0.32699000562
16515504.0, 8726880.0, 2, 0.294811024562
17027528.0, 7319250.0, 2, 0.292800289468
18110570.0, 6710048.0, 2, 0.218945657816
16614680.0, 8167192.0, 2, 0.215759959882
16759046.0, 8031182.0, 2, 0.193766517632
16407308.0, 9264770.0, 2, 0.192030699666
16406710.0, 9472614.0, 2, 0.118927908716
16759046.0, 8031182.0, 2, 0.0991120156809
18110570.0, 6710048.0, 2, 0.0547427242432
16406710.0, 9472614.0, 2, 0.00675383217631
18110570.0, 6710048.0, 2, 0.0
18110570.0, 6710048.0, 2, 0.0
19528658.0, 6697002.0, 3, inf
16369382.0, 9816242.0, 3, inf
16641254.0, 8534102.0, 3, 0.898390160648
18724324.0, 6740840.0, 3, 0.812661023844
17241148.0, 7874666.0, 3, 0.568794520389
17443420.0, 7173074.0, 3, 0.463294172201
17242506.0, 7353528.0, 3, 0.230667057544
Generacion: 159
19822694.0, 6273594.0, 1, inf
15738952.0, 10367056.0, 1, inf
16326446.0, 8843516.0, 1, 0.297878825587
16815532.0, 7450386.0, 1, 0.251503766813
18986452.0, 6403850.0, 1, 0.198557120964
18275566.0, 6595074.0, 1, 0.177221635256
17865480.0, 6825946.0, 1, 0.168501882371
16490244.0, 8185428.0, 1, 0.166794904788
19185380.0, 6284830.0, 1, 0.159511659234
17321632.0, 6852856.0, 1, 0.153905044353
16514866.0, 7965890.0, 1, 0.131962774919
16514866.0, 7965890.0, 1, 0.127256497356
15801706.0, 9909422.0, 1, 0.116185434766
16490244.0, 8185428.0, 1, 0.0937411577481
18063094.0, 6627720.0, 1, 0.0937378180045
17025916.0, 7313618.0, 1, 0.093382880688
15975696.0, 9488294.0, 1, 0.0896531185627
16266036.0, 9180042.0, 1, 0.0860365108496
17078728.0, 7050656.0, 1, 0.0845625389524
15967382.0, 9734152.0, 1, 0.0721685049177
18275566.0, 6595074.0, 1, 0.0682721717319
15819630.0, 9789000.0, 1, 0.0680096468101
18986452.0, 6403850.0, 1, 0.0677461835573
16096542.0, 9471888.0, 1, 0.0638114227072
16132018.0, 9331812.0, 1, 0.0632109930033
16250412.0, 9315342.0, 1, 0.0620442544334
17899764.0, 6742608.0, 1, 0.0603539872016
16906902.0, 7329338.0, 1, 0.0587144264553
16266036.0, 9180042.0, 1, 0.0478455122014
15801706.0, 9909422.0, 1, 0.0447849192652
17161722.0, 6955492.0, 1, 0.0418336984438
17899764.0, 6742608.0, 1, 0.0364614601886
17078728.0, 7050656.0, 1, 0.0361800601876
15941572.0, 9771226.0, 1, 0.0345292670811
19072340.0, 6303642.0, 1, 0.0344850517689
17237622.0, 6948220.0, 1, 0.0337317576168
19113198.0, 6298954.0, 1, 0.0322761160141
17281742.0, 6937718.0, 1, 0.0315349240077
16906902.0, 7329338.0, 1, 0.0262143574628
18154450.0, 6614188.0, 1, 0.0238955297023
18187530.0, 6607946.0, 1, 0.0230825498421
19072340.0, 6303642.0, 1, 0.0221769319067
17161722.0, 6955492.0, 1, 0.0220995186532
19185380.0, 6284830.0, 1, 0.0204203203615
17025916.0, 7313618.0, 1, 0.0167725269064
17321632.0, 6852856.0, 1, 0.01634189959
16132018.0, 9331812.0, 1, 0.0127106197417
16096542.0, 9471888.0, 1, 0.012694985054
17281742.0, 6937718.0, 1, 0.0123335565298
18154450.0, 6614188.0, 1, 0.0114061730687
18187530.0, 6607946.0, 1, 0.0112449403517
15944172.0, 9752114.0, 1, 0.0103524214332
16250412.0, 9315342.0, 1, 0.00784939197563
15975696.0, 9488294.0, 1, 0.00604373235491
15944172.0, 9752114.0, 1, 0.00502464379586
15941572.0, 9771226.0, 1, 0.00497871690072
17281742.0, 6937718.0, 1, 0.0
17281742.0, 6937718.0, 1, 0.0
17281742.0, 6937718.0, 1, 0.0
17281742.0, 6937718.0, 1, 0.0
17281742.0, 6937718.0, 1, 0.0
17281742.0, 6937718.0, 1, 0.0
17321632.0, 6852856.0, 1, 0.0
17321632.0, 6852856.0, 1, 0.0
17321632.0, 6852856.0, 1, 0.0
18154450.0, 6614188.0, 1, 0.0
18154450.0, 6614188.0, 1, 0.0
18154450.0, 6614188.0, 1, 0.0
18154450.0, 6614188.0, 1, 0.0
18154450.0, 6614188.0, 1, 0.0
18154450.0, 6614188.0, 1, 0.0
18154450.0, 6614188.0, 1, 0.0
18154450.0, 6614188.0, 1, 0.0
18154450.0, 6614188.0, 1, 0.0
18154450.0, 6614188.0, 1, 0.0
18154450.0, 6614188.0, 1, 0.0
18154450.0, 6614188.0, 1, 0.0
18154450.0, 6614188.0, 1, 0.0
18275566.0, 6595074.0, 1, 0.0
18275566.0, 6595074.0, 1, 0.0
18986452.0, 6403850.0, 1, 0.0
19072340.0, 6303642.0, 1, 0.0
19072340.0, 6303642.0, 1, 0.0
19072340.0, 6303642.0, 1, 0.0
19072340.0, 6303642.0, 1, 0.0
19072340.0, 6303642.0, 1, 0.0
19072340.0, 6303642.0, 1, 0.0
19185380.0, 6284830.0, 1, 0.0
19185380.0, 6284830.0, 1, 0.0
15801706.0, 9909422.0, 1, 0.0
15801706.0, 9909422.0, 1, 0.0
15801706.0, 9909422.0, 1, 0.0
15944172.0, 9752114.0, 1, 0.0
15975696.0, 9488294.0, 1, 0.0
15975696.0, 9488294.0, 1, 0.0
15975696.0, 9488294.0, 1, 0.0
16096542.0, 9471888.0, 1, 0.0
16096542.0, 9471888.0, 1, 0.0
16132018.0, 9331812.0, 1, 0.0
16132018.0, 9331812.0, 1, 0.0
16132018.0, 9331812.0, 1, 0.0
16266036.0, 9180042.0, 1, 0.0
16266036.0, 9180042.0, 1, 0.0
16266036.0, 9180042.0, 1, 0.0
16266036.0, 9180042.0, 1, 0.0
16266036.0, 9180042.0, 1, 0.0
16266036.0, 9180042.0, 1, 0.0
16490244.0, 8185428.0, 1, 0.0
16490244.0, 8185428.0, 1, 0.0
16490244.0, 8185428.0, 1, 0.0
16514866.0, 7965890.0, 1, 0.0
16906902.0, 7329338.0, 1, 0.0
16906902.0, 7329338.0, 1, 0.0
16906902.0, 7329338.0, 1, 0.0
16906902.0, 7329338.0, 1, 0.0
16906902.0, 7329338.0, 1, 0.0
16906902.0, 7329338.0, 1, 0.0
16906902.0, 7329338.0, 1, 0.0
16906902.0, 7329338.0, 1, 0.0
16906902.0, 7329338.0, 1, 0.0
17025916.0, 7313618.0, 1, 0.0
17161722.0, 6955492.0, 1, 0.0
17161722.0, 6955492.0, 1, 0.0
17161722.0, 6955492.0, 1, 0.0
17161722.0, 6955492.0, 1, 0.0
17161722.0, 6955492.0, 1, 0.0
17161722.0, 6955492.0, 1, 0.0
17161722.0, 6955492.0, 1, 0.0
17161722.0, 6955492.0, 1, 0.0
17161722.0, 6955492.0, 1, 0.0
17161722.0, 6955492.0, 1, 0.0
17161722.0, 6955492.0, 1, 0.0
17161722.0, 6955492.0, 1, 0.0
17161722.0, 6955492.0, 1, 0.0
17281742.0, 6937718.0, 1, 0.0
17281742.0, 6937718.0, 1, 0.0
17281742.0, 6937718.0, 1, 0.0
15820306.0, 10226598.0, 2, inf
22616666.0, 6338320.0, 2, inf
20728526.0, 6344006.0, 2, 0.764395371231
18070440.0, 6709552.0, 2, 0.47878378619
16527730.0, 8686202.0, 2, 0.346071630761
15825172.0, 9892696.0, 2, 0.271876930665
16383488.0, 9491668.0, 2, 0.270086568073
17862592.0, 7050474.0, 2, 0.245767798334
16384174.0, 9162336.0, 2, 0.228375788845
16759046.0, 8031182.0, 2, 0.217212994926
17117732.0, 7120110.0, 2, 0.191993987698
16896392.0, 7685292.0, 2, 0.139031860239
18070440.0, 6709552.0, 2, 0.124594563701
Generacion: 160
19185380.0, 6284830.0, 1, inf
15738952.0, 10367056.0, 1, inf
15738952.0, 10367056.0, 1, inf
19185380.0, 6284830.0, 1, inf
16371972.0, 9069780.0, 1, 0.308700193096
18275566.0, 6595074.0, 1, 0.235870598554
19072340.0, 6303642.0, 1, 0.235796619308
16490244.0, 8185428.0, 1, 0.223778956245
16771596.0, 7703098.0, 1, 0.213520012771
17442302.0, 6835196.0, 1, 0.18445227715
18063094.0, 6627720.0, 1, 0.18344106415
15801706.0, 9909422.0, 1, 0.165012299655
16514866.0, 7965890.0, 1, 0.128270610716
17078728.0, 7050656.0, 1, 0.127132973238
15967382.0, 9734152.0, 1, 0.118945668189
18275566.0, 6595074.0, 1, 0.106532934117
19072340.0, 6303642.0, 1, 0.104189638391
17025916.0, 7313618.0, 1, 0.0989488911098
15975696.0, 9488294.0, 1, 0.0952905850463
15819630.0, 9789000.0, 1, 0.0910067092689
16815532.0, 7450386.0, 1, 0.0884169477924
16490244.0, 8185428.0, 1, 0.0880962620865
17442302.0, 6835196.0, 1, 0.0858372944815
18063094.0, 6627720.0, 1, 0.077331676491
16227822.0, 9223016.0, 1, 0.0760643036594
16514866.0, 7965890.0, 1, 0.0715188902909
16096542.0, 9471888.0, 1, 0.0693777619934
16906902.0, 7329338.0, 1, 0.0641850147345
16132018.0, 9331812.0, 1, 0.0621116882498
17161722.0, 6955492.0, 1, 0.0581362528975
17321632.0, 6852856.0, 1, 0.0558012308241
17281742.0, 6937718.0, 1, 0.0556126297566
16815532.0, 7450386.0, 1, 0.0424007209672
16266036.0, 9180042.0, 1, 0.0412650115077
18154450.0, 6614188.0, 1, 0.038457330267
16266036.0, 9180042.0, 1, 0.0380982653564
16132018.0, 9331812.0, 1, 0.0369447018338
18154450.0, 6614188.0, 1, 0.0311896941509
16906902.0, 7329338.0, 1, 0.0303623471897
17161722.0, 6955492.0, 1, 0.0284351616739
17025916.0, 7313618.0, 1, 0.0191745318632
17281742.0, 6937718.0, 1, 0.0159282994966
17321632.0, 6852856.0, 1, 0.0159003735562
16096542.0, 9471888.0, 1, 0.0143124418854
15975696.0, 9488294.0, 1, 0.00643123850616
17161722.0, 6955492.0, 1, 0.0
17281742.0, 6937718.0, 1, 0.0
17281742.0, 6937718.0, 1, 0.0
17281742.0, 6937718.0, 1, 0.0
17281742.0, 6937718.0, 1, 0.0
17321632.0, 6852856.0, 1, 0.0
17321632.0, 6852856.0, 1, 0.0
18063094.0, 6627720.0, 1, 0.0
18063094.0, 6627720.0, 1, 0.0
18154450.0, 6614188.0, 1, 0.0
18154450.0, 6614188.0, 1, 0.0
18154450.0, 6614188.0, 1, 0.0
18154450.0, 6614188.0, 1, 0.0
18154450.0, 6614188.0, 1, 0.0
18154450.0, 6614188.0, 1, 0.0
18154450.0, 6614188.0, 1, 0.0
18154450.0, 6614188.0, 1, 0.0
18154450.0, 6614188.0, 1, 0.0
18154450.0, 6614188.0, 1, 0.0
18154450.0, 6614188.0, 1, 0.0
18275566.0, 6595074.0, 1, 0.0
18275566.0, 6595074.0, 1, 0.0
18275566.0, 6595074.0, 1, 0.0
18275566.0, 6595074.0, 1, 0.0
18275566.0, 6595074.0, 1, 0.0
18275566.0, 6595074.0, 1, 0.0
18275566.0, 6595074.0, 1, 0.0
19072340.0, 6303642.0, 1, 0.0
19072340.0, 6303642.0, 1, 0.0
19072340.0, 6303642.0, 1, 0.0
19072340.0, 6303642.0, 1, 0.0
19072340.0, 6303642.0, 1, 0.0
19185380.0, 6284830.0, 1, 0.0
15975696.0, 9488294.0, 1, 0.0
15975696.0, 9488294.0, 1, 0.0
15975696.0, 9488294.0, 1, 0.0
15975696.0, 9488294.0, 1, 0.0
15975696.0, 9488294.0, 1, 0.0
16096542.0, 9471888.0, 1, 0.0
16096542.0, 9471888.0, 1, 0.0
16096542.0, 9471888.0, 1, 0.0
16132018.0, 9331812.0, 1, 0.0
16132018.0, 9331812.0, 1, 0.0
16132018.0, 9331812.0, 1, 0.0
16132018.0, 9331812.0, 1, 0.0
16132018.0, 9331812.0, 1, 0.0
16266036.0, 9180042.0, 1, 0.0
16266036.0, 9180042.0, 1, 0.0
16266036.0, 9180042.0, 1, 0.0
16266036.0, 9180042.0, 1, 0.0
16266036.0, 9180042.0, 1, 0.0
16490244.0, 8185428.0, 1, 0.0
16490244.0, 8185428.0, 1, 0.0
16490244.0, 8185428.0, 1, 0.0
16490244.0, 8185428.0, 1, 0.0
16514866.0, 7965890.0, 1, 0.0
16514866.0, 7965890.0, 1, 0.0
16815532.0, 7450386.0, 1, 0.0
16906902.0, 7329338.0, 1, 0.0
16906902.0, 7329338.0, 1, 0.0
16906902.0, 7329338.0, 1, 0.0
16906902.0, 7329338.0, 1, 0.0
16906902.0, 7329338.0, 1, 0.0
16906902.0, 7329338.0, 1, 0.0
16906902.0, 7329338.0, 1, 0.0
16906902.0, 7329338.0, 1, 0.0
16906902.0, 7329338.0, 1, 0.0
17025916.0, 7313618.0, 1, 0.0
17025916.0, 7313618.0, 1, 0.0
17025916.0, 7313618.0, 1, 0.0
17025916.0, 7313618.0, 1, 0.0
17025916.0, 7313618.0, 1, 0.0
17025916.0, 7313618.0, 1, 0.0
17025916.0, 7313618.0, 1, 0.0
17025916.0, 7313618.0, 1, 0.0
17161722.0, 6955492.0, 1, 0.0
17161722.0, 6955492.0, 1, 0.0
17161722.0, 6955492.0, 1, 0.0
17161722.0, 6955492.0, 1, 0.0
17161722.0, 6955492.0, 1, 0.0
17161722.0, 6955492.0, 1, 0.0
17161722.0, 6955492.0, 1, 0.0
17161722.0, 6955492.0, 1, 0.0
17161722.0, 6955492.0, 1, 0.0
17161722.0, 6955492.0, 1, 0.0
17161722.0, 6955492.0, 1, 0.0
17161722.0, 6955492.0, 1, 0.0
15825172.0, 9892696.0, 2, inf
19802394.0, 6290512.0, 2, inf
18070440.0, 6709552.0, 2, 0.820980761433
16614680.0, 8167192.0, 2, 0.409319116616
16936998.0, 7434730.0, 2, 0.339199743943
16607768.0, 8610988.0, 2, 0.324545765516
17318184.0, 6997878.0, 2, 0.308331760767
16184222.0, 9547946.0, 2, 0.267197724648
16511978.0, 9243248.0, 2, 0.241287299372
17027528.0, 7319250.0, 2, 0.132783728306
16250412.0, 9315342.0, 2, 0.130339052419
17117732.0, 7120110.0, 2, 0.12314733041
17201200.0, 7032946.0, 2, 0.053611037528
16511978.0, 9243248.0, 2, 0.0440986193427
16250412.0, 9315342.0, 2, 0.0366562387062
17201200.0, 7032946.0, 2, 0.0307217127546
16250412.0, 9315342.0, 2, 0.0
16250412.0, 9315342.0, 2, 0.0
Generacion: 161
19185380.0, 6284830.0, 1, inf
15738952.0, 10367056.0, 1, inf
15738952.0, 10367056.0, 1, inf
19185380.0, 6284830.0, 1, inf
16371972.0, 9069780.0, 1, 0.261356622936
16440704.0, 8320016.0, 1, 0.250952017745
18986452.0, 6403850.0, 1, 0.227193312625
18275566.0, 6595074.0, 1, 0.209420656236
17899764.0, 6742608.0, 1, 0.198291247518
15819630.0, 9789000.0, 1, 0.153645516881
17442302.0, 6835196.0, 1, 0.13706118121
16771596.0, 7703098.0, 1, 0.136397059375
16815532.0, 7450386.0, 1, 0.13081766876
16514866.0, 7965890.0, 1, 0.128270610716
17078728.0, 7050656.0, 1, 0.127132973238
15801706.0, 9909422.0, 1, 0.117304780413
15975696.0, 9488294.0, 1, 0.108726391883
17025916.0, 7313618.0, 1, 0.0989488911098
16771596.0, 7703098.0, 1, 0.0771229533963
16227822.0, 9223016.0, 1, 0.0760643036594
18016714.0, 6706106.0, 1, 0.0755345647244
18275566.0, 6595074.0, 1, 0.0723871990105
16514866.0, 7965890.0, 1, 0.0715188902909
16096542.0, 9471888.0, 1, 0.0693777619934
16490244.0, 8185428.0, 1, 0.0681532950494
16906902.0, 7329338.0, 1, 0.0641850147345
16132018.0, 9331812.0, 1, 0.0621116882498
17442302.0, 6835196.0, 1, 0.0576938256976
17321632.0, 6852856.0, 1, 0.0558012308241
18986452.0, 6403850.0, 1, 0.0498566253267
18996838.0, 6318426.0, 1, 0.049468266144
15975696.0, 9488294.0, 1, 0.0493022922464
15801706.0, 9909422.0, 1, 0.0477075192424
18063094.0, 6627720.0, 1, 0.045709223447
17161722.0, 6955492.0, 1, 0.0453345927438
16266036.0, 9180042.0, 1, 0.0412650115077
16490244.0, 8185428.0, 1, 0.040113475696
18187530.0, 6607946.0, 1, 0.0398247214894
16266036.0, 9180042.0, 1, 0.0380982653564
16132018.0, 9331812.0, 1, 0.0369447018338
19072340.0, 6303642.0, 1, 0.0364207299574
17281742.0, 6937718.0, 1, 0.0335898281777
16906902.0, 7329338.0, 1, 0.0303623471897
18154450.0, 6614188.0, 1, 0.028036512529
19072340.0, 6303642.0, 1, 0.0265155897903
17161722.0, 6955492.0, 1, 0.0258625456551
17237622.0, 6948220.0, 1, 0.0245954175977
17025916.0, 7313618.0, 1, 0.0191745318632
18063094.0, 6627720.0, 1, 0.0167722696768
17321632.0, 6852856.0, 1, 0.0159003735562
17237622.0, 6948220.0, 1, 0.0145830411943
16096542.0, 9471888.0, 1, 0.0143124418854
17281742.0, 6937718.0, 1, 0.014146918456
18154450.0, 6614188.0, 1, 0.0129132016794
18275566.0, 6595074.0, 1, 0.0
18275566.0, 6595074.0, 1, 0.0
18275566.0, 6595074.0, 1, 0.0
18275566.0, 6595074.0, 1, 0.0
18275566.0, 6595074.0, 1, 0.0
18275566.0, 6595074.0, 1, 0.0
18275566.0, 6595074.0, 1, 0.0
18275566.0, 6595074.0, 1, 0.0
19072340.0, 6303642.0, 1, 0.0
19072340.0, 6303642.0, 1, 0.0
19072340.0, 6303642.0, 1, 0.0
19072340.0, 6303642.0, 1, 0.0
19072340.0, 6303642.0, 1, 0.0
19072340.0, 6303642.0, 1, 0.0
19072340.0, 6303642.0, 1, 0.0
19185380.0, 6284830.0, 1, 0.0
19185380.0, 6284830.0, 1, 0.0
15801706.0, 9909422.0, 1, 0.0
15975696.0, 9488294.0, 1, 0.0
15975696.0, 9488294.0, 1, 0.0
16096542.0, 9471888.0, 1, 0.0
16132018.0, 9331812.0, 1, 0.0
16132018.0, 9331812.0, 1, 0.0
16132018.0, 9331812.0, 1, 0.0
16266036.0, 9180042.0, 1, 0.0
16266036.0, 9180042.0, 1, 0.0
16490244.0, 8185428.0, 1, 0.0
16490244.0, 8185428.0, 1, 0.0
16490244.0, 8185428.0, 1, 0.0
16514866.0, 7965890.0, 1, 0.0
16514866.0, 7965890.0, 1, 0.0
16906902.0, 7329338.0, 1, 0.0
16906902.0, 7329338.0, 1, 0.0
16906902.0, 7329338.0, 1, 0.0
16906902.0, 7329338.0, 1, 0.0
16906902.0, 7329338.0, 1, 0.0
16906902.0, 7329338.0, 1, 0.0
16906902.0, 7329338.0, 1, 0.0
16906902.0, 7329338.0, 1, 0.0
16906902.0, 7329338.0, 1, 0.0
16906902.0, 7329338.0, 1, 0.0
16906902.0, 7329338.0, 1, 0.0
16906902.0, 7329338.0, 1, 0.0
17025916.0, 7313618.0, 1, 0.0
17025916.0, 7313618.0, 1, 0.0
17025916.0, 7313618.0, 1, 0.0
17025916.0, 7313618.0, 1, 0.0
17025916.0, 7313618.0, 1, 0.0
17025916.0, 7313618.0, 1, 0.0
17025916.0, 7313618.0, 1, 0.0
17025916.0, 7313618.0, 1, 0.0
17161722.0, 6955492.0, 1, 0.0
17161722.0, 6955492.0, 1, 0.0
17161722.0, 6955492.0, 1, 0.0
17161722.0, 6955492.0, 1, 0.0
17161722.0, 6955492.0, 1, 0.0
17161722.0, 6955492.0, 1, 0.0
17161722.0, 6955492.0, 1, 0.0
17161722.0, 6955492.0, 1, 0.0
17161722.0, 6955492.0, 1, 0.0
17161722.0, 6955492.0, 1, 0.0
17161722.0, 6955492.0, 1, 0.0
17161722.0, 6955492.0, 1, 0.0
17161722.0, 6955492.0, 1, 0.0
17161722.0, 6955492.0, 1, 0.0
17161722.0, 6955492.0, 1, 0.0
17161722.0, 6955492.0, 1, 0.0
17161722.0, 6955492.0, 1, 0.0
17161722.0, 6955492.0, 1, 0.0
17237622.0, 6948220.0, 1, 0.0
17281742.0, 6937718.0, 1, 0.0
17281742.0, 6937718.0, 1, 0.0
17281742.0, 6937718.0, 1, 0.0
17281742.0, 6937718.0, 1, 0.0
17281742.0, 6937718.0, 1, 0.0
17281742.0, 6937718.0, 1, 0.0
17281742.0, 6937718.0, 1, 0.0
17281742.0, 6937718.0, 1, 0.0
17321632.0, 6852856.0, 1, 0.0
17321632.0, 6852856.0, 1, 0.0
17321632.0, 6852856.0, 1, 0.0
17321632.0, 6852856.0, 1, 0.0
17321632.0, 6852856.0, 1, 0.0
17321632.0, 6852856.0, 1, 0.0
18154450.0, 6614188.0, 1, 0.0
18154450.0, 6614188.0, 1, 0.0
18154450.0, 6614188.0, 1, 0.0
18154450.0, 6614188.0, 1, 0.0
18154450.0, 6614188.0, 1, 0.0
18154450.0, 6614188.0, 1, 0.0
18154450.0, 6614188.0, 1, 0.0
18154450.0, 6614188.0, 1, 0.0
18154450.0, 6614188.0, 1, 0.0
18154450.0, 6614188.0, 1, 0.0
18154450.0, 6614188.0, 1, 0.0
18154450.0, 6614188.0, 1, 0.0
Generacion: 162
19822694.0, 6273594.0, 1, inf
15738952.0, 10367056.0, 1, inf
16316918.0, 8338366.0, 1, 0.252869023708
16266036.0, 9180042.0, 1, 0.238432159775
18986452.0, 6403850.0, 1, 0.194945508105
18275566.0, 6595074.0, 1, 0.178746505891
17990104.0, 6729276.0, 1, 0.169809190613
19185380.0, 6284830.0, 1, 0.160656900109
15801706.0, 9909422.0, 1, 0.146045793231
15941572.0, 9771226.0, 1, 0.145483731318
17442302.0, 6835196.0, 1, 0.138456363308
15975696.0, 9488294.0, 1, 0.0987099999995
17025916.0, 7313618.0, 1, 0.093382880688
16771596.0, 7703098.0, 1, 0.0909660626841
16514866.0, 7965890.0, 1, 0.0848537206867
17078728.0, 7050656.0, 1, 0.0845625389524
16815532.0, 7450386.0, 1, 0.0841096060324
16440704.0, 8320016.0, 1, 0.0798044651049
18275566.0, 6595074.0, 1, 0.076372585519
16132018.0, 9331812.0, 1, 0.067036895815
16490244.0, 8185428.0, 1, 0.0657624068867
16096542.0, 9471888.0, 1, 0.0638114227072
16642370.0, 7949384.0, 1, 0.0626889757727
16906902.0, 7329338.0, 1, 0.0587144264553
17442302.0, 6835196.0, 1, 0.0554242875854
16652226.0, 7846962.0, 1, 0.0542514186982
17321632.0, 6852856.0, 1, 0.0502799867467
16266036.0, 9180042.0, 1, 0.0495358471161
18986452.0, 6403850.0, 1, 0.0492577481958
15801706.0, 9909422.0, 1, 0.0491269651911
16771596.0, 7703098.0, 1, 0.0459035836041
16132018.0, 9331812.0, 1, 0.0457633267169
18063094.0, 6627720.0, 1, 0.0455783986284
18023550.0, 6722720.0, 1, 0.0426826311334
17161722.0, 6955492.0, 1, 0.0418336984438
16815532.0, 7450386.0, 1, 0.0403298174374
18996838.0, 6318426.0, 1, 0.039356834775
16490244.0, 8185428.0, 1, 0.0389080452059
16652226.0, 7846962.0, 1, 0.037558296365
17078728.0, 7050656.0, 1, 0.0361800601876
17237622.0, 6948220.0, 1, 0.0337317576168
18154450.0, 6614188.0, 1, 0.0329638522756
17281742.0, 6937718.0, 1, 0.0315349240077
19072340.0, 6303642.0, 1, 0.0312921078567
19185380.0, 6284830.0, 1, 0.0304253598571
18154450.0, 6614188.0, 1, 0.0270400562668
16906902.0, 7329338.0, 1, 0.0262143574628
19072340.0, 6303642.0, 1, 0.0230840563786
17161722.0, 6955492.0, 1, 0.0220995186532
17025916.0, 7313618.0, 1, 0.0167725269064
17321632.0, 6852856.0, 1, 0.0140821986327
18063094.0, 6627720.0, 1, 0.0129890350614
16096542.0, 9471888.0, 1, 0.012694985054
15975696.0, 9488294.0, 1, 0.0123639161471
17281742.0, 6937718.0, 1, 0.0123335565298
16514866.0, 7965890.0, 1, 0.0100615578072
18996838.0, 6318426.0, 1, 0.00615486853063
17321632.0, 6852856.0, 1, 0.0
17321632.0, 6852856.0, 1, 0.0
17321632.0, 6852856.0, 1, 0.0
17321632.0, 6852856.0, 1, 0.0
17321632.0, 6852856.0, 1, 0.0
17442302.0, 6835196.0, 1, 0.0
17442302.0, 6835196.0, 1, 0.0
17442302.0, 6835196.0, 1, 0.0
18154450.0, 6614188.0, 1, 0.0
18154450.0, 6614188.0, 1, 0.0
18154450.0, 6614188.0, 1, 0.0
18154450.0, 6614188.0, 1, 0.0
18154450.0, 6614188.0, 1, 0.0
18154450.0, 6614188.0, 1, 0.0
18154450.0, 6614188.0, 1, 0.0
18154450.0, 6614188.0, 1, 0.0
18275566.0, 6595074.0, 1, 0.0
18275566.0, 6595074.0, 1, 0.0
18275566.0, 6595074.0, 1, 0.0
18275566.0, 6595074.0, 1, 0.0
19072340.0, 6303642.0, 1, 0.0
19072340.0, 6303642.0, 1, 0.0
19072340.0, 6303642.0, 1, 0.0
19072340.0, 6303642.0, 1, 0.0
19072340.0, 6303642.0, 1, 0.0
19072340.0, 6303642.0, 1, 0.0
19072340.0, 6303642.0, 1, 0.0
19185380.0, 6284830.0, 1, 0.0
19185380.0, 6284830.0, 1, 0.0
15801706.0, 9909422.0, 1, 0.0
15975696.0, 9488294.0, 1, 0.0
15975696.0, 9488294.0, 1, 0.0
15975696.0, 9488294.0, 1, 0.0
15975696.0, 9488294.0, 1, 0.0
15975696.0, 9488294.0, 1, 0.0
16096542.0, 9471888.0, 1, 0.0
16096542.0, 9471888.0, 1, 0.0
16132018.0, 9331812.0, 1, 0.0
16132018.0, 9331812.0, 1, 0.0
16132018.0, 9331812.0, 1, 0.0
16266036.0, 9180042.0, 1, 0.0
16266036.0, 9180042.0, 1, 0.0
16490244.0, 8185428.0, 1, 0.0
16514866.0, 7965890.0, 1, 0.0
16514866.0, 7965890.0, 1, 0.0
16771596.0, 7703098.0, 1, 0.0
16771596.0, 7703098.0, 1, 0.0
16771596.0, 7703098.0, 1, 0.0
16906902.0, 7329338.0, 1, 0.0
16906902.0, 7329338.0, 1, 0.0
16906902.0, 7329338.0, 1, 0.0
16906902.0, 7329338.0, 1, 0.0
16906902.0, 7329338.0, 1, 0.0
16906902.0, 7329338.0, 1, 0.0
16906902.0, 7329338.0, 1, 0.0
16906902.0, 7329338.0, 1, 0.0
17025916.0, 7313618.0, 1, 0.0
17025916.0, 7313618.0, 1, 0.0
17025916.0, 7313618.0, 1, 0.0
17025916.0, 7313618.0, 1, 0.0
17025916.0, 7313618.0, 1, 0.0
17025916.0, 7313618.0, 1, 0.0
17161722.0, 6955492.0, 1, 0.0
17161722.0, 6955492.0, 1, 0.0
17161722.0, 6955492.0, 1, 0.0
17161722.0, 6955492.0, 1, 0.0
17161722.0, 6955492.0, 1, 0.0
17161722.0, 6955492.0, 1, 0.0
17161722.0, 6955492.0, 1, 0.0
17161722.0, 6955492.0, 1, 0.0
17161722.0, 6955492.0, 1, 0.0
17161722.0, 6955492.0, 1, 0.0
17161722.0, 6955492.0, 1, 0.0
17161722.0, 6955492.0, 1, 0.0
17161722.0, 6955492.0, 1, 0.0
17281742.0, 6937718.0, 1, 0.0
17281742.0, 6937718.0, 1, 0.0
17281742.0, 6937718.0, 1, 0.0
17281742.0, 6937718.0, 1, 0.0
17281742.0, 6937718.0, 1, 0.0
17281742.0, 6937718.0, 1, 0.0
17281742.0, 6937718.0, 1, 0.0
17281742.0, 6937718.0, 1, 0.0
17281742.0, 6937718.0, 1, 0.0
17281742.0, 6937718.0, 1, 0.0
16158048.0, 9563372.0, 2, inf
19720262.0, 6397264.0, 2, inf
18070440.0, 6709552.0, 2, 0.586679747655
17157642.0, 7100676.0, 2, 0.408951120813
18070440.0, 6709552.0, 2, 0.354879235883
16342532.0, 9206374.0, 2, 0.346499932552
16726454.0, 8044230.0, 2, 0.2676521362
16994138.0, 7657040.0, 2, 0.264295915517
Generacion: 163
15738952.0, 10367056.0, 1, inf
19185380.0, 6284830.0, 1, inf
19185380.0, 6284830.0, 1, inf
16316918.0, 8338366.0, 1, 0.261356622936
18986452.0, 6403850.0, 1, 0.227193312625
18275566.0, 6595074.0, 1, 0.210949723956
16266036.0, 9180042.0, 1, 0.210714036872
15801706.0, 9909422.0, 1, 0.204748437296
17442302.0, 6835196.0, 1, 0.13706118121
17899764.0, 6742608.0, 1, 0.136000975332
15941572.0, 9771226.0, 1, 0.109891152215
16490244.0, 8185428.0, 1, 0.108266770745
15975696.0, 9488294.0, 1, 0.104372394824
17025916.0, 7313618.0, 1, 0.0989488911098
16771596.0, 7703098.0, 1, 0.0965413014711
16514866.0, 7965890.0, 1, 0.0907749775566
17078728.0, 7050656.0, 1, 0.0884974904132
16815532.0, 7450386.0, 1, 0.0884169477924
16440704.0, 8320016.0, 1, 0.0877558540092
18275566.0, 6595074.0, 1, 0.0819855425708
16250412.0, 9315342.0, 1, 0.0760643036594
18063094.0, 6627720.0, 1, 0.0758783555787
16096542.0, 9471888.0, 1, 0.0693777619934
16132018.0, 9331812.0, 1, 0.0686663007356
16906902.0, 7329338.0, 1, 0.0641850147345
16642370.0, 7949384.0, 1, 0.0620857281128
16652226.0, 7846962.0, 1, 0.0597256033691
17161722.0, 6955492.0, 1, 0.0581362528975
17442302.0, 6835196.0, 1, 0.0576938256976
17321632.0, 6852856.0, 1, 0.0558012308241
17281742.0, 6937718.0, 1, 0.0556126297566
17990104.0, 6729276.0, 1, 0.051090250376
18986452.0, 6403850.0, 1, 0.0498566253267
18996838.0, 6318426.0, 1, 0.049468266144
17899764.0, 6742608.0, 1, 0.0488934097307
16771596.0, 7703098.0, 1, 0.0479898284786
16266036.0, 9180042.0, 1, 0.04790737347
15941572.0, 9771226.0, 1, 0.0437543646654
16815532.0, 7450386.0, 1, 0.0424007209672
17078728.0, 7050656.0, 1, 0.0386354828248
18154450.0, 6614188.0, 1, 0.038457330267
16652226.0, 7846962.0, 1, 0.0381013294298
19113198.0, 6298954.0, 1, 0.0374074465184
18154450.0, 6614188.0, 1, 0.0311896941509
16906902.0, 7329338.0, 1, 0.0303623471897
17161722.0, 6955492.0, 1, 0.0284351616739
17990104.0, 6729276.0, 1, 0.0244443143485
19072340.0, 6303642.0, 1, 0.0230557127526
17025916.0, 7313618.0, 1, 0.0191745318632
17281742.0, 6937718.0, 1, 0.0159282994966
17321632.0, 6852856.0, 1, 0.0159003735562
19072340.0, 6303642.0, 1, 0.0154767264848
16132018.0, 9331812.0, 1, 0.0143281196064
16096542.0, 9471888.0, 1, 0.0143124418854
15975696.0, 9488294.0, 1, 0.0139201516649
16514866.0, 7965890.0, 1, 0.0111875906519
16642370.0, 7949384.0, 1, 0.00690315470841
17281742.0, 6937718.0, 1, 0.0
17281742.0, 6937718.0, 1, 0.0
17321632.0, 6852856.0, 1, 0.0
17321632.0, 6852856.0, 1, 0.0
17321632.0, 6852856.0, 1, 0.0
17321632.0, 6852856.0, 1, 0.0
17321632.0, 6852856.0, 1, 0.0
17321632.0, 6852856.0, 1, 0.0
17321632.0, 6852856.0, 1, 0.0
17321632.0, 6852856.0, 1, 0.0
17321632.0, 6852856.0, 1, 0.0
17442302.0, 6835196.0, 1, 0.0
17442302.0, 6835196.0, 1, 0.0
18154450.0, 6614188.0, 1, 0.0
18986452.0, 6403850.0, 1, 0.0
19072340.0, 6303642.0, 1, 0.0
19072340.0, 6303642.0, 1, 0.0
19072340.0, 6303642.0, 1, 0.0
19072340.0, 6303642.0, 1, 0.0
19072340.0, 6303642.0, 1, 0.0
19072340.0, 6303642.0, 1, 0.0
19072340.0, 6303642.0, 1, 0.0
19185380.0, 6284830.0, 1, 0.0
19185380.0, 6284830.0, 1, 0.0
15941572.0, 9771226.0, 1, 0.0
15941572.0, 9771226.0, 1, 0.0
15975696.0, 9488294.0, 1, 0.0
15975696.0, 9488294.0, 1, 0.0
15975696.0, 9488294.0, 1, 0.0
16132018.0, 9331812.0, 1, 0.0
16266036.0, 9180042.0, 1, 0.0
16514866.0, 7965890.0, 1, 0.0
16514866.0, 7965890.0, 1, 0.0
16514866.0, 7965890.0, 1, 0.0
16514866.0, 7965890.0, 1, 0.0
16514866.0, 7965890.0, 1, 0.0
16652226.0, 7846962.0, 1, 0.0
16652226.0, 7846962.0, 1, 0.0
16652226.0, 7846962.0, 1, 0.0
16771596.0, 7703098.0, 1, 0.0
16771596.0, 7703098.0, 1, 0.0
16771596.0, 7703098.0, 1, 0.0
16815532.0, 7450386.0, 1, 0.0
16815532.0, 7450386.0, 1, 0.0
16815532.0, 7450386.0, 1, 0.0
16906902.0, 7329338.0, 1, 0.0
16906902.0, 7329338.0, 1, 0.0
16906902.0, 7329338.0, 1, 0.0
16906902.0, 7329338.0, 1, 0.0
16906902.0, 7329338.0, 1, 0.0
16906902.0, 7329338.0, 1, 0.0
17025916.0, 7313618.0, 1, 0.0
17025916.0, 7313618.0, 1, 0.0
17025916.0, 7313618.0, 1, 0.0
17161722.0, 6955492.0, 1, 0.0
17161722.0, 6955492.0, 1, 0.0
17161722.0, 6955492.0, 1, 0.0
17161722.0, 6955492.0, 1, 0.0
17161722.0, 6955492.0, 1, 0.0
17161722.0, 6955492.0, 1, 0.0
17161722.0, 6955492.0, 1, 0.0
17161722.0, 6955492.0, 1, 0.0
17161722.0, 6955492.0, 1, 0.0
17161722.0, 6955492.0, 1, 0.0
17161722.0, 6955492.0, 1, 0.0
17161722.0, 6955492.0, 1, 0.0
17161722.0, 6955492.0, 1, 0.0
17161722.0, 6955492.0, 1, 0.0
17161722.0, 6955492.0, 1, 0.0
17161722.0, 6955492.0, 1, 0.0
17161722.0, 6955492.0, 1, 0.0
17281742.0, 6937718.0, 1, 0.0
17281742.0, 6937718.0, 1, 0.0
17281742.0, 6937718.0, 1, 0.0
17281742.0, 6937718.0, 1, 0.0
17281742.0, 6937718.0, 1, 0.0
17281742.0, 6937718.0, 1, 0.0
17281742.0, 6937718.0, 1, 0.0
17281742.0, 6937718.0, 1, 0.0
17281742.0, 6937718.0, 1, 0.0
15817000.0, 9951576.0, 2, inf
20728526.0, 6344006.0, 2, inf
16384174.0, 9162336.0, 2, 0.438228382465
17117732.0, 7120110.0, 2, 0.381344883906
18910868.0, 6624204.0, 2, 0.36248276881
16633876.0, 8222062.0, 2, 0.352296852354
16963356.0, 7941712.0, 2, 0.330403494399
16506002.0, 8876716.0, 2, 0.311479159694
18070440.0, 6709552.0, 2, 0.284918000844
19734544.0, 6398450.0, 2, 0.280038228497
17027528.0, 7319250.0, 2, 0.25917525484
19677166.0, 6582028.0, 2, 0.230280522236
18070440.0, 6709552.0, 2, 0.217631960092
Generacion: 164
19185380.0, 6284830.0, 1, inf
19185380.0, 6284830.0, 1, inf
15801706.0, 9909422.0, 1, inf
15801706.0, 9909422.0, 1, inf
16316918.0, 8338366.0, 1, 0.268795930202
16266036.0, 9180042.0, 1, 0.236830084793
18986452.0, 6403850.0, 1, 0.233660828471
18275566.0, 6595074.0, 1, 0.215366355604
17899764.0, 6742608.0, 1, 0.191118219367
16815532.0, 7450386.0, 1, 0.143105707799
17442302.0, 6835196.0, 1, 0.140069102948
16490244.0, 8185428.0, 1, 0.119618523523
15941572.0, 9771226.0, 1, 0.114097334326
15975696.0, 9488294.0, 1, 0.113773426053
17025916.0, 7313618.0, 1, 0.107722417106
16771596.0, 7703098.0, 1, 0.104999723695
16514866.0, 7965890.0, 1, 0.0982511411753
17078728.0, 7050656.0, 1, 0.0970771835522
16440704.0, 8320016.0, 1, 0.0934187440306
18275566.0, 6595074.0, 1, 0.0885516146144
15819630.0, 9789000.0, 1, 0.079462868151
16096542.0, 9471888.0, 1, 0.0743604383295
16132018.0, 9331812.0, 1, 0.0736357822309
16642370.0, 7949384.0, 1, 0.0734063444086
16250412.0, 9315342.0, 1, 0.072318116684
16906902.0, 7329338.0, 1, 0.0685693207023
16652226.0, 7846962.0, 1, 0.0635357465079
17161722.0, 6955492.0, 1, 0.0617254131183
17442302.0, 6835196.0, 1, 0.0612068113223
17321632.0, 6852856.0, 1, 0.0590752610678
17281742.0, 6937718.0, 1, 0.0588831621836
18986452.0, 6403850.0, 1, 0.0558268308439
18063094.0, 6627720.0, 1, 0.0532089013886
16771596.0, 7703098.0, 1, 0.052675790417
16266036.0, 9180042.0, 1, 0.0523658399576
18996838.0, 6318426.0, 1, 0.0458815093051
16652226.0, 7846962.0, 1, 0.0426038981485
17078728.0, 7050656.0, 1, 0.0418629795624
18154450.0, 6614188.0, 1, 0.03952761412
19072340.0, 6303642.0, 1, 0.0374862775554
18023550.0, 6722720.0, 1, 0.0360943684874
18154450.0, 6614188.0, 1, 0.0322724759923
16906902.0, 7329338.0, 1, 0.0313402322534
17161722.0, 6955492.0, 1, 0.0294315009485
17990104.0, 6729276.0, 1, 0.0285075448433
19072340.0, 6303642.0, 1, 0.027503716715
16316918.0, 8338366.0, 1, 0.0201001394318
17025916.0, 7313618.0, 1, 0.0199449264408
17281742.0, 6937718.0, 1, 0.0166926850933
17321632.0, 6852856.0, 1, 0.0166612332775
18063094.0, 6627720.0, 1, 0.0154200907593
16132018.0, 9331812.0, 1, 0.0150284212709
16096542.0, 9471888.0, 1, 0.0150107641112
15941572.0, 9771226.0, 1, 0.0149886202218
15975696.0, 9488294.0, 1, 0.014611198432
17990104.0, 6729276.0, 1, 0.0135627290643
18023550.0, 6722720.0, 1, 0.0134954603458
16514866.0, 7965890.0, 1, 0.0118305975934
16250412.0, 9315342.0, 1, 0.00916142580977
18996838.0, 6318426.0, 1, 0.00714824853726
17281742.0, 6937718.0, 1, 0.0
17281742.0, 6937718.0, 1, 0.0
17321632.0, 6852856.0, 1, 0.0
17321632.0, 6852856.0, 1, 0.0
17321632.0, 6852856.0, 1, 0.0
17321632.0, 6852856.0, 1, 0.0
17442302.0, 6835196.0, 1, 0.0
17442302.0, 6835196.0, 1, 0.0
18023550.0, 6722720.0, 1, 0.0
18154450.0, 6614188.0, 1, 0.0
18154450.0, 6614188.0, 1, 0.0
18154450.0, 6614188.0, 1, 0.0
18996838.0, 6318426.0, 1, 0.0
19072340.0, 6303642.0, 1, 0.0
19072340.0, 6303642.0, 1, 0.0
19072340.0, 6303642.0, 1, 0.0
19072340.0, 6303642.0, 1, 0.0
19072340.0, 6303642.0, 1, 0.0
19072340.0, 6303642.0, 1, 0.0
19072340.0, 6303642.0, 1, 0.0
19185380.0, 6284830.0, 1, 0.0
19185380.0, 6284830.0, 1, 0.0
15941572.0, 9771226.0, 1, 0.0
15941572.0, 9771226.0, 1, 0.0
15941572.0, 9771226.0, 1, 0.0
16096542.0, 9471888.0, 1, 0.0
16096542.0, 9471888.0, 1, 0.0
16096542.0, 9471888.0, 1, 0.0
16096542.0, 9471888.0, 1, 0.0
16096542.0, 9471888.0, 1, 0.0
16132018.0, 9331812.0, 1, 0.0
16266036.0, 9180042.0, 1, 0.0
16514866.0, 7965890.0, 1, 0.0
16514866.0, 7965890.0, 1, 0.0
16514866.0, 7965890.0, 1, 0.0
16514866.0, 7965890.0, 1, 0.0
16514866.0, 7965890.0, 1, 0.0
16514866.0, 7965890.0, 1, 0.0
16514866.0, 7965890.0, 1, 0.0
16652226.0, 7846962.0, 1, 0.0
16771596.0, 7703098.0, 1, 0.0
16771596.0, 7703098.0, 1, 0.0
16771596.0, 7703098.0, 1, 0.0
16771596.0, 7703098.0, 1, 0.0
16771596.0, 7703098.0, 1, 0.0
16906902.0, 7329338.0, 1, 0.0
16906902.0, 7329338.0, 1, 0.0
16906902.0, 7329338.0, 1, 0.0
16906902.0, 7329338.0, 1, 0.0
16906902.0, 7329338.0, 1, 0.0
16906902.0, 7329338.0, 1, 0.0
16906902.0, 7329338.0, 1, 0.0
16906902.0, 7329338.0, 1, 0.0
16906902.0, 7329338.0, 1, 0.0
16906902.0, 7329338.0, 1, 0.0
16906902.0, 7329338.0, 1, 0.0
16906902.0, 7329338.0, 1, 0.0
16906902.0, 7329338.0, 1, 0.0
16906902.0, 7329338.0, 1, 0.0
16906902.0, 7329338.0, 1, 0.0
16906902.0, 7329338.0, 1, 0.0
17025916.0, 7313618.0, 1, 0.0
17025916.0, 7313618.0, 1, 0.0
17025916.0, 7313618.0, 1, 0.0
17025916.0, 7313618.0, 1, 0.0
17025916.0, 7313618.0, 1, 0.0
17078728.0, 7050656.0, 1, 0.0
17078728.0, 7050656.0, 1, 0.0
17078728.0, 7050656.0, 1, 0.0
17078728.0, 7050656.0, 1, 0.0
17161722.0, 6955492.0, 1, 0.0
17161722.0, 6955492.0, 1, 0.0
17161722.0, 6955492.0, 1, 0.0
17161722.0, 6955492.0, 1, 0.0
17161722.0, 6955492.0, 1, 0.0
17161722.0, 6955492.0, 1, 0.0
17161722.0, 6955492.0, 1, 0.0
17161722.0, 6955492.0, 1, 0.0
17161722.0, 6955492.0, 1, 0.0
17161722.0, 6955492.0, 1, 0.0
17161722.0, 6955492.0, 1, 0.0
17281742.0, 6937718.0, 1, 0.0
17281742.0, 6937718.0, 1, 0.0
20069920.0, 6309786.0, 2, inf
16230024.0, 10231636.0, 2, inf
18070440.0, 6709552.0, 2, 0.694474379878
16505722.0, 8238454.0, 2, 0.372707509788
16454286.0, 9500342.0, 2, 0.371383032438
17117732.0, 7120110.0, 2, 0.355231513799
17027528.0, 7319250.0, 2, 0.337531765522
Generacion: 165
19185380.0, 6284830.0, 1, inf
19185380.0, 6284830.0, 1, inf
15801706.0, 9909422.0, 1, inf
15801706.0, 9909422.0, 1, inf
16316918.0, 8338366.0, 1, 0.268795930202
16266036.0, 9180042.0, 1, 0.243506259862
18986452.0, 6403850.0, 1, 0.233660828471
18275566.0, 6595074.0, 1, 0.215366355604
17442302.0, 6835196.0, 1, 0.140069102948
17899764.0, 6742608.0, 1, 0.13887503752
16490244.0, 8185428.0, 1, 0.119618523523
15941572.0, 9771226.0, 1, 0.114097334326
15975696.0, 9488294.0, 1, 0.113773426053
17025916.0, 7313618.0, 1, 0.107722417106
16771596.0, 7703098.0, 1, 0.104999723695
16514866.0, 7965890.0, 1, 0.0982511411753
17078728.0, 7050656.0, 1, 0.0970771835522
16815532.0, 7450386.0, 1, 0.0967246948356
18275566.0, 6595074.0, 1, 0.0885516146144
16227822.0, 9223016.0, 1, 0.0814795424937
18063094.0, 6627720.0, 1, 0.0803222694229
15819630.0, 9789000.0, 1, 0.079462868151
16096542.0, 9471888.0, 1, 0.0743604383295
16440704.0, 8320016.0, 1, 0.0737152149105
16906902.0, 7329338.0, 1, 0.0685693207023
16132018.0, 9331812.0, 1, 0.066959607162
16642370.0, 7949384.0, 1, 0.0659396423914
16652226.0, 7846962.0, 1, 0.0635357465079
17442302.0, 6835196.0, 1, 0.0612068113223
17321632.0, 6852856.0, 1, 0.0590752610678
18986452.0, 6403850.0, 1, 0.0558268308439
17990104.0, 6729276.0, 1, 0.0547173913584
16771596.0, 7703098.0, 1, 0.052675790417
17899764.0, 6742608.0, 1, 0.0522431818474
17161722.0, 6955492.0, 1, 0.0486863319302
16815532.0, 7450386.0, 1, 0.0463810129635
18996838.0, 6318426.0, 1, 0.0458815093051
16652226.0, 7846962.0, 1, 0.0426038981485
17078728.0, 7050656.0, 1, 0.0418629795624
16132018.0, 9331812.0, 1, 0.0405005295799
17237622.0, 6948220.0, 1, 0.0403740444677
18154450.0, 6614188.0, 1, 0.03952761412
19072340.0, 6303642.0, 1, 0.0374862775554
17281742.0, 6937718.0, 1, 0.0364519232404
18154450.0, 6614188.0, 1, 0.0322724759923
16906902.0, 7329338.0, 1, 0.0313402322534
19072340.0, 6303642.0, 1, 0.027503716715
16266036.0, 9180042.0, 1, 0.0268937316485
17161722.0, 6955492.0, 1, 0.0265340713895
17990104.0, 6729276.0, 1, 0.0252494341074
16316918.0, 8338366.0, 1, 0.0201001394318
17025916.0, 7313618.0, 1, 0.0199449264408
16440704.0, 8320016.0, 1, 0.0197035291201
17321632.0, 6852856.0, 1, 0.0166612332775
16096542.0, 9471888.0, 1, 0.0150107641112
15941572.0, 9771226.0, 1, 0.0149886202218
17281742.0, 6937718.0, 1, 0.0146863903158
15975696.0, 9488294.0, 1, 0.014611198432
16514866.0, 7965890.0, 1, 0.0118305975934
16642370.0, 7949384.0, 1, 0.00746670201715
18996838.0, 6318426.0, 1, 0.00714824853726
17025916.0, 7313618.0, 1, 0.0
17025916.0, 7313618.0, 1, 0.0
17025916.0, 7313618.0, 1, 0.0
17161722.0, 6955492.0, 1, 0.0
17161722.0, 6955492.0, 1, 0.0
17161722.0, 6955492.0, 1, 0.0
17161722.0, 6955492.0, 1, 0.0
17161722.0, 6955492.0, 1, 0.0
17161722.0, 6955492.0, 1, 0.0
17161722.0, 6955492.0, 1, 0.0
17161722.0, 6955492.0, 1, 0.0
17161722.0, 6955492.0, 1, 0.0
17161722.0, 6955492.0, 1, 0.0
17161722.0, 6955492.0, 1, 0.0
17161722.0, 6955492.0, 1, 0.0
17161722.0, 6955492.0, 1, 0.0
17161722.0, 6955492.0, 1, 0.0
17281742.0, 6937718.0, 1, 0.0
17281742.0, 6937718.0, 1, 0.0
17321632.0, 6852856.0, 1, 0.0
17321632.0, 6852856.0, 1, 0.0
17321632.0, 6852856.0, 1, 0.0
17442302.0, 6835196.0, 1, 0.0
17442302.0, 6835196.0, 1, 0.0
17442302.0, 6835196.0, 1, 0.0
17442302.0, 6835196.0, 1, 0.0
17990104.0, 6729276.0, 1, 0.0
18275566.0, 6595074.0, 1, 0.0
18996838.0, 6318426.0, 1, 0.0
19072340.0, 6303642.0, 1, 0.0
19072340.0, 6303642.0, 1, 0.0
19072340.0, 6303642.0, 1, 0.0
19072340.0, 6303642.0, 1, 0.0
19185380.0, 6284830.0, 1, 0.0
15941572.0, 9771226.0, 1, 0.0
15941572.0, 9771226.0, 1, 0.0
15941572.0, 9771226.0, 1, 0.0
15941572.0, 9771226.0, 1, 0.0
15941572.0, 9771226.0, 1, 0.0
15975696.0, 9488294.0, 1, 0.0
15975696.0, 9488294.0, 1, 0.0
15975696.0, 9488294.0, 1, 0.0
16096542.0, 9471888.0, 1, 0.0
16096542.0, 9471888.0, 1, 0.0
16096542.0, 9471888.0, 1, 0.0
16096542.0, 9471888.0, 1, 0.0
16096542.0, 9471888.0, 1, 0.0
16132018.0, 9331812.0, 1, 0.0
16132018.0, 9331812.0, 1, 0.0
16132018.0, 9331812.0, 1, 0.0
16266036.0, 9180042.0, 1, 0.0
16266036.0, 9180042.0, 1, 0.0
16266036.0, 9180042.0, 1, 0.0
16514866.0, 7965890.0, 1, 0.0
16514866.0, 7965890.0, 1, 0.0
16514866.0, 7965890.0, 1, 0.0
16514866.0, 7965890.0, 1, 0.0
16514866.0, 7965890.0, 1, 0.0
16642370.0, 7949384.0, 1, 0.0
16771596.0, 7703098.0, 1, 0.0
16906902.0, 7329338.0, 1, 0.0
16906902.0, 7329338.0, 1, 0.0
16906902.0, 7329338.0, 1, 0.0
16906902.0, 7329338.0, 1, 0.0
16906902.0, 7329338.0, 1, 0.0
16906902.0, 7329338.0, 1, 0.0
16906902.0, 7329338.0, 1, 0.0
16906902.0, 7329338.0, 1, 0.0
17025916.0, 7313618.0, 1, 0.0
17025916.0, 7313618.0, 1, 0.0
17025916.0, 7313618.0, 1, 0.0
19802394.0, 6290512.0, 2, inf
15983596.0, 9649906.0, 2, inf
19430366.0, 6605328.0, 2, 0.567909694626
18110570.0, 6710048.0, 2, 0.464107296097
16348574.0, 8618088.0, 2, 0.423236191177
16777278.0, 7830392.0, 2, 0.337189343551
16250412.0, 9315342.0, 2, 0.277422610595
17209102.0, 6999062.0, 2, 0.244612209144
17835610.0, 6929878.0, 2, 0.23476232983
16581656.0, 8184920.0, 2, 0.227231909637
17027528.0, 7319250.0, 2, 0.175774082281
16702990.0, 8166506.0, 2, 0.156759385824
17117732.0, 7120110.0, 2, 0.142858659671
17907110.0, 6824440.0, 2, 0.137439110968
16250412.0, 9315342.0, 2, 0.12529552787
17027528.0, 7319250.0, 2, 0.124809639649
16250412.0, 9315342.0, 2, 0.0
17862592.0, 7050474.0, 3, inf
Generacion: 166
15801706.0, 9909422.0, 1, inf
15801706.0, 9909422.0, 1, inf
19185380.0, 6284830.0, 1, inf
19185380.0, 6284830.0, 1, inf
18275566.0, 6595074.0, 1, 0.330555308838
18996838.0, 6318426.0, 1, 0.315880078538
16316918.0, 8338366.0, 1, 0.268795930202
16266036.0, 9180042.0, 1, 0.236830084793
17442302.0, 6835196.0, 1, 0.20127591427
17899764.0, 6742608.0, 1, 0.13887503752
16490244.0, 8185428.0, 1, 0.119618523523
15941572.0, 9771226.0, 1, 0.119394534943
15975696.0, 9488294.0, 1, 0.113773426053
16771596.0, 7703098.0, 1, 0.107912533853
17025916.0, 7313618.0, 1, 0.107722417106
16642370.0, 7949384.0, 1, 0.105630730381
16514866.0, 7965890.0, 1, 0.0982511411753
16815532.0, 7450386.0, 1, 0.0967246948356
17078728.0, 7050656.0, 1, 0.0883281137541
16250412.0, 9315342.0, 1, 0.0814795424937
16771596.0, 7703098.0, 1, 0.0809333156778
18023550.0, 6722720.0, 1, 0.0803222694229
16096542.0, 9471888.0, 1, 0.0743604383295
16440704.0, 8320016.0, 1, 0.0737152149105
16132018.0, 9331812.0, 1, 0.0736357822309
16906902.0, 7329338.0, 1, 0.0685693207023
18154450.0, 6614188.0, 1, 0.0657374606352
17321632.0, 6852856.0, 1, 0.0590752610678
16266036.0, 9180042.0, 1, 0.0523658399576
17899764.0, 6742608.0, 1, 0.0522431818474
17132118.0, 7045174.0, 1, 0.0507828695991
15941572.0, 9771226.0, 1, 0.0482122216644
17161722.0, 6955492.0, 1, 0.0471738858398
16815532.0, 7450386.0, 1, 0.0463810129635
18154450.0, 6614188.0, 1, 0.0439591810354
16642370.0, 7949384.0, 1, 0.0427449232642
17237622.0, 6948220.0, 1, 0.0403740444677
19113198.0, 6298954.0, 1, 0.0385975750477
17281742.0, 6937718.0, 1, 0.0364519232404
16906902.0, 7329338.0, 1, 0.0313402322534
17990104.0, 6729276.0, 1, 0.0285075448433
19072340.0, 6303642.0, 1, 0.023607002271
16316918.0, 8338366.0, 1, 0.0201001394318
17025916.0, 7313618.0, 1, 0.0199449264408
16440704.0, 8320016.0, 1, 0.0197035291201
17078728.0, 7050656.0, 1, 0.0171203326658
17321632.0, 6852856.0, 1, 0.0166612332775
19072340.0, 6303642.0, 1, 0.01615384423
16132018.0, 9331812.0, 1, 0.0150284212709
16096542.0, 9471888.0, 1, 0.0150107641112
17281742.0, 6937718.0, 1, 0.0146863903158
15975696.0, 9488294.0, 1, 0.014611198432
17990104.0, 6729276.0, 1, 0.0135627290643
16514866.0, 7965890.0, 1, 0.0118305975934
17161722.0, 6955492.0, 1, 0.0107553645755
17321632.0, 6852856.0, 1, 0.0
17321632.0, 6852856.0, 1, 0.0
17899764.0, 6742608.0, 1, 0.0
17899764.0, 6742608.0, 1, 0.0
17899764.0, 6742608.0, 1, 0.0
17990104.0, 6729276.0, 1, 0.0
17990104.0, 6729276.0, 1, 0.0
18154450.0, 6614188.0, 1, 0.0
18154450.0, 6614188.0, 1, 0.0
18154450.0, 6614188.0, 1, 0.0
18154450.0, 6614188.0, 1, 0.0
19072340.0, 6303642.0, 1, 0.0
19072340.0, 6303642.0, 1, 0.0
19072340.0, 6303642.0, 1, 0.0
19072340.0, 6303642.0, 1, 0.0
19185380.0, 6284830.0, 1, 0.0
19185380.0, 6284830.0, 1, 0.0
15801706.0, 9909422.0, 1, 0.0
15801706.0, 9909422.0, 1, 0.0
15941572.0, 9771226.0, 1, 0.0
15941572.0, 9771226.0, 1, 0.0
15941572.0, 9771226.0, 1, 0.0
15975696.0, 9488294.0, 1, 0.0
15975696.0, 9488294.0, 1, 0.0
16096542.0, 9471888.0, 1, 0.0
16096542.0, 9471888.0, 1, 0.0
16132018.0, 9331812.0, 1, 0.0
16132018.0, 9331812.0, 1, 0.0
16132018.0, 9331812.0, 1, 0.0
16266036.0, 9180042.0, 1, 0.0
16266036.0, 9180042.0, 1, 0.0
16266036.0, 9180042.0, 1, 0.0
16514866.0, 7965890.0, 1, 0.0
16514866.0, 7965890.0, 1, 0.0
16514866.0, 7965890.0, 1, 0.0
16514866.0, 7965890.0, 1, 0.0
16514866.0, 7965890.0, 1, 0.0
16514866.0, 7965890.0, 1, 0.0
16642370.0, 7949384.0, 1, 0.0
16642370.0, 7949384.0, 1, 0.0
16815532.0, 7450386.0, 1, 0.0
16815532.0, 7450386.0, 1, 0.0
16815532.0, 7450386.0, 1, 0.0
16906902.0, 7329338.0, 1, 0.0
16906902.0, 7329338.0, 1, 0.0
16906902.0, 7329338.0, 1, 0.0
16906902.0, 7329338.0, 1, 0.0
16906902.0, 7329338.0, 1, 0.0
16906902.0, 7329338.0, 1, 0.0
16906902.0, 7329338.0, 1, 0.0
16906902.0, 7329338.0, 1, 0.0
16906902.0, 7329338.0, 1, 0.0
16906902.0, 7329338.0, 1, 0.0
17025916.0, 7313618.0, 1, 0.0
17025916.0, 7313618.0, 1, 0.0
17025916.0, 7313618.0, 1, 0.0
17025916.0, 7313618.0, 1, 0.0
17025916.0, 7313618.0, 1, 0.0
17025916.0, 7313618.0, 1, 0.0
17161722.0, 6955492.0, 1, 0.0
17161722.0, 6955492.0, 1, 0.0
17161722.0, 6955492.0, 1, 0.0
17161722.0, 6955492.0, 1, 0.0
17161722.0, 6955492.0, 1, 0.0
17161722.0, 6955492.0, 1, 0.0
17161722.0, 6955492.0, 1, 0.0
17161722.0, 6955492.0, 1, 0.0
17161722.0, 6955492.0, 1, 0.0
17161722.0, 6955492.0, 1, 0.0
17161722.0, 6955492.0, 1, 0.0
17161722.0, 6955492.0, 1, 0.0
17161722.0, 6955492.0, 1, 0.0
17281742.0, 6937718.0, 1, 0.0
17281742.0, 6937718.0, 1, 0.0
17281742.0, 6937718.0, 1, 0.0
17281742.0, 6937718.0, 1, 0.0
17281742.0, 6937718.0, 1, 0.0
17281742.0, 6937718.0, 1, 0.0
17281742.0, 6937718.0, 1, 0.0
17281742.0, 6937718.0, 1, 0.0
17281742.0, 6937718.0, 1, 0.0
17321632.0, 6852856.0, 1, 0.0
17321632.0, 6852856.0, 1, 0.0
17321632.0, 6852856.0, 1, 0.0
17321632.0, 6852856.0, 1, 0.0
16109004.0, 12797924.0, 2, inf
17907110.0, 6824440.0, 2, inf
16122634.0, 9502626.0, 2, 0.768184337433
16511978.0, 9243248.0, 2, 0.734551855371
16896392.0, 7685292.0, 2, 0.542266550202
17604890.0, 7056086.0, 2, 0.350853203946
17400562.0, 7237454.0, 2, 0.295987320336
17147192.0, 7303644.0, 2, 0.180603658754
17017230.0, 7682524.0, 2, 0.174756806183
17116024.0, 7371024.0, 2, 0.135704134344
Generacion: 167
15801706.0, 9909422.0, 1, inf
19185380.0, 6284830.0, 1, inf
19185380.0, 6284830.0, 1, inf
15801706.0, 9909422.0, 1, inf
16316918.0, 8338366.0, 1, 0.408514593157
18996838.0, 6318426.0, 1, 0.315880078538
16266036.0, 9180042.0, 1, 0.236830084793
18275566.0, 6595074.0, 1, 0.216713675374
15941572.0, 9771226.0, 1, 0.156057103004
16815532.0, 7450386.0, 1, 0.143105707799
16514866.0, 7965890.0, 1, 0.140445683347
17442302.0, 6835196.0, 1, 0.140069102948
17899764.0, 6742608.0, 1, 0.13887503752
15975696.0, 9488294.0, 1, 0.113773426053
16771596.0, 7703098.0, 1, 0.107912533853
16642370.0, 7949384.0, 1, 0.105630730381
18275566.0, 6595074.0, 1, 0.102343153077
17025916.0, 7313618.0, 1, 0.0890185188466
17037622.0, 7118450.0, 1, 0.0881572935155
16250412.0, 9315342.0, 1, 0.0814795424937
16771596.0, 7703098.0, 1, 0.0809333156778
15825172.0, 9892696.0, 1, 0.079462868151
16096542.0, 9471888.0, 1, 0.0743604383295
16132018.0, 9331812.0, 1, 0.0736357822309
16906902.0, 7329338.0, 1, 0.0685693207023
16514866.0, 7965890.0, 1, 0.0630547994521
17442302.0, 6835196.0, 1, 0.0612068113223
17321632.0, 6852856.0, 1, 0.0590752610678
16266036.0, 9180042.0, 1, 0.0523658399576
17899764.0, 6742608.0, 1, 0.0522431818474
18016714.0, 6706106.0, 1, 0.0495898288332
18063094.0, 6627720.0, 1, 0.0486252130728
17161722.0, 6955492.0, 1, 0.0471738858398
16642370.0, 7949384.0, 1, 0.0427449232642
18187530.0, 6607946.0, 1, 0.0410676495226
17132118.0, 7045174.0, 1, 0.0405213537105
17237622.0, 6948220.0, 1, 0.0403740444677
17281742.0, 6937718.0, 1, 0.0364519232404
17078728.0, 7050656.0, 1, 0.0344826050734
17990104.0, 6729276.0, 1, 0.0330912331591
16906902.0, 7329338.0, 1, 0.0313402322534
18154450.0, 6614188.0, 1, 0.0287211797361
19072340.0, 6303642.0, 1, 0.023607002271
19113198.0, 6298954.0, 1, 0.0226258202777
18063094.0, 6627720.0, 1, 0.017440379948
17321632.0, 6852856.0, 1, 0.0166612332775
19072340.0, 6303642.0, 1, 0.01615384423
19113198.0, 6298954.0, 1, 0.01597175477
16132018.0, 9331812.0, 1, 0.0150284212709
16096542.0, 9471888.0, 1, 0.0150107641112
17281742.0, 6937718.0, 1, 0.0146863903158
15975696.0, 9488294.0, 1, 0.014611198432
17078728.0, 7050656.0, 1, 0.0136607795292
18154450.0, 6614188.0, 1, 0.0135097412399
17990104.0, 6729276.0, 1, 0.0115424398757
17161722.0, 6955492.0, 1, 0.0107553645755
17132118.0, 7045174.0, 1, 0.0102615158886
17025916.0, 7313618.0, 1, 0.00779659300207
17161722.0, 6955492.0, 1, 0.0
17161722.0, 6955492.0, 1, 0.0
17161722.0, 6955492.0, 1, 0.0
17161722.0, 6955492.0, 1, 0.0
17281742.0, 6937718.0, 1, 0.0
17281742.0, 6937718.0, 1, 0.0
17281742.0, 6937718.0, 1, 0.0
17281742.0, 6937718.0, 1, 0.0
17281742.0, 6937718.0, 1, 0.0
17281742.0, 6937718.0, 1, 0.0
17281742.0, 6937718.0, 1, 0.0
17281742.0, 6937718.0, 1, 0.0
17321632.0, 6852856.0, 1, 0.0
17321632.0, 6852856.0, 1, 0.0
17442302.0, 6835196.0, 1, 0.0
17990104.0, 6729276.0, 1, 0.0
17990104.0, 6729276.0, 1, 0.0
17990104.0, 6729276.0, 1, 0.0
18154450.0, 6614188.0, 1, 0.0
18154450.0, 6614188.0, 1, 0.0
18154450.0, 6614188.0, 1, 0.0
18154450.0, 6614188.0, 1, 0.0
18154450.0, 6614188.0, 1, 0.0
19072340.0, 6303642.0, 1, 0.0
19072340.0, 6303642.0, 1, 0.0
19072340.0, 6303642.0, 1, 0.0
19185380.0, 6284830.0, 1, 0.0
19185380.0, 6284830.0, 1, 0.0
15801706.0, 9909422.0, 1, 0.0
15801706.0, 9909422.0, 1, 0.0
15801706.0, 9909422.0, 1, 0.0
15801706.0, 9909422.0, 1, 0.0
15801706.0, 9909422.0, 1, 0.0
15975696.0, 9488294.0, 1, 0.0
15975696.0, 9488294.0, 1, 0.0
15975696.0, 9488294.0, 1, 0.0
15975696.0, 9488294.0, 1, 0.0
16096542.0, 9471888.0, 1, 0.0
16132018.0, 9331812.0, 1, 0.0
16132018.0, 9331812.0, 1, 0.0
16132018.0, 9331812.0, 1, 0.0
16266036.0, 9180042.0, 1, 0.0
16514866.0, 7965890.0, 1, 0.0
16514866.0, 7965890.0, 1, 0.0
16514866.0, 7965890.0, 1, 0.0
16514866.0, 7965890.0, 1, 0.0
16514866.0, 7965890.0, 1, 0.0
16514866.0, 7965890.0, 1, 0.0
16514866.0, 7965890.0, 1, 0.0
16642370.0, 7949384.0, 1, 0.0
16906902.0, 7329338.0, 1, 0.0
16906902.0, 7329338.0, 1, 0.0
16906902.0, 7329338.0, 1, 0.0
16906902.0, 7329338.0, 1, 0.0
16906902.0, 7329338.0, 1, 0.0
16906902.0, 7329338.0, 1, 0.0
16906902.0, 7329338.0, 1, 0.0
16906902.0, 7329338.0, 1, 0.0
16906902.0, 7329338.0, 1, 0.0
16906902.0, 7329338.0, 1, 0.0
16906902.0, 7329338.0, 1, 0.0
16906902.0, 7329338.0, 1, 0.0
16906902.0, 7329338.0, 1, 0.0
17025916.0, 7313618.0, 1, 0.0
17025916.0, 7313618.0, 1, 0.0
17025916.0, 7313618.0, 1, 0.0
17025916.0, 7313618.0, 1, 0.0
17078728.0, 7050656.0, 1, 0.0
17161722.0, 6955492.0, 1, 0.0
17161722.0, 6955492.0, 1, 0.0
17161722.0, 6955492.0, 1, 0.0
17161722.0, 6955492.0, 1, 0.0
17161722.0, 6955492.0, 1, 0.0
17161722.0, 6955492.0, 1, 0.0
17161722.0, 6955492.0, 1, 0.0
17161722.0, 6955492.0, 1, 0.0
17161722.0, 6955492.0, 1, 0.0
17161722.0, 6955492.0, 1, 0.0
17161722.0, 6955492.0, 1, 0.0
17161722.0, 6955492.0, 1, 0.0
15837804.0, 9932044.0, 2, inf
15837804.0, 9932044.0, 2, inf
20565394.0, 6505764.0, 2, inf
18070440.0, 6709552.0, 2, 0.600982836831
16355602.0, 8865174.0, 2, 0.311134215847
16489006.0, 8702118.0, 2, 0.277395440862
16702990.0, 8166506.0, 2, 0.242238341917
17443420.0, 7173074.0, 2, 0.221211701753
16122634.0, 9502626.0, 2, 0.203092467249
16042054.0, 9596432.0, 2, 0.185579135739
17116024.0, 7371024.0, 2, 0.185563961007
16905740.0, 7893144.0, 2, 0.18132467189
Generacion: 168
19185380.0, 6284830.0, 1, inf
19185380.0, 6284830.0, 1, inf
15801706.0, 9909422.0, 1, inf
15801706.0, 9909422.0, 1, inf
16316918.0, 8338366.0, 1, 0.268795930202
16266036.0, 9180042.0, 1, 0.236830084793
18986452.0, 6403850.0, 1, 0.233660828471
18275566.0, 6595074.0, 1, 0.215366355604
17403102.0, 6832300.0, 1, 0.20127591427
16440704.0, 8320016.0, 1, 0.16126447381
17899764.0, 6742608.0, 1, 0.150460077922
16514866.0, 7965890.0, 1, 0.135383044573
15975696.0, 9488294.0, 1, 0.108500556721
16642370.0, 7949384.0, 1, 0.105630730381
16815532.0, 7450386.0, 1, 0.105167257042
17025916.0, 7313618.0, 1, 0.0890185188466
18275566.0, 6595074.0, 1, 0.0885516146144
17037622.0, 7118450.0, 1, 0.0881572935155
15944172.0, 9752114.0, 1, 0.0881438884561
16800464.0, 7596510.0, 1, 0.0827062048747
16250412.0, 9315342.0, 1, 0.0814795424937
15825172.0, 9892696.0, 1, 0.079462868151
16771596.0, 7703098.0, 1, 0.0764801680046
16096542.0, 9471888.0, 1, 0.0743604383295
15941572.0, 9771226.0, 1, 0.0739544794177
16132018.0, 9331812.0, 1, 0.0736357822309
16906902.0, 7329338.0, 1, 0.0685693207023
16771596.0, 7703098.0, 1, 0.0675979274093
17161722.0, 6955492.0, 1, 0.0602129670278
17281742.0, 6937718.0, 1, 0.0588831621836
18986452.0, 6403850.0, 1, 0.0558268308439
18063094.0, 6627720.0, 1, 0.0532089013886
16266036.0, 9180042.0, 1, 0.0523658399576
17899764.0, 6742608.0, 1, 0.0514441953683
17132118.0, 7045174.0, 1, 0.0507828695991
18023550.0, 6722720.0, 1, 0.0495898288332
17078728.0, 7050656.0, 1, 0.0481433846026
17321632.0, 6852856.0, 1, 0.047490220665
18996838.0, 6318426.0, 1, 0.0458815093051
16642370.0, 7949384.0, 1, 0.0427449232642
18154450.0, 6614188.0, 1, 0.03952761412
18154450.0, 6614188.0, 1, 0.0322724759923
16906902.0, 7329338.0, 1, 0.0313402322534
17990104.0, 6729276.0, 1, 0.0285075448433
16514866.0, 7965890.0, 1, 0.0264714879392
19072340.0, 6303642.0, 1, 0.023607002271
19113198.0, 6298954.0, 1, 0.0226258202777
16316918.0, 8338366.0, 1, 0.0201001394318
17321632.0, 6852856.0, 1, 0.0174602197565
17281742.0, 6937718.0, 1, 0.0166926850933
19072340.0, 6303642.0, 1, 0.01615384423
19113198.0, 6298954.0, 1, 0.01597175477
18063094.0, 6627720.0, 1, 0.0154200907593
16132018.0, 9331812.0, 1, 0.0150284212709
16096542.0, 9471888.0, 1, 0.0150107641112
15975696.0, 9488294.0, 1, 0.013842802895
17161722.0, 6955492.0, 1, 0.0136527941345
17990104.0, 6729276.0, 1, 0.0135627290643
17025916.0, 7313618.0, 1, 0.00779659300207
18996838.0, 6318426.0, 1, 0.00714824853726
17161722.0, 6955492.0, 1, 0.0
17161722.0, 6955492.0, 1, 0.0
17161722.0, 6955492.0, 1, 0.0
17161722.0, 6955492.0, 1, 0.0
17281742.0, 6937718.0, 1, 0.0
17281742.0, 6937718.0, 1, 0.0
17281742.0, 6937718.0, 1, 0.0
17321632.0, 6852856.0, 1, 0.0
17321632.0, 6852856.0, 1, 0.0
17321632.0, 6852856.0, 1, 0.0
17899764.0, 6742608.0, 1, 0.0
17990104.0, 6729276.0, 1, 0.0
17990104.0, 6729276.0, 1, 0.0
17990104.0, 6729276.0, 1, 0.0
18063094.0, 6627720.0, 1, 0.0
18154450.0, 6614188.0, 1, 0.0
18154450.0, 6614188.0, 1, 0.0
18154450.0, 6614188.0, 1, 0.0
18154450.0, 6614188.0, 1, 0.0
18154450.0, 6614188.0, 1, 0.0
18275566.0, 6595074.0, 1, 0.0
19072340.0, 6303642.0, 1, 0.0
19113198.0, 6298954.0, 1, 0.0
19113198.0, 6298954.0, 1, 0.0
19185380.0, 6284830.0, 1, 0.0
19185380.0, 6284830.0, 1, 0.0
15801706.0, 9909422.0, 1, 0.0
15801706.0, 9909422.0, 1, 0.0
15801706.0, 9909422.0, 1, 0.0
15975696.0, 9488294.0, 1, 0.0
15975696.0, 9488294.0, 1, 0.0
15975696.0, 9488294.0, 1, 0.0
15975696.0, 9488294.0, 1, 0.0
16132018.0, 9331812.0, 1, 0.0
16132018.0, 9331812.0, 1, 0.0
16132018.0, 9331812.0, 1, 0.0
16266036.0, 9180042.0, 1, 0.0
16266036.0, 9180042.0, 1, 0.0
16266036.0, 9180042.0, 1, 0.0
16266036.0, 9180042.0, 1, 0.0
16514866.0, 7965890.0, 1, 0.0
16514866.0, 7965890.0, 1, 0.0
16514866.0, 7965890.0, 1, 0.0
16514866.0, 7965890.0, 1, 0.0
16514866.0, 7965890.0, 1, 0.0
16514866.0, 7965890.0, 1, 0.0
16514866.0, 7965890.0, 1, 0.0
16642370.0, 7949384.0, 1, 0.0
16771596.0, 7703098.0, 1, 0.0
16771596.0, 7703098.0, 1, 0.0
16771596.0, 7703098.0, 1, 0.0
16771596.0, 7703098.0, 1, 0.0
16906902.0, 7329338.0, 1, 0.0
16906902.0, 7329338.0, 1, 0.0
16906902.0, 7329338.0, 1, 0.0
16906902.0, 7329338.0, 1, 0.0
16906902.0, 7329338.0, 1, 0.0
16906902.0, 7329338.0, 1, 0.0
16906902.0, 7329338.0, 1, 0.0
16906902.0, 7329338.0, 1, 0.0
16906902.0, 7329338.0, 1, 0.0
16906902.0, 7329338.0, 1, 0.0
16906902.0, 7329338.0, 1, 0.0
17025916.0, 7313618.0, 1, 0.0
17025916.0, 7313618.0, 1, 0.0
17025916.0, 7313618.0, 1, 0.0
17025916.0, 7313618.0, 1, 0.0
17025916.0, 7313618.0, 1, 0.0
17025916.0, 7313618.0, 1, 0.0
17025916.0, 7313618.0, 1, 0.0
17025916.0, 7313618.0, 1, 0.0
17025916.0, 7313618.0, 1, 0.0
17161722.0, 6955492.0, 1, 0.0
17161722.0, 6955492.0, 1, 0.0
17161722.0, 6955492.0, 1, 0.0
17161722.0, 6955492.0, 1, 0.0
17161722.0, 6955492.0, 1, 0.0
17161722.0, 6955492.0, 1, 0.0
17161722.0, 6955492.0, 1, 0.0
17161722.0, 6955492.0, 1, 0.0
17161722.0, 6955492.0, 1, 0.0
17161722.0, 6955492.0, 1, 0.0
17161722.0, 6955492.0, 1, 0.0
17161722.0, 6955492.0, 1, 0.0
17161722.0, 6955492.0, 1, 0.0
16469800.0, 8699338.0, 2, inf
21052724.0, 6298380.0, 2, inf
18930382.0, 6621956.0, 2, 0.662264454883
17147192.0, 7303644.0, 2, 0.535575945531
16767532.0, 7974662.0, 2, 0.400259956186
Generacion: 169
19185380.0, 6284830.0, 1, inf
15801706.0, 9909422.0, 1, inf
19185380.0, 6284830.0, 1, inf
15801706.0, 9909422.0, 1, inf
16316918.0, 8338366.0, 1, 0.290713526283
18986452.0, 6403850.0, 1, 0.289487659315
16266036.0, 9180042.0, 1, 0.236830084793
18275566.0, 6595074.0, 1, 0.215366355604
15944172.0, 9752114.0, 1, 0.167606756607
16514866.0, 7965890.0, 1, 0.140445683347
17442302.0, 6835196.0, 1, 0.140069102948
17899764.0, 6742608.0, 1, 0.13887503752
15975696.0, 9488294.0, 1, 0.118985018285
16316918.0, 8338366.0, 1, 0.117801066874
16642370.0, 7949384.0, 1, 0.105630730381
17025916.0, 7313618.0, 1, 0.0890185188466
18275566.0, 6595074.0, 1, 0.0885516146144
16800464.0, 7596510.0, 1, 0.0827062048747
16132018.0, 9331812.0, 1, 0.0781620847775
16771596.0, 7703098.0, 1, 0.0764801680046
16250412.0, 9315342.0, 1, 0.072318116684
16906902.0, 7329338.0, 1, 0.0685693207023
16771596.0, 7703098.0, 1, 0.0675979274093
16815532.0, 7450386.0, 1, 0.0673177988319
17037622.0, 7118450.0, 1, 0.0659938421194
16514866.0, 7965890.0, 1, 0.0630547994521
17442302.0, 6835196.0, 1, 0.0612068113223
17321632.0, 6852856.0, 1, 0.0590752610678
18063094.0, 6627720.0, 1, 0.0550176566913
17990104.0, 6729276.0, 1, 0.0547173913584
15975696.0, 9488294.0, 1, 0.0524888077419
16266036.0, 9180042.0, 1, 0.0523658399576
17899764.0, 6742608.0, 1, 0.0522431818474
16132018.0, 9331812.0, 1, 0.0507428547536
17161722.0, 6955492.0, 1, 0.0471738858398
18996838.0, 6318426.0, 1, 0.0458815093051
16642370.0, 7949384.0, 1, 0.0427449232642
17132118.0, 7045174.0, 1, 0.0405213537105
17237622.0, 6948220.0, 1, 0.0403740444677
18154450.0, 6614188.0, 1, 0.03952761412
16815532.0, 7450386.0, 1, 0.0378494582097
19072340.0, 6303642.0, 1, 0.0374862775554
17281742.0, 6937718.0, 1, 0.0364519232404
17078728.0, 7050656.0, 1, 0.0344826050734
18154450.0, 6614188.0, 1, 0.0322724759923
16906902.0, 7329338.0, 1, 0.0313402322534
19072340.0, 6303642.0, 1, 0.027503716715
18063094.0, 6627720.0, 1, 0.0253046127316
17990104.0, 6729276.0, 1, 0.0252494341074
17037622.0, 7118450.0, 1, 0.0221634513961
17321632.0, 6852856.0, 1, 0.0166612332775
17281742.0, 6937718.0, 1, 0.0146863903158
17078728.0, 7050656.0, 1, 0.0136607795292
17161722.0, 6955492.0, 1, 0.0107553645755
17132118.0, 7045174.0, 1, 0.0102615158886
16250412.0, 9315342.0, 1, 0.00916142580977
17025916.0, 7313618.0, 1, 0.00779659300207
18996838.0, 6318426.0, 1, 0.00714824853726
16906902.0, 7329338.0, 1, 0.0
16906902.0, 7329338.0, 1, 0.0
17025916.0, 7313618.0, 1, 0.0
17025916.0, 7313618.0, 1, 0.0
17025916.0, 7313618.0, 1, 0.0
17025916.0, 7313618.0, 1, 0.0
17025916.0, 7313618.0, 1, 0.0
17025916.0, 7313618.0, 1, 0.0
17025916.0, 7313618.0, 1, 0.0
17025916.0, 7313618.0, 1, 0.0
17025916.0, 7313618.0, 1, 0.0
17132118.0, 7045174.0, 1, 0.0
17132118.0, 7045174.0, 1, 0.0
17132118.0, 7045174.0, 1, 0.0
17161722.0, 6955492.0, 1, 0.0
17161722.0, 6955492.0, 1, 0.0
17161722.0, 6955492.0, 1, 0.0
17161722.0, 6955492.0, 1, 0.0
17161722.0, 6955492.0, 1, 0.0
17281742.0, 6937718.0, 1, 0.0
17281742.0, 6937718.0, 1, 0.0
17281742.0, 6937718.0, 1, 0.0
17990104.0, 6729276.0, 1, 0.0
18063094.0, 6627720.0, 1, 0.0
18154450.0, 6614188.0, 1, 0.0
18154450.0, 6614188.0, 1, 0.0
18154450.0, 6614188.0, 1, 0.0
18275566.0, 6595074.0, 1, 0.0
18996838.0, 6318426.0, 1, 0.0
19072340.0, 6303642.0, 1, 0.0
19072340.0, 6303642.0, 1, 0.0
19072340.0, 6303642.0, 1, 0.0
19185380.0, 6284830.0, 1, 0.0
15801706.0, 9909422.0, 1, 0.0
15975696.0, 9488294.0, 1, 0.0
15975696.0, 9488294.0, 1, 0.0
15975696.0, 9488294.0, 1, 0.0
15975696.0, 9488294.0, 1, 0.0
16132018.0, 9331812.0, 1, 0.0
16266036.0, 9180042.0, 1, 0.0
16266036.0, 9180042.0, 1, 0.0
16316918.0, 8338366.0, 1, 0.0
16514866.0, 7965890.0, 1, 0.0
16514866.0, 7965890.0, 1, 0.0
16514866.0, 7965890.0, 1, 0.0
16514866.0, 7965890.0, 1, 0.0
16514866.0, 7965890.0, 1, 0.0
16514866.0, 7965890.0, 1, 0.0
16514866.0, 7965890.0, 1, 0.0
16642370.0, 7949384.0, 1, 0.0
16642370.0, 7949384.0, 1, 0.0
16771596.0, 7703098.0, 1, 0.0
16815532.0, 7450386.0, 1, 0.0
16906902.0, 7329338.0, 1, 0.0
16906902.0, 7329338.0, 1, 0.0
16906902.0, 7329338.0, 1, 0.0
16906902.0, 7329338.0, 1, 0.0
16906902.0, 7329338.0, 1, 0.0
16906902.0, 7329338.0, 1, 0.0
16906902.0, 7329338.0, 1, 0.0
16906902.0, 7329338.0, 1, 0.0
16906902.0, 7329338.0, 1, 0.0
16383488.0, 9491668.0, 2, inf
18110570.0, 6710048.0, 2, inf
18110570.0, 6710048.0, 2, inf
17283788.0, 6939118.0, 2, 0.638494235455
16919478.0, 7580790.0, 2, 0.537711743502
16517408.0, 8762806.0, 2, 0.497391953968
16560596.0, 8062924.0, 2, 0.459406228356
17027528.0, 7319250.0, 2, 0.364195627194
16384174.0, 9162336.0, 2, 0.339569076791
17197514.0, 7015538.0, 2, 0.285035930595
16560596.0, 8062924.0, 2, 0.198334832204
18110570.0, 6710048.0, 2, 0.0
18555628.0, 6975910.0, 3, inf
16631224.0, 9223082.0, 3, inf
18555628.0, 6975910.0, 3, inf
16921072.0, 7586146.0, 3, 0.686890925411
16779066.0, 8902058.0, 3, 0.646981426158
17116024.0, 7371024.0, 3, 0.591857144752
17699226.0, 7164810.0, 3, 0.530593601874
18436572.0, 6992990.0, 3, 0.393311462064
17862592.0, 7050474.0, 3, 0.349143724579
16660916.0, 8920856.0, 3, 0.195887339902
16921072.0, 7586146.0, 3, 0.169522297357
17862592.0, 7050474.0, 3, 0.110472334321
16779066.0, 8902058.0, 3, 0.0821573782498
16660916.0, 8920856.0, 3, 0.0237943733922
18555628.0, 6975910.0, 3, 0.0
16921072.0, 7586146.0, 3, 0.0
17862592.0, 7050474.0, 3, 0.0
17939554.0, 7057694.0, 4, inf
Generacion: 170
19185380.0, 6284830.0, 1, inf
15801706.0, 9909422.0, 1, inf
19185380.0, 6284830.0, 1, inf
15801706.0, 9909422.0, 1, inf
16316918.0, 8338366.0, 1, 0.340668863377
16266036.0, 9180042.0, 1, 0.271819862177
18996838.0, 6318426.0, 1, 0.217241183022
18275566.0, 6595074.0, 1, 0.216713675374
17899764.0, 6742608.0, 1, 0.201904273291
17403102.0, 6832300.0, 1, 0.20127591427
15967382.0, 9734152.0, 1, 0.167606756607
16490244.0, 8185428.0, 1, 0.16126447381
15975696.0, 9488294.0, 1, 0.114029426042
16642370.0, 7949384.0, 1, 0.105630730381
18275566.0, 6595074.0, 1, 0.102343153077
18996838.0, 6318426.0, 1, 0.0986388955158
16514866.0, 7965890.0, 1, 0.0982511411753
17025916.0, 7313618.0, 1, 0.0890185188466
16132018.0, 9331812.0, 1, 0.0880711940536
16132018.0, 9331812.0, 1, 0.0827795508809
16800464.0, 7596510.0, 1, 0.0827062048747
16771596.0, 7703098.0, 1, 0.0764801680046
16906902.0, 7329338.0, 1, 0.0685693207023
16771596.0, 7703098.0, 1, 0.0675979274093
16815532.0, 7450386.0, 1, 0.0673177988319
17037622.0, 7118450.0, 1, 0.0659938421194
16266036.0, 9180042.0, 1, 0.0569097996639
18063094.0, 6627720.0, 1, 0.0550176566913
17990104.0, 6729276.0, 1, 0.0547173913584
17321632.0, 6852856.0, 1, 0.047490220665
17161722.0, 6955492.0, 1, 0.0471738858398
15975696.0, 9488294.0, 1, 0.0456293998912
16642370.0, 7949384.0, 1, 0.0427449232642
18187530.0, 6607946.0, 1, 0.0410676495226
17132118.0, 7045174.0, 1, 0.0405213537105
16815532.0, 7450386.0, 1, 0.0378494582097
19072340.0, 6303642.0, 1, 0.0374862775554
17281742.0, 6937718.0, 1, 0.0364519232404
17078728.0, 7050656.0, 1, 0.0344826050734
16906902.0, 7329338.0, 1, 0.0313402322534
18154450.0, 6614188.0, 1, 0.0287211797361
19072340.0, 6303642.0, 1, 0.027503716715
17237622.0, 6948220.0, 1, 0.0253286685022
18063094.0, 6627720.0, 1, 0.0253046127316
17990104.0, 6729276.0, 1, 0.0252494341074
17037622.0, 7118450.0, 1, 0.0221634513961
17321632.0, 6852856.0, 1, 0.0174602197565
17237622.0, 6948220.0, 1, 0.0150453759655
17281742.0, 6937718.0, 1, 0.0146863903158
17078728.0, 7050656.0, 1, 0.0136607795292
18154450.0, 6614188.0, 1, 0.0135097412399
16514866.0, 7965890.0, 1, 0.0118305975934
17161722.0, 6955492.0, 1, 0.0107553645755
17132118.0, 7045174.0, 1, 0.0102615158886
17025916.0, 7313618.0, 1, 0.00779659300207
17132118.0, 7045174.0, 1, 0.0
17161722.0, 6955492.0, 1, 0.0
17161722.0, 6955492.0, 1, 0.0
17161722.0, 6955492.0, 1, 0.0
17161722.0, 6955492.0, 1, 0.0
17161722.0, 6955492.0, 1, 0.0
17161722.0, 6955492.0, 1, 0.0
17161722.0, 6955492.0, 1, 0.0
17281742.0, 6937718.0, 1, 0.0
17281742.0, 6937718.0, 1, 0.0
17281742.0, 6937718.0, 1, 0.0
17281742.0, 6937718.0, 1, 0.0
17281742.0, 6937718.0, 1, 0.0
17321632.0, 6852856.0, 1, 0.0
17321632.0, 6852856.0, 1, 0.0
17990104.0, 6729276.0, 1, 0.0
18063094.0, 6627720.0, 1, 0.0
18154450.0, 6614188.0, 1, 0.0
18154450.0, 6614188.0, 1, 0.0
18154450.0, 6614188.0, 1, 0.0
18275566.0, 6595074.0, 1, 0.0
18275566.0, 6595074.0, 1, 0.0
18275566.0, 6595074.0, 1, 0.0
18996838.0, 6318426.0, 1, 0.0
18996838.0, 6318426.0, 1, 0.0
19072340.0, 6303642.0, 1, 0.0
19072340.0, 6303642.0, 1, 0.0
19072340.0, 6303642.0, 1, 0.0
19072340.0, 6303642.0, 1, 0.0
19185380.0, 6284830.0, 1, 0.0
19185380.0, 6284830.0, 1, 0.0
15801706.0, 9909422.0, 1, 0.0
15801706.0, 9909422.0, 1, 0.0
15801706.0, 9909422.0, 1, 0.0
15801706.0, 9909422.0, 1, 0.0
15975696.0, 9488294.0, 1, 0.0
16132018.0, 9331812.0, 1, 0.0
16266036.0, 9180042.0, 1, 0.0
16266036.0, 9180042.0, 1, 0.0
16266036.0, 9180042.0, 1, 0.0
16266036.0, 9180042.0, 1, 0.0
16514866.0, 7965890.0, 1, 0.0
16514866.0, 7965890.0, 1, 0.0
16514866.0, 7965890.0, 1, 0.0
16514866.0, 7965890.0, 1, 0.0
16514866.0, 7965890.0, 1, 0.0
16514866.0, 7965890.0, 1, 0.0
16642370.0, 7949384.0, 1, 0.0
16771596.0, 7703098.0, 1, 0.0
16815532.0, 7450386.0, 1, 0.0
16906902.0, 7329338.0, 1, 0.0
16906902.0, 7329338.0, 1, 0.0
16906902.0, 7329338.0, 1, 0.0
16906902.0, 7329338.0, 1, 0.0
16906902.0, 7329338.0, 1, 0.0
16906902.0, 7329338.0, 1, 0.0
16906902.0, 7329338.0, 1, 0.0
16906902.0, 7329338.0, 1, 0.0
16906902.0, 7329338.0, 1, 0.0
16906902.0, 7329338.0, 1, 0.0
16906902.0, 7329338.0, 1, 0.0
16906902.0, 7329338.0, 1, 0.0
16906902.0, 7329338.0, 1, 0.0
16906902.0, 7329338.0, 1, 0.0
16906902.0, 7329338.0, 1, 0.0
16906902.0, 7329338.0, 1, 0.0
16906902.0, 7329338.0, 1, 0.0
17025916.0, 7313618.0, 1, 0.0
17025916.0, 7313618.0, 1, 0.0
17025916.0, 7313618.0, 1, 0.0
17025916.0, 7313618.0, 1, 0.0
17025916.0, 7313618.0, 1, 0.0
17078728.0, 7050656.0, 1, 0.0
17078728.0, 7050656.0, 1, 0.0
17132118.0, 7045174.0, 1, 0.0
17132118.0, 7045174.0, 1, 0.0
17132118.0, 7045174.0, 1, 0.0
17132118.0, 7045174.0, 1, 0.0
17132118.0, 7045174.0, 1, 0.0
17132118.0, 7045174.0, 1, 0.0
16066234.0, 9591868.0, 2, inf
18070440.0, 6709552.0, 2, inf
16517408.0, 8762806.0, 2, 0.400237161546
16688100.0, 8046418.0, 2, 0.378155334362
17442302.0, 6835196.0, 2, 0.370262097007
17027528.0, 7319250.0, 2, 0.334836608827
16581656.0, 8184920.0, 2, 0.333712854978
16338698.0, 9236158.0, 2, 0.270955445782
16184222.0, 9547946.0, 2, 0.259357278855
16487000.0, 9202402.0, 2, 0.253393748831
16919478.0, 7580790.0, 2, 0.215458102451
16919478.0, 7580790.0, 2, 0.206185746901
17197514.0, 7015538.0, 2, 0.201683531993
17209102.0, 6999062.0, 2, 0.184705580133
17442302.0, 6835196.0, 2, 0.159946638985
Generacion: 171
19822694.0, 6273594.0, 1, inf
15761602.0, 10346532.0, 1, inf
16316918.0, 8338366.0, 1, 0.299409419784
16266036.0, 9180042.0, 1, 0.239651309136
15801706.0, 9909422.0, 1, 0.201024481555
18996838.0, 6318426.0, 1, 0.181235244423
18275566.0, 6595074.0, 1, 0.180765804427
19185380.0, 6284830.0, 1, 0.161550461291
17852368.0, 6821194.0, 1, 0.144319097894
16490244.0, 8185428.0, 1, 0.140193983877
17403102.0, 6832300.0, 1, 0.138461751707
16132018.0, 9331812.0, 1, 0.113390973648
15967382.0, 9734152.0, 1, 0.10115972021
16652226.0, 7846962.0, 1, 0.0922893856246
15975696.0, 9488294.0, 1, 0.0901208173734
18275566.0, 6595074.0, 1, 0.0896013630849
18996838.0, 6318426.0, 1, 0.0865150010916
16514866.0, 7965890.0, 1, 0.0852981122522
17037622.0, 7118450.0, 1, 0.0775676059722
17025916.0, 7313618.0, 1, 0.0772241457689
16096542.0, 9471888.0, 1, 0.0769125342367
16906902.0, 7329338.0, 1, 0.0590259802186
16815532.0, 7450386.0, 1, 0.0583756790969
16642370.0, 7949384.0, 1, 0.0565434393355
16771596.0, 7703098.0, 1, 0.0555633786357
16266036.0, 9180042.0, 1, 0.0497921697362
18063094.0, 6627720.0, 1, 0.0458201133512
15967382.0, 9734152.0, 1, 0.045080050695
16800464.0, 7596510.0, 1, 0.0429852373142
18023550.0, 6722720.0, 1, 0.0429073332663
16771596.0, 7703098.0, 1, 0.0424303553101
17899764.0, 6742608.0, 1, 0.0415399196383
17321632.0, 6852856.0, 1, 0.0408966804479
17161722.0, 6955492.0, 1, 0.0407085490773
17281742.0, 6937718.0, 1, 0.0383415405157
17132118.0, 7045174.0, 1, 0.0351657049359
16815532.0, 7450386.0, 1, 0.0334304014925
19072340.0, 6303642.0, 1, 0.0314646900993
19185380.0, 6284830.0, 1, 0.0305935744575
16800464.0, 7596510.0, 1, 0.0298801387583
17078728.0, 7050656.0, 1, 0.0297916972785
16906902.0, 7329338.0, 1, 0.0263584964145
18154450.0, 6614188.0, 1, 0.0240279819708
17990104.0, 6729276.0, 1, 0.0238548971803
18187530.0, 6607946.0, 1, 0.0232104678638
19072340.0, 6303642.0, 1, 0.0232103301145
17237622.0, 6948220.0, 1, 0.0210436290613
17899764.0, 6742608.0, 1, 0.0149440653738
17321632.0, 6852856.0, 1, 0.0148694522511
17251450.0, 6938632.0, 1, 0.0134425556708
18063094.0, 6627720.0, 1, 0.0130596998649
17990104.0, 6729276.0, 1, 0.011509028689
18154450.0, 6614188.0, 1, 0.011468009748
17078728.0, 7050656.0, 1, 0.0114678652421
18187530.0, 6607946.0, 1, 0.011305964561
16514866.0, 7965890.0, 1, 0.0101155041223
17161722.0, 6955492.0, 1, 0.0090751082808
17132118.0, 7045174.0, 1, 0.00863562209171
17025916.0, 7313618.0, 1, 0.0067420976725
16642370.0, 7949384.0, 1, 0.00647953625948
15975696.0, 9488294.0, 1, 0.00607528312917
17237622.0, 6948220.0, 1, 0.00519043883721
16906902.0, 7329338.0, 1, 0.0
16906902.0, 7329338.0, 1, 0.0
16906902.0, 7329338.0, 1, 0.0
16906902.0, 7329338.0, 1, 0.0
16906902.0, 7329338.0, 1, 0.0
16906902.0, 7329338.0, 1, 0.0
16906902.0, 7329338.0, 1, 0.0
17025916.0, 7313618.0, 1, 0.0
17025916.0, 7313618.0, 1, 0.0
17025916.0, 7313618.0, 1, 0.0
17025916.0, 7313618.0, 1, 0.0
17078728.0, 7050656.0, 1, 0.0
17078728.0, 7050656.0, 1, 0.0
17132118.0, 7045174.0, 1, 0.0
17132118.0, 7045174.0, 1, 0.0
17132118.0, 7045174.0, 1, 0.0
17132118.0, 7045174.0, 1, 0.0
17161722.0, 6955492.0, 1, 0.0
17161722.0, 6955492.0, 1, 0.0
17161722.0, 6955492.0, 1, 0.0
17161722.0, 6955492.0, 1, 0.0
17161722.0, 6955492.0, 1, 0.0
17161722.0, 6955492.0, 1, 0.0
17161722.0, 6955492.0, 1, 0.0
17161722.0, 6955492.0, 1, 0.0
17161722.0, 6955492.0, 1, 0.0
17237622.0, 6948220.0, 1, 0.0
17321632.0, 6852856.0, 1, 0.0
18063094.0, 6627720.0, 1, 0.0
18063094.0, 6627720.0, 1, 0.0
18063094.0, 6627720.0, 1, 0.0
18154450.0, 6614188.0, 1, 0.0
18187530.0, 6607946.0, 1, 0.0
18275566.0, 6595074.0, 1, 0.0
18996838.0, 6318426.0, 1, 0.0
18996838.0, 6318426.0, 1, 0.0
19072340.0, 6303642.0, 1, 0.0
19072340.0, 6303642.0, 1, 0.0
19072340.0, 6303642.0, 1, 0.0
19185380.0, 6284830.0, 1, 0.0
19185380.0, 6284830.0, 1, 0.0
15975696.0, 9488294.0, 1, 0.0
16266036.0, 9180042.0, 1, 0.0
16266036.0, 9180042.0, 1, 0.0
16266036.0, 9180042.0, 1, 0.0
16514866.0, 7965890.0, 1, 0.0
16514866.0, 7965890.0, 1, 0.0
16514866.0, 7965890.0, 1, 0.0
16514866.0, 7965890.0, 1, 0.0
16514866.0, 7965890.0, 1, 0.0
16514866.0, 7965890.0, 1, 0.0
16642370.0, 7949384.0, 1, 0.0
16771596.0, 7703098.0, 1, 0.0
16771596.0, 7703098.0, 1, 0.0
16815532.0, 7450386.0, 1, 0.0
16815532.0, 7450386.0, 1, 0.0
16815532.0, 7450386.0, 1, 0.0
16815532.0, 7450386.0, 1, 0.0
16906902.0, 7329338.0, 1, 0.0
16906902.0, 7329338.0, 1, 0.0
16906902.0, 7329338.0, 1, 0.0
16906902.0, 7329338.0, 1, 0.0
16906902.0, 7329338.0, 1, 0.0
16906902.0, 7329338.0, 1, 0.0
16906902.0, 7329338.0, 1, 0.0
16906902.0, 7329338.0, 1, 0.0
16906902.0, 7329338.0, 1, 0.0
16906902.0, 7329338.0, 1, 0.0
16906902.0, 7329338.0, 1, 0.0
19802394.0, 6290512.0, 2, inf
15837804.0, 9932044.0, 2, inf
18194008.0, 6690502.0, 2, 0.551928213196
16560596.0, 8062924.0, 2, 0.48653584568
17042672.0, 7448334.0, 2, 0.355824428795
16358036.0, 8591222.0, 2, 0.272011859004
16342532.0, 9206374.0, 2, 0.241561558073
16158048.0, 9563372.0, 2, 0.225689434676
17442302.0, 6835196.0, 2, 0.188714001364
16097352.0, 9803028.0, 2, 0.182016976461
16355602.0, 8865174.0, 2, 0.172837323227
17907110.0, 6824440.0, 2, 0.148789224809
17096124.0, 7259068.0, 2, 0.109066094115
18070440.0, 6709552.0, 2, 0.0627172728545
17283788.0, 6939118.0, 2, 0.0609681176536
17117732.0, 7120110.0, 2, 0.0590128421948
17283788.0, 6939118.0, 2, 0.0502991294525
17157642.0, 7100676.0, 2, 0.048840129823
18070440.0, 6709552.0, 2, 0.0464285129294
Generacion: 172
19185380.0, 6284830.0, 1, inf
19185380.0, 6284830.0, 1, inf
15801706.0, 9909422.0, 1, inf
16316918.0, 8338366.0, 1, 0.340668863377
18932118.0, 6548514.0, 1, 0.262850320695
16266036.0, 9180042.0, 1, 0.243506259862
18275566.0, 6595074.0, 1, 0.19758653724
17321632.0, 6852856.0, 1, 0.180264831931
17852368.0, 6821194.0, 1, 0.178533326702
16490244.0, 8185428.0, 1, 0.16126447381
15944172.0, 9752114.0, 1, 0.114890061147
15975696.0, 9488294.0, 1, 0.108500556721
17025916.0, 7313618.0, 1, 0.107722417106
16514866.0, 7965890.0, 1, 0.0982511411753
17078728.0, 7050656.0, 1, 0.0883281137541
18986452.0, 6403850.0, 1, 0.0826068346079
16227822.0, 9223016.0, 1, 0.0814795424937
16096542.0, 9471888.0, 1, 0.0743604383295
16906902.0, 7329338.0, 1, 0.0685693207023
16815532.0, 7450386.0, 1, 0.0673177988319
16132018.0, 9331812.0, 1, 0.066959607162
17899764.0, 6742608.0, 1, 0.0660655930208
16642370.0, 7949384.0, 1, 0.0659396423914
16771596.0, 7703098.0, 1, 0.0646851172508
16652226.0, 7846962.0, 1, 0.0635357465079
18063094.0, 6627720.0, 1, 0.0532089013886
18996838.0, 6318426.0, 1, 0.0530297578424
15944172.0, 9752114.0, 1, 0.0527166954601
16800464.0, 7596510.0, 1, 0.0488461611978
16771596.0, 7703098.0, 1, 0.0482226427438
17161722.0, 6955492.0, 1, 0.0471738858398
16652226.0, 7846962.0, 1, 0.0426038981485
17132118.0, 7045174.0, 1, 0.0405213537105
16132018.0, 9331812.0, 1, 0.0405005295799
18275566.0, 6595074.0, 1, 0.0388634566038
19113198.0, 6298954.0, 1, 0.0385975750477
16815532.0, 7450386.0, 1, 0.0378494582097
17281742.0, 6937718.0, 1, 0.0364519232404
18023550.0, 6722720.0, 1, 0.0360943684874
16800464.0, 7596510.0, 1, 0.033860043677
16906902.0, 7329338.0, 1, 0.0313402322534
18154450.0, 6614188.0, 1, 0.0287211797361
17990104.0, 6729276.0, 1, 0.0285075448433
18187530.0, 6607946.0, 1, 0.0277399977428
16266036.0, 9180042.0, 1, 0.0268937316485
17237622.0, 6948220.0, 1, 0.0253286685022
19072340.0, 6303642.0, 1, 0.023607002271
17852368.0, 6821194.0, 1, 0.0227425875684
17321632.0, 6852856.0, 1, 0.0205242887607
17025916.0, 7313618.0, 1, 0.0199449264408
17078728.0, 7050656.0, 1, 0.0171203326658
19072340.0, 6303642.0, 1, 0.01615384423
18063094.0, 6627720.0, 1, 0.0154200907593
17237622.0, 6948220.0, 1, 0.0150453759655
16096542.0, 9471888.0, 1, 0.0150107641112
17281742.0, 6937718.0, 1, 0.0146863903158
15975696.0, 9488294.0, 1, 0.013842802895
17990104.0, 6729276.0, 1, 0.0135627290643
18154450.0, 6614188.0, 1, 0.0135097412399
18023550.0, 6722720.0, 1, 0.0134954603458
18187530.0, 6607946.0, 1, 0.0133276517799
16514866.0, 7965890.0, 1, 0.0118305975934
17161722.0, 6955492.0, 1, 0.0107553645755
17132118.0, 7045174.0, 1, 0.0102615158886
16642370.0, 7949384.0, 1, 0.00746670201715
17132118.0, 7045174.0, 1, 0.0
17132118.0, 7045174.0, 1, 0.0
17132118.0, 7045174.0, 1, 0.0
17132118.0, 7045174.0, 1, 0.0
17161722.0, 6955492.0, 1, 0.0
17161722.0, 6955492.0, 1, 0.0
17161722.0, 6955492.0, 1, 0.0
17161722.0, 6955492.0, 1, 0.0
17161722.0, 6955492.0, 1, 0.0
17161722.0, 6955492.0, 1, 0.0
17161722.0, 6955492.0, 1, 0.0
17321632.0, 6852856.0, 1, 0.0
17321632.0, 6852856.0, 1, 0.0
17321632.0, 6852856.0, 1, 0.0
18063094.0, 6627720.0, 1, 0.0
18063094.0, 6627720.0, 1, 0.0
18063094.0, 6627720.0, 1, 0.0
18154450.0, 6614188.0, 1, 0.0
18154450.0, 6614188.0, 1, 0.0
18154450.0, 6614188.0, 1, 0.0
18187530.0, 6607946.0, 1, 0.0
18275566.0, 6595074.0, 1, 0.0
18275566.0, 6595074.0, 1, 0.0
19072340.0, 6303642.0, 1, 0.0
19072340.0, 6303642.0, 1, 0.0
19072340.0, 6303642.0, 1, 0.0
19072340.0, 6303642.0, 1, 0.0
19072340.0, 6303642.0, 1, 0.0
19185380.0, 6284830.0, 1, 0.0
19185380.0, 6284830.0, 1, 0.0
19185380.0, 6284830.0, 1, 0.0
19185380.0, 6284830.0, 1, 0.0
15975696.0, 9488294.0, 1, 0.0
15975696.0, 9488294.0, 1, 0.0
15975696.0, 9488294.0, 1, 0.0
15975696.0, 9488294.0, 1, 0.0
15975696.0, 9488294.0, 1, 0.0
16096542.0, 9471888.0, 1, 0.0
16096542.0, 9471888.0, 1, 0.0
16096542.0, 9471888.0, 1, 0.0
16514866.0, 7965890.0, 1, 0.0
16514866.0, 7965890.0, 1, 0.0
16514866.0, 7965890.0, 1, 0.0
16514866.0, 7965890.0, 1, 0.0
16771596.0, 7703098.0, 1, 0.0
16800464.0, 7596510.0, 1, 0.0
16800464.0, 7596510.0, 1, 0.0
16800464.0, 7596510.0, 1, 0.0
16815532.0, 7450386.0, 1, 0.0
16815532.0, 7450386.0, 1, 0.0
16815532.0, 7450386.0, 1, 0.0
16906902.0, 7329338.0, 1, 0.0
16906902.0, 7329338.0, 1, 0.0
16906902.0, 7329338.0, 1, 0.0
16906902.0, 7329338.0, 1, 0.0
16906902.0, 7329338.0, 1, 0.0
16906902.0, 7329338.0, 1, 0.0
16906902.0, 7329338.0, 1, 0.0
16906902.0, 7329338.0, 1, 0.0
16906902.0, 7329338.0, 1, 0.0
16906902.0, 7329338.0, 1, 0.0
16906902.0, 7329338.0, 1, 0.0
16906902.0, 7329338.0, 1, 0.0
16906902.0, 7329338.0, 1, 0.0
16906902.0, 7329338.0, 1, 0.0
17025916.0, 7313618.0, 1, 0.0
17025916.0, 7313618.0, 1, 0.0
17025916.0, 7313618.0, 1, 0.0
17025916.0, 7313618.0, 1, 0.0
17025916.0, 7313618.0, 1, 0.0
17025916.0, 7313618.0, 1, 0.0
17078728.0, 7050656.0, 1, 0.0
17078728.0, 7050656.0, 1, 0.0
15837804.0, 9932044.0, 2, inf
19802394.0, 6290512.0, 2, inf
19802394.0, 6290512.0, 2, inf
18070440.0, 6709552.0, 2, 0.791645402473
17027528.0, 7319250.0, 2, 0.309633467972
17360744.0, 6930624.0, 2, 0.308058047187
16614680.0, 8167192.0, 2, 0.2700198903
16842956.0, 7831434.0, 2, 0.245562033789
16342532.0, 9206374.0, 2, 0.243738571603
16342532.0, 9206374.0, 2, 0.225144519898
16489006.0, 8702118.0, 2, 0.211716061839
17201200.0, 7032946.0, 2, 0.19076850343
Generacion: 173
19185380.0, 6284830.0, 1, inf
15801706.0, 9909422.0, 1, inf
15801706.0, 9909422.0, 1, inf
16316918.0, 8338366.0, 1, 0.340668863377
16266036.0, 9180042.0, 1, 0.271819862177
18986452.0, 6403850.0, 1, 0.233660828471
18275566.0, 6595074.0, 1, 0.213644230741
16490244.0, 8185428.0, 1, 0.16126447381
17852368.0, 6821194.0, 1, 0.160741222734
17442302.0, 6835196.0, 1, 0.126061843384
15944172.0, 9752114.0, 1, 0.114890061147
16771596.0, 7703098.0, 1, 0.112907759995
15975696.0, 9488294.0, 1, 0.108500556721
16652226.0, 7846962.0, 1, 0.106139644656
16514866.0, 7965890.0, 1, 0.0982511411753
17025916.0, 7313618.0, 1, 0.0890185188466
17037622.0, 7118450.0, 1, 0.0881572935155
18275566.0, 6595074.0, 1, 0.0787752590908
16132018.0, 9331812.0, 1, 0.0782532483343
16096542.0, 9471888.0, 1, 0.0743604383295
18063094.0, 6627720.0, 1, 0.068628992148
16906902.0, 7329338.0, 1, 0.0685693207023
16815532.0, 7450386.0, 1, 0.0673177988319
16642370.0, 7949384.0, 1, 0.0659396423914
17321632.0, 6852856.0, 1, 0.0590752610678
16266036.0, 9180042.0, 1, 0.0569097996639
18986452.0, 6403850.0, 1, 0.0558268308439
15944172.0, 9752114.0, 1, 0.0527166954601
16132018.0, 9331812.0, 1, 0.0523567605709
18023550.0, 6722720.0, 1, 0.0495898288332
16800464.0, 7596510.0, 1, 0.0488461611978
17899764.0, 6742608.0, 1, 0.0483801263642
17161722.0, 6955492.0, 1, 0.0471738858398
18996838.0, 6318426.0, 1, 0.0458815093051
17132118.0, 7045174.0, 1, 0.0405213537105
17237622.0, 6948220.0, 1, 0.0403740444677
17442302.0, 6835196.0, 1, 0.0395254744988
16815532.0, 7450386.0, 1, 0.0378494582097
19072340.0, 6303642.0, 1, 0.0374862775554
17281742.0, 6937718.0, 1, 0.0364519232404
17078728.0, 7050656.0, 1, 0.0344826050734
16800464.0, 7596510.0, 1, 0.033860043677
16906902.0, 7329338.0, 1, 0.0313402322534
18154450.0, 6614188.0, 1, 0.0287211797361
17990104.0, 6729276.0, 1, 0.0285075448433
18187530.0, 6607946.0, 1, 0.0277399977428
19072340.0, 6303642.0, 1, 0.027503716715
17899764.0, 6742608.0, 1, 0.0176854666566
17321632.0, 6852856.0, 1, 0.0166612332775
16096542.0, 9471888.0, 1, 0.0150107641112
17281742.0, 6937718.0, 1, 0.0146863903158
15975696.0, 9488294.0, 1, 0.013842802895
17078728.0, 7050656.0, 1, 0.0136607795292
17990104.0, 6729276.0, 1, 0.0135627290643
18154450.0, 6614188.0, 1, 0.0135097412399
18187530.0, 6607946.0, 1, 0.0133276517799
16514866.0, 7965890.0, 1, 0.0118305975934
17161722.0, 6955492.0, 1, 0.0107553645755
17132118.0, 7045174.0, 1, 0.0102615158886
17025916.0, 7313618.0, 1, 0.00779659300207
16642370.0, 7949384.0, 1, 0.00746670201715
18996838.0, 6318426.0, 1, 0.00714824853726
16906902.0, 7329338.0, 1, 0.0
16906902.0, 7329338.0, 1, 0.0
16906902.0, 7329338.0, 1, 0.0
16906902.0, 7329338.0, 1, 0.0
16906902.0, 7329338.0, 1, 0.0
16906902.0, 7329338.0, 1, 0.0
16906902.0, 7329338.0, 1, 0.0
16906902.0, 7329338.0, 1, 0.0
16906902.0, 7329338.0, 1, 0.0
17025916.0, 7313618.0, 1, 0.0
17025916.0, 7313618.0, 1, 0.0
17025916.0, 7313618.0, 1, 0.0
17132118.0, 7045174.0, 1, 0.0
17132118.0, 7045174.0, 1, 0.0
17132118.0, 7045174.0, 1, 0.0
17161722.0, 6955492.0, 1, 0.0
17161722.0, 6955492.0, 1, 0.0
17281742.0, 6937718.0, 1, 0.0
17281742.0, 6937718.0, 1, 0.0
17281742.0, 6937718.0, 1, 0.0
17281742.0, 6937718.0, 1, 0.0
17281742.0, 6937718.0, 1, 0.0
17281742.0, 6937718.0, 1, 0.0
17281742.0, 6937718.0, 1, 0.0
17321632.0, 6852856.0, 1, 0.0
17321632.0, 6852856.0, 1, 0.0
17321632.0, 6852856.0, 1, 0.0
17442302.0, 6835196.0, 1, 0.0
17442302.0, 6835196.0, 1, 0.0
17899764.0, 6742608.0, 1, 0.0
17990104.0, 6729276.0, 1, 0.0
17990104.0, 6729276.0, 1, 0.0
18275566.0, 6595074.0, 1, 0.0
18275566.0, 6595074.0, 1, 0.0
18275566.0, 6595074.0, 1, 0.0
18996838.0, 6318426.0, 1, 0.0
18996838.0, 6318426.0, 1, 0.0
19072340.0, 6303642.0, 1, 0.0
19072340.0, 6303642.0, 1, 0.0
19072340.0, 6303642.0, 1, 0.0
19072340.0, 6303642.0, 1, 0.0
15801706.0, 9909422.0, 1, 0.0
15975696.0, 9488294.0, 1, 0.0
15975696.0, 9488294.0, 1, 0.0
15975696.0, 9488294.0, 1, 0.0
16096542.0, 9471888.0, 1, 0.0
16096542.0, 9471888.0, 1, 0.0
16266036.0, 9180042.0, 1, 0.0
16514866.0, 7965890.0, 1, 0.0
16514866.0, 7965890.0, 1, 0.0
16514866.0, 7965890.0, 1, 0.0
16514866.0, 7965890.0, 1, 0.0
16514866.0, 7965890.0, 1, 0.0
16642370.0, 7949384.0, 1, 0.0
16800464.0, 7596510.0, 1, 0.0
16815532.0, 7450386.0, 1, 0.0
16906902.0, 7329338.0, 1, 0.0
16906902.0, 7329338.0, 1, 0.0
16906902.0, 7329338.0, 1, 0.0
16906902.0, 7329338.0, 1, 0.0
16906902.0, 7329338.0, 1, 0.0
16906902.0, 7329338.0, 1, 0.0
18070440.0, 6709552.0, 2, inf
18070440.0, 6709552.0, 2, inf
15837804.0, 9932044.0, 2, inf
17907110.0, 6824440.0, 2, 0.554122794788
17117732.0, 7120110.0, 2, 0.547514566338
17027528.0, 7319250.0, 2, 0.384852079495
16841998.0, 7962310.0, 2, 0.359826316828
16066234.0, 9591868.0, 2, 0.267095200674
16484700.0, 8762912.0, 2, 0.252857081941
16505722.0, 8238454.0, 2, 0.251213366456
16187080.0, 9575462.0, 2, 0.243380216618
16342532.0, 9206374.0, 2, 0.216479392525
16447178.0, 8968784.0, 2, 0.16897449547
16560596.0, 8062924.0, 2, 0.159137461336
16726454.0, 8044230.0, 2, 0.157262670592
16384174.0, 9162336.0, 2, 0.0787143287225
16384174.0, 9162336.0, 2, 0.0418853788677
18070440.0, 6709552.0, 2, 0.0
16628928.0, 8293804.0, 3, inf
18110570.0, 6710048.0, 3, inf
16648162.0, 8118526.0, 3, 0.911407062883
17116024.0, 7371024.0, 3, 0.884166425226
17443420.0, 7173074.0, 3, 0.812213108574
17242506.0, 7353528.0, 3, 0.179599850024
17400562.0, 7237454.0, 3, 0.166356195552
17273430.0, 7254836.0, 3, 0.148119957657
Generacion: 174
19185380.0, 6284830.0, 1, inf
19185380.0, 6284830.0, 1, inf
15801706.0, 9909422.0, 1, inf
15801706.0, 9909422.0, 1, inf
16316918.0, 8338366.0, 1, 0.288896069634
16266036.0, 9180042.0, 1, 0.271819862177
18986452.0, 6403850.0, 1, 0.233660828471
18275566.0, 6595074.0, 1, 0.213644230741
17852368.0, 6821194.0, 1, 0.142870907686
17442302.0, 6835196.0, 1, 0.126061843384
16490244.0, 8185428.0, 1, 0.119618523523
15944172.0, 9752114.0, 1, 0.114890061147
16771596.0, 7703098.0, 1, 0.112907759995
15975696.0, 9488294.0, 1, 0.108500556721
16652226.0, 7846962.0, 1, 0.106139644656
16514866.0, 7965890.0, 1, 0.0982511411753
17025916.0, 7313618.0, 1, 0.0890185188466
18275566.0, 6595074.0, 1, 0.0787752590908
16132018.0, 9331812.0, 1, 0.0782532483343
16096542.0, 9471888.0, 1, 0.0743604383295
16440704.0, 8320016.0, 1, 0.0737152149105
16906902.0, 7329338.0, 1, 0.0685693207023
16815532.0, 7450386.0, 1, 0.0673177988319
17037622.0, 7118450.0, 1, 0.0659938421194
16642370.0, 7949384.0, 1, 0.0659396423914
17321632.0, 6852856.0, 1, 0.0590752610678
16266036.0, 9180042.0, 1, 0.0569097996639
18986452.0, 6403850.0, 1, 0.0558268308439
18063094.0, 6627720.0, 1, 0.0532089013886
18996838.0, 6318426.0, 1, 0.0530297578424
15944172.0, 9752114.0, 1, 0.0527166954601
16132018.0, 9331812.0, 1, 0.0523567605709
18023550.0, 6722720.0, 1, 0.0495898288332
16800464.0, 7596510.0, 1, 0.0488461611978
17899764.0, 6742608.0, 1, 0.0483801263642
17161722.0, 6955492.0, 1, 0.0471738858398
18187530.0, 6607946.0, 1, 0.0410676495226
17132118.0, 7045174.0, 1, 0.0405213537105
17442302.0, 6835196.0, 1, 0.0395254744988
16815532.0, 7450386.0, 1, 0.0378494582097
19072340.0, 6303642.0, 1, 0.0374862775554
17078728.0, 7050656.0, 1, 0.0344826050734
16800464.0, 7596510.0, 1, 0.033860043677
17281742.0, 6937718.0, 1, 0.0323652411309
16906902.0, 7329338.0, 1, 0.0313402322534
18154450.0, 6614188.0, 1, 0.0287211797361
17990104.0, 6729276.0, 1, 0.0285075448433
19072340.0, 6303642.0, 1, 0.027503716715
17237622.0, 6948220.0, 1, 0.0250765021894
17037622.0, 7118450.0, 1, 0.0221634513961
16440704.0, 8320016.0, 1, 0.0197035291201
17852368.0, 6821194.0, 1, 0.0178703150478
17899764.0, 6742608.0, 1, 0.0176854666566
17321632.0, 6852856.0, 1, 0.0166612332775
17251450.0, 6938632.0, 1, 0.015936510747
18063094.0, 6627720.0, 1, 0.0154200907593
16096542.0, 9471888.0, 1, 0.0150107641112
15975696.0, 9488294.0, 1, 0.013842802895
17078728.0, 7050656.0, 1, 0.0136607795292
17990104.0, 6729276.0, 1, 0.0135627290643
18154450.0, 6614188.0, 1, 0.0135097412399
17281742.0, 6937718.0, 1, 0.0120411270696
16514866.0, 7965890.0, 1, 0.0118305975934
17161722.0, 6955492.0, 1, 0.0107553645755
17132118.0, 7045174.0, 1, 0.0102615158886
17025916.0, 7313618.0, 1, 0.00779659300207
16642370.0, 7949384.0, 1, 0.00746670201715
17237622.0, 6948220.0, 1, 0.0060929768869
16906902.0, 7329338.0, 1, 0.0
16906902.0, 7329338.0, 1, 0.0
16906902.0, 7329338.0, 1, 0.0
16906902.0, 7329338.0, 1, 0.0
17161722.0, 6955492.0, 1, 0.0
17161722.0, 6955492.0, 1, 0.0
17161722.0, 6955492.0, 1, 0.0
17161722.0, 6955492.0, 1, 0.0
17161722.0, 6955492.0, 1, 0.0
17161722.0, 6955492.0, 1, 0.0
17161722.0, 6955492.0, 1, 0.0
17281742.0, 6937718.0, 1, 0.0
17281742.0, 6937718.0, 1, 0.0
17321632.0, 6852856.0, 1, 0.0
17321632.0, 6852856.0, 1, 0.0
17442302.0, 6835196.0, 1, 0.0
17852368.0, 6821194.0, 1, 0.0
18154450.0, 6614188.0, 1, 0.0
18154450.0, 6614188.0, 1, 0.0
18154450.0, 6614188.0, 1, 0.0
18154450.0, 6614188.0, 1, 0.0
18275566.0, 6595074.0, 1, 0.0
18275566.0, 6595074.0, 1, 0.0
18275566.0, 6595074.0, 1, 0.0
18275566.0, 6595074.0, 1, 0.0
19072340.0, 6303642.0, 1, 0.0
19072340.0, 6303642.0, 1, 0.0
19072340.0, 6303642.0, 1, 0.0
19072340.0, 6303642.0, 1, 0.0
19072340.0, 6303642.0, 1, 0.0
19072340.0, 6303642.0, 1, 0.0
15801706.0, 9909422.0, 1, 0.0
15801706.0, 9909422.0, 1, 0.0
15944172.0, 9752114.0, 1, 0.0
15944172.0, 9752114.0, 1, 0.0
15975696.0, 9488294.0, 1, 0.0
15975696.0, 9488294.0, 1, 0.0
15975696.0, 9488294.0, 1, 0.0
15975696.0, 9488294.0, 1, 0.0
15975696.0, 9488294.0, 1, 0.0
15975696.0, 9488294.0, 1, 0.0
15975696.0, 9488294.0, 1, 0.0
15975696.0, 9488294.0, 1, 0.0
16096542.0, 9471888.0, 1, 0.0
16096542.0, 9471888.0, 1, 0.0
16132018.0, 9331812.0, 1, 0.0
16132018.0, 9331812.0, 1, 0.0
16132018.0, 9331812.0, 1, 0.0
16266036.0, 9180042.0, 1, 0.0
16266036.0, 9180042.0, 1, 0.0
16266036.0, 9180042.0, 1, 0.0
16266036.0, 9180042.0, 1, 0.0
16514866.0, 7965890.0, 1, 0.0
16514866.0, 7965890.0, 1, 0.0
16514866.0, 7965890.0, 1, 0.0
16514866.0, 7965890.0, 1, 0.0
16514866.0, 7965890.0, 1, 0.0
16800464.0, 7596510.0, 1, 0.0
16815532.0, 7450386.0, 1, 0.0
16815532.0, 7450386.0, 1, 0.0
16906902.0, 7329338.0, 1, 0.0
16906902.0, 7329338.0, 1, 0.0
16906902.0, 7329338.0, 1, 0.0
16906902.0, 7329338.0, 1, 0.0
16906902.0, 7329338.0, 1, 0.0
18070440.0, 6709552.0, 2, inf
18070440.0, 6709552.0, 2, inf
15837804.0, 9932044.0, 2, inf
16905740.0, 7893144.0, 2, 0.531657925517
16363750.0, 9427832.0, 2, 0.506831175782
16660916.0, 8920856.0, 2, 0.448336722149
17360744.0, 6930624.0, 2, 0.314773320537
16371972.0, 9069780.0, 2, 0.290425169747
17907110.0, 6824440.0, 2, 0.280369814589
17117732.0, 7120110.0, 2, 0.232741245801
17027528.0, 7319250.0, 2, 0.23175586016
16660916.0, 8920856.0, 2, 0.155870849597
16919478.0, 7580790.0, 2, 0.145325040984
17907110.0, 6824440.0, 2, 0.106106574249
17283788.0, 6939118.0, 2, 0.0906339015542
16919478.0, 7580790.0, 2, 0.0873140556612
17283788.0, 6939118.0, 2, 0.0770125043955
Generacion: 175
19185380.0, 6284830.0, 1, inf
15801706.0, 9909422.0, 1, inf
19185380.0, 6284830.0, 1, inf
15801706.0, 9909422.0, 1, inf
16316918.0, 8338366.0, 1, 0.288011138287
16266036.0, 9180042.0, 1, 0.271819862177
18952884.0, 6390894.0, 1, 0.220165779738
18275566.0, 6595074.0, 1, 0.205445778149
16505722.0, 8238454.0, 1, 0.16126447381
15944172.0, 9752114.0, 1, 0.156057103004
17852368.0, 6821194.0, 1, 0.142870907686
17442302.0, 6835196.0, 1, 0.126061843384
16514866.0, 7965890.0, 1, 0.112880649821
15975696.0, 9488294.0, 1, 0.108500556721
16652226.0, 7846962.0, 1, 0.106139644656
16863360.0, 7580476.0, 1, 0.105167257042
16906902.0, 7329338.0, 1, 0.104460256841
18275566.0, 6595074.0, 1, 0.0921260858929
17025916.0, 7313618.0, 1, 0.0890185188466
17037622.0, 7118450.0, 1, 0.0881572935155
16132018.0, 9331812.0, 1, 0.0782532483343
16096542.0, 9471888.0, 1, 0.0743604383295
18952884.0, 6390894.0, 1, 0.0693218795775
16642370.0, 7949384.0, 1, 0.0659396423914
16771596.0, 7703098.0, 1, 0.0646851172508
17321632.0, 6852856.0, 1, 0.0590752610678
16266036.0, 9180042.0, 1, 0.0569097996639
16132018.0, 9331812.0, 1, 0.0523567605709
17132118.0, 7045174.0, 1, 0.0507828695991
18016714.0, 6706106.0, 1, 0.0495898288332
18063094.0, 6627720.0, 1, 0.0486252130728
17899764.0, 6742608.0, 1, 0.0483801263642
16771596.0, 7703098.0, 1, 0.0482226427438
16800464.0, 7596510.0, 1, 0.0479949751154
17161722.0, 6955492.0, 1, 0.0471738858398
15825172.0, 9892696.0, 1, 0.0457206720237
16316918.0, 8338366.0, 1, 0.0426025341841
18996838.0, 6318426.0, 1, 0.0423070380267
15825172.0, 9892696.0, 1, 0.0397834609968
18154450.0, 6614188.0, 1, 0.03952761412
17442302.0, 6835196.0, 1, 0.0395254744988
19072340.0, 6303642.0, 1, 0.0374862775554
17078728.0, 7050656.0, 1, 0.0344826050734
17990104.0, 6729276.0, 1, 0.0330912331591
17281742.0, 6937718.0, 1, 0.0323652411309
18154450.0, 6614188.0, 1, 0.0322724759923
19072340.0, 6303642.0, 1, 0.027503716715
17237622.0, 6948220.0, 1, 0.0250765021894
17852368.0, 6821194.0, 1, 0.0178703150478
17899764.0, 6742608.0, 1, 0.0176854666566
18063094.0, 6627720.0, 1, 0.017440379948
16906902.0, 7329338.0, 1, 0.0172053008149
18996838.0, 6318426.0, 1, 0.0170688259924
17321632.0, 6852856.0, 1, 0.0166612332775
17251450.0, 6938632.0, 1, 0.015936510747
16096542.0, 9471888.0, 1, 0.0150107641112
15975696.0, 9488294.0, 1, 0.013842802895
17078728.0, 7050656.0, 1, 0.0136607795292
16800464.0, 7596510.0, 1, 0.0129552250593
17281742.0, 6937718.0, 1, 0.0120411270696
17990104.0, 6729276.0, 1, 0.0115424398757
17161722.0, 6955492.0, 1, 0.0107553645755
17025916.0, 7313618.0, 1, 0.00779659300207
16642370.0, 7949384.0, 1, 0.00746670201715
16514866.0, 7965890.0, 1, 0.00725627985473
17237622.0, 6948220.0, 1, 0.0060929768869
17025916.0, 7313618.0, 1, 0.0
17025916.0, 7313618.0, 1, 0.0
17078728.0, 7050656.0, 1, 0.0
17161722.0, 6955492.0, 1, 0.0
17161722.0, 6955492.0, 1, 0.0
17161722.0, 6955492.0, 1, 0.0
17161722.0, 6955492.0, 1, 0.0
17161722.0, 6955492.0, 1, 0.0
17161722.0, 6955492.0, 1, 0.0
17161722.0, 6955492.0, 1, 0.0
17237622.0, 6948220.0, 1, 0.0
17321632.0, 6852856.0, 1, 0.0
18063094.0, 6627720.0, 1, 0.0
18154450.0, 6614188.0, 1, 0.0
18154450.0, 6614188.0, 1, 0.0
18154450.0, 6614188.0, 1, 0.0
18154450.0, 6614188.0, 1, 0.0
18154450.0, 6614188.0, 1, 0.0
18154450.0, 6614188.0, 1, 0.0
18154450.0, 6614188.0, 1, 0.0
18154450.0, 6614188.0, 1, 0.0
18154450.0, 6614188.0, 1, 0.0
18154450.0, 6614188.0, 1, 0.0
18154450.0, 6614188.0, 1, 0.0
18154450.0, 6614188.0, 1, 0.0
18275566.0, 6595074.0, 1, 0.0
18275566.0, 6595074.0, 1, 0.0
19072340.0, 6303642.0, 1, 0.0
19072340.0, 6303642.0, 1, 0.0
19072340.0, 6303642.0, 1, 0.0
19072340.0, 6303642.0, 1, 0.0
15801706.0, 9909422.0, 1, 0.0
15801706.0, 9909422.0, 1, 0.0
15801706.0, 9909422.0, 1, 0.0
15801706.0, 9909422.0, 1, 0.0
15975696.0, 9488294.0, 1, 0.0
15975696.0, 9488294.0, 1, 0.0
15975696.0, 9488294.0, 1, 0.0
15975696.0, 9488294.0, 1, 0.0
15975696.0, 9488294.0, 1, 0.0
15975696.0, 9488294.0, 1, 0.0
15975696.0, 9488294.0, 1, 0.0
16096542.0, 9471888.0, 1, 0.0
16096542.0, 9471888.0, 1, 0.0
16096542.0, 9471888.0, 1, 0.0
16096542.0, 9471888.0, 1, 0.0
16096542.0, 9471888.0, 1, 0.0
16096542.0, 9471888.0, 1, 0.0
16132018.0, 9331812.0, 1, 0.0
16132018.0, 9331812.0, 1, 0.0
16132018.0, 9331812.0, 1, 0.0
16266036.0, 9180042.0, 1, 0.0
16316918.0, 8338366.0, 1, 0.0
16316918.0, 8338366.0, 1, 0.0
16316918.0, 8338366.0, 1, 0.0
16514866.0, 7965890.0, 1, 0.0
16514866.0, 7965890.0, 1, 0.0
16514866.0, 7965890.0, 1, 0.0
16514866.0, 7965890.0, 1, 0.0
16514866.0, 7965890.0, 1, 0.0
16514866.0, 7965890.0, 1, 0.0
16514866.0, 7965890.0, 1, 0.0
16514866.0, 7965890.0, 1, 0.0
16642370.0, 7949384.0, 1, 0.0
16771596.0, 7703098.0, 1, 0.0
16906902.0, 7329338.0, 1, 0.0
16906902.0, 7329338.0, 1, 0.0
16906902.0, 7329338.0, 1, 0.0
16906902.0, 7329338.0, 1, 0.0
16906902.0, 7329338.0, 1, 0.0
16906902.0, 7329338.0, 1, 0.0
16906902.0, 7329338.0, 1, 0.0
17025916.0, 7313618.0, 1, 0.0
17025916.0, 7313618.0, 1, 0.0
17025916.0, 7313618.0, 1, 0.0
18986452.0, 6403850.0, 2, inf
18986452.0, 6403850.0, 2, inf
15837804.0, 9932044.0, 2, inf
18070440.0, 6709552.0, 2, 0.56223662826
18910868.0, 6624204.0, 2, 0.377567788266
16416920.0, 8451260.0, 2, 0.367638614671
16384174.0, 9162336.0, 2, 0.320545559309
17410386.0, 6926530.0, 2, 0.314904175708
16919478.0, 7580790.0, 2, 0.314533654869
Generacion: 176
15801706.0, 9909422.0, 1, inf
19822694.0, 6273594.0, 1, inf
15801706.0, 9909422.0, 1, inf
16439026.0, 8716050.0, 1, 0.223308786935
19185380.0, 6284830.0, 1, 0.194873778033
18275566.0, 6595074.0, 1, 0.184633934253
18996838.0, 6318426.0, 1, 0.18344300883
17442302.0, 6835196.0, 1, 0.174101260248
16371972.0, 9069780.0, 1, 0.170638362725
17899764.0, 6742608.0, 1, 0.165367962618
16800464.0, 7596510.0, 1, 0.149687868151
15944172.0, 9752114.0, 1, 0.148661514482
16514866.0, 7965890.0, 1, 0.129108616498
16440704.0, 8320016.0, 1, 0.127369120482
18275566.0, 6595074.0, 1, 0.106210363317
15975696.0, 9488294.0, 1, 0.102614995934
16815532.0, 7450386.0, 1, 0.0999537327802
16440704.0, 8320016.0, 1, 0.0978163072447
18996838.0, 6318426.0, 1, 0.0948663851704
17037622.0, 7118450.0, 1, 0.0854592889561
17025916.0, 7313618.0, 1, 0.0832773051862
16132018.0, 9331812.0, 1, 0.071856194451
16652226.0, 7846962.0, 1, 0.0713355855533
16096542.0, 9471888.0, 1, 0.0685803826356
16266036.0, 9180042.0, 1, 0.0680886625064
16652226.0, 7846962.0, 1, 0.0650362632338
16266036.0, 9180042.0, 1, 0.0636561365825
16906902.0, 7329338.0, 1, 0.062891302328
18063094.0, 6627720.0, 1, 0.0624048851823
16642370.0, 7949384.0, 1, 0.0598798190962
17321632.0, 6852856.0, 1, 0.053350525388
16132018.0, 9331812.0, 1, 0.050565605984
18023550.0, 6722720.0, 1, 0.0460842695031
17161722.0, 6955492.0, 1, 0.0450499132728
15825172.0, 9892696.0, 1, 0.0445016246064
17078728.0, 7050656.0, 1, 0.0392862974361
17078728.0, 7050656.0, 1, 0.0363968160738
15825172.0, 9892696.0, 1, 0.0341950441507
18154450.0, 6614188.0, 1, 0.0338428035755
19072340.0, 6303642.0, 1, 0.0321786926964
17281742.0, 6937718.0, 1, 0.030873959927
18154450.0, 6614188.0, 1, 0.0279769136401
16906902.0, 7329338.0, 1, 0.0270469078688
17990104.0, 6729276.0, 1, 0.0242702806536
19072340.0, 6303642.0, 1, 0.02395103934
16514866.0, 7965890.0, 1, 0.0229835444862
17161722.0, 6955492.0, 1, 0.02264029548
17237622.0, 6948220.0, 1, 0.0215130462923
17321632.0, 6852856.0, 1, 0.0147776628803
16096542.0, 9471888.0, 1, 0.013335021919
15975696.0, 9488294.0, 1, 0.0123521788963
17990104.0, 6729276.0, 1, 0.011984696334
17281742.0, 6937718.0, 1, 0.0101718344417
17251450.0, 6938632.0, 1, 0.0101705603162
17025916.0, 7313618.0, 1, 0.00723486167517
16642370.0, 7949384.0, 1, 0.00699095758962
17237622.0, 6948220.0, 1, 0.00543905041286
17251450.0, 6938632.0, 1, 0.00369034282823
16266036.0, 9180042.0, 1, 0.0
16514866.0, 7965890.0, 1, 0.0
16514866.0, 7965890.0, 1, 0.0
16514866.0, 7965890.0, 1, 0.0
16514866.0, 7965890.0, 1, 0.0
16514866.0, 7965890.0, 1, 0.0
16514866.0, 7965890.0, 1, 0.0
16642370.0, 7949384.0, 1, 0.0
16906902.0, 7329338.0, 1, 0.0
16906902.0, 7329338.0, 1, 0.0
16906902.0, 7329338.0, 1, 0.0
16906902.0, 7329338.0, 1, 0.0
16906902.0, 7329338.0, 1, 0.0
16906902.0, 7329338.0, 1, 0.0
16906902.0, 7329338.0, 1, 0.0
16906902.0, 7329338.0, 1, 0.0
17025916.0, 7313618.0, 1, 0.0
17025916.0, 7313618.0, 1, 0.0
17025916.0, 7313618.0, 1, 0.0
17078728.0, 7050656.0, 1, 0.0
17161722.0, 6955492.0, 1, 0.0
17161722.0, 6955492.0, 1, 0.0
17161722.0, 6955492.0, 1, 0.0
17161722.0, 6955492.0, 1, 0.0
17161722.0, 6955492.0, 1, 0.0
17161722.0, 6955492.0, 1, 0.0
17161722.0, 6955492.0, 1, 0.0
17161722.0, 6955492.0, 1, 0.0
17161722.0, 6955492.0, 1, 0.0
17161722.0, 6955492.0, 1, 0.0
17161722.0, 6955492.0, 1, 0.0
17237622.0, 6948220.0, 1, 0.0
17281742.0, 6937718.0, 1, 0.0
17281742.0, 6937718.0, 1, 0.0
17281742.0, 6937718.0, 1, 0.0
17281742.0, 6937718.0, 1, 0.0
17321632.0, 6852856.0, 1, 0.0
17990104.0, 6729276.0, 1, 0.0
17990104.0, 6729276.0, 1, 0.0
18154450.0, 6614188.0, 1, 0.0
18154450.0, 6614188.0, 1, 0.0
18154450.0, 6614188.0, 1, 0.0
18154450.0, 6614188.0, 1, 0.0
18154450.0, 6614188.0, 1, 0.0
19072340.0, 6303642.0, 1, 0.0
15801706.0, 9909422.0, 1, 0.0
15801706.0, 9909422.0, 1, 0.0
15801706.0, 9909422.0, 1, 0.0
15975696.0, 9488294.0, 1, 0.0
15975696.0, 9488294.0, 1, 0.0
15975696.0, 9488294.0, 1, 0.0
15975696.0, 9488294.0, 1, 0.0
15975696.0, 9488294.0, 1, 0.0
15975696.0, 9488294.0, 1, 0.0
15975696.0, 9488294.0, 1, 0.0
15975696.0, 9488294.0, 1, 0.0
15975696.0, 9488294.0, 1, 0.0
16096542.0, 9471888.0, 1, 0.0
16132018.0, 9331812.0, 1, 0.0
16132018.0, 9331812.0, 1, 0.0
16132018.0, 9331812.0, 1, 0.0
16132018.0, 9331812.0, 1, 0.0
16266036.0, 9180042.0, 1, 0.0
16266036.0, 9180042.0, 1, 0.0
16266036.0, 9180042.0, 1, 0.0
16266036.0, 9180042.0, 1, 0.0
15837804.0, 9932044.0, 2, inf
19802394.0, 6290512.0, 2, inf
18070440.0, 6709552.0, 2, 0.569016151353
19297474.0, 6618756.0, 2, 0.551928213196
16468988.0, 8696010.0, 2, 0.35273042615
17360408.0, 6911624.0, 2, 0.350772411141
16184480.0, 9436856.0, 2, 0.305777238656
16708414.0, 8214856.0, 2, 0.255018247372
16863360.0, 7580476.0, 2, 0.249707941684
16184222.0, 9547946.0, 2, 0.223426516709
17273430.0, 7254836.0, 2, 0.195901337426
17027528.0, 7319250.0, 2, 0.15643847938
16501110.0, 8443206.0, 2, 0.150791796581
16628928.0, 8293804.0, 2, 0.11499601174
16991120.0, 7565206.0, 2, 0.113143762131
16517408.0, 8762806.0, 3, inf
18110570.0, 6710048.0, 3, inf
17360744.0, 6930624.0, 3, 0.946253294843
16892978.0, 7956970.0, 3, 0.828190810434
16919478.0, 7580790.0, 3, 0.425445375322
17116024.0, 7371024.0, 3, 0.337909128762
17116024.0, 7371024.0, 3, 0.255793874287
17116024.0, 7371024.0, 3, 0.0
16660916.0, 8920856.0, 4, inf
18792910.0, 6735644.0, 4, inf
16660916.0, 8920856.0, 4, inf
Generacion: 177
15801706.0, 9909422.0, 1, inf
19802394.0, 6290512.0, 1, inf
19802394.0, 6290512.0, 1, inf
15801706.0, 9909422.0, 1, inf
16316918.0, 8338366.0, 1, 0.32009672075
18863724.0, 6606690.0, 1, 0.28229419529
16266036.0, 9180042.0, 1, 0.266075950693
17442302.0, 6835196.0, 1, 0.201237664448
19072340.0, 6303642.0, 1, 0.186567321054
18187530.0, 6607946.0, 1, 0.179359901039
17990104.0, 6729276.0, 1, 0.168728789451
16505722.0, 8238454.0, 1, 0.152403403555
16514866.0, 7965890.0, 1, 0.107187119126
16771596.0, 7703098.0, 1, 0.106259600635
16863360.0, 7580476.0, 1, 0.100431573414
16906902.0, 7329338.0, 1, 0.0991444168904
18996838.0, 6318426.0, 1, 0.0985271776924
15975696.0, 9488294.0, 1, 0.098143335279
17025916.0, 7313618.0, 1, 0.0836784340392
15967382.0, 9734152.0, 1, 0.0807800484138
17037622.0, 7118450.0, 1, 0.0775499881319
17132118.0, 7045174.0, 1, 0.0760492453478
16132018.0, 9331812.0, 1, 0.0722054206159
17990104.0, 6729276.0, 1, 0.0703479157309
16096542.0, 9471888.0, 1, 0.0689129869145
16642370.0, 7949384.0, 1, 0.060172410277
16652226.0, 7846962.0, 1, 0.0581392599789
17161722.0, 6955492.0, 1, 0.054781335008
16266036.0, 9180042.0, 1, 0.0546563545679
17321632.0, 6852856.0, 1, 0.0536119143106
17281742.0, 6937718.0, 1, 0.0534494422558
16132018.0, 9331812.0, 1, 0.050805516912
16800464.0, 7596510.0, 1, 0.0451743632972
15825172.0, 9892696.0, 1, 0.0447119946407
15944172.0, 9752114.0, 1, 0.0446480056468
18154450.0, 6614188.0, 1, 0.0428042630841
16652226.0, 7846962.0, 1, 0.0422169826773
18154450.0, 6614188.0, 1, 0.0400704186904
18996838.0, 6318426.0, 1, 0.0373579850593
15944172.0, 9752114.0, 1, 0.0347082568293
15825172.0, 9892696.0, 1, 0.034366717526
17037622.0, 7118450.0, 1, 0.0231740824781
19072340.0, 6303642.0, 1, 0.0225004182538
16906902.0, 7329338.0, 1, 0.0152274774071
17281742.0, 6937718.0, 1, 0.0148822086304
17321632.0, 6852856.0, 1, 0.0148507074326
16096542.0, 9471888.0, 1, 0.0134008840253
17161722.0, 6955492.0, 1, 0.0123111508524
16800464.0, 7596510.0, 1, 0.0116463747379
17025916.0, 7313618.0, 1, 0.00726984611968
16642370.0, 7949384.0, 1, 0.00702461812555
16514866.0, 7965890.0, 1, 0.00684664873629
15975696.0, 9488294.0, 1, 0.00661155179044
17161722.0, 6955492.0, 1, 0.0
17161722.0, 6955492.0, 1, 0.0
17161722.0, 6955492.0, 1, 0.0
17161722.0, 6955492.0, 1, 0.0
17161722.0, 6955492.0, 1, 0.0
17161722.0, 6955492.0, 1, 0.0
17161722.0, 6955492.0, 1, 0.0
17281742.0, 6937718.0, 1, 0.0
17281742.0, 6937718.0, 1, 0.0
17281742.0, 6937718.0, 1, 0.0
17281742.0, 6937718.0, 1, 0.0
17281742.0, 6937718.0, 1, 0.0
17281742.0, 6937718.0, 1, 0.0
17281742.0, 6937718.0, 1, 0.0
17281742.0, 6937718.0, 1, 0.0
17281742.0, 6937718.0, 1, 0.0
17281742.0, 6937718.0, 1, 0.0
17321632.0, 6852856.0, 1, 0.0
17321632.0, 6852856.0, 1, 0.0
17321632.0, 6852856.0, 1, 0.0
17321632.0, 6852856.0, 1, 0.0
17990104.0, 6729276.0, 1, 0.0
17990104.0, 6729276.0, 1, 0.0
17990104.0, 6729276.0, 1, 0.0
17990104.0, 6729276.0, 1, 0.0
18154450.0, 6614188.0, 1, 0.0
18154450.0, 6614188.0, 1, 0.0
18154450.0, 6614188.0, 1, 0.0
18154450.0, 6614188.0, 1, 0.0
18154450.0, 6614188.0, 1, 0.0
19072340.0, 6303642.0, 1, 0.0
19072340.0, 6303642.0, 1, 0.0
15801706.0, 9909422.0, 1, 0.0
15801706.0, 9909422.0, 1, 0.0
15801706.0, 9909422.0, 1, 0.0
15801706.0, 9909422.0, 1, 0.0
15801706.0, 9909422.0, 1, 0.0
15801706.0, 9909422.0, 1, 0.0
15801706.0, 9909422.0, 1, 0.0
15801706.0, 9909422.0, 1, 0.0
15825172.0, 9892696.0, 1, 0.0
15975696.0, 9488294.0, 1, 0.0
15975696.0, 9488294.0, 1, 0.0
15975696.0, 9488294.0, 1, 0.0
15975696.0, 9488294.0, 1, 0.0
16096542.0, 9471888.0, 1, 0.0
16096542.0, 9471888.0, 1, 0.0
16096542.0, 9471888.0, 1, 0.0
16132018.0, 9331812.0, 1, 0.0
16132018.0, 9331812.0, 1, 0.0
16132018.0, 9331812.0, 1, 0.0
16266036.0, 9180042.0, 1, 0.0
16266036.0, 9180042.0, 1, 0.0
16266036.0, 9180042.0, 1, 0.0
16266036.0, 9180042.0, 1, 0.0
16266036.0, 9180042.0, 1, 0.0
16514866.0, 7965890.0, 1, 0.0
16514866.0, 7965890.0, 1, 0.0
16514866.0, 7965890.0, 1, 0.0
16514866.0, 7965890.0, 1, 0.0
16514866.0, 7965890.0, 1, 0.0
16514866.0, 7965890.0, 1, 0.0
16514866.0, 7965890.0, 1, 0.0
16514866.0, 7965890.0, 1, 0.0
16642370.0, 7949384.0, 1, 0.0
16642370.0, 7949384.0, 1, 0.0
16642370.0, 7949384.0, 1, 0.0
16652226.0, 7846962.0, 1, 0.0
16652226.0, 7846962.0, 1, 0.0
16906902.0, 7329338.0, 1, 0.0
16906902.0, 7329338.0, 1, 0.0
16906902.0, 7329338.0, 1, 0.0
16906902.0, 7329338.0, 1, 0.0
16906902.0, 7329338.0, 1, 0.0
16906902.0, 7329338.0, 1, 0.0
16906902.0, 7329338.0, 1, 0.0
16906902.0, 7329338.0, 1, 0.0
17025916.0, 7313618.0, 1, 0.0
17025916.0, 7313618.0, 1, 0.0
17025916.0, 7313618.0, 1, 0.0
17025916.0, 7313618.0, 1, 0.0
17037622.0, 7118450.0, 1, 0.0
18194008.0, 6690502.0, 2, inf
15863722.0, 9915382.0, 2, inf
16082696.0, 9559154.0, 2, 0.480318202633
17897498.0, 6908058.0, 2, 0.401029509188
16416920.0, 8451260.0, 2, 0.364367491523
17360744.0, 6930624.0, 2, 0.323632010681
16371972.0, 9069780.0, 2, 0.315933836107
16777278.0, 7830392.0, 2, 0.271473405817
16581656.0, 8184920.0, 2, 0.202410485476
18181028.0, 6772542.0, 2, 0.194703627207
16371972.0, 9069780.0, 2, 0.171038141971
17116024.0, 7371024.0, 2, 0.158434576098
17201200.0, 7032946.0, 2, 0.155284082677
16991120.0, 7565206.0, 2, 0.151980131749
16650298.0, 7969012.0, 2, 0.144754991663
Generacion: 178
15801706.0, 9909422.0, 1, inf
15801706.0, 9909422.0, 1, inf
19185380.0, 6284830.0, 1, inf
19185380.0, 6284830.0, 1, inf
16316918.0, 8338366.0, 1, 0.408514593157
18996838.0, 6318426.0, 1, 0.315880078538
16266036.0, 9180042.0, 1, 0.236830084793
17899764.0, 6742608.0, 1, 0.231652910903
18275566.0, 6595074.0, 1, 0.216713675374
17321632.0, 6852856.0, 1, 0.194272091495
16514866.0, 7965890.0, 1, 0.140445683347
16906902.0, 7329338.0, 1, 0.104460256841
15975696.0, 9488294.0, 1, 0.103544964478
18275566.0, 6595074.0, 1, 0.102343153077
17037622.0, 7118450.0, 1, 0.089315828812
17025916.0, 7313618.0, 1, 0.0890185188466
16132018.0, 9331812.0, 1, 0.0886642035018
16863360.0, 7580476.0, 1, 0.0878753257866
15967382.0, 9734152.0, 1, 0.0821026235866
18063094.0, 6627720.0, 1, 0.0803222694229
17157642.0, 7100676.0, 1, 0.0755255870414
16096542.0, 9471888.0, 1, 0.0743604383295
16250412.0, 9315342.0, 1, 0.072318116684
17161722.0, 6955492.0, 1, 0.0665731879627
16642370.0, 7949384.0, 1, 0.0659396423914
16771596.0, 7703098.0, 1, 0.0646851172508
16652226.0, 7846962.0, 1, 0.0635357465079
16514866.0, 7965890.0, 1, 0.0630547994521
16800464.0, 7596510.0, 1, 0.0609502001747
17990104.0, 6729276.0, 1, 0.0547173913584
16266036.0, 9180042.0, 1, 0.0523658399576
16771596.0, 7703098.0, 1, 0.0482226427438
15825172.0, 9892696.0, 1, 0.0457206720237
15944172.0, 9752114.0, 1, 0.045645014617
16652226.0, 7846962.0, 1, 0.0426038981485
17321632.0, 6852856.0, 1, 0.0422056255842
18187530.0, 6607946.0, 1, 0.0410676495226
17251450.0, 6938632.0, 1, 0.0403740444677
15944172.0, 9752114.0, 1, 0.0401244648947
15825172.0, 9892696.0, 1, 0.0397834609968
19113198.0, 6298954.0, 1, 0.0385975750477
17281742.0, 6937718.0, 1, 0.0323652411309
18154450.0, 6614188.0, 1, 0.0287211797361
17990104.0, 6729276.0, 1, 0.0252494341074
19072340.0, 6303642.0, 1, 0.023607002271
16863360.0, 7580476.0, 1, 0.017291931255
16906902.0, 7329338.0, 1, 0.0172053008149
19072340.0, 6303642.0, 1, 0.01615384423
16096542.0, 9471888.0, 1, 0.0150107641112
18154450.0, 6614188.0, 1, 0.0135097412399
17281742.0, 6937718.0, 1, 0.0120411270696
16250412.0, 9315342.0, 1, 0.00916142580977
17037622.0, 7118450.0, 1, 0.00836327747304
17025916.0, 7313618.0, 1, 0.00779659300207
16642370.0, 7949384.0, 1, 0.00746670201715
15975696.0, 9488294.0, 1, 0.00698339504429
17157642.0, 7100676.0, 1, 0.0061095142559
17161722.0, 6955492.0, 1, 0.00585734794311
17161722.0, 6955492.0, 1, 0.0
17161722.0, 6955492.0, 1, 0.0
17161722.0, 6955492.0, 1, 0.0
17161722.0, 6955492.0, 1, 0.0
17161722.0, 6955492.0, 1, 0.0
17161722.0, 6955492.0, 1, 0.0
17161722.0, 6955492.0, 1, 0.0
17161722.0, 6955492.0, 1, 0.0
17161722.0, 6955492.0, 1, 0.0
17281742.0, 6937718.0, 1, 0.0
17281742.0, 6937718.0, 1, 0.0
17281742.0, 6937718.0, 1, 0.0
17321632.0, 6852856.0, 1, 0.0
17321632.0, 6852856.0, 1, 0.0
17990104.0, 6729276.0, 1, 0.0
17990104.0, 6729276.0, 1, 0.0
17990104.0, 6729276.0, 1, 0.0
18154450.0, 6614188.0, 1, 0.0
18154450.0, 6614188.0, 1, 0.0
18154450.0, 6614188.0, 1, 0.0
18154450.0, 6614188.0, 1, 0.0
18154450.0, 6614188.0, 1, 0.0
18154450.0, 6614188.0, 1, 0.0
18275566.0, 6595074.0, 1, 0.0
19072340.0, 6303642.0, 1, 0.0
19072340.0, 6303642.0, 1, 0.0
19072340.0, 6303642.0, 1, 0.0
19185380.0, 6284830.0, 1, 0.0
19185380.0, 6284830.0, 1, 0.0
15801706.0, 9909422.0, 1, 0.0
15801706.0, 9909422.0, 1, 0.0
15801706.0, 9909422.0, 1, 0.0
15801706.0, 9909422.0, 1, 0.0
15801706.0, 9909422.0, 1, 0.0
15825172.0, 9892696.0, 1, 0.0
15944172.0, 9752114.0, 1, 0.0
15975696.0, 9488294.0, 1, 0.0
15975696.0, 9488294.0, 1, 0.0
15975696.0, 9488294.0, 1, 0.0
15975696.0, 9488294.0, 1, 0.0
15975696.0, 9488294.0, 1, 0.0
15975696.0, 9488294.0, 1, 0.0
16266036.0, 9180042.0, 1, 0.0
16266036.0, 9180042.0, 1, 0.0
16266036.0, 9180042.0, 1, 0.0
16266036.0, 9180042.0, 1, 0.0
16266036.0, 9180042.0, 1, 0.0
16266036.0, 9180042.0, 1, 0.0
16266036.0, 9180042.0, 1, 0.0
16514866.0, 7965890.0, 1, 0.0
16514866.0, 7965890.0, 1, 0.0
16514866.0, 7965890.0, 1, 0.0
16514866.0, 7965890.0, 1, 0.0
16514866.0, 7965890.0, 1, 0.0
16514866.0, 7965890.0, 1, 0.0
16642370.0, 7949384.0, 1, 0.0
16771596.0, 7703098.0, 1, 0.0
16863360.0, 7580476.0, 1, 0.0
16906902.0, 7329338.0, 1, 0.0
16906902.0, 7329338.0, 1, 0.0
16906902.0, 7329338.0, 1, 0.0
16906902.0, 7329338.0, 1, 0.0
16906902.0, 7329338.0, 1, 0.0
16906902.0, 7329338.0, 1, 0.0
16906902.0, 7329338.0, 1, 0.0
16906902.0, 7329338.0, 1, 0.0
16906902.0, 7329338.0, 1, 0.0
16906902.0, 7329338.0, 1, 0.0
17025916.0, 7313618.0, 1, 0.0
17037622.0, 7118450.0, 1, 0.0
17157642.0, 7100676.0, 1, 0.0
17161722.0, 6955492.0, 1, 0.0
17161722.0, 6955492.0, 1, 0.0
17161722.0, 6955492.0, 1, 0.0
17161722.0, 6955492.0, 1, 0.0
17161722.0, 6955492.0, 1, 0.0
17161722.0, 6955492.0, 1, 0.0
15837804.0, 9932044.0, 2, inf
19802394.0, 6290512.0, 2, inf
19802394.0, 6290512.0, 2, inf
18639710.0, 6624290.0, 2, 0.541942313663
16371972.0, 9069780.0, 2, 0.541596830347
16416920.0, 8451260.0, 2, 0.324069598281
17027528.0, 7319250.0, 2, 0.259811309189
16560596.0, 8062924.0, 2, 0.255814313192
15863722.0, 9915382.0, 2, 0.23874788129
17415034.0, 7089854.0, 2, 0.218075491512
18110570.0, 6710048.0, 2, 0.202385308016
16892978.0, 7956970.0, 2, 0.18840020528
17847050.0, 6961018.0, 2, 0.169025152359
16919478.0, 7580790.0, 2, 0.133595495279
15863722.0, 9915382.0, 2, 0.132772913968
Generacion: 179
15738952.0, 10367056.0, 1, inf
19185380.0, 6284830.0, 1, inf
19185380.0, 6284830.0, 1, inf
16514866.0, 7965890.0, 1, 0.334419988881
16266036.0, 9180042.0, 1, 0.301957392825
19072340.0, 6303642.0, 1, 0.235796619308
18275566.0, 6595074.0, 1, 0.234341530835
17990104.0, 6729276.0, 1, 0.230950437713
17442302.0, 6835196.0, 1, 0.224233518982
15801706.0, 9909422.0, 1, 0.117304780413
16266036.0, 9180042.0, 1, 0.105343072112
19072340.0, 6303642.0, 1, 0.104189638391
15944172.0, 9752114.0, 1, 0.100763050097
15975696.0, 9488294.0, 1, 0.099690635411
16652226.0, 7846962.0, 1, 0.0978269327989
18275566.0, 6595074.0, 1, 0.0969345905562
16863360.0, 7580476.0, 1, 0.0963311957661
16906902.0, 7329338.0, 1, 0.0960524321681
17037622.0, 7118450.0, 1, 0.0826336717077
17025916.0, 7313618.0, 1, 0.0823417752862
15819630.0, 9789000.0, 1, 0.0798721500156
16514866.0, 7965890.0, 1, 0.0762427724228
17157642.0, 7100676.0, 1, 0.0703893716616
17161722.0, 6955492.0, 1, 0.0703893716616
16096542.0, 9471888.0, 1, 0.0693777619934
16642370.0, 7949384.0, 1, 0.0689888828212
16132018.0, 9331812.0, 1, 0.0686663007356
16250412.0, 9315342.0, 1, 0.0674963508112
16771596.0, 7703098.0, 1, 0.0607461250159
16800464.0, 7596510.0, 1, 0.0566638516214
17321632.0, 6852856.0, 1, 0.0558012308241
17281742.0, 6937718.0, 1, 0.0556126297566
18063094.0, 6627720.0, 1, 0.0513850483523
15801706.0, 9909422.0, 1, 0.0477075192424
16771596.0, 7703098.0, 1, 0.0436177655776
18187530.0, 6607946.0, 1, 0.0398247214894
18154450.0, 6614188.0, 1, 0.028036512529
18063094.0, 6627720.0, 1, 0.0244933072264
15944172.0, 9752114.0, 1, 0.0181826180923
16906902.0, 7329338.0, 1, 0.0164847904846
17281742.0, 6937718.0, 1, 0.0159282994966
17321632.0, 6852856.0, 1, 0.0159003735562
16132018.0, 9331812.0, 1, 0.0143281196064
16096542.0, 9471888.0, 1, 0.0143124418854
15975696.0, 9488294.0, 1, 0.0131657473948
18154450.0, 6614188.0, 1, 0.0129132016794
16250412.0, 9315342.0, 1, 0.00856795284819
17037622.0, 7118450.0, 1, 0.0077505572081
17025916.0, 7313618.0, 1, 0.00724740035201
17157642.0, 7100676.0, 1, 0.00553783145262
17161722.0, 6955492.0, 1, 0.00553783145262
17281742.0, 6937718.0, 1, 0.0
17281742.0, 6937718.0, 1, 0.0
17281742.0, 6937718.0, 1, 0.0
17281742.0, 6937718.0, 1, 0.0
17321632.0, 6852856.0, 1, 0.0
17321632.0, 6852856.0, 1, 0.0
17321632.0, 6852856.0, 1, 0.0
18154450.0, 6614188.0, 1, 0.0
18154450.0, 6614188.0, 1, 0.0
18154450.0, 6614188.0, 1, 0.0
18154450.0, 6614188.0, 1, 0.0
18154450.0, 6614188.0, 1, 0.0
18154450.0, 6614188.0, 1, 0.0
18154450.0, 6614188.0, 1, 0.0
18154450.0, 6614188.0, 1, 0.0
18154450.0, 6614188.0, 1, 0.0
18154450.0, 6614188.0, 1, 0.0
18154450.0, 6614188.0, 1, 0.0
18275566.0, 6595074.0, 1, 0.0
18275566.0, 6595074.0, 1, 0.0
18275566.0, 6595074.0, 1, 0.0
18275566.0, 6595074.0, 1, 0.0
19072340.0, 6303642.0, 1, 0.0
19072340.0, 6303642.0, 1, 0.0
19072340.0, 6303642.0, 1, 0.0
19072340.0, 6303642.0, 1, 0.0
19072340.0, 6303642.0, 1, 0.0
19072340.0, 6303642.0, 1, 0.0
19072340.0, 6303642.0, 1, 0.0
19072340.0, 6303642.0, 1, 0.0
19072340.0, 6303642.0, 1, 0.0
19185380.0, 6284830.0, 1, 0.0
19185380.0, 6284830.0, 1, 0.0
15801706.0, 9909422.0, 1, 0.0
15801706.0, 9909422.0, 1, 0.0
15801706.0, 9909422.0, 1, 0.0
15944172.0, 9752114.0, 1, 0.0
15944172.0, 9752114.0, 1, 0.0
15975696.0, 9488294.0, 1, 0.0
15975696.0, 9488294.0, 1, 0.0
15975696.0, 9488294.0, 1, 0.0
15975696.0, 9488294.0, 1, 0.0
15975696.0, 9488294.0, 1, 0.0
16096542.0, 9471888.0, 1, 0.0
16132018.0, 9331812.0, 1, 0.0
16132018.0, 9331812.0, 1, 0.0
16132018.0, 9331812.0, 1, 0.0
16266036.0, 9180042.0, 1, 0.0
16514866.0, 7965890.0, 1, 0.0
16514866.0, 7965890.0, 1, 0.0
16514866.0, 7965890.0, 1, 0.0
16514866.0, 7965890.0, 1, 0.0
16514866.0, 7965890.0, 1, 0.0
16514866.0, 7965890.0, 1, 0.0
16514866.0, 7965890.0, 1, 0.0
16906902.0, 7329338.0, 1, 0.0
16906902.0, 7329338.0, 1, 0.0
16906902.0, 7329338.0, 1, 0.0
16906902.0, 7329338.0, 1, 0.0
16906902.0, 7329338.0, 1, 0.0
16906902.0, 7329338.0, 1, 0.0
16906902.0, 7329338.0, 1, 0.0
16906902.0, 7329338.0, 1, 0.0
16906902.0, 7329338.0, 1, 0.0
16906902.0, 7329338.0, 1, 0.0
17025916.0, 7313618.0, 1, 0.0
17025916.0, 7313618.0, 1, 0.0
17025916.0, 7313618.0, 1, 0.0
17025916.0, 7313618.0, 1, 0.0
17037622.0, 7118450.0, 1, 0.0
17157642.0, 7100676.0, 1, 0.0
17161722.0, 6955492.0, 1, 0.0
17161722.0, 6955492.0, 1, 0.0
17161722.0, 6955492.0, 1, 0.0
17161722.0, 6955492.0, 1, 0.0
17161722.0, 6955492.0, 1, 0.0
17161722.0, 6955492.0, 1, 0.0
17161722.0, 6955492.0, 1, 0.0
17161722.0, 6955492.0, 1, 0.0
17161722.0, 6955492.0, 1, 0.0
17281742.0, 6937718.0, 1, 0.0
15825172.0, 9892696.0, 2, inf
15825172.0, 9892696.0, 2, inf
20639430.0, 6408172.0, 2, inf
16560596.0, 8062924.0, 2, 0.624938179838
16383488.0, 9491668.0, 2, 0.514219226848
19259030.0, 6461670.0, 2, 0.477396742647
16896392.0, 7685292.0, 2, 0.310411377784
18639710.0, 6624290.0, 2, 0.309834219617
17975048.0, 6890120.0, 2, 0.237475373777
17283788.0, 6939118.0, 2, 0.189781507901
18110570.0, 6710048.0, 2, 0.161588665124
17123466.0, 7232872.0, 2, 0.130186987761
17027528.0, 7319250.0, 2, 0.124975809661
17258066.0, 7032472.0, 2, 0.117603973091
16066234.0, 9591868.0, 2, 0.10540386227
16158048.0, 9563372.0, 2, 0.0946545573425
16066234.0, 9591868.0, 2, 0.0582503882808
18110570.0, 6710048.0, 2, 0.0527612413842
Generacion: 180
15738952.0, 10367056.0, 1, inf
19185380.0, 6284830.0, 1, inf
19185380.0, 6284830.0, 1, inf
18911694.0, 6580602.0, 1, 0.302578811181
16316918.0, 8338366.0, 1, 0.300201738028
16266036.0, 9180042.0, 1, 0.217268649358
17442302.0, 6835196.0, 1, 0.194755006907
18275566.0, 6595074.0, 1, 0.187729212225
17899764.0, 6742608.0, 1, 0.184894385063
15801706.0, 9909422.0, 1, 0.153441325265
16505722.0, 8238454.0, 1, 0.148679054596
16514866.0, 7965890.0, 1, 0.103764459276
19072340.0, 6303642.0, 1, 0.100644513746
16642370.0, 7949384.0, 1, 0.0973272850476
16863360.0, 7580476.0, 1, 0.0963311957661
16906902.0, 7329338.0, 1, 0.0960524321681
15975696.0, 9488294.0, 1, 0.0952905850463
17037622.0, 7118450.0, 1, 0.0838175061009
16096542.0, 9471888.0, 1, 0.0836902038788
17025916.0, 7313618.0, 1, 0.0823417752862
16227822.0, 9223016.0, 1, 0.0760643036594
15967382.0, 9734152.0, 1, 0.0737733668651
16771596.0, 7703098.0, 1, 0.0687075082817
16771596.0, 7703098.0, 1, 0.0636058975108
16132018.0, 9331812.0, 1, 0.0621116882498
17161722.0, 6955492.0, 1, 0.0619417085674
15801706.0, 9909422.0, 1, 0.0567432757144
17321632.0, 6852856.0, 1, 0.0558012308241
19072340.0, 6303642.0, 1, 0.0512205887051
18063094.0, 6627720.0, 1, 0.0497790618146
18023550.0, 6722720.0, 1, 0.0460560526501
15944172.0, 9752114.0, 1, 0.0457373421926
15944172.0, 9752114.0, 1, 0.0452693670763
16800464.0, 7596510.0, 1, 0.044359883957
17037622.0, 7118450.0, 1, 0.0433154671371
16642370.0, 7949384.0, 1, 0.0415390153734
17237622.0, 6948220.0, 1, 0.039178458792
17161722.0, 6955492.0, 1, 0.0377896771664
16132018.0, 9331812.0, 1, 0.0369447018338
17281742.0, 6937718.0, 1, 0.0335898281777
18275566.0, 6595074.0, 1, 0.0290892532329
18154450.0, 6614188.0, 1, 0.028036512529
17990104.0, 6729276.0, 1, 0.0278186333709
18187530.0, 6607946.0, 1, 0.0270731963071
16266036.0, 9180042.0, 1, 0.0252907912426
16906902.0, 7329338.0, 1, 0.0164847904846
17321632.0, 6852856.0, 1, 0.0159003735562
18063094.0, 6627720.0, 1, 0.0147887667572
17281742.0, 6937718.0, 1, 0.014146918456
17990104.0, 6729276.0, 1, 0.0129704057103
18154450.0, 6614188.0, 1, 0.0129132016794
18187530.0, 6607946.0, 1, 0.0127515251823
16800464.0, 7596510.0, 1, 0.0123039676644
17025916.0, 7313618.0, 1, 0.00724740035201
16514866.0, 7965890.0, 1, 0.00669656400058
15975696.0, 9488294.0, 1, 0.00643123850616
18154450.0, 6614188.0, 1, 0.0
18154450.0, 6614188.0, 1, 0.0
18154450.0, 6614188.0, 1, 0.0
18154450.0, 6614188.0, 1, 0.0
18154450.0, 6614188.0, 1, 0.0
18154450.0, 6614188.0, 1, 0.0
18154450.0, 6614188.0, 1, 0.0
18154450.0, 6614188.0, 1, 0.0
18154450.0, 6614188.0, 1, 0.0
18187530.0, 6607946.0, 1, 0.0
18275566.0, 6595074.0, 1, 0.0
19072340.0, 6303642.0, 1, 0.0
19072340.0, 6303642.0, 1, 0.0
19072340.0, 6303642.0, 1, 0.0
19072340.0, 6303642.0, 1, 0.0
19072340.0, 6303642.0, 1, 0.0
19072340.0, 6303642.0, 1, 0.0
19072340.0, 6303642.0, 1, 0.0
19072340.0, 6303642.0, 1, 0.0
19072340.0, 6303642.0, 1, 0.0
19072340.0, 6303642.0, 1, 0.0
19185380.0, 6284830.0, 1, 0.0
19185380.0, 6284830.0, 1, 0.0
19185380.0, 6284830.0, 1, 0.0
15801706.0, 9909422.0, 1, 0.0
15944172.0, 9752114.0, 1, 0.0
15944172.0, 9752114.0, 1, 0.0
15944172.0, 9752114.0, 1, 0.0
15975696.0, 9488294.0, 1, 0.0
15975696.0, 9488294.0, 1, 0.0
15975696.0, 9488294.0, 1, 0.0
15975696.0, 9488294.0, 1, 0.0
15975696.0, 9488294.0, 1, 0.0
15975696.0, 9488294.0, 1, 0.0
15975696.0, 9488294.0, 1, 0.0
15975696.0, 9488294.0, 1, 0.0
15975696.0, 9488294.0, 1, 0.0
16132018.0, 9331812.0, 1, 0.0
16132018.0, 9331812.0, 1, 0.0
16132018.0, 9331812.0, 1, 0.0
16132018.0, 9331812.0, 1, 0.0
16132018.0, 9331812.0, 1, 0.0
16132018.0, 9331812.0, 1, 0.0
16132018.0, 9331812.0, 1, 0.0
16266036.0, 9180042.0, 1, 0.0
16266036.0, 9180042.0, 1, 0.0
16266036.0, 9180042.0, 1, 0.0
16266036.0, 9180042.0, 1, 0.0
16266036.0, 9180042.0, 1, 0.0
16266036.0, 9180042.0, 1, 0.0
16266036.0, 9180042.0, 1, 0.0
16642370.0, 7949384.0, 1, 0.0
16642370.0, 7949384.0, 1, 0.0
16800464.0, 7596510.0, 1, 0.0
16800464.0, 7596510.0, 1, 0.0
16800464.0, 7596510.0, 1, 0.0
16906902.0, 7329338.0, 1, 0.0
16906902.0, 7329338.0, 1, 0.0
16906902.0, 7329338.0, 1, 0.0
17025916.0, 7313618.0, 1, 0.0
17025916.0, 7313618.0, 1, 0.0
17025916.0, 7313618.0, 1, 0.0
17025916.0, 7313618.0, 1, 0.0
17037622.0, 7118450.0, 1, 0.0
17037622.0, 7118450.0, 1, 0.0
17037622.0, 7118450.0, 1, 0.0
17037622.0, 7118450.0, 1, 0.0
17037622.0, 7118450.0, 1, 0.0
17161722.0, 6955492.0, 1, 0.0
17161722.0, 6955492.0, 1, 0.0
17161722.0, 6955492.0, 1, 0.0
17161722.0, 6955492.0, 1, 0.0
17161722.0, 6955492.0, 1, 0.0
17161722.0, 6955492.0, 1, 0.0
17161722.0, 6955492.0, 1, 0.0
17281742.0, 6937718.0, 1, 0.0
17281742.0, 6937718.0, 1, 0.0
17321632.0, 6852856.0, 1, 0.0
17321632.0, 6852856.0, 1, 0.0
17321632.0, 6852856.0, 1, 0.0
17321632.0, 6852856.0, 1, 0.0
17990104.0, 6729276.0, 1, 0.0
17990104.0, 6729276.0, 1, 0.0
17990104.0, 6729276.0, 1, 0.0
18063094.0, 6627720.0, 1, 0.0
18154450.0, 6614188.0, 1, 0.0
18154450.0, 6614188.0, 1, 0.0
18154450.0, 6614188.0, 1, 0.0
18154450.0, 6614188.0, 1, 0.0
18154450.0, 6614188.0, 1, 0.0
16066234.0, 9591868.0, 2, inf
19908120.0, 6447346.0, 2, inf
19117398.0, 6473720.0, 2, 0.774316921608
17480900.0, 6895562.0, 2, 0.672029715647
Generacion: 181
19185380.0, 6284830.0, 1, inf
19185380.0, 6284830.0, 1, inf
15738952.0, 10367056.0, 1, inf
15738952.0, 10367056.0, 1, inf
18996838.0, 6318426.0, 1, 0.302578811181
16355602.0, 8865174.0, 1, 0.261356622936
18275566.0, 6595074.0, 1, 0.21396327886
16440704.0, 8320016.0, 1, 0.197082224141
17321632.0, 6852856.0, 1, 0.188536340915
17899764.0, 6742608.0, 1, 0.171014038132
16642370.0, 7949384.0, 1, 0.138866300421
15761602.0, 10346532.0, 1, 0.130312450963
16266036.0, 9180042.0, 1, 0.116017505662
15801706.0, 9909422.0, 1, 0.113885173
16514866.0, 7965890.0, 1, 0.103764459276
18275566.0, 6595074.0, 1, 0.102911380582
16863360.0, 7580476.0, 1, 0.0963311957661
16906902.0, 7329338.0, 1, 0.0960524321681
15975696.0, 9488294.0, 1, 0.0952905850463
16505722.0, 8238454.0, 1, 0.0856338034198
17037622.0, 7118450.0, 1, 0.0826336717077
17025916.0, 7313618.0, 1, 0.0823417752862
17157642.0, 7100676.0, 1, 0.0759272031142
18063094.0, 6627720.0, 1, 0.0758783555787
15967382.0, 9734152.0, 1, 0.0737733668651
16132018.0, 9331812.0, 1, 0.0731996900882
16096542.0, 9471888.0, 1, 0.0693777619934
16771596.0, 7703098.0, 1, 0.0687075082817
16771596.0, 7703098.0, 1, 0.0636058975108
16266036.0, 9180042.0, 1, 0.0631663118835
17161722.0, 6955492.0, 1, 0.057587711508
17899764.0, 6742608.0, 1, 0.0532194808497
17990104.0, 6729276.0, 1, 0.051090250376
16132018.0, 9331812.0, 1, 0.0474718015093
16800464.0, 7596510.0, 1, 0.044359883957
15825172.0, 9892696.0, 1, 0.0412463725021
15944172.0, 9752114.0, 1, 0.0411720926971
17237622.0, 6948220.0, 1, 0.039178458792
15944172.0, 9752114.0, 1, 0.0389285534989
15825172.0, 9892696.0, 1, 0.0386257775135
17321632.0, 6852856.0, 1, 0.0385811364537
18154450.0, 6614188.0, 1, 0.038457330267
19113198.0, 6298954.0, 1, 0.0374074465184
17281742.0, 6937718.0, 1, 0.0335898281777
18154450.0, 6614188.0, 1, 0.0311896941509
17990104.0, 6729276.0, 1, 0.0244443143485
19072340.0, 6303642.0, 1, 0.0230557127526
16505722.0, 8238454.0, 1, 0.0226329673256
16906902.0, 7329338.0, 1, 0.0164847904846
15801706.0, 9909422.0, 1, 0.015733670091
19072340.0, 6303642.0, 1, 0.0154767264848
16096542.0, 9471888.0, 1, 0.0143124418854
17281742.0, 6937718.0, 1, 0.014146918456
16800464.0, 7596510.0, 1, 0.0123039676644
17037622.0, 7118450.0, 1, 0.0077505572081
17025916.0, 7313618.0, 1, 0.00724740035201
16514866.0, 7965890.0, 1, 0.00669656400058
15975696.0, 9488294.0, 1, 0.00643123850616
17161722.0, 6955492.0, 1, 0.00296521543381
17161722.0, 6955492.0, 1, 0.0
17161722.0, 6955492.0, 1, 0.0
17161722.0, 6955492.0, 1, 0.0
17161722.0, 6955492.0, 1, 0.0
17161722.0, 6955492.0, 1, 0.0
17281742.0, 6937718.0, 1, 0.0
17281742.0, 6937718.0, 1, 0.0
17281742.0, 6937718.0, 1, 0.0
17321632.0, 6852856.0, 1, 0.0
17321632.0, 6852856.0, 1, 0.0
17321632.0, 6852856.0, 1, 0.0
17321632.0, 6852856.0, 1, 0.0
17321632.0, 6852856.0, 1, 0.0
17990104.0, 6729276.0, 1, 0.0
17990104.0, 6729276.0, 1, 0.0
17990104.0, 6729276.0, 1, 0.0
18154450.0, 6614188.0, 1, 0.0
18154450.0, 6614188.0, 1, 0.0
18154450.0, 6614188.0, 1, 0.0
18154450.0, 6614188.0, 1, 0.0
18154450.0, 6614188.0, 1, 0.0
18154450.0, 6614188.0, 1, 0.0
18154450.0, 6614188.0, 1, 0.0
18154450.0, 6614188.0, 1, 0.0
18154450.0, 6614188.0, 1, 0.0
18275566.0, 6595074.0, 1, 0.0
18275566.0, 6595074.0, 1, 0.0
18275566.0, 6595074.0, 1, 0.0
19072340.0, 6303642.0, 1, 0.0
19072340.0, 6303642.0, 1, 0.0
19072340.0, 6303642.0, 1, 0.0
19072340.0, 6303642.0, 1, 0.0
19072340.0, 6303642.0, 1, 0.0
19072340.0, 6303642.0, 1, 0.0
19072340.0, 6303642.0, 1, 0.0
19072340.0, 6303642.0, 1, 0.0
19072340.0, 6303642.0, 1, 0.0
19185380.0, 6284830.0, 1, 0.0
15801706.0, 9909422.0, 1, 0.0
15801706.0, 9909422.0, 1, 0.0
15825172.0, 9892696.0, 1, 0.0
15944172.0, 9752114.0, 1, 0.0
15944172.0, 9752114.0, 1, 0.0
15975696.0, 9488294.0, 1, 0.0
15975696.0, 9488294.0, 1, 0.0
15975696.0, 9488294.0, 1, 0.0
15975696.0, 9488294.0, 1, 0.0
15975696.0, 9488294.0, 1, 0.0
15975696.0, 9488294.0, 1, 0.0
15975696.0, 9488294.0, 1, 0.0
15975696.0, 9488294.0, 1, 0.0
15975696.0, 9488294.0, 1, 0.0
15975696.0, 9488294.0, 1, 0.0
15975696.0, 9488294.0, 1, 0.0
16132018.0, 9331812.0, 1, 0.0
16132018.0, 9331812.0, 1, 0.0
16132018.0, 9331812.0, 1, 0.0
16132018.0, 9331812.0, 1, 0.0
16132018.0, 9331812.0, 1, 0.0
16132018.0, 9331812.0, 1, 0.0
16132018.0, 9331812.0, 1, 0.0
16266036.0, 9180042.0, 1, 0.0
16266036.0, 9180042.0, 1, 0.0
16266036.0, 9180042.0, 1, 0.0
16266036.0, 9180042.0, 1, 0.0
16514866.0, 7965890.0, 1, 0.0
16771596.0, 7703098.0, 1, 0.0
16771596.0, 7703098.0, 1, 0.0
16800464.0, 7596510.0, 1, 0.0
16800464.0, 7596510.0, 1, 0.0
16906902.0, 7329338.0, 1, 0.0
16906902.0, 7329338.0, 1, 0.0
16906902.0, 7329338.0, 1, 0.0
17025916.0, 7313618.0, 1, 0.0
17037622.0, 7118450.0, 1, 0.0
17161722.0, 6955492.0, 1, 0.0
20608224.0, 6361654.0, 2, inf
15837804.0, 9932044.0, 2, inf
19374166.0, 6446118.0, 2, 0.446820201688
16919478.0, 7580790.0, 2, 0.335924090945
16489006.0, 8702118.0, 2, 0.32408980614
16581656.0, 8184920.0, 2, 0.317809417202
18070440.0, 6709552.0, 2, 0.282269707704
16231746.0, 9357892.0, 2, 0.269622790623
17862592.0, 7050474.0, 2, 0.250774979425
17121798.0, 7216348.0, 2, 0.250329586031
18639710.0, 6624290.0, 2, 0.182602921177
16494840.0, 8397676.0, 2, 0.164279334571
17027528.0, 7319250.0, 2, 0.144484802963
16122634.0, 9502626.0, 2, 0.135876672317
18795066.0, 6599930.0, 2, 0.128216707452
Generacion: 182
15738952.0, 10367056.0, 1, inf
19185380.0, 6284830.0, 1, inf
19185380.0, 6284830.0, 1, inf
16316918.0, 8338366.0, 1, 0.300201738028
18275566.0, 6595074.0, 1, 0.21396327886
18996838.0, 6318426.0, 1, 0.212902583053
16266036.0, 9180042.0, 1, 0.210714036872
17442302.0, 6835196.0, 1, 0.194755006907
17899764.0, 6742608.0, 1, 0.184894385063
16514866.0, 7965890.0, 1, 0.141260092436
16505722.0, 8238454.0, 1, 0.121550990722
15801706.0, 9909422.0, 1, 0.113885173
15761602.0, 10346532.0, 1, 0.113648406121
18275566.0, 6595074.0, 1, 0.102911380582
16771596.0, 7703098.0, 1, 0.100601882919
16906902.0, 7329338.0, 1, 0.0999801911897
15975696.0, 9488294.0, 1, 0.0952905850463
18996838.0, 6318426.0, 1, 0.0896762281283
17037622.0, 7118450.0, 1, 0.0826336717077
17025916.0, 7313618.0, 1, 0.0823417752862
16250412.0, 9315342.0, 1, 0.0760643036594
17157642.0, 7100676.0, 1, 0.0759272031142
16800464.0, 7596510.0, 1, 0.0738238345213
15967382.0, 9734152.0, 1, 0.0737733668651
16771596.0, 7703098.0, 1, 0.0727508904952
17161722.0, 6955492.0, 1, 0.0703893716616
16096542.0, 9471888.0, 1, 0.0693777619934
16132018.0, 9331812.0, 1, 0.0686663007356
16514866.0, 7965890.0, 1, 0.0670278636396
18063094.0, 6627720.0, 1, 0.0624814931237
16800464.0, 7596510.0, 1, 0.0569938342383
17321632.0, 6852856.0, 1, 0.0558012308241
17281742.0, 6937718.0, 1, 0.0556126297566
16266036.0, 9180042.0, 1, 0.04790737347
18016714.0, 6706106.0, 1, 0.0460560526501
15825172.0, 9892696.0, 1, 0.0412463725021
15944172.0, 9752114.0, 1, 0.0411720926971
15944172.0, 9752114.0, 1, 0.0389285534989
15825172.0, 9892696.0, 1, 0.0386257775135
18154450.0, 6614188.0, 1, 0.038457330267
19072340.0, 6303642.0, 1, 0.0364207299574
16906902.0, 7329338.0, 1, 0.0347344100908
17990104.0, 6729276.0, 1, 0.0318884717385
18154450.0, 6614188.0, 1, 0.0311896941509
16505722.0, 8238454.0, 1, 0.0271280638734
19072340.0, 6303642.0, 1, 0.0265155897903
15761602.0, 10346532.0, 1, 0.0166640448424
17281742.0, 6937718.0, 1, 0.0159282994966
17321632.0, 6852856.0, 1, 0.0159003735562
15801706.0, 9909422.0, 1, 0.015733670091
16132018.0, 9331812.0, 1, 0.0143281196064
16096542.0, 9471888.0, 1, 0.0143124418854
17990104.0, 6729276.0, 1, 0.0109869027908
17037622.0, 7118450.0, 1, 0.0077505572081
17025916.0, 7313618.0, 1, 0.00724740035201
15975696.0, 9488294.0, 1, 0.00643123850616
17161722.0, 6955492.0, 1, 0.00553783145262
17161722.0, 6955492.0, 1, 0.0
17161722.0, 6955492.0, 1, 0.0
17161722.0, 6955492.0, 1, 0.0
17161722.0, 6955492.0, 1, 0.0
17161722.0, 6955492.0, 1, 0.0
17161722.0, 6955492.0, 1, 0.0
17161722.0, 6955492.0, 1, 0.0
17161722.0, 6955492.0, 1, 0.0
17281742.0, 6937718.0, 1, 0.0
17281742.0, 6937718.0, 1, 0.0
17281742.0, 6937718.0, 1, 0.0
17321632.0, 6852856.0, 1, 0.0
17321632.0, 6852856.0, 1, 0.0
17321632.0, 6852856.0, 1, 0.0
17321632.0, 6852856.0, 1, 0.0
17321632.0, 6852856.0, 1, 0.0
17321632.0, 6852856.0, 1, 0.0
17321632.0, 6852856.0, 1, 0.0
17990104.0, 6729276.0, 1, 0.0
18154450.0, 6614188.0, 1, 0.0
18154450.0, 6614188.0, 1, 0.0
18154450.0, 6614188.0, 1, 0.0
18154450.0, 6614188.0, 1, 0.0
18154450.0, 6614188.0, 1, 0.0
18154450.0, 6614188.0, 1, 0.0
18154450.0, 6614188.0, 1, 0.0
18154450.0, 6614188.0, 1, 0.0
18996838.0, 6318426.0, 1, 0.0
19072340.0, 6303642.0, 1, 0.0
19072340.0, 6303642.0, 1, 0.0
19072340.0, 6303642.0, 1, 0.0
19072340.0, 6303642.0, 1, 0.0
19072340.0, 6303642.0, 1, 0.0
15825172.0, 9892696.0, 1, 0.0
15825172.0, 9892696.0, 1, 0.0
15944172.0, 9752114.0, 1, 0.0
15944172.0, 9752114.0, 1, 0.0
15944172.0, 9752114.0, 1, 0.0
15975696.0, 9488294.0, 1, 0.0
15975696.0, 9488294.0, 1, 0.0
15975696.0, 9488294.0, 1, 0.0
15975696.0, 9488294.0, 1, 0.0
15975696.0, 9488294.0, 1, 0.0
15975696.0, 9488294.0, 1, 0.0
15975696.0, 9488294.0, 1, 0.0
15975696.0, 9488294.0, 1, 0.0
15975696.0, 9488294.0, 1, 0.0
15975696.0, 9488294.0, 1, 0.0
15975696.0, 9488294.0, 1, 0.0
15975696.0, 9488294.0, 1, 0.0
16096542.0, 9471888.0, 1, 0.0
16096542.0, 9471888.0, 1, 0.0
16096542.0, 9471888.0, 1, 0.0
16132018.0, 9331812.0, 1, 0.0
16132018.0, 9331812.0, 1, 0.0
16132018.0, 9331812.0, 1, 0.0
16132018.0, 9331812.0, 1, 0.0
16266036.0, 9180042.0, 1, 0.0
16266036.0, 9180042.0, 1, 0.0
16266036.0, 9180042.0, 1, 0.0
16266036.0, 9180042.0, 1, 0.0
16266036.0, 9180042.0, 1, 0.0
16266036.0, 9180042.0, 1, 0.0
16505722.0, 8238454.0, 1, 0.0
16514866.0, 7965890.0, 1, 0.0
16771596.0, 7703098.0, 1, 0.0
16771596.0, 7703098.0, 1, 0.0
16771596.0, 7703098.0, 1, 0.0
16771596.0, 7703098.0, 1, 0.0
16800464.0, 7596510.0, 1, 0.0
16800464.0, 7596510.0, 1, 0.0
16800464.0, 7596510.0, 1, 0.0
16906902.0, 7329338.0, 1, 0.0
16906902.0, 7329338.0, 1, 0.0
16906902.0, 7329338.0, 1, 0.0
17025916.0, 7313618.0, 1, 0.0
17025916.0, 7313618.0, 1, 0.0
17025916.0, 7313618.0, 1, 0.0
19020118.0, 6732134.0, 2, inf
15837804.0, 9932044.0, 2, inf
15837804.0, 9932044.0, 2, inf
16246676.0, 9444472.0, 2, 0.482766001827
17956856.0, 6889650.0, 2, 0.462257535292
17480900.0, 6895562.0, 2, 0.414653918586
18792910.0, 6735644.0, 2, 0.383341126782
16416920.0, 8451260.0, 2, 0.28361982762
15863722.0, 9915382.0, 2, 0.280853142732
16777278.0, 7830392.0, 2, 0.211157619925
17116024.0, 7371024.0, 2, 0.210348029702
16355602.0, 8865174.0, 2, 0.200304085496
17116024.0, 7371024.0, 2, 0.180211166078
16355602.0, 8865174.0, 2, 0.163580314946
16702990.0, 8166506.0, 2, 0.156347226864
Generacion: 183
19185380.0, 6284830.0, 1, inf
19185380.0, 6284830.0, 1, inf
15761602.0, 10346532.0, 1, inf
16316918.0, 8338366.0, 1, 0.243377286908
18275566.0, 6595074.0, 1, 0.215371436964
18996838.0, 6318426.0, 1, 0.214305381404
16266036.0, 9180042.0, 1, 0.211785869474
17442302.0, 6835196.0, 1, 0.196001211774
17899764.0, 6742608.0, 1, 0.186077013509
16642370.0, 7949384.0, 1, 0.139684388402
15801706.0, 9909422.0, 1, 0.114471279299
16490244.0, 8185428.0, 1, 0.108847470085
18275566.0, 6595074.0, 1, 0.103486305533
16906902.0, 7329338.0, 1, 0.100539351737
15975696.0, 9488294.0, 1, 0.100249163358
15944172.0, 9752114.0, 1, 0.099709992886
16514866.0, 7965890.0, 1, 0.0912914726193
18996838.0, 6318426.0, 1, 0.0901635959418
17025916.0, 7313618.0, 1, 0.0901011367596
16440704.0, 8320016.0, 1, 0.088277866771
17037622.0, 7118450.0, 1, 0.0831056354253
17157642.0, 7100676.0, 1, 0.0763671283591
18063094.0, 6627720.0, 1, 0.0763362795975
16800464.0, 7596510.0, 1, 0.0742099577166
16096542.0, 9471888.0, 1, 0.0697831173506
16771596.0, 7703098.0, 1, 0.0690677784035
16132018.0, 9331812.0, 1, 0.0690669494215
16250412.0, 9315342.0, 1, 0.0678910876768
16771596.0, 7703098.0, 1, 0.0639858864138
17161722.0, 6955492.0, 1, 0.0579131147446
16800464.0, 7596510.0, 1, 0.0573300810433
17321632.0, 6852856.0, 1, 0.0561379034447
17990104.0, 6729276.0, 1, 0.0513893679923
16266036.0, 9180042.0, 1, 0.0481725194753
15944172.0, 9752114.0, 1, 0.0438189714573
15825172.0, 9892696.0, 1, 0.0414654310116
17237622.0, 6948220.0, 1, 0.0394308409672
15825172.0, 9892696.0, 1, 0.0388749045412
18154450.0, 6614188.0, 1, 0.0387065654145
19113198.0, 6298954.0, 1, 0.037647715276
16906902.0, 7329338.0, 1, 0.034958178821
17281742.0, 6937718.0, 1, 0.0337795612858
18154450.0, 6614188.0, 1, 0.0313887137854
17990104.0, 6729276.0, 1, 0.0246009229516
19072340.0, 6303642.0, 1, 0.0232064434968
16316918.0, 8338366.0, 1, 0.019379171268
17321632.0, 6852856.0, 1, 0.0159988032141
15801706.0, 9909422.0, 1, 0.0158313544045
19072340.0, 6303642.0, 1, 0.0155734542759
16132018.0, 9331812.0, 1, 0.0144166034844
16096542.0, 9471888.0, 1, 0.0144008465431
17281742.0, 6937718.0, 1, 0.0142364878104
15975696.0, 9488294.0, 1, 0.0132465660962
16514866.0, 7965890.0, 1, 0.011255284585
16250412.0, 9315342.0, 1, 0.00861833034867
17037622.0, 7118450.0, 1, 0.00779502813118
17161722.0, 6955492.0, 1, 0.00298204850387
16906902.0, 7329338.0, 1, 0.0
16906902.0, 7329338.0, 1, 0.0
16906902.0, 7329338.0, 1, 0.0
17161722.0, 6955492.0, 1, 0.0
17161722.0, 6955492.0, 1, 0.0
17161722.0, 6955492.0, 1, 0.0
17161722.0, 6955492.0, 1, 0.0
17161722.0, 6955492.0, 1, 0.0
17161722.0, 6955492.0, 1, 0.0
17281742.0, 6937718.0, 1, 0.0
17281742.0, 6937718.0, 1, 0.0
17281742.0, 6937718.0, 1, 0.0
17281742.0, 6937718.0, 1, 0.0
17281742.0, 6937718.0, 1, 0.0
17321632.0, 6852856.0, 1, 0.0
17321632.0, 6852856.0, 1, 0.0
17321632.0, 6852856.0, 1, 0.0
17321632.0, 6852856.0, 1, 0.0
17990104.0, 6729276.0, 1, 0.0
18154450.0, 6614188.0, 1, 0.0
18154450.0, 6614188.0, 1, 0.0
18154450.0, 6614188.0, 1, 0.0
18154450.0, 6614188.0, 1, 0.0
18154450.0, 6614188.0, 1, 0.0
18154450.0, 6614188.0, 1, 0.0
18154450.0, 6614188.0, 1, 0.0
18996838.0, 6318426.0, 1, 0.0
18996838.0, 6318426.0, 1, 0.0
19072340.0, 6303642.0, 1, 0.0
19072340.0, 6303642.0, 1, 0.0
19072340.0, 6303642.0, 1, 0.0
19072340.0, 6303642.0, 1, 0.0
19072340.0, 6303642.0, 1, 0.0
19072340.0, 6303642.0, 1, 0.0
19185380.0, 6284830.0, 1, 0.0
15801706.0, 9909422.0, 1, 0.0
15801706.0, 9909422.0, 1, 0.0
15825172.0, 9892696.0, 1, 0.0
15825172.0, 9892696.0, 1, 0.0
15825172.0, 9892696.0, 1, 0.0
15825172.0, 9892696.0, 1, 0.0
15944172.0, 9752114.0, 1, 0.0
15944172.0, 9752114.0, 1, 0.0
15944172.0, 9752114.0, 1, 0.0
15944172.0, 9752114.0, 1, 0.0
15975696.0, 9488294.0, 1, 0.0
15975696.0, 9488294.0, 1, 0.0
15975696.0, 9488294.0, 1, 0.0
15975696.0, 9488294.0, 1, 0.0
15975696.0, 9488294.0, 1, 0.0
15975696.0, 9488294.0, 1, 0.0
16132018.0, 9331812.0, 1, 0.0
16132018.0, 9331812.0, 1, 0.0
16132018.0, 9331812.0, 1, 0.0
16132018.0, 9331812.0, 1, 0.0
16132018.0, 9331812.0, 1, 0.0
16132018.0, 9331812.0, 1, 0.0
16132018.0, 9331812.0, 1, 0.0
16132018.0, 9331812.0, 1, 0.0
16266036.0, 9180042.0, 1, 0.0
16266036.0, 9180042.0, 1, 0.0
16266036.0, 9180042.0, 1, 0.0
16266036.0, 9180042.0, 1, 0.0
16266036.0, 9180042.0, 1, 0.0
16266036.0, 9180042.0, 1, 0.0
16514866.0, 7965890.0, 1, 0.0
16514866.0, 7965890.0, 1, 0.0
16514866.0, 7965890.0, 1, 0.0
16771596.0, 7703098.0, 1, 0.0
16771596.0, 7703098.0, 1, 0.0
16771596.0, 7703098.0, 1, 0.0
16771596.0, 7703098.0, 1, 0.0
16800464.0, 7596510.0, 1, 0.0
16906902.0, 7329338.0, 1, 0.0
16906902.0, 7329338.0, 1, 0.0
18110570.0, 6710048.0, 2, inf
15837804.0, 9932044.0, 2, inf
18110570.0, 6710048.0, 2, inf
15837804.0, 9932044.0, 2, inf
17360408.0, 6911624.0, 2, 0.551937551046
17116024.0, 7371024.0, 2, 0.401692682081
18024538.0, 6880642.0, 2, 0.392628116963
16469800.0, 8699338.0, 2, 0.358203824245
16184222.0, 9547946.0, 2, 0.345451382527
16919478.0, 7580790.0, 2, 0.336980903764
16422722.0, 9274920.0, 2, 0.283889414893
15886596.0, 9900290.0, 2, 0.271632519775
16820346.0, 8037606.0, 2, 0.228765418005
16383488.0, 9491668.0, 2, 0.189676367952
16505722.0, 8238454.0, 2, 0.17645339881
16648162.0, 8118526.0, 2, 0.107375513792
16726454.0, 8044230.0, 2, 0.10087453574
16581656.0, 8184920.0, 2, 0.0998941797592
Generacion: 184
15761602.0, 10346532.0, 1, inf
19185380.0, 6284830.0, 1, inf
19185380.0, 6284830.0, 1, inf
18275566.0, 6595074.0, 1, 0.318857742498
16316918.0, 8338366.0, 1, 0.243377286908
18996838.0, 6318426.0, 1, 0.214305381404
16266036.0, 9180042.0, 1, 0.211785869474
17899764.0, 6742608.0, 1, 0.186077013509
17442302.0, 6835196.0, 1, 0.158854361834
16440704.0, 8320016.0, 1, 0.149520078019
17037622.0, 7118450.0, 1, 0.127836950948
16514866.0, 7965890.0, 1, 0.124427335368
15801706.0, 9909422.0, 1, 0.114471279299
16771596.0, 7703098.0, 1, 0.104958450969
16906902.0, 7329338.0, 1, 0.100539351737
15975696.0, 9488294.0, 1, 0.0958268793006
18996838.0, 6318426.0, 1, 0.0901635959418
17025916.0, 7313618.0, 1, 0.0828118079633
17161722.0, 6955492.0, 1, 0.0751754623106
16800464.0, 7596510.0, 1, 0.0742099577166
16096542.0, 9471888.0, 1, 0.0697831173506
17442302.0, 6835196.0, 1, 0.0696909339261
16642370.0, 7949384.0, 1, 0.0693997598052
15941572.0, 9771226.0, 1, 0.0693685251958
16132018.0, 9331812.0, 1, 0.0690669494215
16250412.0, 9315342.0, 1, 0.0678910876768
15967382.0, 9734152.0, 1, 0.0673098434414
17281742.0, 6937718.0, 1, 0.0602959856775
16652226.0, 7846962.0, 1, 0.0600815166989
18154450.0, 6614188.0, 1, 0.0589759007818
18110570.0, 6710048.0, 1, 0.0587860520241
16800464.0, 7596510.0, 1, 0.0573300810433
17281742.0, 6937718.0, 1, 0.0512715619485
16266036.0, 9180042.0, 1, 0.0481725194753
17161722.0, 6955492.0, 1, 0.0406225070156
17990104.0, 6729276.0, 1, 0.0384674762152
16652226.0, 7846962.0, 1, 0.0382983257461
15825172.0, 9892696.0, 1, 0.0381155095104
15825172.0, 9892696.0, 1, 0.0367600144153
19072340.0, 6303642.0, 1, 0.0366560127829
16906902.0, 7329338.0, 1, 0.034958178821
17990104.0, 6729276.0, 1, 0.031120032625
19072340.0, 6303642.0, 1, 0.0266838034804
16514866.0, 7965890.0, 1, 0.0257246806732
16316918.0, 8338366.0, 1, 0.019379171268
18110570.0, 6710048.0, 1, 0.0175502275734
18154450.0, 6614188.0, 1, 0.0175221605217
15801706.0, 9909422.0, 1, 0.0158313544045
16132018.0, 9331812.0, 1, 0.0144166034844
16096542.0, 9471888.0, 1, 0.0144008465431
15944172.0, 9752114.0, 1, 0.0114844776219
16250412.0, 9315342.0, 1, 0.00861833034867
17025916.0, 7313618.0, 1, 0.00728932879627
15967382.0, 9734152.0, 1, 0.00685059570599
15975696.0, 9488294.0, 1, 0.00646750507058
15944172.0, 9752114.0, 1, 0.00518167908814
17161722.0, 6955492.0, 1, 0.0
17161722.0, 6955492.0, 1, 0.0
17161722.0, 6955492.0, 1, 0.0
17281742.0, 6937718.0, 1, 0.0
17281742.0, 6937718.0, 1, 0.0
17281742.0, 6937718.0, 1, 0.0
17281742.0, 6937718.0, 1, 0.0
17281742.0, 6937718.0, 1, 0.0
17281742.0, 6937718.0, 1, 0.0
17281742.0, 6937718.0, 1, 0.0
17281742.0, 6937718.0, 1, 0.0
17281742.0, 6937718.0, 1, 0.0
17442302.0, 6835196.0, 1, 0.0
17990104.0, 6729276.0, 1, 0.0
17990104.0, 6729276.0, 1, 0.0
18110570.0, 6710048.0, 1, 0.0
18110570.0, 6710048.0, 1, 0.0
18110570.0, 6710048.0, 1, 0.0
18154450.0, 6614188.0, 1, 0.0
18154450.0, 6614188.0, 1, 0.0
18154450.0, 6614188.0, 1, 0.0
18154450.0, 6614188.0, 1, 0.0
19072340.0, 6303642.0, 1, 0.0
19072340.0, 6303642.0, 1, 0.0
19072340.0, 6303642.0, 1, 0.0
19072340.0, 6303642.0, 1, 0.0
19072340.0, 6303642.0, 1, 0.0
19072340.0, 6303642.0, 1, 0.0
19072340.0, 6303642.0, 1, 0.0
19072340.0, 6303642.0, 1, 0.0
19072340.0, 6303642.0, 1, 0.0
19072340.0, 6303642.0, 1, 0.0
19072340.0, 6303642.0, 1, 0.0
19185380.0, 6284830.0, 1, 0.0
19185380.0, 6284830.0, 1, 0.0
19185380.0, 6284830.0, 1, 0.0
15801706.0, 9909422.0, 1, 0.0
15801706.0, 9909422.0, 1, 0.0
15801706.0, 9909422.0, 1, 0.0
15825172.0, 9892696.0, 1, 0.0
15825172.0, 9892696.0, 1, 0.0
15825172.0, 9892696.0, 1, 0.0
15975696.0, 9488294.0, 1, 0.0
15975696.0, 9488294.0, 1, 0.0
15975696.0, 9488294.0, 1, 0.0
15975696.0, 9488294.0, 1, 0.0
15975696.0, 9488294.0, 1, 0.0
15975696.0, 9488294.0, 1, 0.0
15975696.0, 9488294.0, 1, 0.0
15975696.0, 9488294.0, 1, 0.0
15975696.0, 9488294.0, 1, 0.0
15975696.0, 9488294.0, 1, 0.0
15975696.0, 9488294.0, 1, 0.0
16096542.0, 9471888.0, 1, 0.0
16096542.0, 9471888.0, 1, 0.0
16132018.0, 9331812.0, 1, 0.0
16132018.0, 9331812.0, 1, 0.0
16250412.0, 9315342.0, 1, 0.0
16250412.0, 9315342.0, 1, 0.0
16250412.0, 9315342.0, 1, 0.0
16250412.0, 9315342.0, 1, 0.0
16250412.0, 9315342.0, 1, 0.0
16266036.0, 9180042.0, 1, 0.0
16266036.0, 9180042.0, 1, 0.0
16266036.0, 9180042.0, 1, 0.0
16266036.0, 9180042.0, 1, 0.0
16266036.0, 9180042.0, 1, 0.0
16266036.0, 9180042.0, 1, 0.0
16906902.0, 7329338.0, 1, 0.0
16906902.0, 7329338.0, 1, 0.0
16906902.0, 7329338.0, 1, 0.0
17025916.0, 7313618.0, 1, 0.0
17025916.0, 7313618.0, 1, 0.0
17161722.0, 6955492.0, 1, 0.0
17161722.0, 6955492.0, 1, 0.0
17161722.0, 6955492.0, 1, 0.0
18795066.0, 6599930.0, 2, inf
15837804.0, 9932044.0, 2, inf
17480900.0, 6895562.0, 2, 0.681844498056
16355602.0, 8865174.0, 2, 0.550741375785
18792910.0, 6735644.0, 2, 0.53310811163
17117732.0, 7120110.0, 2, 0.395488825844
16581656.0, 8184920.0, 2, 0.327146569954
16187080.0, 9575462.0, 2, 0.315937947264
16919478.0, 7580790.0, 2, 0.232842457917
16726454.0, 8044230.0, 2, 0.221436483013
16867018.0, 7613474.0, 2, 0.204354063175
16066234.0, 9591868.0, 2, 0.142954295266
16066234.0, 9591868.0, 2, 0.0821673488172
16702990.0, 8166506.0, 2, 0.0777253916753
16702990.0, 8166506.0, 2, 0.0134605878077
19020118.0, 6732134.0, 3, inf
16383488.0, 9491668.0, 3, inf
16384174.0, 9162336.0, 3, 0.52717051219
Generacion: 185
19185380.0, 6284830.0, 1, inf
15761602.0, 10346532.0, 1, inf
19185380.0, 6284830.0, 1, inf
18275566.0, 6595074.0, 1, 0.318857742498
16316918.0, 8338366.0, 1, 0.243377286908
18996838.0, 6318426.0, 1, 0.214305381404
16266036.0, 9180042.0, 1, 0.211785869474
17442302.0, 6835196.0, 1, 0.137961150072
17899764.0, 6742608.0, 1, 0.136895586916
15801706.0, 9909422.0, 1, 0.112852599583
16490244.0, 8185428.0, 1, 0.108847470085
16906902.0, 7329338.0, 1, 0.100539351737
15975696.0, 9488294.0, 1, 0.0958268793006
16514866.0, 7965890.0, 1, 0.0912914726193
18996838.0, 6318426.0, 1, 0.0901635959418
17025916.0, 7313618.0, 1, 0.0828118079633
15819630.0, 9789000.0, 1, 0.0803403355528
17037622.0, 7118450.0, 1, 0.0801668905058
17078728.0, 7050656.0, 1, 0.0763671283591
18063094.0, 6627720.0, 1, 0.0763362795975
16800464.0, 7596510.0, 1, 0.0742099577166
16096542.0, 9471888.0, 1, 0.0697831173506
16440704.0, 8320016.0, 1, 0.0692906601689
16132018.0, 9331812.0, 1, 0.0690669494215
16250412.0, 9315342.0, 1, 0.0678910876768
15967382.0, 9734152.0, 1, 0.0673098434414
16642370.0, 7949384.0, 1, 0.0624572548455
16771596.0, 7703098.0, 1, 0.0611071950968
16652226.0, 7846962.0, 1, 0.0600815166989
17161722.0, 6955492.0, 1, 0.0584844298321
17442302.0, 6835196.0, 1, 0.0580400617025
16800464.0, 7596510.0, 1, 0.0573300810433
17321632.0, 6852856.0, 1, 0.0561379034447
17281742.0, 6937718.0, 1, 0.0559480546869
17990104.0, 6729276.0, 1, 0.0513893679923
17899764.0, 6742608.0, 1, 0.0491814265924
16266036.0, 9180042.0, 1, 0.0481725194753
16771596.0, 7703098.0, 1, 0.0438512558719
15801706.0, 9909422.0, 1, 0.041361538549
15944172.0, 9752114.0, 1, 0.0407978901859
18154450.0, 6614188.0, 1, 0.0387065654145
16652226.0, 7846962.0, 1, 0.0382983257461
19072340.0, 6303642.0, 1, 0.0366560127829
16906902.0, 7329338.0, 1, 0.034958178821
18154450.0, 6614188.0, 1, 0.0313887137854
17161722.0, 6955492.0, 1, 0.0286164715776
19072340.0, 6303642.0, 1, 0.0266838034804
17990104.0, 6729276.0, 1, 0.0246009229516
16316918.0, 8338366.0, 1, 0.019379171268
16440704.0, 8320016.0, 1, 0.0189872066021
17281742.0, 6937718.0, 1, 0.0160268702658
17321632.0, 6852856.0, 1, 0.0159988032141
15944172.0, 9752114.0, 1, 0.0158604756641
16132018.0, 9331812.0, 1, 0.0144166034844
16096542.0, 9471888.0, 1, 0.0144008465431
16514866.0, 7965890.0, 1, 0.011255284585
16250412.0, 9315342.0, 1, 0.00861833034867
17025916.0, 7313618.0, 1, 0.00728932879627
16642370.0, 7949384.0, 1, 0.00694250495967
15967382.0, 9734152.0, 1, 0.00685059570599
15975696.0, 9488294.0, 1, 0.00646750507058
17025916.0, 7313618.0, 1, 0.0
17161722.0, 6955492.0, 1, 0.0
17161722.0, 6955492.0, 1, 0.0
17161722.0, 6955492.0, 1, 0.0
17161722.0, 6955492.0, 1, 0.0
17161722.0, 6955492.0, 1, 0.0
17161722.0, 6955492.0, 1, 0.0
17161722.0, 6955492.0, 1, 0.0
17281742.0, 6937718.0, 1, 0.0
17281742.0, 6937718.0, 1, 0.0
17281742.0, 6937718.0, 1, 0.0
17281742.0, 6937718.0, 1, 0.0
17281742.0, 6937718.0, 1, 0.0
17442302.0, 6835196.0, 1, 0.0
17990104.0, 6729276.0, 1, 0.0
17990104.0, 6729276.0, 1, 0.0
17990104.0, 6729276.0, 1, 0.0
17990104.0, 6729276.0, 1, 0.0
18154450.0, 6614188.0, 1, 0.0
18154450.0, 6614188.0, 1, 0.0
18154450.0, 6614188.0, 1, 0.0
18154450.0, 6614188.0, 1, 0.0
18154450.0, 6614188.0, 1, 0.0
18996838.0, 6318426.0, 1, 0.0
19072340.0, 6303642.0, 1, 0.0
19072340.0, 6303642.0, 1, 0.0
19072340.0, 6303642.0, 1, 0.0
19072340.0, 6303642.0, 1, 0.0
19072340.0, 6303642.0, 1, 0.0
19072340.0, 6303642.0, 1, 0.0
19072340.0, 6303642.0, 1, 0.0
19185380.0, 6284830.0, 1, 0.0
19185380.0, 6284830.0, 1, 0.0
19185380.0, 6284830.0, 1, 0.0
19185380.0, 6284830.0, 1, 0.0
19185380.0, 6284830.0, 1, 0.0
19185380.0, 6284830.0, 1, 0.0
15801706.0, 9909422.0, 1, 0.0
15967382.0, 9734152.0, 1, 0.0
15975696.0, 9488294.0, 1, 0.0
15975696.0, 9488294.0, 1, 0.0
15975696.0, 9488294.0, 1, 0.0
15975696.0, 9488294.0, 1, 0.0
15975696.0, 9488294.0, 1, 0.0
15975696.0, 9488294.0, 1, 0.0
16096542.0, 9471888.0, 1, 0.0
16132018.0, 9331812.0, 1, 0.0
16250412.0, 9315342.0, 1, 0.0
16250412.0, 9315342.0, 1, 0.0
16250412.0, 9315342.0, 1, 0.0
16250412.0, 9315342.0, 1, 0.0
16266036.0, 9180042.0, 1, 0.0
16266036.0, 9180042.0, 1, 0.0
16266036.0, 9180042.0, 1, 0.0
16266036.0, 9180042.0, 1, 0.0
16266036.0, 9180042.0, 1, 0.0
16266036.0, 9180042.0, 1, 0.0
16266036.0, 9180042.0, 1, 0.0
16440704.0, 8320016.0, 1, 0.0
16440704.0, 8320016.0, 1, 0.0
16440704.0, 8320016.0, 1, 0.0
16642370.0, 7949384.0, 1, 0.0
16771596.0, 7703098.0, 1, 0.0
16800464.0, 7596510.0, 1, 0.0
16906902.0, 7329338.0, 1, 0.0
16906902.0, 7329338.0, 1, 0.0
16906902.0, 7329338.0, 1, 0.0
17025916.0, 7313618.0, 1, 0.0
15825172.0, 9892696.0, 2, inf
15825172.0, 9892696.0, 2, inf
18110570.0, 6710048.0, 2, inf
18110570.0, 6710048.0, 2, inf
17459294.0, 6965754.0, 2, 0.499360203933
16384174.0, 9162336.0, 2, 0.3415286401
17116024.0, 7371024.0, 2, 0.338341527851
16896392.0, 7685292.0, 2, 0.292557042594
17201200.0, 7032946.0, 2, 0.277538770965
16416920.0, 8451260.0, 2, 0.277119937254
16059384.0, 9579470.0, 2, 0.252719100104
16383488.0, 9491668.0, 2, 0.217616775005
16122634.0, 9502626.0, 2, 0.169402843076
16581656.0, 8184920.0, 2, 0.166359833647
16501110.0, 8443206.0, 2, 0.15576700643
16777278.0, 7830392.0, 2, 0.147305197051
16648162.0, 8118526.0, 2, 0.107563220542
16726454.0, 8044230.0, 2, 0.097434213707
16767532.0, 7974662.0, 2, 0.0894272830201
16383488.0, 9491668.0, 2, 0.00374321144657
18110570.0, 6710048.0, 2, 0.0
Generacion: 186
15744454.0, 9615674.0, 1, inf
19185380.0, 6284830.0, 1, inf
19185380.0, 6284830.0, 1, inf
16472146.0, 8599780.0, 1, 0.397183688431
18275566.0, 6595074.0, 1, 0.322121553295
18996838.0, 6318426.0, 1, 0.319052957872
16514866.0, 7965890.0, 1, 0.227364264405
16384174.0, 9162336.0, 1, 0.203226129082
17442302.0, 6835196.0, 1, 0.138249311466
17899764.0, 6742608.0, 1, 0.136949941096
16771596.0, 7703098.0, 1, 0.118272598299
16906902.0, 7329338.0, 1, 0.114799284424
17025916.0, 7313618.0, 1, 0.0931819405921
16132018.0, 9331812.0, 1, 0.0917165125827
16800464.0, 7596510.0, 1, 0.088601104051
16096542.0, 9471888.0, 1, 0.0771744033768
16642370.0, 7949384.0, 1, 0.0756245513315
16250412.0, 9315342.0, 1, 0.0750279336861
16266036.0, 9180042.0, 1, 0.0749535351085
15975696.0, 9488294.0, 1, 0.0733627568392
15975696.0, 9488294.0, 1, 0.0721288997518
17037622.0, 7118450.0, 1, 0.0705403609708
16652226.0, 7846962.0, 1, 0.065440806771
18110570.0, 6710048.0, 1, 0.0637892544321
16800464.0, 7596510.0, 1, 0.062933250173
17442302.0, 6835196.0, 1, 0.0628662071919
17161722.0, 6955492.0, 1, 0.0618048530067
17321632.0, 6852856.0, 1, 0.0605466749652
17281742.0, 6937718.0, 1, 0.0603577723268
17899764.0, 6742608.0, 1, 0.0540517194639
17132118.0, 7045174.0, 1, 0.0526902065887
17078728.0, 7050656.0, 1, 0.049461603978
16652226.0, 7846962.0, 1, 0.0460558006162
17990104.0, 6729276.0, 1, 0.0390123510407
19113198.0, 6298954.0, 1, 0.0384994397084
18154450.0, 6614188.0, 1, 0.0383931837233
16906902.0, 7329338.0, 1, 0.0356524768915
17990104.0, 6729276.0, 1, 0.0320272716062
16384174.0, 9162336.0, 1, 0.0308821435198
18187530.0, 6607946.0, 1, 0.0274589728501
17037622.0, 7118450.0, 1, 0.0237553911272
19072340.0, 6303642.0, 1, 0.0233498003242
18110570.0, 6710048.0, 1, 0.018525092251
16514866.0, 7965890.0, 1, 0.0173707634037
17281742.0, 6937718.0, 1, 0.016928994673
17321632.0, 6852856.0, 1, 0.0168947691133
19072340.0, 6303642.0, 1, 0.0163126439143
16096542.0, 9471888.0, 1, 0.0152354937326
18154450.0, 6614188.0, 1, 0.0146263806932
17161722.0, 6955492.0, 1, 0.0139396830749
18187530.0, 6607946.0, 1, 0.0134781771964
16266036.0, 9180042.0, 1, 0.00985640800557
16250412.0, 9315342.0, 1, 0.00948533088518
17025916.0, 7313618.0, 1, 0.00812151574911
17161722.0, 6955492.0, 1, 0.0
17161722.0, 6955492.0, 1, 0.0
17161722.0, 6955492.0, 1, 0.0
17161722.0, 6955492.0, 1, 0.0
17161722.0, 6955492.0, 1, 0.0
17281742.0, 6937718.0, 1, 0.0
17281742.0, 6937718.0, 1, 0.0
17281742.0, 6937718.0, 1, 0.0
17321632.0, 6852856.0, 1, 0.0
17321632.0, 6852856.0, 1, 0.0
17321632.0, 6852856.0, 1, 0.0
17321632.0, 6852856.0, 1, 0.0
17442302.0, 6835196.0, 1, 0.0
17442302.0, 6835196.0, 1, 0.0
17442302.0, 6835196.0, 1, 0.0
17442302.0, 6835196.0, 1, 0.0
17442302.0, 6835196.0, 1, 0.0
17899764.0, 6742608.0, 1, 0.0
17990104.0, 6729276.0, 1, 0.0
17990104.0, 6729276.0, 1, 0.0
17990104.0, 6729276.0, 1, 0.0
18154450.0, 6614188.0, 1, 0.0
18154450.0, 6614188.0, 1, 0.0
18154450.0, 6614188.0, 1, 0.0
18154450.0, 6614188.0, 1, 0.0
19072340.0, 6303642.0, 1, 0.0
19072340.0, 6303642.0, 1, 0.0
19072340.0, 6303642.0, 1, 0.0
19072340.0, 6303642.0, 1, 0.0
19072340.0, 6303642.0, 1, 0.0
19072340.0, 6303642.0, 1, 0.0
19072340.0, 6303642.0, 1, 0.0
19072340.0, 6303642.0, 1, 0.0
19072340.0, 6303642.0, 1, 0.0
19072340.0, 6303642.0, 1, 0.0
19072340.0, 6303642.0, 1, 0.0
19072340.0, 6303642.0, 1, 0.0
19072340.0, 6303642.0, 1, 0.0
19072340.0, 6303642.0, 1, 0.0
19072340.0, 6303642.0, 1, 0.0
19185380.0, 6284830.0, 1, 0.0
19185380.0, 6284830.0, 1, 0.0
15975696.0, 9488294.0, 1, 0.0
15975696.0, 9488294.0, 1, 0.0
15975696.0, 9488294.0, 1, 0.0
15975696.0, 9488294.0, 1, 0.0
16096542.0, 9471888.0, 1, 0.0
16096542.0, 9471888.0, 1, 0.0
16250412.0, 9315342.0, 1, 0.0
16250412.0, 9315342.0, 1, 0.0
16250412.0, 9315342.0, 1, 0.0
16266036.0, 9180042.0, 1, 0.0
16266036.0, 9180042.0, 1, 0.0
16266036.0, 9180042.0, 1, 0.0
16266036.0, 9180042.0, 1, 0.0
16266036.0, 9180042.0, 1, 0.0
16266036.0, 9180042.0, 1, 0.0
16384174.0, 9162336.0, 1, 0.0
16514866.0, 7965890.0, 1, 0.0
16652226.0, 7846962.0, 1, 0.0
16800464.0, 7596510.0, 1, 0.0
16906902.0, 7329338.0, 1, 0.0
17025916.0, 7313618.0, 1, 0.0
17025916.0, 7313618.0, 1, 0.0
17025916.0, 7313618.0, 1, 0.0
17025916.0, 7313618.0, 1, 0.0
17161722.0, 6955492.0, 1, 0.0
15761602.0, 10346532.0, 2, inf
21199778.0, 6545254.0, 2, inf
18745396.0, 6703370.0, 2, 0.518559983473
17328944.0, 6982886.0, 2, 0.341114411991
18631552.0, 6721258.0, 2, 0.333996650205
16511978.0, 9243248.0, 2, 0.325068678215
16581656.0, 8184920.0, 2, 0.318382170756
16896392.0, 7685292.0, 2, 0.285217822143
17116024.0, 7371024.0, 2, 0.231563671236
16702990.0, 8166506.0, 2, 0.189312135941
17197514.0, 7015538.0, 2, 0.141260072268
16122634.0, 9502626.0, 2, 0.140305854124
15801706.0, 9909422.0, 2, 0.11828623238
16383488.0, 9491668.0, 2, 0.105986820784
16412090.0, 9302070.0, 2, 0.088979112825
15967382.0, 9734152.0, 2, 0.0651753857576
15819630.0, 9789000.0, 2, 0.0620744269027
15801706.0, 9909422.0, 2, 0.0390538771964
15967382.0, 9734152.0, 2, 0.0332737956748
15941572.0, 9771226.0, 2, 0.0326050073529
15944172.0, 9752114.0, 2, 0.00929575790609
15944172.0, 9752114.0, 2, 0.00520335440918
15944172.0, 9752114.0, 2, 0.0
15944172.0, 9752114.0, 2, 0.0
15801706.0, 9909422.0, 2, 0.0
15801706.0, 9909422.0, 2, 0.0
15801706.0, 9909422.0, 2, 0.0
15801706.0, 9909422.0, 2, 0.0
15837804.0, 9932044.0, 3, inf
Generacion: 187
19185380.0, 6284830.0, 1, inf
19185380.0, 6284830.0, 1, inf
15820306.0, 10226598.0, 1, inf
18754666.0, 6516376.0, 1, 0.284524340694
15825172.0, 9892696.0, 1, 0.233480044089
16514866.0, 7965890.0, 1, 0.203348641106
16348574.0, 8618088.0, 1, 0.191980986976
16348574.0, 8618088.0, 1, 0.189986082066
18996838.0, 6318426.0, 1, 0.148372456524
16266036.0, 9180042.0, 1, 0.147206934459
18275566.0, 6595074.0, 1, 0.145639823324
17442302.0, 6835196.0, 1, 0.140424336055
17899764.0, 6742608.0, 1, 0.139326351597
15975696.0, 9488294.0, 1, 0.138505904664
16771596.0, 7703098.0, 1, 0.107589914724
16906902.0, 7329338.0, 1, 0.10314716173
17025916.0, 7313618.0, 1, 0.0848802317631
16800464.0, 7596510.0, 1, 0.0763584492079
16096542.0, 9471888.0, 1, 0.0714481782833
16132018.0, 9331812.0, 1, 0.0707195167442
16250412.0, 9315342.0, 1, 0.069507877703
16642370.0, 7949384.0, 1, 0.0638741717819
17037622.0, 7118450.0, 1, 0.0617282891906
16652226.0, 7846962.0, 1, 0.0614569886828
18110570.0, 6710048.0, 1, 0.0601179521001
17161722.0, 6955492.0, 1, 0.0598088436394
17442302.0, 6835196.0, 1, 0.05934849047
16266036.0, 9180042.0, 1, 0.0588525399601
16800464.0, 7596510.0, 1, 0.0586708687043
17321632.0, 6852856.0, 1, 0.0573884562924
17281742.0, 6937718.0, 1, 0.0571952956071
16514866.0, 7965890.0, 1, 0.0536045021098
17899764.0, 6742608.0, 1, 0.0503353157226
15975696.0, 9488294.0, 1, 0.0488933517275
18275566.0, 6595074.0, 1, 0.0461268359129
17078728.0, 7050656.0, 1, 0.0418622319567
18187530.0, 6607946.0, 1, 0.0408411693488
16652226.0, 7846962.0, 1, 0.0394262384326
17990104.0, 6729276.0, 1, 0.0391811541962
17078728.0, 7050656.0, 1, 0.0363579477601
16906902.0, 7329338.0, 1, 0.0356182689572
18154450.0, 6614188.0, 1, 0.0341494295653
17990104.0, 6729276.0, 1, 0.0317243776866
17161722.0, 6955492.0, 1, 0.0291724947626
19072340.0, 6303642.0, 1, 0.0236262649002
19113198.0, 6298954.0, 1, 0.0226396595536
17037622.0, 7118450.0, 1, 0.0206775566717
18110570.0, 6710048.0, 1, 0.0179178462404
17281742.0, 6937718.0, 1, 0.0163632667932
17321632.0, 6852856.0, 1, 0.0163343457608
19072340.0, 6303642.0, 1, 0.0158923847621
19113198.0, 6298954.0, 1, 0.0157249472062
16132018.0, 9331812.0, 1, 0.0147207411351
16096542.0, 9471888.0, 1, 0.014704504766
18154450.0, 6614188.0, 1, 0.0146233854806
16250412.0, 9315342.0, 1, 0.00882131663506
17025916.0, 7313618.0, 1, 0.00746673350807
16642370.0, 7949384.0, 1, 0.00711637138814
17442302.0, 6835196.0, 1, 0.0
17442302.0, 6835196.0, 1, 0.0
18110570.0, 6710048.0, 1, 0.0
18110570.0, 6710048.0, 1, 0.0
18154450.0, 6614188.0, 1, 0.0
18154450.0, 6614188.0, 1, 0.0
18154450.0, 6614188.0, 1, 0.0
18154450.0, 6614188.0, 1, 0.0
18154450.0, 6614188.0, 1, 0.0
18154450.0, 6614188.0, 1, 0.0
18154450.0, 6614188.0, 1, 0.0
18154450.0, 6614188.0, 1, 0.0
18154450.0, 6614188.0, 1, 0.0
18154450.0, 6614188.0, 1, 0.0
18275566.0, 6595074.0, 1, 0.0
18275566.0, 6595074.0, 1, 0.0
18275566.0, 6595074.0, 1, 0.0
18275566.0, 6595074.0, 1, 0.0
18275566.0, 6595074.0, 1, 0.0
19072340.0, 6303642.0, 1, 0.0
19072340.0, 6303642.0, 1, 0.0
19072340.0, 6303642.0, 1, 0.0
19185380.0, 6284830.0, 1, 0.0
19185380.0, 6284830.0, 1, 0.0
19185380.0, 6284830.0, 1, 0.0
19185380.0, 6284830.0, 1, 0.0
19185380.0, 6284830.0, 1, 0.0
19185380.0, 6284830.0, 1, 0.0
19185380.0, 6284830.0, 1, 0.0
15975696.0, 9488294.0, 1, 0.0
16096542.0, 9471888.0, 1, 0.0
16132018.0, 9331812.0, 1, 0.0
16132018.0, 9331812.0, 1, 0.0
16250412.0, 9315342.0, 1, 0.0
16266036.0, 9180042.0, 1, 0.0
16266036.0, 9180042.0, 1, 0.0
16266036.0, 9180042.0, 1, 0.0
16266036.0, 9180042.0, 1, 0.0
16266036.0, 9180042.0, 1, 0.0
16266036.0, 9180042.0, 1, 0.0
16266036.0, 9180042.0, 1, 0.0
16266036.0, 9180042.0, 1, 0.0
16514866.0, 7965890.0, 1, 0.0
16514866.0, 7965890.0, 1, 0.0
16642370.0, 7949384.0, 1, 0.0
16800464.0, 7596510.0, 1, 0.0
16906902.0, 7329338.0, 1, 0.0
16906902.0, 7329338.0, 1, 0.0
16906902.0, 7329338.0, 1, 0.0
16906902.0, 7329338.0, 1, 0.0
17025916.0, 7313618.0, 1, 0.0
17078728.0, 7050656.0, 1, 0.0
17161722.0, 6955492.0, 1, 0.0
17161722.0, 6955492.0, 1, 0.0
17161722.0, 6955492.0, 1, 0.0
17161722.0, 6955492.0, 1, 0.0
17161722.0, 6955492.0, 1, 0.0
17161722.0, 6955492.0, 1, 0.0
17161722.0, 6955492.0, 1, 0.0
17161722.0, 6955492.0, 1, 0.0
17161722.0, 6955492.0, 1, 0.0
17161722.0, 6955492.0, 1, 0.0
17161722.0, 6955492.0, 1, 0.0
17161722.0, 6955492.0, 1, 0.0
17281742.0, 6937718.0, 1, 0.0
17281742.0, 6937718.0, 1, 0.0
17281742.0, 6937718.0, 1, 0.0
17281742.0, 6937718.0, 1, 0.0
17281742.0, 6937718.0, 1, 0.0
17281742.0, 6937718.0, 1, 0.0
17281742.0, 6937718.0, 1, 0.0
17321632.0, 6852856.0, 1, 0.0
17321632.0, 6852856.0, 1, 0.0
17321632.0, 6852856.0, 1, 0.0
17321632.0, 6852856.0, 1, 0.0
17321632.0, 6852856.0, 1, 0.0
17321632.0, 6852856.0, 1, 0.0
17321632.0, 6852856.0, 1, 0.0
17321632.0, 6852856.0, 1, 0.0
15963354.0, 10202848.0, 2, inf
19243070.0, 6303926.0, 2, inf
16556028.0, 8479298.0, 2, 0.611656871509
16936998.0, 7434730.0, 2, 0.537025341776
18527116.0, 6641648.0, 2, 0.496031303017
16384174.0, 9162336.0, 2, 0.474775950119
15983596.0, 9649906.0, 2, 0.395181605044
17975048.0, 6890120.0, 2, 0.264277270619
17283788.0, 6939118.0, 2, 0.261481912618
18093150.0, 6870890.0, 2, 0.232056373785
17157642.0, 7100676.0, 2, 0.0989595822175
17157642.0, 7100676.0, 2, 0.0846468055735
17209102.0, 6999062.0, 2, 0.0492465620202
Generacion: 188
19185380.0, 6284830.0, 1, inf
19185380.0, 6284830.0, 1, inf
15801706.0, 9909422.0, 1, inf
15801706.0, 9909422.0, 1, inf
18986452.0, 6403850.0, 1, 0.315880078538
16348574.0, 8618088.0, 1, 0.221003372807
18275566.0, 6595074.0, 1, 0.213644230741
16501110.0, 8443206.0, 1, 0.18751122035
16514866.0, 7965890.0, 1, 0.169370318175
16266036.0, 9180042.0, 1, 0.159656709141
17442302.0, 6835196.0, 1, 0.140069102948
17899764.0, 6742608.0, 1, 0.13887503752
15944172.0, 9752114.0, 1, 0.129085954548
15975696.0, 9488294.0, 1, 0.108500556721
16771596.0, 7703098.0, 1, 0.104999723695
16815532.0, 7450386.0, 1, 0.0967246948356
16472146.0, 8599780.0, 1, 0.0933287337546
17025916.0, 7313618.0, 1, 0.0890185188466
17037622.0, 7118450.0, 1, 0.0881572935155
15819630.0, 9789000.0, 1, 0.0855041330205
18275566.0, 6595074.0, 1, 0.0787752590908
16096542.0, 9471888.0, 1, 0.0743604383295
16132018.0, 9331812.0, 1, 0.0736357822309
16250412.0, 9315342.0, 1, 0.072318116684
16906902.0, 7329338.0, 1, 0.0685693207023
16642370.0, 7949384.0, 1, 0.0659396423914
16652226.0, 7846962.0, 1, 0.0635357465079
17161722.0, 6955492.0, 1, 0.0617254131183
16266036.0, 9180042.0, 1, 0.0617213511563
17442302.0, 6835196.0, 1, 0.0612068113223
17321632.0, 6852856.0, 1, 0.0590752610678
17281742.0, 6937718.0, 1, 0.0588831621836
16771596.0, 7703098.0, 1, 0.052675790417
17899764.0, 6742608.0, 1, 0.0522431818474
18016714.0, 6706106.0, 1, 0.0495898288332
18063094.0, 6627720.0, 1, 0.0486252130728
16815532.0, 7450386.0, 1, 0.0463810129635
17078728.0, 7050656.0, 1, 0.0432316748715
16652226.0, 7846962.0, 1, 0.0426038981485
18187530.0, 6607946.0, 1, 0.0410676495226
19072340.0, 6303642.0, 1, 0.0397217382164
19113198.0, 6298954.0, 1, 0.0385975750477
17078728.0, 7050656.0, 1, 0.0384034264258
17990104.0, 6729276.0, 1, 0.0330912331591
16906902.0, 7329338.0, 1, 0.0313402322534
17161722.0, 6955492.0, 1, 0.0294315009485
18154450.0, 6614188.0, 1, 0.0287211797361
19072340.0, 6303642.0, 1, 0.0266764469042
18063094.0, 6627720.0, 1, 0.017440379948
17281742.0, 6937718.0, 1, 0.0166926850933
17321632.0, 6852856.0, 1, 0.0166612332775
16132018.0, 9331812.0, 1, 0.0150284212709
16096542.0, 9471888.0, 1, 0.0150107641112
15975696.0, 9488294.0, 1, 0.013842802895
18154450.0, 6614188.0, 1, 0.0135097412399
17990104.0, 6729276.0, 1, 0.0115424398757
16250412.0, 9315342.0, 1, 0.00916142580977
16514866.0, 7965890.0, 1, 0.00861929532253
17025916.0, 7313618.0, 1, 0.00779659300207
16642370.0, 7949384.0, 1, 0.00746670201715
16906902.0, 7329338.0, 1, 0.0
17161722.0, 6955492.0, 1, 0.0
17161722.0, 6955492.0, 1, 0.0
17161722.0, 6955492.0, 1, 0.0
17161722.0, 6955492.0, 1, 0.0
17161722.0, 6955492.0, 1, 0.0
17161722.0, 6955492.0, 1, 0.0
17161722.0, 6955492.0, 1, 0.0
17281742.0, 6937718.0, 1, 0.0
17281742.0, 6937718.0, 1, 0.0
17281742.0, 6937718.0, 1, 0.0
17281742.0, 6937718.0, 1, 0.0
17281742.0, 6937718.0, 1, 0.0
17281742.0, 6937718.0, 1, 0.0
17281742.0, 6937718.0, 1, 0.0
17321632.0, 6852856.0, 1, 0.0
17321632.0, 6852856.0, 1, 0.0
17321632.0, 6852856.0, 1, 0.0
17321632.0, 6852856.0, 1, 0.0
17442302.0, 6835196.0, 1, 0.0
17442302.0, 6835196.0, 1, 0.0
17442302.0, 6835196.0, 1, 0.0
17990104.0, 6729276.0, 1, 0.0
18154450.0, 6614188.0, 1, 0.0
18154450.0, 6614188.0, 1, 0.0
18154450.0, 6614188.0, 1, 0.0
18154450.0, 6614188.0, 1, 0.0
18154450.0, 6614188.0, 1, 0.0
18275566.0, 6595074.0, 1, 0.0
18275566.0, 6595074.0, 1, 0.0
18275566.0, 6595074.0, 1, 0.0
18275566.0, 6595074.0, 1, 0.0
18275566.0, 6595074.0, 1, 0.0
18275566.0, 6595074.0, 1, 0.0
18275566.0, 6595074.0, 1, 0.0
18275566.0, 6595074.0, 1, 0.0
19072340.0, 6303642.0, 1, 0.0
19072340.0, 6303642.0, 1, 0.0
19072340.0, 6303642.0, 1, 0.0
19072340.0, 6303642.0, 1, 0.0
19072340.0, 6303642.0, 1, 0.0
19072340.0, 6303642.0, 1, 0.0
15975696.0, 9488294.0, 1, 0.0
15975696.0, 9488294.0, 1, 0.0
15975696.0, 9488294.0, 1, 0.0
15975696.0, 9488294.0, 1, 0.0
16096542.0, 9471888.0, 1, 0.0
16096542.0, 9471888.0, 1, 0.0
16096542.0, 9471888.0, 1, 0.0
16132018.0, 9331812.0, 1, 0.0
16266036.0, 9180042.0, 1, 0.0
16266036.0, 9180042.0, 1, 0.0
16266036.0, 9180042.0, 1, 0.0
16266036.0, 9180042.0, 1, 0.0
16514866.0, 7965890.0, 1, 0.0
16514866.0, 7965890.0, 1, 0.0
16514866.0, 7965890.0, 1, 0.0
16514866.0, 7965890.0, 1, 0.0
16514866.0, 7965890.0, 1, 0.0
16642370.0, 7949384.0, 1, 0.0
16652226.0, 7846962.0, 1, 0.0
16906902.0, 7329338.0, 1, 0.0
16906902.0, 7329338.0, 1, 0.0
16906902.0, 7329338.0, 1, 0.0
15820306.0, 10226598.0, 2, inf
20696180.0, 6400070.0, 2, inf
18070440.0, 6709552.0, 2, 0.495803274239
18986544.0, 6409982.0, 2, 0.428919382243
17318184.0, 6997878.0, 2, 0.305960907953
16556028.0, 8479298.0, 2, 0.246449976889
16633876.0, 8222062.0, 2, 0.214957363963
16493074.0, 9054610.0, 2, 0.213746502818
15825172.0, 9892696.0, 2, 0.213366368981
18986544.0, 6409982.0, 2, 0.190475422576
16103086.0, 9632068.0, 2, 0.163732808237
17027528.0, 7319250.0, 2, 0.15777522741
17273430.0, 7254836.0, 2, 0.143596329731
16777278.0, 7830392.0, 2, 0.131520498729
16323300.0, 9287618.0, 2, 0.101931253923
16919478.0, 7580790.0, 2, 0.0975131688468
16246676.0, 9444472.0, 2, 0.0965561371676
16384174.0, 9162336.0, 2, 0.0957119923438
16777278.0, 7830392.0, 2, 0.0946398892896
16919478.0, 7580790.0, 2, 0.0873894968472
16184222.0, 9547946.0, 2, 0.0784742007508
16777278.0, 7830392.0, 2, 0.0
19229904.0, 6685634.0, 3, inf
15844868.0, 10208504.0, 3, inf
16401572.0, 9813142.0, 3, 0.783570121249
16680792.0, 8318050.0, 3, 0.780061165545
Generacion: 189
19185380.0, 6284830.0, 1, inf
15801706.0, 9909422.0, 1, inf
19185380.0, 6284830.0, 1, inf
15801706.0, 9909422.0, 1, inf
18986452.0, 6403850.0, 1, 0.233660828471
18275566.0, 6595074.0, 1, 0.213644230741
16348574.0, 8618088.0, 1, 0.191559309687
16514866.0, 7965890.0, 1, 0.169370318175
17990104.0, 6729276.0, 1, 0.168288063587
17442302.0, 6835196.0, 1, 0.166767892489
16266036.0, 9180042.0, 1, 0.159656709141
16501110.0, 8443206.0, 1, 0.140248127326
16771596.0, 7703098.0, 1, 0.138396034231
16906902.0, 7329338.0, 1, 0.13829082315
15944172.0, 9752114.0, 1, 0.10959286053
15975696.0, 9488294.0, 1, 0.108500556721
17025916.0, 7313618.0, 1, 0.0890185188466
17037622.0, 7118450.0, 1, 0.0881572935155
16250412.0, 9315342.0, 1, 0.0814795424937
16472146.0, 8599780.0, 1, 0.0797177562101
16771596.0, 7703098.0, 1, 0.079678982805
18275566.0, 6595074.0, 1, 0.0787752590908
16096542.0, 9471888.0, 1, 0.0743604383295
16132018.0, 9331812.0, 1, 0.0736357822309
15819630.0, 9789000.0, 1, 0.0700303387347
16642370.0, 7949384.0, 1, 0.0659396423914
17442302.0, 6835196.0, 1, 0.0648850184143
16652226.0, 7846962.0, 1, 0.0635357465079
16266036.0, 9180042.0, 1, 0.0617213511563
17321632.0, 6852856.0, 1, 0.0590752610678
18986452.0, 6403850.0, 1, 0.0558268308439
18016714.0, 6706106.0, 1, 0.0495898288332
17161722.0, 6955492.0, 1, 0.0486863319302
18063094.0, 6627720.0, 1, 0.0486252130728
16501110.0, 8443206.0, 1, 0.0472630930245
18996838.0, 6318426.0, 1, 0.0458815093051
16906902.0, 7329338.0, 1, 0.0443249346804
17078728.0, 7050656.0, 1, 0.0432316748715
16652226.0, 7846962.0, 1, 0.0426038981485
17237622.0, 6948220.0, 1, 0.0403740444677
17078728.0, 7050656.0, 1, 0.0384034264258
19072340.0, 6303642.0, 1, 0.0374862775554
17990104.0, 6729276.0, 1, 0.0370868321824
17281742.0, 6937718.0, 1, 0.0364519232404
16348574.0, 8618088.0, 1, 0.0294440631195
18154450.0, 6614188.0, 1, 0.0287211797361
18187530.0, 6607946.0, 1, 0.0277399977428
19072340.0, 6303642.0, 1, 0.027503716715
17161722.0, 6955492.0, 1, 0.0265340713895
15944172.0, 9752114.0, 1, 0.0194930940175
18063094.0, 6627720.0, 1, 0.017440379948
17321632.0, 6852856.0, 1, 0.0166612332775
15819630.0, 9789000.0, 1, 0.0154737942859
16132018.0, 9331812.0, 1, 0.0150284212709
16096542.0, 9471888.0, 1, 0.0150107641112
17281742.0, 6937718.0, 1, 0.0146863903158
15975696.0, 9488294.0, 1, 0.013842802895
16472146.0, 8599780.0, 1, 0.0136109775445
18154450.0, 6614188.0, 1, 0.0135097412399
18187530.0, 6607946.0, 1, 0.0133276517799
16514866.0, 7965890.0, 1, 0.00861929532253
17025916.0, 7313618.0, 1, 0.00779659300207
16642370.0, 7949384.0, 1, 0.00746670201715
18996838.0, 6318426.0, 1, 0.00714824853726
18154450.0, 6614188.0, 1, 0.0
18154450.0, 6614188.0, 1, 0.0
18154450.0, 6614188.0, 1, 0.0
18154450.0, 6614188.0, 1, 0.0
18154450.0, 6614188.0, 1, 0.0
18187530.0, 6607946.0, 1, 0.0
18275566.0, 6595074.0, 1, 0.0
18275566.0, 6595074.0, 1, 0.0
18275566.0, 6595074.0, 1, 0.0
18275566.0, 6595074.0, 1, 0.0
18986452.0, 6403850.0, 1, 0.0
19072340.0, 6303642.0, 1, 0.0
19072340.0, 6303642.0, 1, 0.0
19072340.0, 6303642.0, 1, 0.0
19072340.0, 6303642.0, 1, 0.0
19185380.0, 6284830.0, 1, 0.0
19185380.0, 6284830.0, 1, 0.0
19185380.0, 6284830.0, 1, 0.0
19185380.0, 6284830.0, 1, 0.0
15801706.0, 9909422.0, 1, 0.0
15975696.0, 9488294.0, 1, 0.0
15975696.0, 9488294.0, 1, 0.0
15975696.0, 9488294.0, 1, 0.0
15975696.0, 9488294.0, 1, 0.0
15975696.0, 9488294.0, 1, 0.0
15975696.0, 9488294.0, 1, 0.0
15975696.0, 9488294.0, 1, 0.0
16096542.0, 9471888.0, 1, 0.0
16096542.0, 9471888.0, 1, 0.0
16096542.0, 9471888.0, 1, 0.0
16096542.0, 9471888.0, 1, 0.0
16096542.0, 9471888.0, 1, 0.0
16266036.0, 9180042.0, 1, 0.0
16266036.0, 9180042.0, 1, 0.0
16501110.0, 8443206.0, 1, 0.0
16514866.0, 7965890.0, 1, 0.0
16514866.0, 7965890.0, 1, 0.0
16514866.0, 7965890.0, 1, 0.0
16642370.0, 7949384.0, 1, 0.0
16652226.0, 7846962.0, 1, 0.0
16771596.0, 7703098.0, 1, 0.0
16906902.0, 7329338.0, 1, 0.0
17025916.0, 7313618.0, 1, 0.0
17161722.0, 6955492.0, 1, 0.0
17161722.0, 6955492.0, 1, 0.0
17161722.0, 6955492.0, 1, 0.0
17161722.0, 6955492.0, 1, 0.0
17161722.0, 6955492.0, 1, 0.0
17161722.0, 6955492.0, 1, 0.0
17161722.0, 6955492.0, 1, 0.0
17161722.0, 6955492.0, 1, 0.0
17161722.0, 6955492.0, 1, 0.0
17161722.0, 6955492.0, 1, 0.0
17281742.0, 6937718.0, 1, 0.0
17281742.0, 6937718.0, 1, 0.0
17281742.0, 6937718.0, 1, 0.0
17281742.0, 6937718.0, 1, 0.0
17281742.0, 6937718.0, 1, 0.0
17281742.0, 6937718.0, 1, 0.0
17281742.0, 6937718.0, 1, 0.0
17321632.0, 6852856.0, 1, 0.0
17321632.0, 6852856.0, 1, 0.0
17321632.0, 6852856.0, 1, 0.0
17321632.0, 6852856.0, 1, 0.0
17321632.0, 6852856.0, 1, 0.0
17442302.0, 6835196.0, 1, 0.0
17442302.0, 6835196.0, 1, 0.0
17442302.0, 6835196.0, 1, 0.0
17442302.0, 6835196.0, 1, 0.0
17442302.0, 6835196.0, 1, 0.0
18063094.0, 6627720.0, 1, 0.0
18063094.0, 6627720.0, 1, 0.0
18154450.0, 6614188.0, 1, 0.0
18154450.0, 6614188.0, 1, 0.0
18154450.0, 6614188.0, 1, 0.0
18154450.0, 6614188.0, 1, 0.0
18154450.0, 6614188.0, 1, 0.0
18154450.0, 6614188.0, 1, 0.0
18154450.0, 6614188.0, 1, 0.0
15837804.0, 9932044.0, 2, inf
21079810.0, 6560188.0, 2, inf
18070440.0, 6709552.0, 2, 0.819334972526
16066234.0, 9591868.0, 2, 0.440451240978
16506002.0, 8876716.0, 2, 0.423394112021
16777278.0, 7830392.0, 2, 0.363889691723
17116024.0, 7371024.0, 2, 0.321830365084
Generacion: 190
19185380.0, 6284830.0, 1, inf
15801706.0, 9909422.0, 1, inf
15801706.0, 9909422.0, 1, inf
18187530.0, 6607946.0, 1, 0.330555308838
18996838.0, 6318426.0, 1, 0.243259055902
16348574.0, 8618088.0, 1, 0.191559309687
17899764.0, 6742608.0, 1, 0.191118219367
16514866.0, 7965890.0, 1, 0.169370318175
16266036.0, 9180042.0, 1, 0.16633288421
16896392.0, 7685292.0, 1, 0.143105707799
16501110.0, 8443206.0, 1, 0.140248127326
17442302.0, 6835196.0, 1, 0.140069102948
16906902.0, 7329338.0, 1, 0.133378270234
15975696.0, 9488294.0, 1, 0.108500556721
18996838.0, 6318426.0, 1, 0.102190191772
16472146.0, 8599780.0, 1, 0.0933287337546
16096542.0, 9471888.0, 1, 0.0893712024407
17025916.0, 7313618.0, 1, 0.0890185188466
17037622.0, 7118450.0, 1, 0.0881572935155
16227822.0, 9223016.0, 1, 0.0814795424937
16771596.0, 7703098.0, 1, 0.0765728916153
15944172.0, 9752114.0, 1, 0.0735545187751
15819630.0, 9789000.0, 1, 0.0692619431977
16132018.0, 9331812.0, 1, 0.066959607162
18063094.0, 6627720.0, 1, 0.0660655930208
16642370.0, 7949384.0, 1, 0.0659396423914
16652226.0, 7846962.0, 1, 0.0635357465079
17442302.0, 6835196.0, 1, 0.0612068113223
17321632.0, 6852856.0, 1, 0.0590752610678
18016714.0, 6706106.0, 1, 0.0495898288332
17161722.0, 6955492.0, 1, 0.0486863319302
16501110.0, 8443206.0, 1, 0.0472630930245
15941572.0, 9771226.0, 1, 0.0469833309611
17078728.0, 7050656.0, 1, 0.0432316748715
16652226.0, 7846962.0, 1, 0.0426038981485
16132018.0, 9331812.0, 1, 0.0405005295799
16771596.0, 7703098.0, 1, 0.0401907741634
19113198.0, 6298954.0, 1, 0.0385975750477
17078728.0, 7050656.0, 1, 0.0384034264258
17281742.0, 6937718.0, 1, 0.0364519232404
16266036.0, 9180042.0, 1, 0.0362492428473
17990104.0, 6729276.0, 1, 0.0330912331591
16348574.0, 8618088.0, 1, 0.0294440631195
18154450.0, 6614188.0, 1, 0.0287211797361
17161722.0, 6955492.0, 1, 0.0265340713895
17237622.0, 6948220.0, 1, 0.0253286685022
19072340.0, 6303642.0, 1, 0.023607002271
17321632.0, 6852856.0, 1, 0.0166612332775
19072340.0, 6303642.0, 1, 0.01615384423
17237622.0, 6948220.0, 1, 0.0150453759655
17281742.0, 6937718.0, 1, 0.0146863903158
15944172.0, 9752114.0, 1, 0.014589369681
15975696.0, 9488294.0, 1, 0.013842802895
18154450.0, 6614188.0, 1, 0.0135097412399
17990104.0, 6729276.0, 1, 0.0115424398757
15819630.0, 9789000.0, 1, 0.0102009249533
16514866.0, 7965890.0, 1, 0.00861929532253
17025916.0, 7313618.0, 1, 0.00779659300207
16642370.0, 7949384.0, 1, 0.00746670201715
16906902.0, 7329338.0, 1, 0.00744313105509
17025916.0, 7313618.0, 1, 0.0
17025916.0, 7313618.0, 1, 0.0
17161722.0, 6955492.0, 1, 0.0
17161722.0, 6955492.0, 1, 0.0
17161722.0, 6955492.0, 1, 0.0
17161722.0, 6955492.0, 1, 0.0
17161722.0, 6955492.0, 1, 0.0
17161722.0, 6955492.0, 1, 0.0
17161722.0, 6955492.0, 1, 0.0
17161722.0, 6955492.0, 1, 0.0
17161722.0, 6955492.0, 1, 0.0
17161722.0, 6955492.0, 1, 0.0
17281742.0, 6937718.0, 1, 0.0
17281742.0, 6937718.0, 1, 0.0
17281742.0, 6937718.0, 1, 0.0
17281742.0, 6937718.0, 1, 0.0
17281742.0, 6937718.0, 1, 0.0
17281742.0, 6937718.0, 1, 0.0
17321632.0, 6852856.0, 1, 0.0
17321632.0, 6852856.0, 1, 0.0
17321632.0, 6852856.0, 1, 0.0
17321632.0, 6852856.0, 1, 0.0
17321632.0, 6852856.0, 1, 0.0
17321632.0, 6852856.0, 1, 0.0
17321632.0, 6852856.0, 1, 0.0
17442302.0, 6835196.0, 1, 0.0
18154450.0, 6614188.0, 1, 0.0
18154450.0, 6614188.0, 1, 0.0
18154450.0, 6614188.0, 1, 0.0
18154450.0, 6614188.0, 1, 0.0
18154450.0, 6614188.0, 1, 0.0
18154450.0, 6614188.0, 1, 0.0
18154450.0, 6614188.0, 1, 0.0
19072340.0, 6303642.0, 1, 0.0
19072340.0, 6303642.0, 1, 0.0
19072340.0, 6303642.0, 1, 0.0
19072340.0, 6303642.0, 1, 0.0
19072340.0, 6303642.0, 1, 0.0
15801706.0, 9909422.0, 1, 0.0
15801706.0, 9909422.0, 1, 0.0
15801706.0, 9909422.0, 1, 0.0
15975696.0, 9488294.0, 1, 0.0
15975696.0, 9488294.0, 1, 0.0
15975696.0, 9488294.0, 1, 0.0
15975696.0, 9488294.0, 1, 0.0
15975696.0, 9488294.0, 1, 0.0
16132018.0, 9331812.0, 1, 0.0
16132018.0, 9331812.0, 1, 0.0
16132018.0, 9331812.0, 1, 0.0
16132018.0, 9331812.0, 1, 0.0
16266036.0, 9180042.0, 1, 0.0
16266036.0, 9180042.0, 1, 0.0
16501110.0, 8443206.0, 1, 0.0
16501110.0, 8443206.0, 1, 0.0
16501110.0, 8443206.0, 1, 0.0
16514866.0, 7965890.0, 1, 0.0
16514866.0, 7965890.0, 1, 0.0
16514866.0, 7965890.0, 1, 0.0
16514866.0, 7965890.0, 1, 0.0
16514866.0, 7965890.0, 1, 0.0
16514866.0, 7965890.0, 1, 0.0
16642370.0, 7949384.0, 1, 0.0
16652226.0, 7846962.0, 1, 0.0
16652226.0, 7846962.0, 1, 0.0
16771596.0, 7703098.0, 1, 0.0
16771596.0, 7703098.0, 1, 0.0
16906902.0, 7329338.0, 1, 0.0
16906902.0, 7329338.0, 1, 0.0
16906902.0, 7329338.0, 1, 0.0
17025916.0, 7313618.0, 1, 0.0
20820278.0, 6532690.0, 2, inf
15814414.0, 11153438.0, 2, inf
20658430.0, 6599428.0, 2, 0.587598974747
18070440.0, 6709552.0, 2, 0.565648296592
15825172.0, 9892696.0, 2, 0.418832561105
17708820.0, 6934382.0, 2, 0.248064662671
16777278.0, 7830392.0, 2, 0.240987202388
17089600.0, 7605494.0, 2, 0.22367321299
16122634.0, 9502626.0, 2, 0.170428114092
16628928.0, 8293804.0, 2, 0.163425417861
17400562.0, 7237454.0, 2, 0.156327103941
16384174.0, 9162336.0, 2, 0.148884998532
16415438.0, 8779712.0, 2, 0.124320786174
16544976.0, 8736312.0, 2, 0.114305064962
17273430.0, 7254836.0, 2, 0.101284328268
18070440.0, 6709552.0, 2, 0.0960717828153
16588746.0, 8411512.0, 2, 0.0783186357011
16184480.0, 9436856.0, 2, 0.0660567636614
16250412.0, 9315342.0, 2, 0.0530185354545
16250412.0, 9315342.0, 2, 0.046283773801
Generacion: 191
19072340.0, 6303642.0, 1, inf
15801706.0, 9909422.0, 1, inf
15801706.0, 9909422.0, 1, inf
19072340.0, 6303642.0, 1, inf
18275566.0, 6595074.0, 1, 0.327740132152
17990104.0, 6729276.0, 1, 0.247347686467
18996838.0, 6318426.0, 1, 0.22462980368
16341622.0, 8645504.0, 1, 0.181084196259
17442302.0, 6835196.0, 1, 0.172388765635
16514866.0, 7965890.0, 1, 0.171359732441
16266036.0, 9180042.0, 1, 0.159928735775
16815532.0, 7450386.0, 1, 0.145025757768
16501110.0, 8443206.0, 1, 0.141231017336
15975696.0, 9488294.0, 1, 0.110114661007
17037622.0, 7118450.0, 1, 0.106919627148
16771596.0, 7703098.0, 1, 0.106582762892
18996838.0, 6318426.0, 1, 0.099808303716
17025916.0, 7313618.0, 1, 0.0905150938248
15944172.0, 9752114.0, 1, 0.0888996914432
17132118.0, 7045174.0, 1, 0.0831372640206
16227822.0, 9223016.0, 1, 0.0830669075363
16472146.0, 8599780.0, 1, 0.0812053367185
16096542.0, 9471888.0, 1, 0.0757964275045
16642370.0, 7949384.0, 1, 0.0749805736402
15819630.0, 9789000.0, 1, 0.0706808376752
16906902.0, 7329338.0, 1, 0.0699592085517
16132018.0, 9331812.0, 1, 0.0681398080234
17442302.0, 6835196.0, 1, 0.0662700462659
16652226.0, 7846962.0, 1, 0.0649024607107
17321632.0, 6852856.0, 1, 0.0604299783749
18063094.0, 6627720.0, 1, 0.0560969789594
16771596.0, 7703098.0, 1, 0.0533316445968
15941572.0, 9771226.0, 1, 0.0483085424398
17161722.0, 6955492.0, 1, 0.0480782435246
16501110.0, 8443206.0, 1, 0.0476289720136
16348574.0, 8618088.0, 1, 0.0453856250333
16652226.0, 7846962.0, 1, 0.0429116465169
18187530.0, 6607946.0, 1, 0.0423322858323
16132018.0, 9331812.0, 1, 0.0410194938574
17281742.0, 6937718.0, 1, 0.0370247303404
16266036.0, 9180042.0, 1, 0.0350285910286
16906902.0, 7329338.0, 1, 0.032296146573
18154450.0, 6614188.0, 1, 0.0296633085746
17237622.0, 6948220.0, 1, 0.0261190557761
18063094.0, 6627720.0, 1, 0.0260696375148
17321632.0, 6852856.0, 1, 0.0170941041107
17237622.0, 6948220.0, 1, 0.0155065012749
16096542.0, 9471888.0, 1, 0.0153967437173
17281742.0, 6937718.0, 1, 0.0151089580397
15975696.0, 9488294.0, 1, 0.0141884153015
16472146.0, 8599780.0, 1, 0.0139331788656
18154450.0, 6614188.0, 1, 0.0138671104206
17161722.0, 6955492.0, 1, 0.0110682180552
15819630.0, 9789000.0, 1, 0.0104095909722
16514866.0, 7965890.0, 1, 0.00878356269859
17025916.0, 7313618.0, 1, 0.00793878955903
16348574.0, 8618088.0, 1, 0.00720298527009
17161722.0, 6955492.0, 1, 0.0
17161722.0, 6955492.0, 1, 0.0
17281742.0, 6937718.0, 1, 0.0
17281742.0, 6937718.0, 1, 0.0
17281742.0, 6937718.0, 1, 0.0
17281742.0, 6937718.0, 1, 0.0
17281742.0, 6937718.0, 1, 0.0
17281742.0, 6937718.0, 1, 0.0
17321632.0, 6852856.0, 1, 0.0
17321632.0, 6852856.0, 1, 0.0
17321632.0, 6852856.0, 1, 0.0
17321632.0, 6852856.0, 1, 0.0
17321632.0, 6852856.0, 1, 0.0
17321632.0, 6852856.0, 1, 0.0
17321632.0, 6852856.0, 1, 0.0
17321632.0, 6852856.0, 1, 0.0
17321632.0, 6852856.0, 1, 0.0
17442302.0, 6835196.0, 1, 0.0
17442302.0, 6835196.0, 1, 0.0
18154450.0, 6614188.0, 1, 0.0
18154450.0, 6614188.0, 1, 0.0
18154450.0, 6614188.0, 1, 0.0
18154450.0, 6614188.0, 1, 0.0
18154450.0, 6614188.0, 1, 0.0
19072340.0, 6303642.0, 1, 0.0
19072340.0, 6303642.0, 1, 0.0
19072340.0, 6303642.0, 1, 0.0
19072340.0, 6303642.0, 1, 0.0
19072340.0, 6303642.0, 1, 0.0
19072340.0, 6303642.0, 1, 0.0
19072340.0, 6303642.0, 1, 0.0
19072340.0, 6303642.0, 1, 0.0
19072340.0, 6303642.0, 1, 0.0
19072340.0, 6303642.0, 1, 0.0
15801706.0, 9909422.0, 1, 0.0
15801706.0, 9909422.0, 1, 0.0
15819630.0, 9789000.0, 1, 0.0
15819630.0, 9789000.0, 1, 0.0
15819630.0, 9789000.0, 1, 0.0
15975696.0, 9488294.0, 1, 0.0
15975696.0, 9488294.0, 1, 0.0
15975696.0, 9488294.0, 1, 0.0
15975696.0, 9488294.0, 1, 0.0
15975696.0, 9488294.0, 1, 0.0
15975696.0, 9488294.0, 1, 0.0
16132018.0, 9331812.0, 1, 0.0
16132018.0, 9331812.0, 1, 0.0
16132018.0, 9331812.0, 1, 0.0
16266036.0, 9180042.0, 1, 0.0
16348574.0, 8618088.0, 1, 0.0
16348574.0, 8618088.0, 1, 0.0
16348574.0, 8618088.0, 1, 0.0
16501110.0, 8443206.0, 1, 0.0
16501110.0, 8443206.0, 1, 0.0
16514866.0, 7965890.0, 1, 0.0
16514866.0, 7965890.0, 1, 0.0
16514866.0, 7965890.0, 1, 0.0
16514866.0, 7965890.0, 1, 0.0
16514866.0, 7965890.0, 1, 0.0
16514866.0, 7965890.0, 1, 0.0
16514866.0, 7965890.0, 1, 0.0
16771596.0, 7703098.0, 1, 0.0
16771596.0, 7703098.0, 1, 0.0
16771596.0, 7703098.0, 1, 0.0
16771596.0, 7703098.0, 1, 0.0
16906902.0, 7329338.0, 1, 0.0
16906902.0, 7329338.0, 1, 0.0
16906902.0, 7329338.0, 1, 0.0
17025916.0, 7313618.0, 1, 0.0
17025916.0, 7313618.0, 1, 0.0
17161722.0, 6955492.0, 1, 0.0
17161722.0, 6955492.0, 1, 0.0
17161722.0, 6955492.0, 1, 0.0
17161722.0, 6955492.0, 1, 0.0
20565394.0, 6505764.0, 2, inf
15837804.0, 9932044.0, 2, inf
15837804.0, 9932044.0, 2, inf
18070440.0, 6709552.0, 2, 0.627245394967
17862592.0, 7050474.0, 2, 0.327734484719
16538360.0, 8761290.0, 2, 0.312403711236
16295388.0, 9360784.0, 2, 0.273515887471
16560596.0, 8062924.0, 2, 0.236190569835
17273430.0, 7254836.0, 2, 0.225215092759
16556028.0, 8479298.0, 2, 0.208529760805
15983596.0, 9649906.0, 2, 0.185579135739
17089600.0, 7605494.0, 2, 0.164438730274
17147192.0, 7303644.0, 2, 0.141228155309
18070440.0, 6709552.0, 2, 0.103442813175
16777278.0, 7830392.0, 2, 0.0930626925414
16777278.0, 7830392.0, 2, 0.0881826374631
16896392.0, 7685292.0, 2, 0.0832173168663
16241868.0, 9483552.0, 2, 0.0779399140414
16122634.0, 9502626.0, 2, 0.0682062794529
Generacion: 192
19072340.0, 6303642.0, 1, inf
19072340.0, 6303642.0, 1, inf
15801706.0, 9909422.0, 1, inf
15801706.0, 9909422.0, 1, inf
18986452.0, 6403850.0, 1, 0.297253202778
16316918.0, 8338366.0, 1, 0.28414115791
18154450.0, 6614188.0, 1, 0.223040980232
18275566.0, 6595074.0, 1, 0.222655122322
17442302.0, 6835196.0, 1, 0.22263773877
16218700.0, 8663926.0, 1, 0.215256760702
16132018.0, 9331812.0, 1, 0.196073324097
16815532.0, 7450386.0, 1, 0.145025757768
16514866.0, 7965890.0, 1, 0.142284192614
15944172.0, 9752114.0, 1, 0.131112902142
16218700.0, 8663926.0, 1, 0.116791488694
15975696.0, 9488294.0, 1, 0.110114661007
16771596.0, 7703098.0, 1, 0.106582762892
18154450.0, 6614188.0, 1, 0.0983240546035
17442302.0, 6835196.0, 1, 0.0981876896052
16096542.0, 9471888.0, 1, 0.0911931712218
17025916.0, 7313618.0, 1, 0.0905150938248
18275566.0, 6595074.0, 1, 0.0900639832736
17037622.0, 7118450.0, 1, 0.0890752381991
15819630.0, 9789000.0, 1, 0.0714757905803
16906902.0, 7329338.0, 1, 0.0699592085517
16642370.0, 7949384.0, 1, 0.0673894402994
16132018.0, 9331812.0, 1, 0.0653507463307
16514866.0, 7965890.0, 1, 0.0651004725087
16652226.0, 7846962.0, 1, 0.0649024607107
17321632.0, 6852856.0, 1, 0.0604299783749
18996838.0, 6318426.0, 1, 0.0540512876329
16771596.0, 7703098.0, 1, 0.0533316445968
17161722.0, 6955492.0, 1, 0.0480782435246
16652226.0, 7846962.0, 1, 0.0429116465169
17132118.0, 7045174.0, 1, 0.0411957858727
17281742.0, 6937718.0, 1, 0.0370247303404
17078728.0, 7050656.0, 1, 0.0351255320025
16906902.0, 7329338.0, 1, 0.032296146573
17237622.0, 6948220.0, 1, 0.0261190557761
17321632.0, 6852856.0, 1, 0.0170941041107
15819630.0, 9789000.0, 1, 0.0157099698084
17237622.0, 6948220.0, 1, 0.0155065012749
17281742.0, 6937718.0, 1, 0.0151089580397
15975696.0, 9488294.0, 1, 0.0141884153015
17078728.0, 7050656.0, 1, 0.0140885422231
17161722.0, 6955492.0, 1, 0.0110682180552
17132118.0, 7045174.0, 1, 0.0105717928711
17025916.0, 7313618.0, 1, 0.00793878955903
16642370.0, 7949384.0, 1, 0.00759113334086
16514866.0, 7965890.0, 1, 0.0
16642370.0, 7949384.0, 1, 0.0
16652226.0, 7846962.0, 1, 0.0
16771596.0, 7703098.0, 1, 0.0
16906902.0, 7329338.0, 1, 0.0
16906902.0, 7329338.0, 1, 0.0
17025916.0, 7313618.0, 1, 0.0
17025916.0, 7313618.0, 1, 0.0
17025916.0, 7313618.0, 1, 0.0
17132118.0, 7045174.0, 1, 0.0
17161722.0, 6955492.0, 1, 0.0
17161722.0, 6955492.0, 1, 0.0
17161722.0, 6955492.0, 1, 0.0
17161722.0, 6955492.0, 1, 0.0
17161722.0, 6955492.0, 1, 0.0
17237622.0, 6948220.0, 1, 0.0
17237622.0, 6948220.0, 1, 0.0
17281742.0, 6937718.0, 1, 0.0
17281742.0, 6937718.0, 1, 0.0
17281742.0, 6937718.0, 1, 0.0
17281742.0, 6937718.0, 1, 0.0
17321632.0, 6852856.0, 1, 0.0
17321632.0, 6852856.0, 1, 0.0
17321632.0, 6852856.0, 1, 0.0
17321632.0, 6852856.0, 1, 0.0
17321632.0, 6852856.0, 1, 0.0
17321632.0, 6852856.0, 1, 0.0
17321632.0, 6852856.0, 1, 0.0
17321632.0, 6852856.0, 1, 0.0
17321632.0, 6852856.0, 1, 0.0
17442302.0, 6835196.0, 1, 0.0
17442302.0, 6835196.0, 1, 0.0
17442302.0, 6835196.0, 1, 0.0
18154450.0, 6614188.0, 1, 0.0
18154450.0, 6614188.0, 1, 0.0
18154450.0, 6614188.0, 1, 0.0
18154450.0, 6614188.0, 1, 0.0
19072340.0, 6303642.0, 1, 0.0
19072340.0, 6303642.0, 1, 0.0
19072340.0, 6303642.0, 1, 0.0
19072340.0, 6303642.0, 1, 0.0
19072340.0, 6303642.0, 1, 0.0
15801706.0, 9909422.0, 1, 0.0
15801706.0, 9909422.0, 1, 0.0
15801706.0, 9909422.0, 1, 0.0
15819630.0, 9789000.0, 1, 0.0
15819630.0, 9789000.0, 1, 0.0
15975696.0, 9488294.0, 1, 0.0
15975696.0, 9488294.0, 1, 0.0
15975696.0, 9488294.0, 1, 0.0
15975696.0, 9488294.0, 1, 0.0
15975696.0, 9488294.0, 1, 0.0
15975696.0, 9488294.0, 1, 0.0
15975696.0, 9488294.0, 1, 0.0
15975696.0, 9488294.0, 1, 0.0
15975696.0, 9488294.0, 1, 0.0
15975696.0, 9488294.0, 1, 0.0
15975696.0, 9488294.0, 1, 0.0
15975696.0, 9488294.0, 1, 0.0
16132018.0, 9331812.0, 1, 0.0
16132018.0, 9331812.0, 1, 0.0
16132018.0, 9331812.0, 1, 0.0
16132018.0, 9331812.0, 1, 0.0
16218700.0, 8663926.0, 1, 0.0
16514866.0, 7965890.0, 1, 0.0
16514866.0, 7965890.0, 1, 0.0
16514866.0, 7965890.0, 1, 0.0
16514866.0, 7965890.0, 1, 0.0
16514866.0, 7965890.0, 1, 0.0
16514866.0, 7965890.0, 1, 0.0
16514866.0, 7965890.0, 1, 0.0
20760706.0, 6387658.0, 2, inf
15837804.0, 9932044.0, 2, inf
17283788.0, 6939118.0, 2, 0.795349576206
17004752.0, 7711948.0, 2, 0.198414620267
16777278.0, 7830392.0, 2, 0.193549718703
17116024.0, 7371024.0, 2, 0.183545052525
16341622.0, 8645504.0, 2, 0.175313756942
16770280.0, 8229148.0, 2, 0.160880017828
16266036.0, 9180042.0, 2, 0.158575075358
17283788.0, 6939118.0, 2, 0.157690935005
16158048.0, 9563372.0, 2, 0.143089679466
17273430.0, 7254836.0, 2, 0.12104974249
16227822.0, 9223016.0, 2, 0.103789281711
15983596.0, 9649906.0, 2, 0.0914760784183
16628928.0, 8293804.0, 2, 0.0883269106718
16588746.0, 8411512.0, 2, 0.0681156833055
16501110.0, 8443206.0, 2, 0.0671422578107
16042054.0, 9596432.0, 2, 0.0598512053753
16348574.0, 8618088.0, 2, 0.0507527379706
15983596.0, 9649906.0, 2, 0.044702009493
16501110.0, 8443206.0, 2, 0.039927004258
16348574.0, 8618088.0, 2, 0.0387200251085
17273430.0, 7254836.0, 2, 0.0348848975133
16266036.0, 9180042.0, 2, 0.0274784777356
16227822.0, 9223016.0, 2, 0.0262978732872
16348574.0, 8618088.0, 2, 0.0
16501110.0, 8443206.0, 2, 0.0
16501110.0, 8443206.0, 2, 0.0
16501110.0, 8443206.0, 2, 0.0
17283788.0, 6939118.0, 2, 0.0
Generacion: 193
15801706.0, 9909422.0, 1, inf
15801706.0, 9909422.0, 1, inf
19185380.0, 6284830.0, 1, inf
19185380.0, 6284830.0, 1, inf
18986452.0, 6403850.0, 1, 0.315880078538
18063094.0, 6627720.0, 1, 0.27144048879
16218700.0, 8663926.0, 1, 0.267727685301
18275566.0, 6595074.0, 1, 0.215366355604
16501110.0, 8443206.0, 1, 0.215150733191
16132018.0, 9331812.0, 1, 0.194749614718
17442302.0, 6835196.0, 1, 0.188339119504
16514866.0, 7965890.0, 1, 0.169370318175
15975696.0, 9488294.0, 1, 0.108500556721
17025916.0, 7313618.0, 1, 0.107722417106
16771596.0, 7703098.0, 1, 0.104999723695
16815532.0, 7450386.0, 1, 0.0967246948356
17442302.0, 6835196.0, 1, 0.0929036202321
18275566.0, 6595074.0, 1, 0.0885516146144
17078728.0, 7050656.0, 1, 0.0883281137541
15944172.0, 9752114.0, 1, 0.0881438884561
16218700.0, 8663926.0, 1, 0.0865128458414
16096542.0, 9471888.0, 1, 0.0743604383295
15819630.0, 9789000.0, 1, 0.0692619431977
16906902.0, 7329338.0, 1, 0.0685693207023
16642370.0, 7949384.0, 1, 0.0659396423914
16501110.0, 8443206.0, 1, 0.0649605331777
16132018.0, 9331812.0, 1, 0.0642637209744
16652226.0, 7846962.0, 1, 0.0635357465079
19072340.0, 6303642.0, 1, 0.0610541715418
17321632.0, 6852856.0, 1, 0.0590752610678
16771596.0, 7703098.0, 1, 0.052675790417
17161722.0, 6955492.0, 1, 0.0471738858398
15941572.0, 9771226.0, 1, 0.0469833309611
16815532.0, 7450386.0, 1, 0.0463810129635
16652226.0, 7846962.0, 1, 0.0426038981485
17132118.0, 7045174.0, 1, 0.0405213537105
18154450.0, 6614188.0, 1, 0.03952761412
17281742.0, 6937718.0, 1, 0.0364519232404
18154450.0, 6614188.0, 1, 0.0322724759923
16906902.0, 7329338.0, 1, 0.0313402322534
19072340.0, 6303642.0, 1, 0.0305731613482
17237622.0, 6948220.0, 1, 0.0253286685022
17025916.0, 7313618.0, 1, 0.0199449264408
17078728.0, 7050656.0, 1, 0.0171203326658
17321632.0, 6852856.0, 1, 0.0166612332775
17237622.0, 6948220.0, 1, 0.0150453759655
16096542.0, 9471888.0, 1, 0.0150107641112
17281742.0, 6937718.0, 1, 0.0146863903158
15975696.0, 9488294.0, 1, 0.013842802895
17161722.0, 6955492.0, 1, 0.0107553645755
17132118.0, 7045174.0, 1, 0.0102615158886
15819630.0, 9789000.0, 1, 0.0102009249533
16514866.0, 7965890.0, 1, 0.00861929532253
16642370.0, 7949384.0, 1, 0.00746670201715
17442302.0, 6835196.0, 1, 0.0
17442302.0, 6835196.0, 1, 0.0
17442302.0, 6835196.0, 1, 0.0
17442302.0, 6835196.0, 1, 0.0
17442302.0, 6835196.0, 1, 0.0
18154450.0, 6614188.0, 1, 0.0
18154450.0, 6614188.0, 1, 0.0
18154450.0, 6614188.0, 1, 0.0
18154450.0, 6614188.0, 1, 0.0
18275566.0, 6595074.0, 1, 0.0
18275566.0, 6595074.0, 1, 0.0
19072340.0, 6303642.0, 1, 0.0
19072340.0, 6303642.0, 1, 0.0
19072340.0, 6303642.0, 1, 0.0
19072340.0, 6303642.0, 1, 0.0
19072340.0, 6303642.0, 1, 0.0
19072340.0, 6303642.0, 1, 0.0
19072340.0, 6303642.0, 1, 0.0
19072340.0, 6303642.0, 1, 0.0
19072340.0, 6303642.0, 1, 0.0
15801706.0, 9909422.0, 1, 0.0
15801706.0, 9909422.0, 1, 0.0
15801706.0, 9909422.0, 1, 0.0
15801706.0, 9909422.0, 1, 0.0
15801706.0, 9909422.0, 1, 0.0
15801706.0, 9909422.0, 1, 0.0
15819630.0, 9789000.0, 1, 0.0
15975696.0, 9488294.0, 1, 0.0
15975696.0, 9488294.0, 1, 0.0
15975696.0, 9488294.0, 1, 0.0
15975696.0, 9488294.0, 1, 0.0
15975696.0, 9488294.0, 1, 0.0
15975696.0, 9488294.0, 1, 0.0
15975696.0, 9488294.0, 1, 0.0
15975696.0, 9488294.0, 1, 0.0
15975696.0, 9488294.0, 1, 0.0
15975696.0, 9488294.0, 1, 0.0
15975696.0, 9488294.0, 1, 0.0
15975696.0, 9488294.0, 1, 0.0
15975696.0, 9488294.0, 1, 0.0
15975696.0, 9488294.0, 1, 0.0
16096542.0, 9471888.0, 1, 0.0
16132018.0, 9331812.0, 1, 0.0
16132018.0, 9331812.0, 1, 0.0
16132018.0, 9331812.0, 1, 0.0
16132018.0, 9331812.0, 1, 0.0
16218700.0, 8663926.0, 1, 0.0
16218700.0, 8663926.0, 1, 0.0
16501110.0, 8443206.0, 1, 0.0
16514866.0, 7965890.0, 1, 0.0
16514866.0, 7965890.0, 1, 0.0
16514866.0, 7965890.0, 1, 0.0
16514866.0, 7965890.0, 1, 0.0
16514866.0, 7965890.0, 1, 0.0
16514866.0, 7965890.0, 1, 0.0
16642370.0, 7949384.0, 1, 0.0
16652226.0, 7846962.0, 1, 0.0
16652226.0, 7846962.0, 1, 0.0
16652226.0, 7846962.0, 1, 0.0
16652226.0, 7846962.0, 1, 0.0
16771596.0, 7703098.0, 1, 0.0
16815532.0, 7450386.0, 1, 0.0
16906902.0, 7329338.0, 1, 0.0
16906902.0, 7329338.0, 1, 0.0
16906902.0, 7329338.0, 1, 0.0
16906902.0, 7329338.0, 1, 0.0
17025916.0, 7313618.0, 1, 0.0
17025916.0, 7313618.0, 1, 0.0
17078728.0, 7050656.0, 1, 0.0
17132118.0, 7045174.0, 1, 0.0
17132118.0, 7045174.0, 1, 0.0
17132118.0, 7045174.0, 1, 0.0
17132118.0, 7045174.0, 1, 0.0
17161722.0, 6955492.0, 1, 0.0
17161722.0, 6955492.0, 1, 0.0
17161722.0, 6955492.0, 1, 0.0
17161722.0, 6955492.0, 1, 0.0
17161722.0, 6955492.0, 1, 0.0
17161722.0, 6955492.0, 1, 0.0
17281742.0, 6937718.0, 1, 0.0
17281742.0, 6937718.0, 1, 0.0
17321632.0, 6852856.0, 1, 0.0
17321632.0, 6852856.0, 1, 0.0
17321632.0, 6852856.0, 1, 0.0
17321632.0, 6852856.0, 1, 0.0
17321632.0, 6852856.0, 1, 0.0
17321632.0, 6852856.0, 1, 0.0
17321632.0, 6852856.0, 1, 0.0
16158048.0, 9563372.0, 2, inf
20760706.0, 6387658.0, 2, inf
16158048.0, 9563372.0, 2, inf
19887502.0, 6604142.0, 2, 0.929064378928
17283788.0, 6939118.0, 2, 0.904806734347
16415438.0, 8779712.0, 2, 0.469399783791
16246676.0, 9444472.0, 2, 0.302688588531
16935142.0, 7440498.0, 2, 0.293301713196
Generacion: 194
19185380.0, 6284830.0, 1, inf
19185380.0, 6284830.0, 1, inf
15801706.0, 9909422.0, 1, inf
15801706.0, 9909422.0, 1, inf
18977906.0, 6594876.0, 1, 0.262850320695
17990104.0, 6729276.0, 1, 0.2407080482
18275566.0, 6595074.0, 1, 0.211118573719
16215864.0, 9169054.0, 1, 0.209882869281
16218700.0, 8663926.0, 1, 0.168388368549
17442302.0, 6835196.0, 1, 0.166767892489
16440704.0, 8320016.0, 1, 0.16126447381
16316918.0, 8338366.0, 1, 0.160492742846
16771596.0, 7703098.0, 1, 0.157675514112
16514866.0, 7965890.0, 1, 0.135383044573
17025916.0, 7313618.0, 1, 0.127667343547
15941572.0, 9771226.0, 1, 0.114097334326
15975696.0, 9488294.0, 1, 0.113773426053
18986452.0, 6403850.0, 1, 0.108258174238
16652226.0, 7846962.0, 1, 0.106139644656
16815532.0, 7450386.0, 1, 0.0967246948356
16218700.0, 8663926.0, 1, 0.0906579067505
17078728.0, 7050656.0, 1, 0.0883281137541
16096542.0, 9471888.0, 1, 0.0743604383295
16642370.0, 7949384.0, 1, 0.0734063444086
15819630.0, 9789000.0, 1, 0.0692619431977
16906902.0, 7329338.0, 1, 0.0685693207023
17442302.0, 6835196.0, 1, 0.0648850184143
16132018.0, 9331812.0, 1, 0.0634255787657
19072340.0, 6303642.0, 1, 0.0610541715418
17321632.0, 6852856.0, 1, 0.0590752610678
16132018.0, 9331812.0, 1, 0.0553882741868
18063094.0, 6627720.0, 1, 0.0550176566913
17161722.0, 6955492.0, 1, 0.0471738858398
16815532.0, 7450386.0, 1, 0.0463810129635
18187530.0, 6607946.0, 1, 0.0410676495226
17132118.0, 7045174.0, 1, 0.0405213537105
17281742.0, 6937718.0, 1, 0.0364519232404
16906902.0, 7329338.0, 1, 0.0313402322534
19072340.0, 6303642.0, 1, 0.0305731613482
18154450.0, 6614188.0, 1, 0.0287211797361
16514866.0, 7965890.0, 1, 0.0264714879392
18275566.0, 6595074.0, 1, 0.0260724997182
17237622.0, 6948220.0, 1, 0.0253286685022
18063094.0, 6627720.0, 1, 0.0253046127316
17078728.0, 7050656.0, 1, 0.0171203326658
17321632.0, 6852856.0, 1, 0.0166612332775
17237622.0, 6948220.0, 1, 0.0150453759655
16096542.0, 9471888.0, 1, 0.0150107641112
15941572.0, 9771226.0, 1, 0.0149886202218
17281742.0, 6937718.0, 1, 0.0146863903158
15975696.0, 9488294.0, 1, 0.014611198432
18154450.0, 6614188.0, 1, 0.0135097412399
17161722.0, 6955492.0, 1, 0.0107553645755
17132118.0, 7045174.0, 1, 0.0102615158886
15819630.0, 9789000.0, 1, 0.0102009249533
17321632.0, 6852856.0, 1, 0.0
17321632.0, 6852856.0, 1, 0.0
17321632.0, 6852856.0, 1, 0.0
17321632.0, 6852856.0, 1, 0.0
17321632.0, 6852856.0, 1, 0.0
17321632.0, 6852856.0, 1, 0.0
17442302.0, 6835196.0, 1, 0.0
18063094.0, 6627720.0, 1, 0.0
18154450.0, 6614188.0, 1, 0.0
18154450.0, 6614188.0, 1, 0.0
18154450.0, 6614188.0, 1, 0.0
18275566.0, 6595074.0, 1, 0.0
18275566.0, 6595074.0, 1, 0.0
18275566.0, 6595074.0, 1, 0.0
18275566.0, 6595074.0, 1, 0.0
19072340.0, 6303642.0, 1, 0.0
19072340.0, 6303642.0, 1, 0.0
19072340.0, 6303642.0, 1, 0.0
19072340.0, 6303642.0, 1, 0.0
19072340.0, 6303642.0, 1, 0.0
19072340.0, 6303642.0, 1, 0.0
19072340.0, 6303642.0, 1, 0.0
19185380.0, 6284830.0, 1, 0.0
19185380.0, 6284830.0, 1, 0.0
19185380.0, 6284830.0, 1, 0.0
19185380.0, 6284830.0, 1, 0.0
15801706.0, 9909422.0, 1, 0.0
15801706.0, 9909422.0, 1, 0.0
15801706.0, 9909422.0, 1, 0.0
15941572.0, 9771226.0, 1, 0.0
15975696.0, 9488294.0, 1, 0.0
15975696.0, 9488294.0, 1, 0.0
15975696.0, 9488294.0, 1, 0.0
15975696.0, 9488294.0, 1, 0.0
15975696.0, 9488294.0, 1, 0.0
15975696.0, 9488294.0, 1, 0.0
15975696.0, 9488294.0, 1, 0.0
15975696.0, 9488294.0, 1, 0.0
15975696.0, 9488294.0, 1, 0.0
15975696.0, 9488294.0, 1, 0.0
15975696.0, 9488294.0, 1, 0.0
16096542.0, 9471888.0, 1, 0.0
16096542.0, 9471888.0, 1, 0.0
16096542.0, 9471888.0, 1, 0.0
16096542.0, 9471888.0, 1, 0.0
16096542.0, 9471888.0, 1, 0.0
16132018.0, 9331812.0, 1, 0.0
16132018.0, 9331812.0, 1, 0.0
16132018.0, 9331812.0, 1, 0.0
16132018.0, 9331812.0, 1, 0.0
16132018.0, 9331812.0, 1, 0.0
16132018.0, 9331812.0, 1, 0.0
16132018.0, 9331812.0, 1, 0.0
16514866.0, 7965890.0, 1, 0.0
16514866.0, 7965890.0, 1, 0.0
16514866.0, 7965890.0, 1, 0.0
16514866.0, 7965890.0, 1, 0.0
16514866.0, 7965890.0, 1, 0.0
16514866.0, 7965890.0, 1, 0.0
16514866.0, 7965890.0, 1, 0.0
16906902.0, 7329338.0, 1, 0.0
17078728.0, 7050656.0, 1, 0.0
17078728.0, 7050656.0, 1, 0.0
17132118.0, 7045174.0, 1, 0.0
17161722.0, 6955492.0, 1, 0.0
17161722.0, 6955492.0, 1, 0.0
17161722.0, 6955492.0, 1, 0.0
17161722.0, 6955492.0, 1, 0.0
17161722.0, 6955492.0, 1, 0.0
17161722.0, 6955492.0, 1, 0.0
17161722.0, 6955492.0, 1, 0.0
17161722.0, 6955492.0, 1, 0.0
17161722.0, 6955492.0, 1, 0.0
17281742.0, 6937718.0, 1, 0.0
17281742.0, 6937718.0, 1, 0.0
17281742.0, 6937718.0, 1, 0.0
17281742.0, 6937718.0, 1, 0.0
17281742.0, 6937718.0, 1, 0.0
17321632.0, 6852856.0, 1, 0.0
17321632.0, 6852856.0, 1, 0.0
17321632.0, 6852856.0, 1, 0.0
17321632.0, 6852856.0, 1, 0.0
17321632.0, 6852856.0, 1, 0.0
17321632.0, 6852856.0, 1, 0.0
17321632.0, 6852856.0, 1, 0.0
17321632.0, 6852856.0, 1, 0.0
17321632.0, 6852856.0, 1, 0.0
19802394.0, 6290512.0, 2, inf
15837804.0, 9932044.0, 2, inf
15837804.0, 9932044.0, 2, inf
18070440.0, 6709552.0, 2, 0.777999805164
17410386.0, 6926530.0, 2, 0.430485692707
16122634.0, 9502626.0, 2, 0.336694953067
16341622.0, 8645504.0, 2, 0.29989221192
17027528.0, 7319250.0, 2, 0.26101276524
Generacion: 195
15801706.0, 9909422.0, 1, inf
19822694.0, 6273594.0, 1, inf
15801706.0, 9909422.0, 1, inf
16815532.0, 7450386.0, 1, 0.205704243223
16215864.0, 9169054.0, 1, 0.205253096761
18986452.0, 6403850.0, 1, 0.200288923425
18275566.0, 6595074.0, 1, 0.180334184092
17990104.0, 6729276.0, 1, 0.164167685818
16218700.0, 8663926.0, 1, 0.163356999507
19185380.0, 6284830.0, 1, 0.162381539151
16453202.0, 8325276.0, 1, 0.151674687321
17442302.0, 6835196.0, 1, 0.1410928869
16514866.0, 7965890.0, 1, 0.130555329599
16316918.0, 8338366.0, 1, 0.12343535214
16652226.0, 7846962.0, 1, 0.111525605543
15941572.0, 9771226.0, 1, 0.108144140054
15975696.0, 9488294.0, 1, 0.107871570228
17025916.0, 7313618.0, 1, 0.101923401756
16218700.0, 8663926.0, 1, 0.0902474888591
17078728.0, 7050656.0, 1, 0.0856030347221
18275566.0, 6595074.0, 1, 0.0744884686916
16652226.0, 7846962.0, 1, 0.0687836009528
16096542.0, 9471888.0, 1, 0.0685803826356
15819630.0, 9789000.0, 1, 0.0634473062101
16906902.0, 7329338.0, 1, 0.062891302328
16642370.0, 7949384.0, 1, 0.0598798190962
16132018.0, 9331812.0, 1, 0.059378664053
17442302.0, 6835196.0, 1, 0.0591423285206
18986452.0, 6403850.0, 1, 0.055177294423
16132018.0, 9331812.0, 1, 0.053587751146
17321632.0, 6852856.0, 1, 0.053350525388
18063094.0, 6627720.0, 1, 0.0506518036514
18996838.0, 6318426.0, 1, 0.0489211842498
17990104.0, 6729276.0, 1, 0.0472845463039
17132118.0, 7045174.0, 1, 0.0468141562897
17161722.0, 6955492.0, 1, 0.043542141178
18187530.0, 6607946.0, 1, 0.0353780797217
17281742.0, 6937718.0, 1, 0.0343129157259
19113198.0, 6298954.0, 1, 0.0332865558847
16316918.0, 8338366.0, 1, 0.0280266153414
16906902.0, 7329338.0, 1, 0.0270469078688
18154450.0, 6614188.0, 1, 0.0244365921508
18063094.0, 6627720.0, 1, 0.0218741033456
17237622.0, 6948220.0, 1, 0.0217644333216
19185380.0, 6284830.0, 1, 0.0210416646885
19072340.0, 6303642.0, 1, 0.0200663671278
16514866.0, 7965890.0, 1, 0.019875353166
17025916.0, 7313618.0, 1, 0.0174577223253
17321632.0, 6852856.0, 1, 0.0147776628803
17078728.0, 7050656.0, 1, 0.0146418575485
19072340.0, 6303642.0, 1, 0.0142273832173
15941572.0, 9771226.0, 1, 0.0133750415705
16096542.0, 9471888.0, 1, 0.013335021919
15975696.0, 9488294.0, 1, 0.0129987861481
17237622.0, 6948220.0, 1, 0.0129725222859
17281742.0, 6937718.0, 1, 0.0128089228849
18154450.0, 6614188.0, 1, 0.0119486820313
17161722.0, 6955492.0, 1, 0.0093624642604
15819630.0, 9789000.0, 1, 0.0093461810019
16642370.0, 7949384.0, 1, 0.00699095758962
17321632.0, 6852856.0, 1, 0.0
17321632.0, 6852856.0, 1, 0.0
17321632.0, 6852856.0, 1, 0.0
17321632.0, 6852856.0, 1, 0.0
17321632.0, 6852856.0, 1, 0.0
17442302.0, 6835196.0, 1, 0.0
17442302.0, 6835196.0, 1, 0.0
17442302.0, 6835196.0, 1, 0.0
17990104.0, 6729276.0, 1, 0.0
18063094.0, 6627720.0, 1, 0.0
18154450.0, 6614188.0, 1, 0.0
18154450.0, 6614188.0, 1, 0.0
18154450.0, 6614188.0, 1, 0.0
18154450.0, 6614188.0, 1, 0.0
18154450.0, 6614188.0, 1, 0.0
18275566.0, 6595074.0, 1, 0.0
19072340.0, 6303642.0, 1, 0.0
19072340.0, 6303642.0, 1, 0.0
19072340.0, 6303642.0, 1, 0.0
19072340.0, 6303642.0, 1, 0.0
19072340.0, 6303642.0, 1, 0.0
19072340.0, 6303642.0, 1, 0.0
19072340.0, 6303642.0, 1, 0.0
15801706.0, 9909422.0, 1, 0.0
15801706.0, 9909422.0, 1, 0.0
15801706.0, 9909422.0, 1, 0.0
15801706.0, 9909422.0, 1, 0.0
15819630.0, 9789000.0, 1, 0.0
15819630.0, 9789000.0, 1, 0.0
15941572.0, 9771226.0, 1, 0.0
15941572.0, 9771226.0, 1, 0.0
15941572.0, 9771226.0, 1, 0.0
15975696.0, 9488294.0, 1, 0.0
15975696.0, 9488294.0, 1, 0.0
15975696.0, 9488294.0, 1, 0.0
15975696.0, 9488294.0, 1, 0.0
15975696.0, 9488294.0, 1, 0.0
15975696.0, 9488294.0, 1, 0.0
16096542.0, 9471888.0, 1, 0.0
16096542.0, 9471888.0, 1, 0.0
16096542.0, 9471888.0, 1, 0.0
16096542.0, 9471888.0, 1, 0.0
16096542.0, 9471888.0, 1, 0.0
16096542.0, 9471888.0, 1, 0.0
16132018.0, 9331812.0, 1, 0.0
16132018.0, 9331812.0, 1, 0.0
16132018.0, 9331812.0, 1, 0.0
16132018.0, 9331812.0, 1, 0.0
16132018.0, 9331812.0, 1, 0.0
16316918.0, 8338366.0, 1, 0.0
16514866.0, 7965890.0, 1, 0.0
16642370.0, 7949384.0, 1, 0.0
16652226.0, 7846962.0, 1, 0.0
16652226.0, 7846962.0, 1, 0.0
16906902.0, 7329338.0, 1, 0.0
16906902.0, 7329338.0, 1, 0.0
16906902.0, 7329338.0, 1, 0.0
17078728.0, 7050656.0, 1, 0.0
17078728.0, 7050656.0, 1, 0.0
17078728.0, 7050656.0, 1, 0.0
17078728.0, 7050656.0, 1, 0.0
17078728.0, 7050656.0, 1, 0.0
17161722.0, 6955492.0, 1, 0.0
17161722.0, 6955492.0, 1, 0.0
17161722.0, 6955492.0, 1, 0.0
17161722.0, 6955492.0, 1, 0.0
17161722.0, 6955492.0, 1, 0.0
17161722.0, 6955492.0, 1, 0.0
17161722.0, 6955492.0, 1, 0.0
17161722.0, 6955492.0, 1, 0.0
17161722.0, 6955492.0, 1, 0.0
17281742.0, 6937718.0, 1, 0.0
17281742.0, 6937718.0, 1, 0.0
17281742.0, 6937718.0, 1, 0.0
17281742.0, 6937718.0, 1, 0.0
17281742.0, 6937718.0, 1, 0.0
17281742.0, 6937718.0, 1, 0.0
17281742.0, 6937718.0, 1, 0.0
17321632.0, 6852856.0, 1, 0.0
15820306.0, 10226598.0, 2, inf
18070440.0, 6709552.0, 2, inf
17273430.0, 7254836.0, 2, 1.05580542665
16560596.0, 8062924.0, 2, 0.80952019073
16241868.0, 9483552.0, 2, 0.444694328854
16341622.0, 8645504.0, 2, 0.33559776741
15983596.0, 9649906.0, 2, 0.301518910311
15825172.0, 9892696.0, 2, 0.23653957083
16341622.0, 8645504.0, 2, 0.209977162462
16341622.0, 8645504.0, 2, 0.0
16341622.0, 8645504.0, 2, 0.0
Generacion: 196
19185380.0, 6284830.0, 1, inf
15801706.0, 9909422.0, 1, inf
19185380.0, 6284830.0, 1, inf
15801706.0, 9909422.0, 1, inf
18986452.0, 6403850.0, 1, 0.289487659315
16316918.0, 8338366.0, 1, 0.265764416586
16215864.0, 9169054.0, 1, 0.253960678992
17899764.0, 6742608.0, 1, 0.231652910903
18275566.0, 6595074.0, 1, 0.215366355604
17321632.0, 6852856.0, 1, 0.194272091495
16652226.0, 7846962.0, 1, 0.150007517727
16815532.0, 7450386.0, 1, 0.136415782826
15941572.0, 9771226.0, 1, 0.129085954548
16490244.0, 8185428.0, 1, 0.119618523523
15975696.0, 9488294.0, 1, 0.113773426053
17025916.0, 7313618.0, 1, 0.107722417106
16514866.0, 7965890.0, 1, 0.101163951334
18275566.0, 6595074.0, 1, 0.0885516146144
17078728.0, 7050656.0, 1, 0.0883281137541
16815532.0, 7450386.0, 1, 0.0816592342106
16652226.0, 7846962.0, 1, 0.0810743407936
16215864.0, 9169054.0, 1, 0.0747689828484
16096542.0, 9471888.0, 1, 0.0743604383295
16440704.0, 8320016.0, 1, 0.0737152149105
15819630.0, 9789000.0, 1, 0.0692619431977
16906902.0, 7329338.0, 1, 0.0685693207023
16132018.0, 9331812.0, 1, 0.0634255787657
16132018.0, 9331812.0, 1, 0.0553882741868
18063094.0, 6627720.0, 1, 0.0550176566913
17990104.0, 6729276.0, 1, 0.0547173913584
17132118.0, 7045174.0, 1, 0.0507828695991
17161722.0, 6955492.0, 1, 0.0471738858398
18996838.0, 6318426.0, 1, 0.0458815093051
17321632.0, 6852856.0, 1, 0.0422056255842
16514866.0, 7965890.0, 1, 0.0400881228542
18154450.0, 6614188.0, 1, 0.03952761412
19072340.0, 6303642.0, 1, 0.0374862775554
17281742.0, 6937718.0, 1, 0.0364519232404
16316918.0, 8338366.0, 1, 0.0349278090004
18154450.0, 6614188.0, 1, 0.0322724759923
16906902.0, 7329338.0, 1, 0.0313402322534
19072340.0, 6303642.0, 1, 0.027503716715
17237622.0, 6948220.0, 1, 0.0253286685022
18063094.0, 6627720.0, 1, 0.0253046127316
17990104.0, 6729276.0, 1, 0.0252494341074
17025916.0, 7313618.0, 1, 0.0199449264408
16440704.0, 8320016.0, 1, 0.0197035291201
17078728.0, 7050656.0, 1, 0.0171203326658
17237622.0, 6948220.0, 1, 0.0150453759655
16096542.0, 9471888.0, 1, 0.0150107641112
17281742.0, 6937718.0, 1, 0.0146863903158
15975696.0, 9488294.0, 1, 0.014611198432
17161722.0, 6955492.0, 1, 0.0107553645755
15819630.0, 9789000.0, 1, 0.0102009249533
18996838.0, 6318426.0, 1, 0.00714824853726
17161722.0, 6955492.0, 1, 0.0
17237622.0, 6948220.0, 1, 0.0
17237622.0, 6948220.0, 1, 0.0
17237622.0, 6948220.0, 1, 0.0
17237622.0, 6948220.0, 1, 0.0
17237622.0, 6948220.0, 1, 0.0
17281742.0, 6937718.0, 1, 0.0
17281742.0, 6937718.0, 1, 0.0
17321632.0, 6852856.0, 1, 0.0
17321632.0, 6852856.0, 1, 0.0
17321632.0, 6852856.0, 1, 0.0
17321632.0, 6852856.0, 1, 0.0
17321632.0, 6852856.0, 1, 0.0
17321632.0, 6852856.0, 1, 0.0
17990104.0, 6729276.0, 1, 0.0
17990104.0, 6729276.0, 1, 0.0
17990104.0, 6729276.0, 1, 0.0
18063094.0, 6627720.0, 1, 0.0
18063094.0, 6627720.0, 1, 0.0
18063094.0, 6627720.0, 1, 0.0
18154450.0, 6614188.0, 1, 0.0
18275566.0, 6595074.0, 1, 0.0
18275566.0, 6595074.0, 1, 0.0
18996838.0, 6318426.0, 1, 0.0
18996838.0, 6318426.0, 1, 0.0
19072340.0, 6303642.0, 1, 0.0
19072340.0, 6303642.0, 1, 0.0
19072340.0, 6303642.0, 1, 0.0
19072340.0, 6303642.0, 1, 0.0
19185380.0, 6284830.0, 1, 0.0
19185380.0, 6284830.0, 1, 0.0
15801706.0, 9909422.0, 1, 0.0
15801706.0, 9909422.0, 1, 0.0
15801706.0, 9909422.0, 1, 0.0
15801706.0, 9909422.0, 1, 0.0
15819630.0, 9789000.0, 1, 0.0
15819630.0, 9789000.0, 1, 0.0
15819630.0, 9789000.0, 1, 0.0
15975696.0, 9488294.0, 1, 0.0
15975696.0, 9488294.0, 1, 0.0
15975696.0, 9488294.0, 1, 0.0
15975696.0, 9488294.0, 1, 0.0
15975696.0, 9488294.0, 1, 0.0
16096542.0, 9471888.0, 1, 0.0
16096542.0, 9471888.0, 1, 0.0
16132018.0, 9331812.0, 1, 0.0
16132018.0, 9331812.0, 1, 0.0
16132018.0, 9331812.0, 1, 0.0
16132018.0, 9331812.0, 1, 0.0
16215864.0, 9169054.0, 1, 0.0
16215864.0, 9169054.0, 1, 0.0
16316918.0, 8338366.0, 1, 0.0
16316918.0, 8338366.0, 1, 0.0
16514866.0, 7965890.0, 1, 0.0
16652226.0, 7846962.0, 1, 0.0
16906902.0, 7329338.0, 1, 0.0
16906902.0, 7329338.0, 1, 0.0
16906902.0, 7329338.0, 1, 0.0
16906902.0, 7329338.0, 1, 0.0
16906902.0, 7329338.0, 1, 0.0
17025916.0, 7313618.0, 1, 0.0
17025916.0, 7313618.0, 1, 0.0
17025916.0, 7313618.0, 1, 0.0
17078728.0, 7050656.0, 1, 0.0
17078728.0, 7050656.0, 1, 0.0
17078728.0, 7050656.0, 1, 0.0
17078728.0, 7050656.0, 1, 0.0
17078728.0, 7050656.0, 1, 0.0
17161722.0, 6955492.0, 1, 0.0
17161722.0, 6955492.0, 1, 0.0
17161722.0, 6955492.0, 1, 0.0
17161722.0, 6955492.0, 1, 0.0
17161722.0, 6955492.0, 1, 0.0
17161722.0, 6955492.0, 1, 0.0
17161722.0, 6955492.0, 1, 0.0
17161722.0, 6955492.0, 1, 0.0
17161722.0, 6955492.0, 1, 0.0
20728526.0, 6344006.0, 2, inf
15837804.0, 9932044.0, 2, inf
20526828.0, 6484930.0, 2, 0.645374700026
16341622.0, 8645504.0, 2, 0.573642108846
18070440.0, 6709552.0, 2, 0.534274405099
17027528.0, 7319250.0, 2, 0.520167554923
16581656.0, 8184920.0, 2, 0.362878732985
17410386.0, 6926530.0, 2, 0.317752516917
16453202.0, 8325276.0, 2, 0.146999729745
17907110.0, 6824440.0, 2, 0.133584282046
18070440.0, 6709552.0, 2, 0.0959989030613
16505722.0, 8238454.0, 2, 0.0653825910922
17907110.0, 6824440.0, 2, 0.0618487630684
18070440.0, 6709552.0, 2, 0.0
18070440.0, 6709552.0, 2, 0.0
18070440.0, 6709552.0, 2, 0.0
16383488.0, 9491668.0, 3, inf
18110570.0, 6710048.0, 3, inf
Generacion: 197
15801706.0, 9909422.0, 1, inf
19185380.0, 6284830.0, 1, inf
15801706.0, 9909422.0, 1, inf
16316918.0, 8338366.0, 1, 0.265764416586
16215864.0, 9169054.0, 1, 0.253960678992
18986452.0, 6403850.0, 1, 0.233660828471
18275566.0, 6595074.0, 1, 0.213644230741
17852368.0, 6821194.0, 1, 0.174692938447
16652226.0, 7846962.0, 1, 0.150007517727
16815532.0, 7450386.0, 1, 0.136415782826
17025916.0, 7313618.0, 1, 0.127667343547
17442302.0, 6835196.0, 1, 0.126061843384
15941572.0, 9771226.0, 1, 0.114097334326
15975696.0, 9488294.0, 1, 0.113773426053
16514866.0, 7965890.0, 1, 0.101163951334
17078728.0, 7050656.0, 1, 0.0970771835522
16815532.0, 7450386.0, 1, 0.0816592342106
16652226.0, 7846962.0, 1, 0.0810743407936
18275566.0, 6595074.0, 1, 0.0787752590908
16490244.0, 8185428.0, 1, 0.0752099143905
16215864.0, 9169054.0, 1, 0.0747689828484
16096542.0, 9471888.0, 1, 0.0743604383295
16440704.0, 8320016.0, 1, 0.0737152149105
15819630.0, 9789000.0, 1, 0.0692619431977
16906902.0, 7329338.0, 1, 0.0685693207023
17981720.0, 6779830.0, 1, 0.0660655930208
16132018.0, 9331812.0, 1, 0.0634255787657
17321632.0, 6852856.0, 1, 0.0590752610678
18986452.0, 6403850.0, 1, 0.0558268308439
16132018.0, 9331812.0, 1, 0.0553882741868
18063094.0, 6627720.0, 1, 0.0550176566913
17161722.0, 6955492.0, 1, 0.0486863319302
18996838.0, 6318426.0, 1, 0.0458815093051
16490244.0, 8185428.0, 1, 0.0444086091323
17078728.0, 7050656.0, 1, 0.0418629795624
18187530.0, 6607946.0, 1, 0.0410676495226
16514866.0, 7965890.0, 1, 0.0400881228542
17442302.0, 6835196.0, 1, 0.0395254744988
19072340.0, 6303642.0, 1, 0.0374862775554
17281742.0, 6937718.0, 1, 0.0364519232404
17990104.0, 6729276.0, 1, 0.0355187278651
16316918.0, 8338366.0, 1, 0.0349278090004
16906902.0, 7329338.0, 1, 0.0313402322534
17990104.0, 6729276.0, 1, 0.0304963818876
18154450.0, 6614188.0, 1, 0.0287211797361
19072340.0, 6303642.0, 1, 0.027503716715
17161722.0, 6955492.0, 1, 0.0265340713895
17237622.0, 6948220.0, 1, 0.0253286685022
18063094.0, 6627720.0, 1, 0.0253046127316
16440704.0, 8320016.0, 1, 0.0197035291201
17321632.0, 6852856.0, 1, 0.0166612332775
17237622.0, 6948220.0, 1, 0.0150453759655
16096542.0, 9471888.0, 1, 0.0150107641112
15941572.0, 9771226.0, 1, 0.0149886202218
17281742.0, 6937718.0, 1, 0.0146863903158
15975696.0, 9488294.0, 1, 0.014611198432
18154450.0, 6614188.0, 1, 0.0135097412399
15819630.0, 9789000.0, 1, 0.0102009249533
18996838.0, 6318426.0, 1, 0.00714824853726
17161722.0, 6955492.0, 1, 0.0
17161722.0, 6955492.0, 1, 0.0
17161722.0, 6955492.0, 1, 0.0
17161722.0, 6955492.0, 1, 0.0
17161722.0, 6955492.0, 1, 0.0
17161722.0, 6955492.0, 1, 0.0
17237622.0, 6948220.0, 1, 0.0
17237622.0, 6948220.0, 1, 0.0
17281742.0, 6937718.0, 1, 0.0
17281742.0, 6937718.0, 1, 0.0
17281742.0, 6937718.0, 1, 0.0
17281742.0, 6937718.0, 1, 0.0
17321632.0, 6852856.0, 1, 0.0
17321632.0, 6852856.0, 1, 0.0
17990104.0, 6729276.0, 1, 0.0
17990104.0, 6729276.0, 1, 0.0
17990104.0, 6729276.0, 1, 0.0
18063094.0, 6627720.0, 1, 0.0
18063094.0, 6627720.0, 1, 0.0
18063094.0, 6627720.0, 1, 0.0
18063094.0, 6627720.0, 1, 0.0
18154450.0, 6614188.0, 1, 0.0
18154450.0, 6614188.0, 1, 0.0
18154450.0, 6614188.0, 1, 0.0
18154450.0, 6614188.0, 1, 0.0
18986452.0, 6403850.0, 1, 0.0
18996838.0, 6318426.0, 1, 0.0
18996838.0, 6318426.0, 1, 0.0
18996838.0, 6318426.0, 1, 0.0
18996838.0, 6318426.0, 1, 0.0
18996838.0, 6318426.0, 1, 0.0
19072340.0, 6303642.0, 1, 0.0
19072340.0, 6303642.0, 1, 0.0
15801706.0, 9909422.0, 1, 0.0
15819630.0, 9789000.0, 1, 0.0
15819630.0, 9789000.0, 1, 0.0
15819630.0, 9789000.0, 1, 0.0
15819630.0, 9789000.0, 1, 0.0
15819630.0, 9789000.0, 1, 0.0
15941572.0, 9771226.0, 1, 0.0
15975696.0, 9488294.0, 1, 0.0
15975696.0, 9488294.0, 1, 0.0
15975696.0, 9488294.0, 1, 0.0
16096542.0, 9471888.0, 1, 0.0
16132018.0, 9331812.0, 1, 0.0
16215864.0, 9169054.0, 1, 0.0
16215864.0, 9169054.0, 1, 0.0
16316918.0, 8338366.0, 1, 0.0
16440704.0, 8320016.0, 1, 0.0
16490244.0, 8185428.0, 1, 0.0
16490244.0, 8185428.0, 1, 0.0
16514866.0, 7965890.0, 1, 0.0
16514866.0, 7965890.0, 1, 0.0
16514866.0, 7965890.0, 1, 0.0
16514866.0, 7965890.0, 1, 0.0
16514866.0, 7965890.0, 1, 0.0
16906902.0, 7329338.0, 1, 0.0
16906902.0, 7329338.0, 1, 0.0
16906902.0, 7329338.0, 1, 0.0
16906902.0, 7329338.0, 1, 0.0
16906902.0, 7329338.0, 1, 0.0
16906902.0, 7329338.0, 1, 0.0
16906902.0, 7329338.0, 1, 0.0
16906902.0, 7329338.0, 1, 0.0
16906902.0, 7329338.0, 1, 0.0
17078728.0, 7050656.0, 1, 0.0
17078728.0, 7050656.0, 1, 0.0
17078728.0, 7050656.0, 1, 0.0
17078728.0, 7050656.0, 1, 0.0
17078728.0, 7050656.0, 1, 0.0
17078728.0, 7050656.0, 1, 0.0
17078728.0, 7050656.0, 1, 0.0
17161722.0, 6955492.0, 1, 0.0
17161722.0, 6955492.0, 1, 0.0
17161722.0, 6955492.0, 1, 0.0
15837804.0, 9932044.0, 2, inf
21052724.0, 6298380.0, 2, inf
15837804.0, 9932044.0, 2, inf
18070440.0, 6709552.0, 2, 0.705276872786
20608224.0, 6361654.0, 2, 0.685031618848
16415350.0, 9036128.0, 2, 0.271125772137
16807086.0, 7945402.0, 2, 0.259164450025
16453202.0, 8325276.0, 2, 0.236852832526
16158048.0, 9563372.0, 2, 0.22600950556
16921072.0, 7586146.0, 2, 0.214591136057
17683326.0, 6886376.0, 2, 0.214023970602
17027528.0, 7319250.0, 2, 0.178967507973
16505722.0, 8238454.0, 2, 0.172402872339
17157642.0, 7100676.0, 2, 0.153753741282
17283788.0, 6939118.0, 2, 0.121075864544
16266036.0, 9180042.0, 2, 0.108468994524
Generacion: 198
19185380.0, 6284830.0, 1, inf
15801706.0, 9909422.0, 1, inf
15801706.0, 9909422.0, 1, inf
16316918.0, 8338366.0, 1, 0.265764416586
18343856.0, 6553106.0, 1, 0.262850320695
16215864.0, 9169054.0, 1, 0.253960678992
18986452.0, 6403850.0, 1, 0.213478624157
16771596.0, 7703098.0, 1, 0.157675514112
17852368.0, 6821194.0, 1, 0.142870907686
17442302.0, 6835196.0, 1, 0.126061843384
16132018.0, 9331812.0, 1, 0.118813852952
17025916.0, 7313618.0, 1, 0.107722417106
15975696.0, 9488294.0, 1, 0.103544964478
16514866.0, 7965890.0, 1, 0.101163951334
17078728.0, 7050656.0, 1, 0.0970771835522
16815532.0, 7450386.0, 1, 0.0967246948356
15967382.0, 9734152.0, 1, 0.0881438884561
16652226.0, 7846962.0, 1, 0.0802860152791
16490244.0, 8185428.0, 1, 0.0752099143905
16215864.0, 9169054.0, 1, 0.0747689828484
16096542.0, 9471888.0, 1, 0.0743604383295
16440704.0, 8320016.0, 1, 0.0737152149105
18275566.0, 6595074.0, 1, 0.0728285363477
15819630.0, 9789000.0, 1, 0.0692619431977
16906902.0, 7329338.0, 1, 0.0685693207023
16652226.0, 7846962.0, 1, 0.0680896383666
17899764.0, 6742608.0, 1, 0.0660655930208
17321632.0, 6852856.0, 1, 0.0590752610678
18063094.0, 6627720.0, 1, 0.0550176566913
17990104.0, 6729276.0, 1, 0.0547173913584
18996838.0, 6318426.0, 1, 0.0530297578424
17281742.0, 6937718.0, 1, 0.0511383135562
17161722.0, 6955492.0, 1, 0.0486863319302
16815532.0, 7450386.0, 1, 0.0463810129635
15941572.0, 9771226.0, 1, 0.046266803331
16490244.0, 8185428.0, 1, 0.0444086091323
18986452.0, 6403850.0, 1, 0.0442481483329
17078728.0, 7050656.0, 1, 0.0418629795624
16514866.0, 7965890.0, 1, 0.0400881228542
18154450.0, 6614188.0, 1, 0.03952761412
17442302.0, 6835196.0, 1, 0.0395254744988
19072340.0, 6303642.0, 1, 0.0374862775554
16316918.0, 8338366.0, 1, 0.0349278090004
18154450.0, 6614188.0, 1, 0.0322724759923
16906902.0, 7329338.0, 1, 0.0313402322534
19072340.0, 6303642.0, 1, 0.027503716715
17161722.0, 6955492.0, 1, 0.0265340713895
17237622.0, 6948220.0, 1, 0.0253286685022
18063094.0, 6627720.0, 1, 0.0253046127316
17990104.0, 6729276.0, 1, 0.0252494341074
17025916.0, 7313618.0, 1, 0.0199449264408
16440704.0, 8320016.0, 1, 0.0197035291201
17852368.0, 6821194.0, 1, 0.0178703150478
17321632.0, 6852856.0, 1, 0.0166612332775
17237622.0, 6948220.0, 1, 0.0150453759655
16096542.0, 9471888.0, 1, 0.0150107641112
15941572.0, 9771226.0, 1, 0.0125315277241
15819630.0, 9789000.0, 1, 0.0102009249533
15975696.0, 9488294.0, 1, 0.00698339504429
17078728.0, 7050656.0, 1, 0.0
17078728.0, 7050656.0, 1, 0.0
17078728.0, 7050656.0, 1, 0.0
17078728.0, 7050656.0, 1, 0.0
17078728.0, 7050656.0, 1, 0.0
17078728.0, 7050656.0, 1, 0.0
17161722.0, 6955492.0, 1, 0.0
17161722.0, 6955492.0, 1, 0.0
17161722.0, 6955492.0, 1, 0.0
17161722.0, 6955492.0, 1, 0.0
17161722.0, 6955492.0, 1, 0.0
17161722.0, 6955492.0, 1, 0.0
17161722.0, 6955492.0, 1, 0.0
17161722.0, 6955492.0, 1, 0.0
17161722.0, 6955492.0, 1, 0.0
17237622.0, 6948220.0, 1, 0.0
17237622.0, 6948220.0, 1, 0.0
17237622.0, 6948220.0, 1, 0.0
17237622.0, 6948220.0, 1, 0.0
17237622.0, 6948220.0, 1, 0.0
17321632.0, 6852856.0, 1, 0.0
17321632.0, 6852856.0, 1, 0.0
17321632.0, 6852856.0, 1, 0.0
17321632.0, 6852856.0, 1, 0.0
17321632.0, 6852856.0, 1, 0.0
17321632.0, 6852856.0, 1, 0.0
17442302.0, 6835196.0, 1, 0.0
17852368.0, 6821194.0, 1, 0.0
18154450.0, 6614188.0, 1, 0.0
18986452.0, 6403850.0, 1, 0.0
18986452.0, 6403850.0, 1, 0.0
18986452.0, 6403850.0, 1, 0.0
15801706.0, 9909422.0, 1, 0.0
15819630.0, 9789000.0, 1, 0.0
15975696.0, 9488294.0, 1, 0.0
15975696.0, 9488294.0, 1, 0.0
15975696.0, 9488294.0, 1, 0.0
15975696.0, 9488294.0, 1, 0.0
15975696.0, 9488294.0, 1, 0.0
15975696.0, 9488294.0, 1, 0.0
15975696.0, 9488294.0, 1, 0.0
16316918.0, 8338366.0, 1, 0.0
16316918.0, 8338366.0, 1, 0.0
16316918.0, 8338366.0, 1, 0.0
16316918.0, 8338366.0, 1, 0.0
16440704.0, 8320016.0, 1, 0.0
16440704.0, 8320016.0, 1, 0.0
16490244.0, 8185428.0, 1, 0.0
16490244.0, 8185428.0, 1, 0.0
16490244.0, 8185428.0, 1, 0.0
16514866.0, 7965890.0, 1, 0.0
16514866.0, 7965890.0, 1, 0.0
16514866.0, 7965890.0, 1, 0.0
16514866.0, 7965890.0, 1, 0.0
16514866.0, 7965890.0, 1, 0.0
16652226.0, 7846962.0, 1, 0.0
16652226.0, 7846962.0, 1, 0.0
16652226.0, 7846962.0, 1, 0.0
16652226.0, 7846962.0, 1, 0.0
16652226.0, 7846962.0, 1, 0.0
16652226.0, 7846962.0, 1, 0.0
16815532.0, 7450386.0, 1, 0.0
16906902.0, 7329338.0, 1, 0.0
16906902.0, 7329338.0, 1, 0.0
16906902.0, 7329338.0, 1, 0.0
16906902.0, 7329338.0, 1, 0.0
17025916.0, 7313618.0, 1, 0.0
17025916.0, 7313618.0, 1, 0.0
17078728.0, 7050656.0, 1, 0.0
17078728.0, 7050656.0, 1, 0.0
17078728.0, 7050656.0, 1, 0.0
17078728.0, 7050656.0, 1, 0.0
17078728.0, 7050656.0, 1, 0.0
17078728.0, 7050656.0, 1, 0.0
15820306.0, 10226598.0, 2, inf
20070670.0, 6395114.0, 2, inf
18110570.0, 6710048.0, 2, 0.621081489119
17027528.0, 7319250.0, 2, 0.43402596472
15825172.0, 9892696.0, 2, 0.412078238386
16347754.0, 9123194.0, 2, 0.362413894409
17201200.0, 7032946.0, 2, 0.307187181829
16614680.0, 8167192.0, 2, 0.23924772694
17797026.0, 6835930.0, 2, 0.220501369375
16422090.0, 8525936.0, 2, 0.178432137487
16614680.0, 8167192.0, 2, 0.174447077379
16415350.0, 9036128.0, 2, 0.173370963127
16538434.0, 8463422.0, 2, 0.138941975273
17907110.0, 6824440.0, 2, 0.106623373574
15863722.0, 9915382.0, 3, inf
17604890.0, 7056086.0, 3, inf
16445090.0, 8782392.0, 3, 1.16238177011
Generacion: 199
15801706.0, 9909422.0, 1, inf
15801706.0, 9909422.0, 1, inf
20425682.0, 6272108.0, 1, inf
19185380.0, 6284830.0, 1, 0.273404741907
16218700.0, 8663926.0, 1, 0.250233865199
18223096.0, 6569024.0, 1, 0.237759998973
18986452.0, 6403850.0, 1, 0.236229059828
16215864.0, 9169054.0, 1, 0.157006784887
16316918.0, 8338366.0, 1, 0.126989798804
17025916.0, 7313618.0, 1, 0.113777320957
17852368.0, 6821194.0, 1, 0.110288057117
16490244.0, 8185428.0, 1, 0.0978413667466
16771596.0, 7703098.0, 1, 0.0952930874271
15975696.0, 9488294.0, 1, 0.093727935713
17442302.0, 6835196.0, 1, 0.093537784801
16815532.0, 7450386.0, 1, 0.089237692676
16514866.0, 7965890.0, 1, 0.0879317132362
15967382.0, 9734152.0, 1, 0.0851657667255
17078728.0, 7050656.0, 1, 0.0838419957363
16096542.0, 9471888.0, 1, 0.0646454864111
16316918.0, 8338366.0, 1, 0.0632879882293
15819630.0, 9789000.0, 1, 0.0594790740513
16906902.0, 7329338.0, 1, 0.059017957792
18063094.0, 6627720.0, 1, 0.0581474721694
16132018.0, 9331812.0, 1, 0.0566437147756
16642370.0, 7949384.0, 1, 0.0557332283103
16652226.0, 7846962.0, 1, 0.0539741361351
16132018.0, 9331812.0, 1, 0.0524189405852
17321632.0, 6852856.0, 1, 0.0494275411922
16771596.0, 7703098.0, 1, 0.0490540424371
16490244.0, 8185428.0, 1, 0.047371815654
15941572.0, 9771226.0, 1, 0.0470327120813
16215864.0, 9169054.0, 1, 0.0453600804181
17132118.0, 7045174.0, 1, 0.0441118848021
18023550.0, 6722720.0, 1, 0.0437057194822
16815532.0, 7450386.0, 1, 0.042781281823
16652226.0, 7846962.0, 1, 0.0416837619685
17899764.0, 6742608.0, 1, 0.0411428020382
17161722.0, 6955492.0, 1, 0.0410705511843
18996838.0, 6318426.0, 1, 0.0398138340211
17281742.0, 6937718.0, 1, 0.0328725244707
18154450.0, 6614188.0, 1, 0.0321738778153
17442302.0, 6835196.0, 1, 0.0299461326583
19072340.0, 6303642.0, 1, 0.0285110314
19185380.0, 6284830.0, 1, 0.0279441295598
16906902.0, 7329338.0, 1, 0.0240819211369
19072340.0, 6303642.0, 1, 0.0215003202579
17990104.0, 6729276.0, 1, 0.0213397275717
17237622.0, 6948220.0, 1, 0.019301740463
18154450.0, 6614188.0, 1, 0.0185659929813
17852368.0, 6821194.0, 1, 0.0140995971227
17899764.0, 6742608.0, 1, 0.0139153952638
17321632.0, 6852856.0, 1, 0.0134820059648
17078728.0, 7050656.0, 1, 0.0129284956619
16096542.0, 9471888.0, 1, 0.0121826563381
17237622.0, 6948220.0, 1, 0.0115408495039
17281742.0, 6937718.0, 1, 0.0115140702848
17990104.0, 6729276.0, 1, 0.0108985110931
16514866.0, 7965890.0, 1, 0.00986281863038
15819630.0, 9789000.0, 1, 0.00876289059132
17161722.0, 6955492.0, 1, 0.00840155985362
16642370.0, 7949384.0, 1, 0.00666946295552
18996838.0, 6318426.0, 1, 0.00631065665756
15975696.0, 9488294.0, 1, 0.00630849090126
16316918.0, 8338366.0, 1, 0.0
16514866.0, 7965890.0, 1, 0.0
16514866.0, 7965890.0, 1, 0.0
16652226.0, 7846962.0, 1, 0.0
16815532.0, 7450386.0, 1, 0.0
16815532.0, 7450386.0, 1, 0.0
16815532.0, 7450386.0, 1, 0.0
16815532.0, 7450386.0, 1, 0.0
16906902.0, 7329338.0, 1, 0.0
16906902.0, 7329338.0, 1, 0.0
16906902.0, 7329338.0, 1, 0.0
16906902.0, 7329338.0, 1, 0.0
16906902.0, 7329338.0, 1, 0.0
16906902.0, 7329338.0, 1, 0.0
17078728.0, 7050656.0, 1, 0.0
17078728.0, 7050656.0, 1, 0.0
17078728.0, 7050656.0, 1, 0.0
17078728.0, 7050656.0, 1, 0.0
17078728.0, 7050656.0, 1, 0.0
17078728.0, 7050656.0, 1, 0.0
17078728.0, 7050656.0, 1, 0.0
17161722.0, 6955492.0, 1, 0.0
17161722.0, 6955492.0, 1, 0.0
17161722.0, 6955492.0, 1, 0.0
17161722.0, 6955492.0, 1, 0.0
17161722.0, 6955492.0, 1, 0.0
17161722.0, 6955492.0, 1, 0.0
17321632.0, 6852856.0, 1, 0.0
17321632.0, 6852856.0, 1, 0.0
17321632.0, 6852856.0, 1, 0.0
17321632.0, 6852856.0, 1, 0.0
17442302.0, 6835196.0, 1, 0.0
17442302.0, 6835196.0, 1, 0.0
17442302.0, 6835196.0, 1, 0.0
17852368.0, 6821194.0, 1, 0.0
17990104.0, 6729276.0, 1, 0.0
17990104.0, 6729276.0, 1, 0.0
17990104.0, 6729276.0, 1, 0.0
18154450.0, 6614188.0, 1, 0.0
18154450.0, 6614188.0, 1, 0.0
19072340.0, 6303642.0, 1, 0.0
19185380.0, 6284830.0, 1, 0.0
19185380.0, 6284830.0, 1, 0.0
15801706.0, 9909422.0, 1, 0.0
15801706.0, 9909422.0, 1, 0.0
15801706.0, 9909422.0, 1, 0.0
15819630.0, 9789000.0, 1, 0.0
15819630.0, 9789000.0, 1, 0.0
15975696.0, 9488294.0, 1, 0.0
15975696.0, 9488294.0, 1, 0.0
15975696.0, 9488294.0, 1, 0.0
15975696.0, 9488294.0, 1, 0.0
15975696.0, 9488294.0, 1, 0.0
15975696.0, 9488294.0, 1, 0.0
16132018.0, 9331812.0, 1, 0.0
16132018.0, 9331812.0, 1, 0.0
16132018.0, 9331812.0, 1, 0.0
16132018.0, 9331812.0, 1, 0.0
16215864.0, 9169054.0, 1, 0.0
16316918.0, 8338366.0, 1, 0.0
16316918.0, 8338366.0, 1, 0.0
16316918.0, 8338366.0, 1, 0.0
16316918.0, 8338366.0, 1, 0.0
15814250.0, 10294122.0, 2, inf
20352986.0, 6438262.0, 2, inf
20051464.0, 6541252.0, 2, 0.498377419417
16225230.0, 9572712.0, 2, 0.444662412554
18275566.0, 6595074.0, 2, 0.415965071477
15837804.0, 9932044.0, 2, 0.277643887765
16341622.0, 8645504.0, 2, 0.26922502319
16905740.0, 7893144.0, 2, 0.193894543166
16936998.0, 7434730.0, 2, 0.175669856714
17360408.0, 6911624.0, 2, 0.167075055432
17027528.0, 7319250.0, 2, 0.166113924766
17907110.0, 6824440.0, 2, 0.164275121792
17197514.0, 7015538.0, 2, 0.15504618292
16759046.0, 8031182.0, 2, 0.135201106169
16501110.0, 8443206.0, 2, 0.131719943537
16581656.0, 8184920.0, 2, 0.0966053782454
16472146.0, 8599780.0, 2, 0.0876043778209
18130710.0, 6690272.0, 2, 0.0748838770591
17976154.0, 6801306.0, 2, 0.0657814774791
17283788.0, 6939118.0, 2, 0.0628393578029
18275566.0, 6595074.0, 2, 0.0458739879965
16614680.0, 8167192.0, 2, 0.0425496181456
16341622.0, 8645504.0, 2, 0.0375024584544
Generacion: 200
15801706.0, 9909422.0, 1, inf
15801706.0, 9909422.0, 1, inf
19185380.0, 6284830.0, 1, inf
19185380.0, 6284830.0, 1, inf
18343856.0, 6553106.0, 1, 0.289487659315
16218700.0, 8663926.0, 1, 0.213292181171
18996838.0, 6318426.0, 1, 0.197058978708
16132018.0, 9331812.0, 1, 0.194749614718
17839136.0, 6816656.0, 1, 0.160741222734
16316918.0, 8338366.0, 1, 0.126403076055
17442302.0, 6835196.0, 1, 0.122151301174
16218700.0, 8663926.0, 1, 0.115437480669
17025916.0, 7313618.0, 1, 0.107722417106
16771596.0, 7703098.0, 1, 0.104999723695
15975696.0, 9488294.0, 1, 0.103544964478
16514866.0, 7965890.0, 1, 0.0982511411753
16815532.0, 7450386.0, 1, 0.0967246948356
16440704.0, 8320016.0, 1, 0.0934187440306
17078728.0, 7050656.0, 1, 0.0883281137541
18996838.0, 6318426.0, 1, 0.0870602130048
15819630.0, 9789000.0, 1, 0.0855041330205
15967382.0, 9734152.0, 1, 0.0821026235866
16490244.0, 8185428.0, 1, 0.0752099143905
16096542.0, 9471888.0, 1, 0.0743604383295
16642370.0, 7949384.0, 1, 0.0734063444086
18275566.0, 6595074.0, 1, 0.0728285363477
16906902.0, 7329338.0, 1, 0.0685693207023
16132018.0, 9331812.0, 1, 0.0642637209744
16652226.0, 7846962.0, 1, 0.0635357465079
17321632.0, 6852856.0, 1, 0.0590752610678
15944172.0, 9752114.0, 1, 0.0587983310551
16771596.0, 7703098.0, 1, 0.052675790417
18016714.0, 6706106.0, 1, 0.0495898288332
18063094.0, 6627720.0, 1, 0.0486252130728
17161722.0, 6955492.0, 1, 0.0471738858398
17899764.0, 6742608.0, 1, 0.0471281233801
16815532.0, 7450386.0, 1, 0.0463810129635
16490244.0, 8185428.0, 1, 0.0444086091323
16652226.0, 7846962.0, 1, 0.0426038981485
17442302.0, 6835196.0, 1, 0.0407774774828
17132118.0, 7045174.0, 1, 0.0405213537105
18154450.0, 6614188.0, 1, 0.03952761412
19072340.0, 6303642.0, 1, 0.0374862775554
17281742.0, 6937718.0, 1, 0.0364519232404
16316918.0, 8338366.0, 1, 0.0340896667917
17990104.0, 6729276.0, 1, 0.0330912331591
18154450.0, 6614188.0, 1, 0.0322724759923
16906902.0, 7329338.0, 1, 0.0313402322534
19072340.0, 6303642.0, 1, 0.027503716715
17237622.0, 6948220.0, 1, 0.0253286685022
17899764.0, 6742608.0, 1, 0.021596008866
17025916.0, 7313618.0, 1, 0.0199449264408
18063094.0, 6627720.0, 1, 0.017440379948
17078728.0, 7050656.0, 1, 0.0171203326658
17321632.0, 6852856.0, 1, 0.0166612332775
17237622.0, 6948220.0, 1, 0.0150453759655
16096542.0, 9471888.0, 1, 0.0150107641112
17281742.0, 6937718.0, 1, 0.0146863903158
16514866.0, 7965890.0, 1, 0.0118305975934
17990104.0, 6729276.0, 1, 0.0115424398757
17161722.0, 6955492.0, 1, 0.0107553645755
17132118.0, 7045174.0, 1, 0.0102615158886
15975696.0, 9488294.0, 1, 0.00698339504429
16096542.0, 9471888.0, 1, 0.0
16096542.0, 9471888.0, 1, 0.0
16132018.0, 9331812.0, 1, 0.0
16132018.0, 9331812.0, 1, 0.0
16132018.0, 9331812.0, 1, 0.0
16316918.0, 8338366.0, 1, 0.0
16316918.0, 8338366.0, 1, 0.0
16316918.0, 8338366.0, 1, 0.0
16316918.0, 8338366.0, 1, 0.0
16514866.0, 7965890.0, 1, 0.0
16514866.0, 7965890.0, 1, 0.0
16514866.0, 7965890.0, 1, 0.0
16514866.0, 7965890.0, 1, 0.0
16815532.0, 7450386.0, 1, 0.0
16815532.0, 7450386.0, 1, 0.0
16815532.0, 7450386.0, 1, 0.0
16815532.0, 7450386.0, 1, 0.0
16906902.0, 7329338.0, 1, 0.0
16906902.0, 7329338.0, 1, 0.0
16906902.0, 7329338.0, 1, 0.0
17078728.0, 7050656.0, 1, 0.0
17078728.0, 7050656.0, 1, 0.0
17078728.0, 7050656.0, 1, 0.0
17078728.0, 7050656.0, 1, 0.0
17078728.0, 7050656.0, 1, 0.0
17078728.0, 7050656.0, 1, 0.0
17132118.0, 7045174.0, 1, 0.0
17161722.0, 6955492.0, 1, 0.0
17161722.0, 6955492.0, 1, 0.0
17161722.0, 6955492.0, 1, 0.0
17161722.0, 6955492.0, 1, 0.0
17161722.0, 6955492.0, 1, 0.0
17237622.0, 6948220.0, 1, 0.0
17281742.0, 6937718.0, 1, 0.0
17281742.0, 6937718.0, 1, 0.0
17321632.0, 6852856.0, 1, 0.0
17321632.0, 6852856.0, 1, 0.0
17321632.0, 6852856.0, 1, 0.0
17321632.0, 6852856.0, 1, 0.0
17321632.0, 6852856.0, 1, 0.0
17321632.0, 6852856.0, 1, 0.0
17442302.0, 6835196.0, 1, 0.0
17442302.0, 6835196.0, 1, 0.0
17899764.0, 6742608.0, 1, 0.0
17899764.0, 6742608.0, 1, 0.0
17990104.0, 6729276.0, 1, 0.0
18154450.0, 6614188.0, 1, 0.0
19072340.0, 6303642.0, 1, 0.0
15975696.0, 9488294.0, 1, 0.0
15975696.0, 9488294.0, 1, 0.0
15975696.0, 9488294.0, 1, 0.0
15975696.0, 9488294.0, 1, 0.0
15975696.0, 9488294.0, 1, 0.0
15975696.0, 9488294.0, 1, 0.0
16096542.0, 9471888.0, 1, 0.0
15820306.0, 10226598.0, 2, inf
19802394.0, 6290512.0, 2, inf
19698676.0, 6598774.0, 2, 0.458301942998
18302412.0, 6611774.0, 2, 0.413377934331
17360408.0, 6911624.0, 2, 0.306903397505
16777278.0, 7830392.0, 2, 0.267344773232
18110570.0, 6710048.0, 2, 0.253301042749
16341622.0, 8645504.0, 2, 0.245208362139
16341622.0, 8645504.0, 2, 0.226068437802
16266036.0, 9180042.0, 2, 0.193083769262
16239522.0, 9642216.0, 2, 0.171592873201
17027528.0, 7319250.0, 2, 0.159120889916
16077658.0, 9819988.0, 2, 0.156067510391
17017230.0, 7682524.0, 2, 0.152551041591
16777278.0, 7830392.0, 2, 0.146971179314
16250412.0, 9315342.0, 2, 0.124078006464
17197514.0, 7015538.0, 2, 0.122913986484
17137942.0, 7175528.0, 2, 0.119848571012
15973352.0, 9993416.0, 2, 0.0854358957108
15973352.0, 9993416.0, 2, 0.0824946348406
18141150.0, 6686332.0, 2, 0.0731436754486
17017230.0, 7682524.0, 2, 0.0401533490697
16434312.0, 8714578.0, 3, inf
20051464.0, 6541252.0, 3, inf
16861736.0, 8000600.0, 3, 0.806668285454
18778200.0, 6824620.0, 3, 0.560901649424
17258066.0, 7032472.0, 3, 0.531834205789
18792910.0, 6735644.0, 3, 0.482391814127
17116024.0, 7371024.0, 3, 0.313230993826
17116024.0, 7371024.0, 3, 0.225858499046
17201200.0, 7032946.0, 3, 0.195045001813
17116024.0, 7371024.0, 3, 0.0
Generacion: 201
19185380.0, 6284830.0, 1, inf
15814250.0, 10294122.0, 1, inf
18986452.0, 6403850.0, 1, 0.232181196858
18275566.0, 6595074.0, 1, 0.21408523378
16218700.0, 8663926.0, 1, 0.195719561957
16132018.0, 9331812.0, 1, 0.177107998475
15819630.0, 9789000.0, 1, 0.162931525708
17714990.0, 6829308.0, 1, 0.122339682647
16316918.0, 8338366.0, 1, 0.117920807509
16218700.0, 8663926.0, 1, 0.106914409061
15944172.0, 9752114.0, 1, 0.102745837062
15975696.0, 9488294.0, 1, 0.101649468782
17025916.0, 7313618.0, 1, 0.100892027954
16771596.0, 7703098.0, 1, 0.0984410694179
16514866.0, 7965890.0, 1, 0.0925796313659
16815532.0, 7450386.0, 1, 0.0901352491143
16440704.0, 8320016.0, 1, 0.089560694602
17442302.0, 6835196.0, 1, 0.0852939651154
17078728.0, 7050656.0, 1, 0.081425558254
17839136.0, 6816656.0, 1, 0.0764354671255
18275566.0, 6595074.0, 1, 0.0738098896212
16096542.0, 9471888.0, 1, 0.0707851665564
16490244.0, 8185428.0, 1, 0.0694526680034
17899764.0, 6742608.0, 1, 0.06657698166
16906902.0, 7329338.0, 1, 0.0654957534996
16642370.0, 7949384.0, 1, 0.0633684888499
16652226.0, 7846962.0, 1, 0.0609556480518
16132018.0, 9331812.0, 1, 0.0606508792403
17321632.0, 6852856.0, 1, 0.056961449758
18063094.0, 6627720.0, 1, 0.0524296766019
17990104.0, 6729276.0, 1, 0.0521282939795
18986452.0, 6403850.0, 1, 0.0507760701008
16771596.0, 7703098.0, 1, 0.0489156632186
17161722.0, 6955492.0, 1, 0.044883243638
18996838.0, 6318426.0, 1, 0.0437031494375
16815532.0, 7450386.0, 1, 0.0432248829013
16490244.0, 8185428.0, 1, 0.0408728015797
19072340.0, 6303642.0, 1, 0.0393733339346
16652226.0, 7846962.0, 1, 0.0388062933634
19113198.0, 6298954.0, 1, 0.0382238833624
17132118.0, 7045174.0, 1, 0.0382059573868
17442302.0, 6835196.0, 1, 0.037263707613
17281742.0, 6937718.0, 1, 0.0342539303209
16316918.0, 8338366.0, 1, 0.0337119057421
16906902.0, 7329338.0, 1, 0.0310245632376
18154450.0, 6614188.0, 1, 0.028656401919
18187530.0, 6607946.0, 1, 0.0276715689402
17237622.0, 6948220.0, 1, 0.0251341208502
18063094.0, 6627720.0, 1, 0.0250266532173
17990104.0, 6729276.0, 1, 0.0249767690981
17025916.0, 7313618.0, 1, 0.0195868554067
15944172.0, 9752114.0, 1, 0.0185512952185
17078728.0, 7050656.0, 1, 0.0170332873453
17321632.0, 6852856.0, 1, 0.0162375952928
17237622.0, 6948220.0, 1, 0.0149013862807
16096542.0, 9471888.0, 1, 0.0146154686219
17281742.0, 6937718.0, 1, 0.0144522426669
15975696.0, 9488294.0, 1, 0.0134431614133
18154450.0, 6614188.0, 1, 0.0131878929203
18187530.0, 6607946.0, 1, 0.0130232753269
16514866.0, 7965890.0, 1, 0.0114207187681
15819630.0, 9789000.0, 1, 0.0107960321465
17161722.0, 6955492.0, 1, 0.0105954117262
17132118.0, 7045174.0, 1, 0.0101489488594
16642370.0, 7949384.0, 1, 0.0070405851037
18996838.0, 6318426.0, 1, 0.00676830015036
16906902.0, 7329338.0, 1, 0.0
17078728.0, 7050656.0, 1, 0.0
17078728.0, 7050656.0, 1, 0.0
17078728.0, 7050656.0, 1, 0.0
17078728.0, 7050656.0, 1, 0.0
17078728.0, 7050656.0, 1, 0.0
17132118.0, 7045174.0, 1, 0.0
17161722.0, 6955492.0, 1, 0.0
17161722.0, 6955492.0, 1, 0.0
17161722.0, 6955492.0, 1, 0.0
17161722.0, 6955492.0, 1, 0.0
17161722.0, 6955492.0, 1, 0.0
17161722.0, 6955492.0, 1, 0.0
17161722.0, 6955492.0, 1, 0.0
17281742.0, 6937718.0, 1, 0.0
17281742.0, 6937718.0, 1, 0.0
17281742.0, 6937718.0, 1, 0.0
17281742.0, 6937718.0, 1, 0.0
17281742.0, 6937718.0, 1, 0.0
17321632.0, 6852856.0, 1, 0.0
17321632.0, 6852856.0, 1, 0.0
17321632.0, 6852856.0, 1, 0.0
17321632.0, 6852856.0, 1, 0.0
17321632.0, 6852856.0, 1, 0.0
17321632.0, 6852856.0, 1, 0.0
17321632.0, 6852856.0, 1, 0.0
17321632.0, 6852856.0, 1, 0.0
17442302.0, 6835196.0, 1, 0.0
17990104.0, 6729276.0, 1, 0.0
17990104.0, 6729276.0, 1, 0.0
17990104.0, 6729276.0, 1, 0.0
18063094.0, 6627720.0, 1, 0.0
18996838.0, 6318426.0, 1, 0.0
15944172.0, 9752114.0, 1, 0.0
15975696.0, 9488294.0, 1, 0.0
15975696.0, 9488294.0, 1, 0.0
15975696.0, 9488294.0, 1, 0.0
15975696.0, 9488294.0, 1, 0.0
15975696.0, 9488294.0, 1, 0.0
15975696.0, 9488294.0, 1, 0.0
15975696.0, 9488294.0, 1, 0.0
15975696.0, 9488294.0, 1, 0.0
15975696.0, 9488294.0, 1, 0.0
15975696.0, 9488294.0, 1, 0.0
15975696.0, 9488294.0, 1, 0.0
15975696.0, 9488294.0, 1, 0.0
16096542.0, 9471888.0, 1, 0.0
16096542.0, 9471888.0, 1, 0.0
16132018.0, 9331812.0, 1, 0.0
16132018.0, 9331812.0, 1, 0.0
16132018.0, 9331812.0, 1, 0.0
16132018.0, 9331812.0, 1, 0.0
16132018.0, 9331812.0, 1, 0.0
16218700.0, 8663926.0, 1, 0.0
16316918.0, 8338366.0, 1, 0.0
16490244.0, 8185428.0, 1, 0.0
16490244.0, 8185428.0, 1, 0.0
16514866.0, 7965890.0, 1, 0.0
16514866.0, 7965890.0, 1, 0.0
16652226.0, 7846962.0, 1, 0.0
16771596.0, 7703098.0, 1, 0.0
16815532.0, 7450386.0, 1, 0.0
16815532.0, 7450386.0, 1, 0.0
16815532.0, 7450386.0, 1, 0.0
16906902.0, 7329338.0, 1, 0.0
16906902.0, 7329338.0, 1, 0.0
16906902.0, 7329338.0, 1, 0.0
16906902.0, 7329338.0, 1, 0.0
20119258.0, 6587960.0, 2, inf
16250412.0, 9315342.0, 2, inf
18141150.0, 6686332.0, 2, 0.5741501956
17154484.0, 7492616.0, 2, 0.317969200205
16896392.0, 7685292.0, 2, 0.27438507243
16641254.0, 8534102.0, 2, 0.260601405141
17907110.0, 6824440.0, 2, 0.257615624857
16648162.0, 8118526.0, 2, 0.240134955846
16847532.0, 8024580.0, 2, 0.223007353417
17360408.0, 6911624.0, 2, 0.203160074128
16266036.0, 9180042.0, 2, 0.200027827546
17201200.0, 7032946.0, 2, 0.197912781555
16341622.0, 8645504.0, 2, 0.197786332278
16348574.0, 8618088.0, 2, 0.118293146981
16266036.0, 9180042.0, 2, 0.0691451043113
17283788.0, 6939118.0, 2, 0.0683352908735
Generacion: 202
15814250.0, 10294122.0, 1, inf
19822694.0, 6273594.0, 1, inf
15814250.0, 10294122.0, 1, inf
16250412.0, 9315342.0, 1, 0.293221041171
16316918.0, 8338366.0, 1, 0.273878249261
18986452.0, 6403850.0, 1, 0.202271209802
19185380.0, 6284830.0, 1, 0.194666980123
18275566.0, 6595074.0, 1, 0.182101222178
15899884.0, 9814494.0, 1, 0.161819997149
16815532.0, 7450386.0, 1, 0.126718157006
17025916.0, 7313618.0, 1, 0.11218078642
17714990.0, 6829308.0, 1, 0.103610846661
15975696.0, 9488294.0, 1, 0.0957661050276
16771596.0, 7703098.0, 1, 0.0926350611441
16514866.0, 7965890.0, 1, 0.0864131223963
17078728.0, 7050656.0, 1, 0.0861096345328
16440704.0, 8320016.0, 1, 0.0812795022985
15944172.0, 9752114.0, 1, 0.0788848806531
18275566.0, 6595074.0, 1, 0.0777771279459
17442302.0, 6835196.0, 1, 0.0724208499704
18986452.0, 6403850.0, 1, 0.0689886803588
16490244.0, 8185428.0, 1, 0.0669631812221
16096542.0, 9471888.0, 1, 0.0649880579652
16132018.0, 9331812.0, 1, 0.0643763492822
16642370.0, 7949384.0, 1, 0.0638478554098
16906902.0, 7329338.0, 1, 0.059798311043
17899764.0, 6742608.0, 1, 0.0593959583376
16652226.0, 7846962.0, 1, 0.0552543987038
19072340.0, 6303642.0, 1, 0.0531245583827
17321632.0, 6852856.0, 1, 0.0512111285231
17839136.0, 6816656.0, 1, 0.0493886014508
18063094.0, 6627720.0, 1, 0.0480502573532
17990104.0, 6729276.0, 1, 0.0477967924177
16771596.0, 7703098.0, 1, 0.0467432265244
17161722.0, 6955492.0, 1, 0.042604556138
16490244.0, 8185428.0, 1, 0.0396177383593
16652226.0, 7846962.0, 1, 0.0382411743566
17078728.0, 7050656.0, 1, 0.0368447151623
18154450.0, 6614188.0, 1, 0.0335809427683
17281742.0, 6937718.0, 1, 0.0321139426824
17442302.0, 6835196.0, 1, 0.0315684348271
18154450.0, 6614188.0, 1, 0.0275449903833
16906902.0, 7329338.0, 1, 0.0267043152792
15941572.0, 9771226.0, 1, 0.0265640513395
19072340.0, 6303642.0, 1, 0.026105755529
17161722.0, 6955492.0, 1, 0.0225135098447
18063094.0, 6627720.0, 1, 0.0215747877615
17237622.0, 6948220.0, 1, 0.0215471228854
17990104.0, 6729276.0, 1, 0.0215250430514
16316918.0, 8338366.0, 1, 0.0211555525515
17839136.0, 6816656.0, 1, 0.0182719213391
17321632.0, 6852856.0, 1, 0.0143439503056
16132018.0, 9331812.0, 1, 0.0129467938615
16096542.0, 9471888.0, 1, 0.0129308755543
17237622.0, 6948220.0, 1, 0.0128154823806
17281742.0, 6937718.0, 1, 0.0125635871294
15975696.0, 9488294.0, 1, 0.0119449568287
16514866.0, 7965890.0, 1, 0.0102479640411
17161722.0, 6955492.0, 1, 0.0
17161722.0, 6955492.0, 1, 0.0
17237622.0, 6948220.0, 1, 0.0
17237622.0, 6948220.0, 1, 0.0
17237622.0, 6948220.0, 1, 0.0
17237622.0, 6948220.0, 1, 0.0
17281742.0, 6937718.0, 1, 0.0
17321632.0, 6852856.0, 1, 0.0
17321632.0, 6852856.0, 1, 0.0
17321632.0, 6852856.0, 1, 0.0
17321632.0, 6852856.0, 1, 0.0
17839136.0, 6816656.0, 1, 0.0
17990104.0, 6729276.0, 1, 0.0
17990104.0, 6729276.0, 1, 0.0
18063094.0, 6627720.0, 1, 0.0
18154450.0, 6614188.0, 1, 0.0
18154450.0, 6614188.0, 1, 0.0
18154450.0, 6614188.0, 1, 0.0
18154450.0, 6614188.0, 1, 0.0
18154450.0, 6614188.0, 1, 0.0
18154450.0, 6614188.0, 1, 0.0
18154450.0, 6614188.0, 1, 0.0
18154450.0, 6614188.0, 1, 0.0
18986452.0, 6403850.0, 1, 0.0
18986452.0, 6403850.0, 1, 0.0
19072340.0, 6303642.0, 1, 0.0
19072340.0, 6303642.0, 1, 0.0
19072340.0, 6303642.0, 1, 0.0
19072340.0, 6303642.0, 1, 0.0
19072340.0, 6303642.0, 1, 0.0
19072340.0, 6303642.0, 1, 0.0
19072340.0, 6303642.0, 1, 0.0
15975696.0, 9488294.0, 1, 0.0
15975696.0, 9488294.0, 1, 0.0
15975696.0, 9488294.0, 1, 0.0
15975696.0, 9488294.0, 1, 0.0
15975696.0, 9488294.0, 1, 0.0
15975696.0, 9488294.0, 1, 0.0
15975696.0, 9488294.0, 1, 0.0
15975696.0, 9488294.0, 1, 0.0
15975696.0, 9488294.0, 1, 0.0
15975696.0, 9488294.0, 1, 0.0
15975696.0, 9488294.0, 1, 0.0
15975696.0, 9488294.0, 1, 0.0
15975696.0, 9488294.0, 1, 0.0
15975696.0, 9488294.0, 1, 0.0
15975696.0, 9488294.0, 1, 0.0
16096542.0, 9471888.0, 1, 0.0
16096542.0, 9471888.0, 1, 0.0
16096542.0, 9471888.0, 1, 0.0
16096542.0, 9471888.0, 1, 0.0
16096542.0, 9471888.0, 1, 0.0
16096542.0, 9471888.0, 1, 0.0
16096542.0, 9471888.0, 1, 0.0
16316918.0, 8338366.0, 1, 0.0
16490244.0, 8185428.0, 1, 0.0
16514866.0, 7965890.0, 1, 0.0
16652226.0, 7846962.0, 1, 0.0
16652226.0, 7846962.0, 1, 0.0
16652226.0, 7846962.0, 1, 0.0
16771596.0, 7703098.0, 1, 0.0
16771596.0, 7703098.0, 1, 0.0
16906902.0, 7329338.0, 1, 0.0
16906902.0, 7329338.0, 1, 0.0
16906902.0, 7329338.0, 1, 0.0
17078728.0, 7050656.0, 1, 0.0
17078728.0, 7050656.0, 1, 0.0
17078728.0, 7050656.0, 1, 0.0
17161722.0, 6955492.0, 1, 0.0
17161722.0, 6955492.0, 1, 0.0
17161722.0, 6955492.0, 1, 0.0
17161722.0, 6955492.0, 1, 0.0
17161722.0, 6955492.0, 1, 0.0
17161722.0, 6955492.0, 1, 0.0
17161722.0, 6955492.0, 1, 0.0
17161722.0, 6955492.0, 1, 0.0
17161722.0, 6955492.0, 1, 0.0
19101944.0, 6385102.0, 2, inf
15841696.0, 11184200.0, 2, inf
16348574.0, 8618088.0, 2, 0.479975622659
18070440.0, 6709552.0, 2, 0.458031570055
16046610.0, 10276678.0, 2, 0.408456801999
17157642.0, 7100676.0, 2, 0.348745241813
16046610.0, 10276678.0, 2, 0.281722566797
16826322.0, 7744378.0, 2, 0.25526229056
16633876.0, 8222062.0, 2, 0.239537643433
17825890.0, 7078020.0, 2, 0.226686597946
16935142.0, 7440498.0, 2, 0.131566574256
16543840.0, 8478128.0, 2, 0.128279070951
16935142.0, 7440498.0, 2, 0.104187385222
17907110.0, 6824440.0, 2, 0.0971966833061
17862592.0, 7050474.0, 2, 0.0777513112805
Generacion: 203
19822694.0, 6273594.0, 1, inf
15801706.0, 9909422.0, 1, inf
16266036.0, 9180042.0, 1, 0.285247696795
16316918.0, 8338366.0, 1, 0.262279970469
18275566.0, 6595074.0, 1, 0.254822652784
18986452.0, 6403850.0, 1, 0.200288923425
19185380.0, 6284830.0, 1, 0.163670929079
16815532.0, 7450386.0, 1, 0.136449081085
17714990.0, 6829308.0, 1, 0.103789921174
17025916.0, 7313618.0, 1, 0.101923401756
16771596.0, 7703098.0, 1, 0.0991927719477
15975696.0, 9488294.0, 1, 0.0976747182313
17078728.0, 7050656.0, 1, 0.0929654043685
16514866.0, 7965890.0, 1, 0.0920914638715
16440704.0, 8320016.0, 1, 0.0851694724013
16250412.0, 9315342.0, 1, 0.0750725182155
15967382.0, 9734152.0, 1, 0.0733931237575
16490244.0, 8185428.0, 1, 0.0727021993425
17442302.0, 6835196.0, 1, 0.0726733840314
17839136.0, 6816656.0, 1, 0.0697984003387
16096542.0, 9471888.0, 1, 0.0685803826356
16132018.0, 9331812.0, 1, 0.0679705822582
16642370.0, 7949384.0, 1, 0.0668707766858
15819630.0, 9789000.0, 1, 0.0640939134618
16906902.0, 7329338.0, 1, 0.062891302328
16652226.0, 7846962.0, 1, 0.0578569331786
18986452.0, 6403850.0, 1, 0.055177294423
17321632.0, 6852856.0, 1, 0.053350525388
16771596.0, 7703098.0, 1, 0.0504950962037
18996838.0, 6318426.0, 1, 0.0489211842498
18063094.0, 6627720.0, 1, 0.0488486380451
18023550.0, 6722720.0, 1, 0.0460842695031
17161722.0, 6955492.0, 1, 0.0450499132728
16490244.0, 8185428.0, 1, 0.0431405233007
17899764.0, 6742608.0, 1, 0.0428333149886
16652226.0, 7846962.0, 1, 0.0420195673038
17078728.0, 7050656.0, 1, 0.0393080408773
17990104.0, 6729276.0, 1, 0.0362549769877
15944172.0, 9752114.0, 1, 0.0359132624519
18187530.0, 6607946.0, 1, 0.0353780797217
17281742.0, 6937718.0, 1, 0.0343129157259
19072340.0, 6303642.0, 1, 0.0321786926964
17442302.0, 6835196.0, 1, 0.0316294758774
19185380.0, 6284830.0, 1, 0.0312028489546
16906902.0, 7329338.0, 1, 0.0270469078688
18154450.0, 6614188.0, 1, 0.0244365921508
19072340.0, 6303642.0, 1, 0.02395103934
17161722.0, 6955492.0, 1, 0.02264029548
17237622.0, 6948220.0, 1, 0.0217644333216
17899764.0, 6742608.0, 1, 0.018744726456
16316918.0, 8338366.0, 1, 0.0177010973389
17025916.0, 7313618.0, 1, 0.0174577223253
15944172.0, 9752114.0, 1, 0.0159173575771
17321632.0, 6852856.0, 1, 0.0147776628803
15819630.0, 9789000.0, 1, 0.0146027552953
18063094.0, 6627720.0, 1, 0.0135562471372
16132018.0, 9331812.0, 1, 0.0133526245118
16096542.0, 9471888.0, 1, 0.013335021919
17237622.0, 6948220.0, 1, 0.0129725222859
17281742.0, 6937718.0, 1, 0.0128089228849
18154450.0, 6614188.0, 1, 0.0119486820313
16514866.0, 7965890.0, 1, 0.0106631893894
15967382.0, 9734152.0, 1, 0.00700792873792
15975696.0, 9488294.0, 1, 0.00657996569897
16906902.0, 7329338.0, 1, 0.0
16906902.0, 7329338.0, 1, 0.0
17078728.0, 7050656.0, 1, 0.0
17078728.0, 7050656.0, 1, 0.0
17078728.0, 7050656.0, 1, 0.0
17078728.0, 7050656.0, 1, 0.0
17078728.0, 7050656.0, 1, 0.0
17161722.0, 6955492.0, 1, 0.0
17161722.0, 6955492.0, 1, 0.0
17161722.0, 6955492.0, 1, 0.0
17161722.0, 6955492.0, 1, 0.0
17161722.0, 6955492.0, 1, 0.0
17161722.0, 6955492.0, 1, 0.0
17237622.0, 6948220.0, 1, 0.0
17237622.0, 6948220.0, 1, 0.0
17237622.0, 6948220.0, 1, 0.0
17281742.0, 6937718.0, 1, 0.0
17281742.0, 6937718.0, 1, 0.0
17321632.0, 6852856.0, 1, 0.0
17321632.0, 6852856.0, 1, 0.0
17321632.0, 6852856.0, 1, 0.0
17442302.0, 6835196.0, 1, 0.0
18063094.0, 6627720.0, 1, 0.0
18154450.0, 6614188.0, 1, 0.0
18154450.0, 6614188.0, 1, 0.0
18154450.0, 6614188.0, 1, 0.0
18154450.0, 6614188.0, 1, 0.0
19072340.0, 6303642.0, 1, 0.0
19072340.0, 6303642.0, 1, 0.0
19072340.0, 6303642.0, 1, 0.0
19072340.0, 6303642.0, 1, 0.0
19072340.0, 6303642.0, 1, 0.0
19072340.0, 6303642.0, 1, 0.0
19072340.0, 6303642.0, 1, 0.0
19072340.0, 6303642.0, 1, 0.0
19185380.0, 6284830.0, 1, 0.0
19185380.0, 6284830.0, 1, 0.0
19185380.0, 6284830.0, 1, 0.0
19185380.0, 6284830.0, 1, 0.0
15944172.0, 9752114.0, 1, 0.0
15975696.0, 9488294.0, 1, 0.0
15975696.0, 9488294.0, 1, 0.0
15975696.0, 9488294.0, 1, 0.0
15975696.0, 9488294.0, 1, 0.0
15975696.0, 9488294.0, 1, 0.0
15975696.0, 9488294.0, 1, 0.0
15975696.0, 9488294.0, 1, 0.0
15975696.0, 9488294.0, 1, 0.0
16096542.0, 9471888.0, 1, 0.0
16096542.0, 9471888.0, 1, 0.0
16096542.0, 9471888.0, 1, 0.0
16132018.0, 9331812.0, 1, 0.0
16132018.0, 9331812.0, 1, 0.0
16316918.0, 8338366.0, 1, 0.0
16316918.0, 8338366.0, 1, 0.0
16514866.0, 7965890.0, 1, 0.0
16514866.0, 7965890.0, 1, 0.0
16514866.0, 7965890.0, 1, 0.0
16514866.0, 7965890.0, 1, 0.0
16514866.0, 7965890.0, 1, 0.0
16514866.0, 7965890.0, 1, 0.0
16771596.0, 7703098.0, 1, 0.0
16906902.0, 7329338.0, 1, 0.0
16906902.0, 7329338.0, 1, 0.0
15814250.0, 10294122.0, 2, inf
15814250.0, 10294122.0, 2, inf
19802394.0, 6290512.0, 2, inf
19101944.0, 6385102.0, 2, 0.538941232505
16348574.0, 8618088.0, 2, 0.506649803854
16560596.0, 8062924.0, 2, 0.494659814466
17027528.0, 7319250.0, 2, 0.421313255892
16103086.0, 9632068.0, 2, 0.411337771985
18070440.0, 6709552.0, 2, 0.287338718484
17197514.0, 7015538.0, 2, 0.180620542404
15899884.0, 9814494.0, 2, 0.170750401816
17907110.0, 6824440.0, 2, 0.153246268462
17410386.0, 6926530.0, 2, 0.125572743818
18070440.0, 6709552.0, 2, 0.121993249298
17360744.0, 6930624.0, 2, 0.0756081427558
15899884.0, 9814494.0, 2, 0.0670375206802
17907110.0, 6824440.0, 2, 0.0664533740353
17410386.0, 6926530.0, 2, 0.0379468807893
17907110.0, 6824440.0, 2, 0.0
15814250.0, 10294122.0, 2, 0.0
17410386.0, 6926530.0, 2, 0.0
17410386.0, 6926530.0, 2, 0.0
Generacion: 204
19185380.0, 6284830.0, 1, inf
15761602.0, 10346532.0, 1, inf
19185380.0, 6284830.0, 1, inf
16316918.0, 8338366.0, 1, 0.262756458176
18986452.0, 6403850.0, 1, 0.228663614293
18275566.0, 6595074.0, 1, 0.212337945891
16266036.0, 9180042.0, 1, 0.211785869474
16771596.0, 7703098.0, 1, 0.145335488666
16815532.0, 7450386.0, 1, 0.13154003876
15801706.0, 9909422.0, 1, 0.112852599583
16490244.0, 8185428.0, 1, 0.108847470085
17025916.0, 7313618.0, 1, 0.0995028404418
15975696.0, 9488294.0, 1, 0.0958268793006
16514866.0, 7965890.0, 1, 0.0912914726193
17078728.0, 7050656.0, 1, 0.0889822985142
16440704.0, 8320016.0, 1, 0.088277866771
17442302.0, 6835196.0, 1, 0.0839932818281
16132018.0, 9331812.0, 1, 0.0834835529059
17714990.0, 6829308.0, 1, 0.0827603011712
18275566.0, 6595074.0, 1, 0.0824547281305
15819630.0, 9789000.0, 1, 0.0803403355528
17839136.0, 6816656.0, 1, 0.0753135996638
16096542.0, 9471888.0, 1, 0.0697831173506
16250412.0, 9315342.0, 1, 0.0678910876768
15967382.0, 9734152.0, 1, 0.0673098434414
16906902.0, 7329338.0, 1, 0.064563300318
16642370.0, 7949384.0, 1, 0.0624572548455
16652226.0, 7846962.0, 1, 0.0600815166989
17321632.0, 6852856.0, 1, 0.0561379034447
18063094.0, 6627720.0, 1, 0.0516861162044
17990104.0, 6729276.0, 1, 0.0513893679923
18986452.0, 6403850.0, 1, 0.0501132620659
16266036.0, 9180042.0, 1, 0.0481725194753
17161722.0, 6955492.0, 1, 0.0455980803083
17899764.0, 6742608.0, 1, 0.0446168376589
18996838.0, 6318426.0, 1, 0.0430838249492
15801706.0, 9909422.0, 1, 0.041361538549
15944172.0, 9752114.0, 1, 0.0407978901859
17078728.0, 7050656.0, 1, 0.0388546524342
18154450.0, 6614188.0, 1, 0.0387065654145
16652226.0, 7846962.0, 1, 0.0382983257461
17714990.0, 6829308.0, 1, 0.0377095830237
17442302.0, 6835196.0, 1, 0.0366943302825
17281742.0, 6937718.0, 1, 0.0337795612858
18154450.0, 6614188.0, 1, 0.0313887137854
16906902.0, 7329338.0, 1, 0.0305571925421
17161722.0, 6955492.0, 1, 0.0260308559908
17237622.0, 6948220.0, 1, 0.0247541089879
18063094.0, 6627720.0, 1, 0.0246501633931
17990104.0, 6729276.0, 1, 0.0246009229516
19072340.0, 6303642.0, 1, 0.0232064434968
19113198.0, 6298954.0, 1, 0.0222367544574
17899764.0, 6742608.0, 1, 0.0209902916548
17025916.0, 7313618.0, 1, 0.0192953642343
17321632.0, 6852856.0, 1, 0.0159988032141
15944172.0, 9752114.0, 1, 0.0158604756641
19072340.0, 6303642.0, 1, 0.0155734542759
19113198.0, 6298954.0, 1, 0.0154109608187
17237622.0, 6948220.0, 1, 0.0146767319793
16096542.0, 9471888.0, 1, 0.0144008465431
17281742.0, 6937718.0, 1, 0.0142364878104
16514866.0, 7965890.0, 1, 0.011255284585
16250412.0, 9315342.0, 1, 0.00861833034867
16642370.0, 7949384.0, 1, 0.00694250495967
15967382.0, 9734152.0, 1, 0.00685059570599
18996838.0, 6318426.0, 1, 0.00667334451406
15975696.0, 9488294.0, 1, 0.00646750507058
17025916.0, 7313618.0, 1, 0.0
17078728.0, 7050656.0, 1, 0.0
17078728.0, 7050656.0, 1, 0.0
17078728.0, 7050656.0, 1, 0.0
17161722.0, 6955492.0, 1, 0.0
17161722.0, 6955492.0, 1, 0.0
17161722.0, 6955492.0, 1, 0.0
17161722.0, 6955492.0, 1, 0.0
17161722.0, 6955492.0, 1, 0.0
17281742.0, 6937718.0, 1, 0.0
17281742.0, 6937718.0, 1, 0.0
17281742.0, 6937718.0, 1, 0.0
17281742.0, 6937718.0, 1, 0.0
17281742.0, 6937718.0, 1, 0.0
17281742.0, 6937718.0, 1, 0.0
17321632.0, 6852856.0, 1, 0.0
17442302.0, 6835196.0, 1, 0.0
17899764.0, 6742608.0, 1, 0.0
17899764.0, 6742608.0, 1, 0.0
17990104.0, 6729276.0, 1, 0.0
18063094.0, 6627720.0, 1, 0.0
18063094.0, 6627720.0, 1, 0.0
18063094.0, 6627720.0, 1, 0.0
18986452.0, 6403850.0, 1, 0.0
18986452.0, 6403850.0, 1, 0.0
18986452.0, 6403850.0, 1, 0.0
18986452.0, 6403850.0, 1, 0.0
18996838.0, 6318426.0, 1, 0.0
19072340.0, 6303642.0, 1, 0.0
19072340.0, 6303642.0, 1, 0.0
19072340.0, 6303642.0, 1, 0.0
19072340.0, 6303642.0, 1, 0.0
19072340.0, 6303642.0, 1, 0.0
19072340.0, 6303642.0, 1, 0.0
19185380.0, 6284830.0, 1, 0.0
19185380.0, 6284830.0, 1, 0.0
19185380.0, 6284830.0, 1, 0.0
19185380.0, 6284830.0, 1, 0.0
19185380.0, 6284830.0, 1, 0.0
19185380.0, 6284830.0, 1, 0.0
15801706.0, 9909422.0, 1, 0.0
15801706.0, 9909422.0, 1, 0.0
15944172.0, 9752114.0, 1, 0.0
15944172.0, 9752114.0, 1, 0.0
15967382.0, 9734152.0, 1, 0.0
15975696.0, 9488294.0, 1, 0.0
15975696.0, 9488294.0, 1, 0.0
15975696.0, 9488294.0, 1, 0.0
15975696.0, 9488294.0, 1, 0.0
15975696.0, 9488294.0, 1, 0.0
15975696.0, 9488294.0, 1, 0.0
16096542.0, 9471888.0, 1, 0.0
16096542.0, 9471888.0, 1, 0.0
16266036.0, 9180042.0, 1, 0.0
16514866.0, 7965890.0, 1, 0.0
16514866.0, 7965890.0, 1, 0.0
16642370.0, 7949384.0, 1, 0.0
16642370.0, 7949384.0, 1, 0.0
16652226.0, 7846962.0, 1, 0.0
16906902.0, 7329338.0, 1, 0.0
16906902.0, 7329338.0, 1, 0.0
17025916.0, 7313618.0, 1, 0.0
17025916.0, 7313618.0, 1, 0.0
17025916.0, 7313618.0, 1, 0.0
19802394.0, 6290512.0, 2, inf
15837804.0, 9932044.0, 2, inf
18070440.0, 6709552.0, 2, 0.468405124562
16759046.0, 8031182.0, 2, 0.295638388964
16936998.0, 7434730.0, 2, 0.263223422196
16537590.0, 8629742.0, 2, 0.234029201016
17907110.0, 6824440.0, 2, 0.226071591968
16581656.0, 8184920.0, 2, 0.220228867637
17157642.0, 7100676.0, 2, 0.19076850343
17410386.0, 6926530.0, 2, 0.166970632184
18070440.0, 6709552.0, 2, 0.156269645727
16455092.0, 8920894.0, 2, 0.153480115692
17027528.0, 7319250.0, 2, 0.147388141951
15983596.0, 9649906.0, 2, 0.141826853678
16122634.0, 9502626.0, 2, 0.122771597684
16445436.0, 9104000.0, 2, 0.11805739426
15899884.0, 9814494.0, 2, 0.114251368502
17360744.0, 6930624.0, 2, 0.111572530308
16407940.0, 9307494.0, 2, 0.109531303465
Generacion: 205
19185380.0, 6284830.0, 1, inf
15761602.0, 10346532.0, 1, inf
19185380.0, 6284830.0, 1, inf
16316918.0, 8338366.0, 1, 0.262756458176
16266036.0, 9180042.0, 1, 0.256727451551
18986452.0, 6403850.0, 1, 0.228663614293
18275566.0, 6595074.0, 1, 0.212337945891
17403102.0, 6832300.0, 1, 0.196001211774
17899764.0, 6742608.0, 1, 0.148344927382
16771596.0, 7703098.0, 1, 0.145335488666
16514866.0, 7965890.0, 1, 0.124427335368
16440704.0, 8320016.0, 1, 0.123341400474
15801706.0, 9909422.0, 1, 0.112852599583
16096542.0, 9471888.0, 1, 0.107149226435
17025916.0, 7313618.0, 1, 0.0995028404418
15975696.0, 9488294.0, 1, 0.0958268793006
17078728.0, 7050656.0, 1, 0.0889822985142
16815532.0, 7450386.0, 1, 0.0889051461832
16266036.0, 9180042.0, 1, 0.0867144903042
18275566.0, 6595074.0, 1, 0.0824547281305
18063094.0, 6627720.0, 1, 0.0763362795975
16642370.0, 7949384.0, 1, 0.0693997598052
15967382.0, 9734152.0, 1, 0.0673098434414
15819630.0, 9789000.0, 1, 0.0660237684015
16906902.0, 7329338.0, 1, 0.064563300318
16652226.0, 7846962.0, 1, 0.0600815166989
16096542.0, 9471888.0, 1, 0.0535441554842
17990104.0, 6729276.0, 1, 0.0513893679923
18986452.0, 6403850.0, 1, 0.0501132620659
17899764.0, 6742608.0, 1, 0.0484684249984
17161722.0, 6955492.0, 1, 0.0455980803083
17321632.0, 6852856.0, 1, 0.0446885629792
18996838.0, 6318426.0, 1, 0.0430838249492
16815532.0, 7450386.0, 1, 0.0426348925766
15801706.0, 9909422.0, 1, 0.041361538549
15944172.0, 9752114.0, 1, 0.0407978901859
17078728.0, 7050656.0, 1, 0.0388546524342
18154450.0, 6614188.0, 1, 0.0387065654145
16652226.0, 7846962.0, 1, 0.0382983257461
17281742.0, 6937718.0, 1, 0.0337795612858
18154450.0, 6614188.0, 1, 0.0313887137854
16906902.0, 7329338.0, 1, 0.0305571925421
16440704.0, 8320016.0, 1, 0.0261786775444
17161722.0, 6955492.0, 1, 0.0260308559908
16514866.0, 7965890.0, 1, 0.0257246806732
17237622.0, 6948220.0, 1, 0.0247541089879
17990104.0, 6729276.0, 1, 0.0246009229516
19072340.0, 6303642.0, 1, 0.0232064434968
19113198.0, 6298954.0, 1, 0.0222367544574
17025916.0, 7313618.0, 1, 0.0192953642343
17321632.0, 6852856.0, 1, 0.016711804808
15944172.0, 9752114.0, 1, 0.0158604756641
19072340.0, 6303642.0, 1, 0.0155734542759
19113198.0, 6298954.0, 1, 0.0154109608187
17237622.0, 6948220.0, 1, 0.0146767319793
15819630.0, 9789000.0, 1, 0.0143165671513
17281742.0, 6937718.0, 1, 0.0142364878104
15967382.0, 9734152.0, 1, 0.00685059570599
18996838.0, 6318426.0, 1, 0.00667334451406
15975696.0, 9488294.0, 1, 0.00646750507058
15944172.0, 9752114.0, 1, 0.0
15967382.0, 9734152.0, 1, 0.0
15975696.0, 9488294.0, 1, 0.0
15975696.0, 9488294.0, 1, 0.0
15975696.0, 9488294.0, 1, 0.0
15975696.0, 9488294.0, 1, 0.0
16096542.0, 9471888.0, 1, 0.0
16266036.0, 9180042.0, 1, 0.0
16266036.0, 9180042.0, 1, 0.0
16440704.0, 8320016.0, 1, 0.0
16514866.0, 7965890.0, 1, 0.0
16514866.0, 7965890.0, 1, 0.0
16514866.0, 7965890.0, 1, 0.0
16514866.0, 7965890.0, 1, 0.0
16652226.0, 7846962.0, 1, 0.0
16652226.0, 7846962.0, 1, 0.0
16652226.0, 7846962.0, 1, 0.0
16815532.0, 7450386.0, 1, 0.0
16815532.0, 7450386.0, 1, 0.0
16815532.0, 7450386.0, 1, 0.0
16906902.0, 7329338.0, 1, 0.0
17025916.0, 7313618.0, 1, 0.0
17025916.0, 7313618.0, 1, 0.0
17025916.0, 7313618.0, 1, 0.0
17025916.0, 7313618.0, 1, 0.0
17025916.0, 7313618.0, 1, 0.0
17025916.0, 7313618.0, 1, 0.0
17078728.0, 7050656.0, 1, 0.0
17078728.0, 7050656.0, 1, 0.0
17161722.0, 6955492.0, 1, 0.0
17237622.0, 6948220.0, 1, 0.0
17281742.0, 6937718.0, 1, 0.0
17321632.0, 6852856.0, 1, 0.0
18154450.0, 6614188.0, 1, 0.0
18154450.0, 6614188.0, 1, 0.0
18275566.0, 6595074.0, 1, 0.0
18986452.0, 6403850.0, 1, 0.0
18986452.0, 6403850.0, 1, 0.0
18986452.0, 6403850.0, 1, 0.0
18986452.0, 6403850.0, 1, 0.0
18996838.0, 6318426.0, 1, 0.0
18996838.0, 6318426.0, 1, 0.0
19072340.0, 6303642.0, 1, 0.0
19072340.0, 6303642.0, 1, 0.0
19072340.0, 6303642.0, 1, 0.0
19072340.0, 6303642.0, 1, 0.0
19072340.0, 6303642.0, 1, 0.0
19072340.0, 6303642.0, 1, 0.0
19113198.0, 6298954.0, 1, 0.0
19113198.0, 6298954.0, 1, 0.0
19185380.0, 6284830.0, 1, 0.0
19185380.0, 6284830.0, 1, 0.0
19185380.0, 6284830.0, 1, 0.0
19185380.0, 6284830.0, 1, 0.0
19185380.0, 6284830.0, 1, 0.0
15801706.0, 9909422.0, 1, 0.0
15819630.0, 9789000.0, 1, 0.0
15819630.0, 9789000.0, 1, 0.0
15944172.0, 9752114.0, 1, 0.0
15825172.0, 9892696.0, 2, inf
20728526.0, 6344006.0, 2, inf
19101944.0, 6385102.0, 2, 0.645104187686
16628928.0, 8293804.0, 2, 0.554032009573
18070440.0, 6709552.0, 2, 0.367479747233
16935142.0, 7440498.0, 2, 0.359373334539
16241868.0, 9483552.0, 2, 0.325838217742
16449180.0, 9054882.0, 2, 0.271069609282
15911206.0, 9892610.0, 2, 0.200276207039
17907110.0, 6824440.0, 2, 0.16350948414
16371972.0, 9069780.0, 2, 0.163076319808
17201200.0, 7032946.0, 2, 0.155922705946
17116024.0, 7371024.0, 2, 0.132157838246
17442302.0, 6835196.0, 2, 0.121684939996
17360744.0, 6930624.0, 2, 0.0616122772097
17283788.0, 6939118.0, 2, 0.0613714669042
17116024.0, 7371024.0, 2, 0.0369483320618
17442302.0, 6835196.0, 2, 0.0196640822339
17442302.0, 6835196.0, 2, 0.0
15863722.0, 9915382.0, 3, inf
19297474.0, 6618756.0, 3, inf
18110570.0, 6710048.0, 3, 0.586285808914
17017230.0, 7682524.0, 3, 0.403394162829
16805334.0, 8485200.0, 3, 0.391155325533
16384174.0, 9162336.0, 3, 0.310492646232
16279116.0, 9743700.0, 3, 0.279899290645
17658426.0, 6977928.0, 3, 0.252927692607
16634344.0, 8708928.0, 3, 0.242094267234
17196480.0, 7530886.0, 3, 0.184337910179
17443420.0, 7173074.0, 3, 0.176135416696
17407488.0, 7449504.0, 3, 0.145303546709
Generacion: 206
19185380.0, 6284830.0, 1, inf
15761602.0, 10346532.0, 1, inf
15761602.0, 10346532.0, 1, inf
19185380.0, 6284830.0, 1, inf
16316918.0, 8338366.0, 1, 0.243377286908
18986452.0, 6403850.0, 1, 0.228663614293
16266036.0, 9180042.0, 1, 0.212877061718
18275566.0, 6595074.0, 1, 0.21080115171
17899764.0, 6742608.0, 1, 0.19681335238
17403102.0, 6832300.0, 1, 0.196001211774
16771596.0, 7703098.0, 1, 0.145335488666
16514866.0, 7965890.0, 1, 0.124427335368
16440704.0, 8320016.0, 1, 0.123341400474
16246676.0, 9444472.0, 1, 0.121358091613
15801706.0, 9909422.0, 1, 0.112852599583
17025916.0, 7313618.0, 1, 0.0995028404418
15975696.0, 9488294.0, 1, 0.0958268793006
17078728.0, 7050656.0, 1, 0.0889822985142
16815532.0, 7450386.0, 1, 0.0889051461832
16266036.0, 9180042.0, 1, 0.079964610574
17990104.0, 6729276.0, 1, 0.0759902909438
18275566.0, 6595074.0, 1, 0.0727928867378
16642370.0, 7949384.0, 1, 0.0693997598052
15967382.0, 9734152.0, 1, 0.0673098434414
15819630.0, 9789000.0, 1, 0.0652643733707
16906902.0, 7329338.0, 1, 0.064563300318
16652226.0, 7846962.0, 1, 0.0600815166989
18063094.0, 6627720.0, 1, 0.0516861162044
18986452.0, 6403850.0, 1, 0.0501132620659
16096542.0, 9471888.0, 1, 0.0478895832544
17161722.0, 6955492.0, 1, 0.0455980803083
15941572.0, 9771226.0, 1, 0.0454570207672
17321632.0, 6852856.0, 1, 0.0446885629792
18996838.0, 6318426.0, 1, 0.0430838249492
16815532.0, 7450386.0, 1, 0.0426348925766
16096542.0, 9471888.0, 1, 0.042045976615
15801706.0, 9909422.0, 1, 0.041361538549
18187530.0, 6607946.0, 1, 0.0400808661387
17237622.0, 6948220.0, 1, 0.0394308409672
17078728.0, 7050656.0, 1, 0.0388546524342
16652226.0, 7846962.0, 1, 0.0382983257461
19113198.0, 6298954.0, 1, 0.037647715276
17281742.0, 6937718.0, 1, 0.0337795612858
16906902.0, 7329338.0, 1, 0.0305571925421
18154450.0, 6614188.0, 1, 0.028219598966
16440704.0, 8320016.0, 1, 0.0261786775444
17161722.0, 6955492.0, 1, 0.0260308559908
16514866.0, 7965890.0, 1, 0.0257246806732
18063094.0, 6627720.0, 1, 0.0246501633931
19072340.0, 6303642.0, 1, 0.0232064434968
16316918.0, 8338366.0, 1, 0.019379171268
17025916.0, 7313618.0, 1, 0.0192953642343
17321632.0, 6852856.0, 1, 0.016711804808
19072340.0, 6303642.0, 1, 0.0155734542759
17281742.0, 6937718.0, 1, 0.0142364878104
18154450.0, 6614188.0, 1, 0.0129934496693
15944172.0, 9752114.0, 1, 0.0114844776219
15819630.0, 9789000.0, 1, 0.00961115055501
15967382.0, 9734152.0, 1, 0.00685059570599
18996838.0, 6318426.0, 1, 0.00667334451406
15975696.0, 9488294.0, 1, 0.00646750507058
15944172.0, 9752114.0, 1, 0.00518167908814
15975696.0, 9488294.0, 1, 0.0
16514866.0, 7965890.0, 1, 0.0
16514866.0, 7965890.0, 1, 0.0
16514866.0, 7965890.0, 1, 0.0
16652226.0, 7846962.0, 1, 0.0
16652226.0, 7846962.0, 1, 0.0
16652226.0, 7846962.0, 1, 0.0
16652226.0, 7846962.0, 1, 0.0
16652226.0, 7846962.0, 1, 0.0
16815532.0, 7450386.0, 1, 0.0
16815532.0, 7450386.0, 1, 0.0
16815532.0, 7450386.0, 1, 0.0
16815532.0, 7450386.0, 1, 0.0
16906902.0, 7329338.0, 1, 0.0
16906902.0, 7329338.0, 1, 0.0
16906902.0, 7329338.0, 1, 0.0
16906902.0, 7329338.0, 1, 0.0
16906902.0, 7329338.0, 1, 0.0
16906902.0, 7329338.0, 1, 0.0
16906902.0, 7329338.0, 1, 0.0
16906902.0, 7329338.0, 1, 0.0
16906902.0, 7329338.0, 1, 0.0
17025916.0, 7313618.0, 1, 0.0
17025916.0, 7313618.0, 1, 0.0
17078728.0, 7050656.0, 1, 0.0
17078728.0, 7050656.0, 1, 0.0
17078728.0, 7050656.0, 1, 0.0
17281742.0, 6937718.0, 1, 0.0
17281742.0, 6937718.0, 1, 0.0
17281742.0, 6937718.0, 1, 0.0
17321632.0, 6852856.0, 1, 0.0
18063094.0, 6627720.0, 1, 0.0
18063094.0, 6627720.0, 1, 0.0
18154450.0, 6614188.0, 1, 0.0
18154450.0, 6614188.0, 1, 0.0
18275566.0, 6595074.0, 1, 0.0
18986452.0, 6403850.0, 1, 0.0
18996838.0, 6318426.0, 1, 0.0
18996838.0, 6318426.0, 1, 0.0
18996838.0, 6318426.0, 1, 0.0
19072340.0, 6303642.0, 1, 0.0
19072340.0, 6303642.0, 1, 0.0
19072340.0, 6303642.0, 1, 0.0
19072340.0, 6303642.0, 1, 0.0
19072340.0, 6303642.0, 1, 0.0
19072340.0, 6303642.0, 1, 0.0
19072340.0, 6303642.0, 1, 0.0
19185380.0, 6284830.0, 1, 0.0
19185380.0, 6284830.0, 1, 0.0
15801706.0, 9909422.0, 1, 0.0
15975696.0, 9488294.0, 1, 0.0
15975696.0, 9488294.0, 1, 0.0
15975696.0, 9488294.0, 1, 0.0
15975696.0, 9488294.0, 1, 0.0
15975696.0, 9488294.0, 1, 0.0
15975696.0, 9488294.0, 1, 0.0
19101944.0, 6385102.0, 2, inf
19101944.0, 6385102.0, 2, inf
15785214.0, 11204182.0, 2, inf
19045818.0, 6600480.0, 2, 0.378326421095
18070440.0, 6709552.0, 2, 0.317918438597
15825172.0, 9892696.0, 2, 0.310422386348
16439026.0, 8716050.0, 2, 0.265801637105
16560596.0, 8062924.0, 2, 0.226068405529
16371972.0, 9069780.0, 2, 0.218706666878
16241868.0, 9483552.0, 2, 0.200518242338
16847532.0, 8024580.0, 2, 0.188199317474
16066234.0, 9591868.0, 2, 0.184304935818
17907110.0, 6824440.0, 2, 0.163980674595
17442302.0, 6835196.0, 2, 0.161705136525
16935142.0, 7440498.0, 2, 0.149373039397
15903110.0, 9879530.0, 2, 0.135104985336
17283788.0, 6939118.0, 2, 0.113306417743
17116024.0, 7371024.0, 2, 0.108961310086
16726454.0, 8044230.0, 2, 0.0944684202809
17273430.0, 7254836.0, 2, 0.0748378055854
18070440.0, 6709552.0, 2, 0.0718776514922
17242506.0, 7353528.0, 2, 0.0715681853394
16936998.0, 7434730.0, 2, 0.0689526896691
17907110.0, 6824440.0, 2, 0.0514762470747
17442302.0, 6835196.0, 2, 0.0500242145005
17283788.0, 6939118.0, 2, 0.0246876524372
17273430.0, 7254836.0, 2, 0.0236023830496
18070440.0, 6709552.0, 2, 0.0
19101944.0, 6385102.0, 2, 0.0
17442302.0, 6835196.0, 2, 0.0
17442302.0, 6835196.0, 2, 0.0
17442302.0, 6835196.0, 2, 0.0
Generacion: 207
15738952.0, 10367056.0, 1, inf
19822694.0, 6273594.0, 1, inf
18986452.0, 6403850.0, 1, 0.2442032563
16316918.0, 8338366.0, 1, 0.235926614616
16266036.0, 9180042.0, 1, 0.214972303594
17403102.0, 6832300.0, 1, 0.193880650894
18275566.0, 6595074.0, 1, 0.177221635256
19185380.0, 6284830.0, 1, 0.159511659234
17990104.0, 6729276.0, 1, 0.145342784304
16771596.0, 7703098.0, 1, 0.136869646288
15761602.0, 10346532.0, 1, 0.127163111612
16227822.0, 9223016.0, 1, 0.112800222532
15801706.0, 9909422.0, 1, 0.111171585852
16490244.0, 8185428.0, 1, 0.104670452093
17025916.0, 7313618.0, 1, 0.093382880688
16096542.0, 9471888.0, 1, 0.0903894146368
15975696.0, 9488294.0, 1, 0.0896531185627
16514866.0, 7965890.0, 1, 0.0848537206867
17078728.0, 7050656.0, 1, 0.0845625389524
16815532.0, 7450386.0, 1, 0.0841096060324
18275566.0, 6595074.0, 1, 0.0682721717319
15967382.0, 9734152.0, 1, 0.065744654218
16440704.0, 8320016.0, 1, 0.063190676185
15819630.0, 9789000.0, 1, 0.0592784891332
16906902.0, 7329338.0, 1, 0.0587144264553
16642370.0, 7949384.0, 1, 0.0562432193555
16652226.0, 7846962.0, 1, 0.0542514186982
18063094.0, 6627720.0, 1, 0.0455783986284
18023550.0, 6722720.0, 1, 0.0426826311334
17161722.0, 6955492.0, 1, 0.0418336984438
17321632.0, 6852856.0, 1, 0.0406809474342
16815532.0, 7450386.0, 1, 0.0403298174374
15941572.0, 9771226.0, 1, 0.0395079839818
18996838.0, 6318426.0, 1, 0.039356834775
15801706.0, 9909422.0, 1, 0.0392385355808
16652226.0, 7846962.0, 1, 0.037558296365
17078728.0, 7050656.0, 1, 0.0361800601876
16096542.0, 9471888.0, 1, 0.0361548412349
17237622.0, 6948220.0, 1, 0.0337317576168
17990104.0, 6729276.0, 1, 0.0333579760028
19113198.0, 6298954.0, 1, 0.0322761160141
17281742.0, 6937718.0, 1, 0.0315349240077
16906902.0, 7329338.0, 1, 0.0262143574628
18154450.0, 6614188.0, 1, 0.0238955297023
18187530.0, 6607946.0, 1, 0.0230825498421
16266036.0, 9180042.0, 1, 0.0229578551865
17161722.0, 6955492.0, 1, 0.0220995186532
19185380.0, 6284830.0, 1, 0.0204203203615
19072340.0, 6303642.0, 1, 0.0196336762358
16316918.0, 8338366.0, 1, 0.0169424090922
17025916.0, 7313618.0, 1, 0.0167725269064
16440704.0, 8320016.0, 1, 0.0166137889198
17321632.0, 6852856.0, 1, 0.0147896682513
19072340.0, 6303642.0, 1, 0.0136166523554
18063094.0, 6627720.0, 1, 0.0129890350614
17281742.0, 6937718.0, 1, 0.0123335565298
18154450.0, 6614188.0, 1, 0.0114061730687
18187530.0, 6607946.0, 1, 0.0112449403517
15944172.0, 9752114.0, 1, 0.0103524214332
16514866.0, 7965890.0, 1, 0.0100615578072
15819630.0, 9789000.0, 1, 0.00873115767686
16642370.0, 7949384.0, 1, 0.0064457564172
15967382.0, 9734152.0, 1, 0.00642385069972
18996838.0, 6318426.0, 1, 0.00615486853063
15975696.0, 9488294.0, 1, 0.00604373235491
15944172.0, 9752114.0, 1, 0.00502464379586
16652226.0, 7846962.0, 1, 0.0
16815532.0, 7450386.0, 1, 0.0
16815532.0, 7450386.0, 1, 0.0
16815532.0, 7450386.0, 1, 0.0
16815532.0, 7450386.0, 1, 0.0
16815532.0, 7450386.0, 1, 0.0
16906902.0, 7329338.0, 1, 0.0
16906902.0, 7329338.0, 1, 0.0
16906902.0, 7329338.0, 1, 0.0
16906902.0, 7329338.0, 1, 0.0
16906902.0, 7329338.0, 1, 0.0
16906902.0, 7329338.0, 1, 0.0
17025916.0, 7313618.0, 1, 0.0
17025916.0, 7313618.0, 1, 0.0
17025916.0, 7313618.0, 1, 0.0
17078728.0, 7050656.0, 1, 0.0
17078728.0, 7050656.0, 1, 0.0
17078728.0, 7050656.0, 1, 0.0
17078728.0, 7050656.0, 1, 0.0
17078728.0, 7050656.0, 1, 0.0
17161722.0, 6955492.0, 1, 0.0
17281742.0, 6937718.0, 1, 0.0
17281742.0, 6937718.0, 1, 0.0
17321632.0, 6852856.0, 1, 0.0
17321632.0, 6852856.0, 1, 0.0
18063094.0, 6627720.0, 1, 0.0
18063094.0, 6627720.0, 1, 0.0
18063094.0, 6627720.0, 1, 0.0
18063094.0, 6627720.0, 1, 0.0
18154450.0, 6614188.0, 1, 0.0
18275566.0, 6595074.0, 1, 0.0
18996838.0, 6318426.0, 1, 0.0
18996838.0, 6318426.0, 1, 0.0
18996838.0, 6318426.0, 1, 0.0
19072340.0, 6303642.0, 1, 0.0
19072340.0, 6303642.0, 1, 0.0
19072340.0, 6303642.0, 1, 0.0
19072340.0, 6303642.0, 1, 0.0
19072340.0, 6303642.0, 1, 0.0
19072340.0, 6303642.0, 1, 0.0
19072340.0, 6303642.0, 1, 0.0
19072340.0, 6303642.0, 1, 0.0
15801706.0, 9909422.0, 1, 0.0
15967382.0, 9734152.0, 1, 0.0
15967382.0, 9734152.0, 1, 0.0
15975696.0, 9488294.0, 1, 0.0
15975696.0, 9488294.0, 1, 0.0
15975696.0, 9488294.0, 1, 0.0
15975696.0, 9488294.0, 1, 0.0
15975696.0, 9488294.0, 1, 0.0
15975696.0, 9488294.0, 1, 0.0
15975696.0, 9488294.0, 1, 0.0
15975696.0, 9488294.0, 1, 0.0
16096542.0, 9471888.0, 1, 0.0
16266036.0, 9180042.0, 1, 0.0
16316918.0, 8338366.0, 1, 0.0
16514866.0, 7965890.0, 1, 0.0
16642370.0, 7949384.0, 1, 0.0
16652226.0, 7846962.0, 1, 0.0
16652226.0, 7846962.0, 1, 0.0
16652226.0, 7846962.0, 1, 0.0
16652226.0, 7846962.0, 1, 0.0
15820306.0, 10226598.0, 2, inf
18070440.0, 6709552.0, 2, inf
16348574.0, 8618088.0, 2, 0.397764524419
16246676.0, 9444472.0, 2, 0.351912062408
16777278.0, 7830392.0, 2, 0.345893913644
15825172.0, 9892696.0, 2, 0.340206609164
16122634.0, 9502626.0, 2, 0.314767269574
16560596.0, 8062924.0, 2, 0.296975134136
17607792.0, 6988888.0, 2, 0.295956859791
16936998.0, 7434730.0, 2, 0.256548358082
16501110.0, 8443206.0, 2, 0.252075901779
17209102.0, 6999062.0, 2, 0.193223784037
17891436.0, 6886500.0, 2, 0.169153470836
17107386.0, 7270932.0, 2, 0.158587637694
17819426.0, 6912128.0, 2, 0.1551684235
17027528.0, 7319250.0, 2, 0.122296096916
17201200.0, 7032946.0, 2, 0.0711782359325
17201200.0, 7032946.0, 2, 0.0513268495295
19020118.0, 6732134.0, 3, inf
15837804.0, 9932044.0, 3, inf
15837804.0, 9932044.0, 3, inf
18436572.0, 6992990.0, 3, 0.612569212116
Generacion: 208
19185380.0, 6284830.0, 1, inf
15738952.0, 10367056.0, 1, inf
15738952.0, 10367056.0, 1, inf
19185380.0, 6284830.0, 1, inf
15744454.0, 9615674.0, 1, 0.283957967844
16316918.0, 8338366.0, 1, 0.263616346161
16266036.0, 9180042.0, 1, 0.255360261891
18986452.0, 6403850.0, 1, 0.227193312625
18275566.0, 6595074.0, 1, 0.209420656236
17529700.0, 6819712.0, 1, 0.155415872988
16771596.0, 7703098.0, 1, 0.14453112995
16514866.0, 7965890.0, 1, 0.128239341362
17899764.0, 6742608.0, 1, 0.110641965946
16096542.0, 9471888.0, 1, 0.106556007392
16316918.0, 8338366.0, 1, 0.10600704752
17025916.0, 7313618.0, 1, 0.0989488911098
17078728.0, 7050656.0, 1, 0.0884974904132
16815532.0, 7450386.0, 1, 0.0884169477924
16266036.0, 9180042.0, 1, 0.0862555687928
18275566.0, 6595074.0, 1, 0.0723871990105
15975696.0, 9488294.0, 1, 0.0711150212517
16642370.0, 7949384.0, 1, 0.0689888828212
17442302.0, 6835196.0, 1, 0.0684911719125
15975696.0, 9488294.0, 1, 0.066267694104
16906902.0, 7329338.0, 1, 0.0641850147345
16514866.0, 7965890.0, 1, 0.0614790808557
16652226.0, 7846962.0, 1, 0.0597256033691
17321632.0, 6852856.0, 1, 0.0558012308241
16096542.0, 9471888.0, 1, 0.0531985001463
18063094.0, 6627720.0, 1, 0.0513850483523
17990104.0, 6729276.0, 1, 0.051090250376
18986452.0, 6403850.0, 1, 0.0498566253267
17161722.0, 6955492.0, 1, 0.0453345927438
17899764.0, 6742608.0, 1, 0.0451003811233
18996838.0, 6318426.0, 1, 0.0428331577054
16815532.0, 7450386.0, 1, 0.0424007209672
18187530.0, 6607946.0, 1, 0.0398247214894
17078728.0, 7050656.0, 1, 0.0386354828248
16652226.0, 7846962.0, 1, 0.0381013294298
17281742.0, 6937718.0, 1, 0.0335898281777
16906902.0, 7329338.0, 1, 0.0303623471897
18154450.0, 6614188.0, 1, 0.028036512529
17161722.0, 6955492.0, 1, 0.0258625456551
17237622.0, 6948220.0, 1, 0.0245954175977
18063094.0, 6627720.0, 1, 0.0244933072264
17990104.0, 6729276.0, 1, 0.0244443143485
19072340.0, 6303642.0, 1, 0.0230557127526
19113198.0, 6298954.0, 1, 0.0220923965307
17025916.0, 7313618.0, 1, 0.0191745318632
17321632.0, 6852856.0, 1, 0.0159003735562
19072340.0, 6303642.0, 1, 0.0154767264848
19113198.0, 6298954.0, 1, 0.0153150499878
17237622.0, 6948220.0, 1, 0.0145830411943
17281742.0, 6937718.0, 1, 0.014146918456
18154450.0, 6614188.0, 1, 0.0129132016794
18996838.0, 6318426.0, 1, 0.00663510843856
16906902.0, 7329338.0, 1, 0.0
16906902.0, 7329338.0, 1, 0.0
16906902.0, 7329338.0, 1, 0.0
16906902.0, 7329338.0, 1, 0.0
16906902.0, 7329338.0, 1, 0.0
17025916.0, 7313618.0, 1, 0.0
17025916.0, 7313618.0, 1, 0.0
17025916.0, 7313618.0, 1, 0.0
17025916.0, 7313618.0, 1, 0.0
17025916.0, 7313618.0, 1, 0.0
17078728.0, 7050656.0, 1, 0.0
17078728.0, 7050656.0, 1, 0.0
17078728.0, 7050656.0, 1, 0.0
17161722.0, 6955492.0, 1, 0.0
17161722.0, 6955492.0, 1, 0.0
17161722.0, 6955492.0, 1, 0.0
17161722.0, 6955492.0, 1, 0.0
17237622.0, 6948220.0, 1, 0.0
18063094.0, 6627720.0, 1, 0.0
18154450.0, 6614188.0, 1, 0.0
18154450.0, 6614188.0, 1, 0.0
18154450.0, 6614188.0, 1, 0.0
18154450.0, 6614188.0, 1, 0.0
18154450.0, 6614188.0, 1, 0.0
18154450.0, 6614188.0, 1, 0.0
18154450.0, 6614188.0, 1, 0.0
18275566.0, 6595074.0, 1, 0.0
18275566.0, 6595074.0, 1, 0.0
18996838.0, 6318426.0, 1, 0.0
18996838.0, 6318426.0, 1, 0.0
18996838.0, 6318426.0, 1, 0.0
18996838.0, 6318426.0, 1, 0.0
19072340.0, 6303642.0, 1, 0.0
19072340.0, 6303642.0, 1, 0.0
19072340.0, 6303642.0, 1, 0.0
19072340.0, 6303642.0, 1, 0.0
19185380.0, 6284830.0, 1, 0.0
15975696.0, 9488294.0, 1, 0.0
15975696.0, 9488294.0, 1, 0.0
15975696.0, 9488294.0, 1, 0.0
15975696.0, 9488294.0, 1, 0.0
15975696.0, 9488294.0, 1, 0.0
15975696.0, 9488294.0, 1, 0.0
15975696.0, 9488294.0, 1, 0.0
16096542.0, 9471888.0, 1, 0.0
16096542.0, 9471888.0, 1, 0.0
16266036.0, 9180042.0, 1, 0.0
16266036.0, 9180042.0, 1, 0.0
16266036.0, 9180042.0, 1, 0.0
16514866.0, 7965890.0, 1, 0.0
16652226.0, 7846962.0, 1, 0.0
16652226.0, 7846962.0, 1, 0.0
16652226.0, 7846962.0, 1, 0.0
16652226.0, 7846962.0, 1, 0.0
16652226.0, 7846962.0, 1, 0.0
16815532.0, 7450386.0, 1, 0.0
16815532.0, 7450386.0, 1, 0.0
16815532.0, 7450386.0, 1, 0.0
16815532.0, 7450386.0, 1, 0.0
16815532.0, 7450386.0, 1, 0.0
16815532.0, 7450386.0, 1, 0.0
16815532.0, 7450386.0, 1, 0.0
16815532.0, 7450386.0, 1, 0.0
16815532.0, 7450386.0, 1, 0.0
16906902.0, 7329338.0, 1, 0.0
15761602.0, 10346532.0, 2, inf
15761602.0, 10346532.0, 2, inf
19734544.0, 6398450.0, 2, inf
16501110.0, 8443206.0, 2, 0.520615061871
17360408.0, 6911624.0, 2, 0.519939079196
16406710.0, 9472614.0, 2, 0.46132129196
17107176.0, 8113266.0, 2, 0.426345826049
18674662.0, 6768794.0, 2, 0.411343381423
18795066.0, 6599930.0, 2, 0.316213506468
17116024.0, 7371024.0, 2, 0.195845722457
17147192.0, 7303644.0, 2, 0.177872397085
15967382.0, 9734152.0, 2, 0.119970401005
15801706.0, 9909422.0, 2, 0.115226037265
18723386.0, 6642056.0, 2, 0.0730771530876
15967382.0, 9734152.0, 2, 0.0727407633307
15819630.0, 9789000.0, 2, 0.061194516463
15941572.0, 9771226.0, 2, 0.0510818841449
15801706.0, 9909422.0, 2, 0.0405956756041
17116024.0, 7371024.0, 2, 0.0192935798103
15819630.0, 9789000.0, 2, 0.00901345100189
15801706.0, 9909422.0, 2, 0.0
15801706.0, 9909422.0, 2, 0.0
18792910.0, 6735644.0, 3, inf
15825172.0, 9892696.0, 3, inf
17825890.0, 7078020.0, 3, 0.539399270451
16511978.0, 9243248.0, 3, 0.530680788748
16762910.0, 8467412.0, 3, 0.521074975533
17196480.0, 7530886.0, 3, 0.491577736873
16262556.0, 9857834.0, 3, 0.437137499149
Generacion: 209
19185380.0, 6284830.0, 1, inf
19185380.0, 6284830.0, 1, inf
15738952.0, 10367056.0, 1, inf
15738952.0, 10367056.0, 1, inf
15801706.0, 9909422.0, 1, 0.283957967844
16316918.0, 8338366.0, 1, 0.256472137723
18903108.0, 6510254.0, 1, 0.253110545037
16266036.0, 9180042.0, 1, 0.24506670578
18275566.0, 6595074.0, 1, 0.18676700492
16490244.0, 8185428.0, 1, 0.148679054596
16771596.0, 7703098.0, 1, 0.14453112995
15975696.0, 9488294.0, 1, 0.138225493599
17442302.0, 6835196.0, 1, 0.13706118121
17899764.0, 6742608.0, 1, 0.136000975332
16132018.0, 9331812.0, 1, 0.120671491598
17025916.0, 7313618.0, 1, 0.0989488911098
16514866.0, 7965890.0, 1, 0.0936347500515
17078728.0, 7050656.0, 1, 0.0884974904132
16815532.0, 7450386.0, 1, 0.0884169477924
16652226.0, 7846962.0, 1, 0.0750973148384
16096542.0, 9471888.0, 1, 0.0693777619934
16906902.0, 7329338.0, 1, 0.0641850147345
16652226.0, 7846962.0, 1, 0.0637689855826
17442302.0, 6835196.0, 1, 0.0576938256976
18275566.0, 6595074.0, 1, 0.0559203516676
17321632.0, 6852856.0, 1, 0.0558012308241
15975696.0, 9488294.0, 1, 0.0545030392227
16316918.0, 8338366.0, 1, 0.0522280553725
16266036.0, 9180042.0, 1, 0.0519419369655
18063094.0, 6627720.0, 1, 0.0513850483523
17990104.0, 6729276.0, 1, 0.051090250376
17899764.0, 6742608.0, 1, 0.0488934097307
17161722.0, 6955492.0, 1, 0.0453345927438
18986452.0, 6403850.0, 1, 0.0451085570464
18996838.0, 6318426.0, 1, 0.0428331577054
16815532.0, 7450386.0, 1, 0.0424007209672
17078728.0, 7050656.0, 1, 0.0386354828248
18154450.0, 6614188.0, 1, 0.038457330267
16514866.0, 7965890.0, 1, 0.036277333356
17281742.0, 6937718.0, 1, 0.0335898281777
18154450.0, 6614188.0, 1, 0.0311896941509
16906902.0, 7329338.0, 1, 0.0303623471897
18986452.0, 6403850.0, 1, 0.029078745807
17161722.0, 6955492.0, 1, 0.0258625456551
17237622.0, 6948220.0, 1, 0.0245954175977
18063094.0, 6627720.0, 1, 0.0244933072264
17990104.0, 6729276.0, 1, 0.0244443143485
19072340.0, 6303642.0, 1, 0.0230557127526
19113198.0, 6298954.0, 1, 0.0220923965307
17025916.0, 7313618.0, 1, 0.0191745318632
17321632.0, 6852856.0, 1, 0.0159003735562
19072340.0, 6303642.0, 1, 0.0154767264848
19113198.0, 6298954.0, 1, 0.0153150499878
17237622.0, 6948220.0, 1, 0.0145830411943
16096542.0, 9471888.0, 1, 0.0143124418854
17281742.0, 6937718.0, 1, 0.014146918456
18996838.0, 6318426.0, 1, 0.00663510843856
17025916.0, 7313618.0, 1, 0.0
17078728.0, 7050656.0, 1, 0.0
17078728.0, 7050656.0, 1, 0.0
17161722.0, 6955492.0, 1, 0.0
17161722.0, 6955492.0, 1, 0.0
17161722.0, 6955492.0, 1, 0.0
17161722.0, 6955492.0, 1, 0.0
17161722.0, 6955492.0, 1, 0.0
17161722.0, 6955492.0, 1, 0.0
17161722.0, 6955492.0, 1, 0.0
17161722.0, 6955492.0, 1, 0.0
17237622.0, 6948220.0, 1, 0.0
17237622.0, 6948220.0, 1, 0.0
17237622.0, 6948220.0, 1, 0.0
17237622.0, 6948220.0, 1, 0.0
17237622.0, 6948220.0, 1, 0.0
17281742.0, 6937718.0, 1, 0.0
17281742.0, 6937718.0, 1, 0.0
17321632.0, 6852856.0, 1, 0.0
17321632.0, 6852856.0, 1, 0.0
17442302.0, 6835196.0, 1, 0.0
17899764.0, 6742608.0, 1, 0.0
18063094.0, 6627720.0, 1, 0.0
18063094.0, 6627720.0, 1, 0.0
18154450.0, 6614188.0, 1, 0.0
18154450.0, 6614188.0, 1, 0.0
18154450.0, 6614188.0, 1, 0.0
18154450.0, 6614188.0, 1, 0.0
18275566.0, 6595074.0, 1, 0.0
18996838.0, 6318426.0, 1, 0.0
18996838.0, 6318426.0, 1, 0.0
18996838.0, 6318426.0, 1, 0.0
18996838.0, 6318426.0, 1, 0.0
19072340.0, 6303642.0, 1, 0.0
19072340.0, 6303642.0, 1, 0.0
19072340.0, 6303642.0, 1, 0.0
19185380.0, 6284830.0, 1, 0.0
19185380.0, 6284830.0, 1, 0.0
15975696.0, 9488294.0, 1, 0.0
15975696.0, 9488294.0, 1, 0.0
15975696.0, 9488294.0, 1, 0.0
15975696.0, 9488294.0, 1, 0.0
15975696.0, 9488294.0, 1, 0.0
15975696.0, 9488294.0, 1, 0.0
15975696.0, 9488294.0, 1, 0.0
16096542.0, 9471888.0, 1, 0.0
16096542.0, 9471888.0, 1, 0.0
16096542.0, 9471888.0, 1, 0.0
16266036.0, 9180042.0, 1, 0.0
16514866.0, 7965890.0, 1, 0.0
16514866.0, 7965890.0, 1, 0.0
16514866.0, 7965890.0, 1, 0.0
16514866.0, 7965890.0, 1, 0.0
16514866.0, 7965890.0, 1, 0.0
16652226.0, 7846962.0, 1, 0.0
16815532.0, 7450386.0, 1, 0.0
16815532.0, 7450386.0, 1, 0.0
16815532.0, 7450386.0, 1, 0.0
16815532.0, 7450386.0, 1, 0.0
16815532.0, 7450386.0, 1, 0.0
16815532.0, 7450386.0, 1, 0.0
16815532.0, 7450386.0, 1, 0.0
16815532.0, 7450386.0, 1, 0.0
16906902.0, 7329338.0, 1, 0.0
16906902.0, 7329338.0, 1, 0.0
16906902.0, 7329338.0, 1, 0.0
16906902.0, 7329338.0, 1, 0.0
16906902.0, 7329338.0, 1, 0.0
16906902.0, 7329338.0, 1, 0.0
16906902.0, 7329338.0, 1, 0.0
16906902.0, 7329338.0, 1, 0.0
16906902.0, 7329338.0, 1, 0.0
16906902.0, 7329338.0, 1, 0.0
17025916.0, 7313618.0, 1, 0.0
19101944.0, 6385102.0, 2, inf
16133308.0, 10745764.0, 2, inf
18723386.0, 6642056.0, 2, 0.42187116221
16505722.0, 8238454.0, 2, 0.376476868564
16259196.0, 10054966.0, 2, 0.329402163628
17318184.0, 6997878.0, 2, 0.282854151946
16777278.0, 7830392.0, 2, 0.265026654091
16493074.0, 9054610.0, 2, 0.247029161007
18070440.0, 6709552.0, 2, 0.246294609677
17907110.0, 6824440.0, 2, 0.224729149984
16292480.0, 9543162.0, 2, 0.188942022646
17027528.0, 7319250.0, 2, 0.183886485919
16867018.0, 7613474.0, 2, 0.142588937665
16360444.0, 9379778.0, 2, 0.124002006748
16386602.0, 9140688.0, 2, 0.119245578438
17197514.0, 7015538.0, 2, 0.110296438317
17907110.0, 6824440.0, 2, 0.0947918525861
18070440.0, 6709552.0, 2, 0.070496917551
16935142.0, 7440498.0, 2, 0.064563222282
Generacion: 210
15728016.0, 9637348.0, 1, inf
19185380.0, 6284830.0, 1, inf
19185380.0, 6284830.0, 1, inf
16266036.0, 9180042.0, 1, 0.289820919219
16316918.0, 8338366.0, 1, 0.286861439107
18986452.0, 6403850.0, 1, 0.2310955785
18275566.0, 6595074.0, 1, 0.209454531383
16771596.0, 7703098.0, 1, 0.165526233622
17442302.0, 6835196.0, 1, 0.137582937587
17899764.0, 6742608.0, 1, 0.136291967635
16490244.0, 8185428.0, 1, 0.127080303978
17025916.0, 7313618.0, 1, 0.112860497988
16652226.0, 7846962.0, 1, 0.110840021694
17078728.0, 7050656.0, 1, 0.102442156153
16514866.0, 7965890.0, 1, 0.102363473728
16815532.0, 7450386.0, 1, 0.10180740768
16440704.0, 8320016.0, 1, 0.0957512583153
18275566.0, 6595074.0, 1, 0.0825022480765
16132018.0, 9331812.0, 1, 0.0805453836368
15975696.0, 9488294.0, 1, 0.0794135318088
16096542.0, 9471888.0, 1, 0.0767355446959
15975696.0, 9488294.0, 1, 0.0765320278898
16906902.0, 7329338.0, 1, 0.0705299273543
16642370.0, 7949384.0, 1, 0.0674297313888
17442302.0, 6835196.0, 1, 0.0625197633856
17321632.0, 6852856.0, 1, 0.0602152269148
18986452.0, 6403850.0, 1, 0.060042940928
16266036.0, 9180042.0, 1, 0.0599874429328
18063094.0, 6627720.0, 1, 0.056716053825
17990104.0, 6729276.0, 1, 0.0564221883251
16132018.0, 9331812.0, 1, 0.0555314469775
17899764.0, 6742608.0, 1, 0.0537471840448
17161722.0, 6955492.0, 1, 0.0503389693836
16815532.0, 7450386.0, 1, 0.0488145395618
18996838.0, 6318426.0, 1, 0.0473185738228
17078728.0, 7050656.0, 1, 0.0436610494423
18187530.0, 6607946.0, 1, 0.0407326991147
17281742.0, 6937718.0, 1, 0.0380740812327
16906902.0, 7329338.0, 1, 0.0311166612025
18154450.0, 6614188.0, 1, 0.0282854831315
17161722.0, 6955492.0, 1, 0.0261741092701
18063094.0, 6627720.0, 1, 0.0251478285632
17990104.0, 6729276.0, 1, 0.0250881719111
17237622.0, 6948220.0, 1, 0.0250857119812
19072340.0, 6303642.0, 1, 0.0232363765013
19113198.0, 6298954.0, 1, 0.0222761073482
16316918.0, 8338366.0, 1, 0.0201904903139
17025916.0, 7313618.0, 1, 0.0199642340933
17321632.0, 6852856.0, 1, 0.016805374102
19072340.0, 6303642.0, 1, 0.0162274935352
19113198.0, 6298954.0, 1, 0.0160306265832
16096542.0, 9471888.0, 1, 0.0151546317001
17237622.0, 6948220.0, 1, 0.0149302830488
17281742.0, 6937718.0, 1, 0.0146702625232
18154450.0, 6614188.0, 1, 0.0136043520881
16514866.0, 7965890.0, 1, 0.0120450740662
16642370.0, 7949384.0, 1, 0.00777419023682
18996838.0, 6318426.0, 1, 0.00741384244145
17237622.0, 6948220.0, 1, 0.0
17321632.0, 6852856.0, 1, 0.0
17321632.0, 6852856.0, 1, 0.0
17321632.0, 6852856.0, 1, 0.0
17321632.0, 6852856.0, 1, 0.0
17321632.0, 6852856.0, 1, 0.0
17321632.0, 6852856.0, 1, 0.0
17321632.0, 6852856.0, 1, 0.0
17442302.0, 6835196.0, 1, 0.0
17899764.0, 6742608.0, 1, 0.0
17899764.0, 6742608.0, 1, 0.0
17899764.0, 6742608.0, 1, 0.0
17990104.0, 6729276.0, 1, 0.0
18063094.0, 6627720.0, 1, 0.0
18063094.0, 6627720.0, 1, 0.0
18063094.0, 6627720.0, 1, 0.0
18063094.0, 6627720.0, 1, 0.0
18154450.0, 6614188.0, 1, 0.0
18275566.0, 6595074.0, 1, 0.0
18275566.0, 6595074.0, 1, 0.0
18275566.0, 6595074.0, 1, 0.0
18986452.0, 6403850.0, 1, 0.0
18996838.0, 6318426.0, 1, 0.0
18996838.0, 6318426.0, 1, 0.0
18996838.0, 6318426.0, 1, 0.0
18996838.0, 6318426.0, 1, 0.0
18996838.0, 6318426.0, 1, 0.0
19072340.0, 6303642.0, 1, 0.0
19072340.0, 6303642.0, 1, 0.0
19072340.0, 6303642.0, 1, 0.0
19072340.0, 6303642.0, 1, 0.0
19072340.0, 6303642.0, 1, 0.0
19072340.0, 6303642.0, 1, 0.0
19072340.0, 6303642.0, 1, 0.0
19072340.0, 6303642.0, 1, 0.0
19113198.0, 6298954.0, 1, 0.0
15975696.0, 9488294.0, 1, 0.0
15975696.0, 9488294.0, 1, 0.0
15975696.0, 9488294.0, 1, 0.0
15975696.0, 9488294.0, 1, 0.0
15975696.0, 9488294.0, 1, 0.0
15975696.0, 9488294.0, 1, 0.0
15975696.0, 9488294.0, 1, 0.0
15975696.0, 9488294.0, 1, 0.0
15975696.0, 9488294.0, 1, 0.0
16096542.0, 9471888.0, 1, 0.0
16132018.0, 9331812.0, 1, 0.0
16316918.0, 8338366.0, 1, 0.0
16514866.0, 7965890.0, 1, 0.0
16514866.0, 7965890.0, 1, 0.0
16642370.0, 7949384.0, 1, 0.0
16815532.0, 7450386.0, 1, 0.0
16815532.0, 7450386.0, 1, 0.0
16906902.0, 7329338.0, 1, 0.0
16906902.0, 7329338.0, 1, 0.0
16906902.0, 7329338.0, 1, 0.0
16906902.0, 7329338.0, 1, 0.0
16906902.0, 7329338.0, 1, 0.0
16906902.0, 7329338.0, 1, 0.0
16906902.0, 7329338.0, 1, 0.0
16906902.0, 7329338.0, 1, 0.0
16906902.0, 7329338.0, 1, 0.0
16906902.0, 7329338.0, 1, 0.0
16906902.0, 7329338.0, 1, 0.0
17025916.0, 7313618.0, 1, 0.0
17025916.0, 7313618.0, 1, 0.0
17025916.0, 7313618.0, 1, 0.0
17025916.0, 7313618.0, 1, 0.0
17025916.0, 7313618.0, 1, 0.0
17078728.0, 7050656.0, 1, 0.0
17161722.0, 6955492.0, 1, 0.0
17161722.0, 6955492.0, 1, 0.0
17161722.0, 6955492.0, 1, 0.0
17237622.0, 6948220.0, 1, 0.0
17237622.0, 6948220.0, 1, 0.0
17237622.0, 6948220.0, 1, 0.0
15738952.0, 10367056.0, 2, inf
19802394.0, 6290512.0, 2, inf
16501110.0, 8443206.0, 2, 0.393129089989
18070440.0, 6709552.0, 2, 0.345908849679
16184222.0, 9547946.0, 2, 0.340494689191
18990318.0, 6541120.0, 2, 0.308563972335
16384174.0, 9162336.0, 2, 0.308231773488
17607792.0, 6988888.0, 2, 0.282991000177
16847532.0, 8024580.0, 2, 0.234511555082
18633312.0, 6607602.0, 2, 0.220457287651
16936998.0, 7434730.0, 2, 0.170751177556
16905740.0, 7893144.0, 2, 0.166710937155
17027528.0, 7319250.0, 2, 0.163579218664
17201200.0, 7032946.0, 2, 0.123228759447
16246676.0, 9444472.0, 2, 0.113817205402
17209102.0, 6999062.0, 2, 0.110868666939
Generacion: 211
19185380.0, 6284830.0, 1, inf
15975696.0, 9488294.0, 1, inf
15975696.0, 9488294.0, 1, inf
19185380.0, 6284830.0, 1, inf
16316918.0, 8338366.0, 1, 0.316740289281
18986452.0, 6403850.0, 1, 0.311076465185
16266036.0, 9180042.0, 1, 0.304493600822
18275566.0, 6595074.0, 1, 0.227448282343
16771596.0, 7703098.0, 1, 0.174675142806
17852368.0, 6821194.0, 1, 0.171428020117
17442302.0, 6835196.0, 1, 0.133271776756
16490244.0, 8185428.0, 1, 0.122532394328
17025916.0, 7313618.0, 1, 0.119166428747
16514866.0, 7965890.0, 1, 0.108256222592
17078728.0, 7050656.0, 1, 0.107944140197
16815532.0, 7450386.0, 1, 0.107354081521
18275566.0, 6595074.0, 1, 0.0974274382553
16132018.0, 9331812.0, 1, 0.0854806823066
16096542.0, 9471888.0, 1, 0.0813768515245
16642370.0, 7949384.0, 1, 0.0799203025385
16906902.0, 7329338.0, 1, 0.0748662586807
16652226.0, 7846962.0, 1, 0.0691628420394
17321632.0, 6852856.0, 1, 0.0640863001301
16316918.0, 8338366.0, 1, 0.0635940958011
16266036.0, 9180042.0, 1, 0.0632294904863
18063094.0, 6627720.0, 1, 0.0601645476692
17990104.0, 6729276.0, 1, 0.0598480056046
16132018.0, 9331812.0, 1, 0.0584296410307
16490244.0, 8185428.0, 1, 0.0554126050375
17161722.0, 6955492.0, 1, 0.0533537803117
17899764.0, 6742608.0, 1, 0.0526776425227
16815532.0, 7450386.0, 1, 0.0514751709599
18996838.0, 6318426.0, 1, 0.0501893218625
16652226.0, 7846962.0, 1, 0.0479795934029
17078728.0, 7050656.0, 1, 0.0461605488285
17237622.0, 6948220.0, 1, 0.0429414580546
17442302.0, 6835196.0, 1, 0.0419664948193
18154450.0, 6614188.0, 1, 0.0419587331286
19113198.0, 6298954.0, 1, 0.0410908133901
17281742.0, 6937718.0, 1, 0.0402366002842
18154450.0, 6614188.0, 1, 0.0344292810953
16906902.0, 7329338.0, 1, 0.0333741647804
17161722.0, 6955492.0, 1, 0.0281274168004
18063094.0, 6627720.0, 1, 0.0269647337193
17990104.0, 6729276.0, 1, 0.0269023013024
19072340.0, 6303642.0, 1, 0.0249866038048
17025916.0, 7313618.0, 1, 0.021361144184
17899764.0, 6742608.0, 1, 0.0189283076008
17321632.0, 6852856.0, 1, 0.0179407971335
19072340.0, 6303642.0, 1, 0.0173446062997
16096542.0, 9471888.0, 1, 0.0161741326186
17281742.0, 6937718.0, 1, 0.0157063409323
16514866.0, 7965890.0, 1, 0.0128237075191
18996838.0, 6318426.0, 1, 0.0078508368196
17321632.0, 6852856.0, 1, 0.0
17321632.0, 6852856.0, 1, 0.0
17321632.0, 6852856.0, 1, 0.0
17442302.0, 6835196.0, 1, 0.0
17899764.0, 6742608.0, 1, 0.0
17990104.0, 6729276.0, 1, 0.0
17990104.0, 6729276.0, 1, 0.0
17990104.0, 6729276.0, 1, 0.0
17990104.0, 6729276.0, 1, 0.0
18063094.0, 6627720.0, 1, 0.0
18063094.0, 6627720.0, 1, 0.0
18154450.0, 6614188.0, 1, 0.0
18154450.0, 6614188.0, 1, 0.0
18154450.0, 6614188.0, 1, 0.0
18154450.0, 6614188.0, 1, 0.0
18996838.0, 6318426.0, 1, 0.0
18996838.0, 6318426.0, 1, 0.0
18996838.0, 6318426.0, 1, 0.0
18996838.0, 6318426.0, 1, 0.0
19072340.0, 6303642.0, 1, 0.0
19072340.0, 6303642.0, 1, 0.0
19072340.0, 6303642.0, 1, 0.0
19072340.0, 6303642.0, 1, 0.0
19072340.0, 6303642.0, 1, 0.0
19072340.0, 6303642.0, 1, 0.0
19072340.0, 6303642.0, 1, 0.0
19072340.0, 6303642.0, 1, 0.0
19072340.0, 6303642.0, 1, 0.0
19072340.0, 6303642.0, 1, 0.0
19072340.0, 6303642.0, 1, 0.0
19072340.0, 6303642.0, 1, 0.0
19185380.0, 6284830.0, 1, 0.0
19185380.0, 6284830.0, 1, 0.0
15975696.0, 9488294.0, 1, 0.0
15975696.0, 9488294.0, 1, 0.0
15975696.0, 9488294.0, 1, 0.0
15975696.0, 9488294.0, 1, 0.0
15975696.0, 9488294.0, 1, 0.0
15975696.0, 9488294.0, 1, 0.0
15975696.0, 9488294.0, 1, 0.0
15975696.0, 9488294.0, 1, 0.0
15975696.0, 9488294.0, 1, 0.0
16096542.0, 9471888.0, 1, 0.0
16266036.0, 9180042.0, 1, 0.0
16266036.0, 9180042.0, 1, 0.0
16316918.0, 8338366.0, 1, 0.0
16652226.0, 7846962.0, 1, 0.0
16815532.0, 7450386.0, 1, 0.0
16815532.0, 7450386.0, 1, 0.0
16815532.0, 7450386.0, 1, 0.0
16815532.0, 7450386.0, 1, 0.0
16815532.0, 7450386.0, 1, 0.0
16815532.0, 7450386.0, 1, 0.0
16906902.0, 7329338.0, 1, 0.0
16906902.0, 7329338.0, 1, 0.0
16906902.0, 7329338.0, 1, 0.0
16906902.0, 7329338.0, 1, 0.0
16906902.0, 7329338.0, 1, 0.0
16906902.0, 7329338.0, 1, 0.0
16906902.0, 7329338.0, 1, 0.0
16906902.0, 7329338.0, 1, 0.0
16906902.0, 7329338.0, 1, 0.0
16906902.0, 7329338.0, 1, 0.0
16906902.0, 7329338.0, 1, 0.0
16906902.0, 7329338.0, 1, 0.0
16906902.0, 7329338.0, 1, 0.0
17078728.0, 7050656.0, 1, 0.0
17078728.0, 7050656.0, 1, 0.0
17078728.0, 7050656.0, 1, 0.0
17161722.0, 6955492.0, 1, 0.0
17161722.0, 6955492.0, 1, 0.0
17161722.0, 6955492.0, 1, 0.0
17161722.0, 6955492.0, 1, 0.0
17281742.0, 6937718.0, 1, 0.0
17281742.0, 6937718.0, 1, 0.0
17281742.0, 6937718.0, 1, 0.0
17281742.0, 6937718.0, 1, 0.0
17281742.0, 6937718.0, 1, 0.0
17321632.0, 6852856.0, 1, 0.0
17321632.0, 6852856.0, 1, 0.0
17321632.0, 6852856.0, 1, 0.0
19802394.0, 6290512.0, 2, inf
16022966.0, 9796510.0, 2, inf
18547636.0, 6614734.0, 2, 0.577779123415
16355602.0, 8865174.0, 2, 0.486383780103
16291108.0, 9572290.0, 2, 0.353653027678
17273430.0, 7254836.0, 2, 0.337748129991
16614680.0, 8167192.0, 2, 0.332277998329
16959304.0, 7645530.0, 2, 0.212004451122
17907110.0, 6824440.0, 2, 0.200434569435
16777278.0, 7830392.0, 2, 0.175329255221
17907110.0, 6824440.0, 2, 0.165975444505
18070440.0, 6709552.0, 2, 0.159030420447
16726454.0, 8044230.0, 2, 0.139085799374
17027528.0, 7319250.0, 2, 0.124725307139
17147192.0, 7303644.0, 2, 0.0834357994677
Generacion: 212
19185380.0, 6284830.0, 1, inf
15975696.0, 9488294.0, 1, inf
19185380.0, 6284830.0, 1, inf
15975696.0, 9488294.0, 1, inf
16371972.0, 9069780.0, 1, 0.322886573228
16440704.0, 8320016.0, 1, 0.312909651056
18275566.0, 6595074.0, 1, 0.312620894339
18986452.0, 6403850.0, 1, 0.248147750169
17899764.0, 6742608.0, 1, 0.203735837975
17442302.0, 6835196.0, 1, 0.148038339446
16490244.0, 8185428.0, 1, 0.133650411722
17025916.0, 7313618.0, 1, 0.119166428747
16514866.0, 7965890.0, 1, 0.111326929864
17078728.0, 7050656.0, 1, 0.107944140197
16800464.0, 7596510.0, 1, 0.0925756796592
16227822.0, 9223016.0, 1, 0.0891311057232
16652226.0, 7846962.0, 1, 0.0877043762787
16096542.0, 9471888.0, 1, 0.0813768515245
16906902.0, 7329338.0, 1, 0.0748662586807
16652226.0, 7846962.0, 1, 0.0743153894069
16815532.0, 7450386.0, 1, 0.0740813492533
16132018.0, 9331812.0, 1, 0.0735748373698
16771596.0, 7703098.0, 1, 0.0704633092836
17442302.0, 6835196.0, 1, 0.0664980643952
17321632.0, 6852856.0, 1, 0.0640863001301
18986452.0, 6403850.0, 1, 0.0629287150165
18063094.0, 6627720.0, 1, 0.058118013043
16771596.0, 7703098.0, 1, 0.053902917942
17161722.0, 6955492.0, 1, 0.0533537803117
18996838.0, 6318426.0, 1, 0.0501893218625
16266036.0, 9180042.0, 1, 0.046419971682
16266036.0, 9180042.0, 1, 0.0463254607027
17078728.0, 7050656.0, 1, 0.0461605488285
16132018.0, 9331812.0, 1, 0.0450147876096
16514866.0, 7965890.0, 1, 0.0447959725422
18187530.0, 6607946.0, 1, 0.0437012218845
17237622.0, 6948220.0, 1, 0.0429414580546
16815532.0, 7450386.0, 1, 0.0424811391486
19113198.0, 6298954.0, 1, 0.0410908133901
17281742.0, 6937718.0, 1, 0.0402366002842
18023550.0, 6722720.0, 1, 0.0400757384764
16906902.0, 7329338.0, 1, 0.0333741647804
18154450.0, 6614188.0, 1, 0.030411130743
17990104.0, 6729276.0, 1, 0.030192607573
17161722.0, 6955492.0, 1, 0.0281274168004
19072340.0, 6303642.0, 1, 0.0249866038048
17025916.0, 7313618.0, 1, 0.021361144184
17321632.0, 6852856.0, 1, 0.0179407971335
19072340.0, 6303642.0, 1, 0.0173446062997
18063094.0, 6627720.0, 1, 0.0165443932745
16096542.0, 9471888.0, 1, 0.0161741326186
17281742.0, 6937718.0, 1, 0.0157063409323
17990104.0, 6729276.0, 1, 0.0145820853559
18154450.0, 6614188.0, 1, 0.0145304878558
18023550.0, 6722720.0, 1, 0.0143667505728
18996838.0, 6318426.0, 1, 0.0078508368196
17321632.0, 6852856.0, 1, 0.0
18063094.0, 6627720.0, 1, 0.0
18063094.0, 6627720.0, 1, 0.0
18063094.0, 6627720.0, 1, 0.0
18063094.0, 6627720.0, 1, 0.0
18063094.0, 6627720.0, 1, 0.0
18154450.0, 6614188.0, 1, 0.0
18154450.0, 6614188.0, 1, 0.0
18154450.0, 6614188.0, 1, 0.0
18154450.0, 6614188.0, 1, 0.0
18154450.0, 6614188.0, 1, 0.0
18154450.0, 6614188.0, 1, 0.0
18154450.0, 6614188.0, 1, 0.0
18154450.0, 6614188.0, 1, 0.0
18154450.0, 6614188.0, 1, 0.0
18154450.0, 6614188.0, 1, 0.0
18154450.0, 6614188.0, 1, 0.0
18154450.0, 6614188.0, 1, 0.0
18154450.0, 6614188.0, 1, 0.0
18154450.0, 6614188.0, 1, 0.0
18986452.0, 6403850.0, 1, 0.0
18996838.0, 6318426.0, 1, 0.0
18996838.0, 6318426.0, 1, 0.0
18996838.0, 6318426.0, 1, 0.0
18996838.0, 6318426.0, 1, 0.0
19072340.0, 6303642.0, 1, 0.0
19072340.0, 6303642.0, 1, 0.0
19072340.0, 6303642.0, 1, 0.0
19072340.0, 6303642.0, 1, 0.0
19072340.0, 6303642.0, 1, 0.0
19072340.0, 6303642.0, 1, 0.0
19072340.0, 6303642.0, 1, 0.0
19072340.0, 6303642.0, 1, 0.0
19072340.0, 6303642.0, 1, 0.0
19072340.0, 6303642.0, 1, 0.0
19072340.0, 6303642.0, 1, 0.0
19185380.0, 6284830.0, 1, 0.0
15975696.0, 9488294.0, 1, 0.0
15975696.0, 9488294.0, 1, 0.0
15975696.0, 9488294.0, 1, 0.0
15975696.0, 9488294.0, 1, 0.0
16096542.0, 9471888.0, 1, 0.0
16096542.0, 9471888.0, 1, 0.0
16514866.0, 7965890.0, 1, 0.0
16514866.0, 7965890.0, 1, 0.0
16652226.0, 7846962.0, 1, 0.0
16652226.0, 7846962.0, 1, 0.0
16771596.0, 7703098.0, 1, 0.0
16815532.0, 7450386.0, 1, 0.0
16906902.0, 7329338.0, 1, 0.0
16906902.0, 7329338.0, 1, 0.0
16906902.0, 7329338.0, 1, 0.0
16906902.0, 7329338.0, 1, 0.0
16906902.0, 7329338.0, 1, 0.0
16906902.0, 7329338.0, 1, 0.0
16906902.0, 7329338.0, 1, 0.0
16906902.0, 7329338.0, 1, 0.0
16906902.0, 7329338.0, 1, 0.0
16906902.0, 7329338.0, 1, 0.0
16906902.0, 7329338.0, 1, 0.0
16906902.0, 7329338.0, 1, 0.0
17078728.0, 7050656.0, 1, 0.0
17161722.0, 6955492.0, 1, 0.0
17161722.0, 6955492.0, 1, 0.0
17161722.0, 6955492.0, 1, 0.0
17161722.0, 6955492.0, 1, 0.0
17161722.0, 6955492.0, 1, 0.0
17161722.0, 6955492.0, 1, 0.0
17161722.0, 6955492.0, 1, 0.0
17161722.0, 6955492.0, 1, 0.0
17161722.0, 6955492.0, 1, 0.0
17281742.0, 6937718.0, 1, 0.0
17281742.0, 6937718.0, 1, 0.0
17281742.0, 6937718.0, 1, 0.0
17321632.0, 6852856.0, 1, 0.0
17321632.0, 6852856.0, 1, 0.0
17321632.0, 6852856.0, 1, 0.0
16250412.0, 9315342.0, 2, inf
20069920.0, 6309786.0, 2, inf
18795066.0, 6599930.0, 2, 0.568976692737
19741966.0, 6314778.0, 2, 0.43031028457
16935142.0, 7440498.0, 2, 0.396157531264
16614680.0, 8167192.0, 2, 0.377921731947
16489006.0, 8702118.0, 2, 0.339214324665
18070440.0, 6709552.0, 2, 0.256711697607
17390966.0, 7016874.0, 2, 0.21876376736
16505722.0, 8238454.0, 2, 0.21088224014
16384174.0, 9162336.0, 2, 0.188143158174
17842450.0, 6982042.0, 2, 0.183450660454
17157642.0, 7100676.0, 2, 0.159236698012
17956994.0, 6910908.0, 2, 0.150353027818
17116024.0, 7371024.0, 2, 0.101051293281
16384174.0, 9162336.0, 2, 0.0783541858317
17147192.0, 7303644.0, 2, 0.0756911460176
Generacion: 213
19185380.0, 6284830.0, 1, inf
19185380.0, 6284830.0, 1, inf
15975696.0, 9488294.0, 1, inf
15975696.0, 9488294.0, 1, inf
16266036.0, 9180042.0, 1, 0.367723091309
16316918.0, 8338366.0, 1, 0.324411449433
18986452.0, 6403850.0, 1, 0.311076465185
18275566.0, 6595074.0, 1, 0.225499766611
17321632.0, 6852856.0, 1, 0.206611857163
17899764.0, 6742608.0, 1, 0.184282903256
16514866.0, 7965890.0, 1, 0.15906837475
16316918.0, 8338366.0, 1, 0.132125535518
16514866.0, 7965890.0, 1, 0.0987969271533
17025916.0, 7313618.0, 1, 0.098003712387
16652226.0, 7846962.0, 1, 0.0877043762787
18275566.0, 6595074.0, 1, 0.0871211277275
16132018.0, 9331812.0, 1, 0.0854806823066
16096542.0, 9471888.0, 1, 0.0813768515245
16906902.0, 7329338.0, 1, 0.0748662586807
16652226.0, 7846962.0, 1, 0.0743153894069
16815532.0, 7450386.0, 1, 0.0740813492533
17037622.0, 7118450.0, 1, 0.0737309179312
16771596.0, 7703098.0, 1, 0.0704633092836
17899764.0, 6742608.0, 1, 0.0625613184435
18063094.0, 6627720.0, 1, 0.0601645476692
17990104.0, 6729276.0, 1, 0.0598480056046
16132018.0, 9331812.0, 1, 0.0584296410307
16800464.0, 7596510.0, 1, 0.0546084042531
16771596.0, 7703098.0, 1, 0.053902917942
17161722.0, 6955492.0, 1, 0.0533537803117
18996838.0, 6318426.0, 1, 0.0501893218625
17078728.0, 7050656.0, 1, 0.0470200904811
17321632.0, 6852856.0, 1, 0.0468432602172
17237622.0, 6948220.0, 1, 0.0429414580546
17078728.0, 7050656.0, 1, 0.0425134608286
16815532.0, 7450386.0, 1, 0.0424811391486
17281742.0, 6937718.0, 1, 0.0402366002842
16800464.0, 7596510.0, 1, 0.0379672754061
16906902.0, 7329338.0, 1, 0.0333741647804
18154450.0, 6614188.0, 1, 0.030411130743
18187530.0, 6607946.0, 1, 0.0293767610045
17161722.0, 6955492.0, 1, 0.0281274168004
18063094.0, 6627720.0, 1, 0.0269647337193
17990104.0, 6729276.0, 1, 0.0269023013024
19072340.0, 6303642.0, 1, 0.0249866038048
17037622.0, 7118450.0, 1, 0.0248098043595
19113198.0, 6298954.0, 1, 0.0239522340662
19072340.0, 6303642.0, 1, 0.0173446062997
19113198.0, 6298954.0, 1, 0.0171385793239
16096542.0, 9471888.0, 1, 0.0161741326186
17281742.0, 6937718.0, 1, 0.0157063409323
18154450.0, 6614188.0, 1, 0.0145304878558
18187530.0, 6607946.0, 1, 0.01432446088
17025916.0, 7313618.0, 1, 0.00855427596896
18996838.0, 6318426.0, 1, 0.0078508368196
18154450.0, 6614188.0, 1, 0.0
18154450.0, 6614188.0, 1, 0.0
18154450.0, 6614188.0, 1, 0.0
18154450.0, 6614188.0, 1, 0.0
18154450.0, 6614188.0, 1, 0.0
18154450.0, 6614188.0, 1, 0.0
18275566.0, 6595074.0, 1, 0.0
18275566.0, 6595074.0, 1, 0.0
18275566.0, 6595074.0, 1, 0.0
18996838.0, 6318426.0, 1, 0.0
18996838.0, 6318426.0, 1, 0.0
18996838.0, 6318426.0, 1, 0.0
18996838.0, 6318426.0, 1, 0.0
18996838.0, 6318426.0, 1, 0.0
18996838.0, 6318426.0, 1, 0.0
18996838.0, 6318426.0, 1, 0.0
19072340.0, 6303642.0, 1, 0.0
19072340.0, 6303642.0, 1, 0.0
19072340.0, 6303642.0, 1, 0.0
19072340.0, 6303642.0, 1, 0.0
19072340.0, 6303642.0, 1, 0.0
19072340.0, 6303642.0, 1, 0.0
19072340.0, 6303642.0, 1, 0.0
19185380.0, 6284830.0, 1, 0.0
19185380.0, 6284830.0, 1, 0.0
19185380.0, 6284830.0, 1, 0.0
15975696.0, 9488294.0, 1, 0.0
15975696.0, 9488294.0, 1, 0.0
15975696.0, 9488294.0, 1, 0.0
15975696.0, 9488294.0, 1, 0.0
15975696.0, 9488294.0, 1, 0.0
15975696.0, 9488294.0, 1, 0.0
15975696.0, 9488294.0, 1, 0.0
15975696.0, 9488294.0, 1, 0.0
15975696.0, 9488294.0, 1, 0.0
16132018.0, 9331812.0, 1, 0.0
16132018.0, 9331812.0, 1, 0.0
16514866.0, 7965890.0, 1, 0.0
16514866.0, 7965890.0, 1, 0.0
16514866.0, 7965890.0, 1, 0.0
16514866.0, 7965890.0, 1, 0.0
16652226.0, 7846962.0, 1, 0.0
16906902.0, 7329338.0, 1, 0.0
16906902.0, 7329338.0, 1, 0.0
16906902.0, 7329338.0, 1, 0.0
16906902.0, 7329338.0, 1, 0.0
16906902.0, 7329338.0, 1, 0.0
16906902.0, 7329338.0, 1, 0.0
16906902.0, 7329338.0, 1, 0.0
16906902.0, 7329338.0, 1, 0.0
17025916.0, 7313618.0, 1, 0.0
17078728.0, 7050656.0, 1, 0.0
17078728.0, 7050656.0, 1, 0.0
17161722.0, 6955492.0, 1, 0.0
17161722.0, 6955492.0, 1, 0.0
17161722.0, 6955492.0, 1, 0.0
17161722.0, 6955492.0, 1, 0.0
17161722.0, 6955492.0, 1, 0.0
17161722.0, 6955492.0, 1, 0.0
17161722.0, 6955492.0, 1, 0.0
17161722.0, 6955492.0, 1, 0.0
17281742.0, 6937718.0, 1, 0.0
17281742.0, 6937718.0, 1, 0.0
17281742.0, 6937718.0, 1, 0.0
17321632.0, 6852856.0, 1, 0.0
17321632.0, 6852856.0, 1, 0.0
17321632.0, 6852856.0, 1, 0.0
17321632.0, 6852856.0, 1, 0.0
17899764.0, 6742608.0, 1, 0.0
17899764.0, 6742608.0, 1, 0.0
17990104.0, 6729276.0, 1, 0.0
17990104.0, 6729276.0, 1, 0.0
18063094.0, 6627720.0, 1, 0.0
18063094.0, 6627720.0, 1, 0.0
18063094.0, 6627720.0, 1, 0.0
18154450.0, 6614188.0, 1, 0.0
18154450.0, 6614188.0, 1, 0.0
16371972.0, 9069780.0, 2, inf
18070440.0, 6709552.0, 2, inf
18070440.0, 6709552.0, 2, inf
16777278.0, 7830392.0, 2, 0.924597096315
16660916.0, 8920856.0, 2, 0.632136748764
17907110.0, 6824440.0, 2, 0.503658070009
17360408.0, 6911624.0, 2, 0.498751817281
17116024.0, 7371024.0, 2, 0.350057195521
17197514.0, 7015538.0, 2, 0.33852717239
17116024.0, 7371024.0, 2, 0.242607185761
16660916.0, 8920856.0, 2, 0.131607268862
16660916.0, 8920856.0, 2, 0.0
16660916.0, 8920856.0, 2, 0.0
16660916.0, 8920856.0, 2, 0.0
18110570.0, 6710048.0, 3, inf
18110570.0, 6710048.0, 3, inf
16511822.0, 10360126.0, 3, inf
17197334.0, 7988640.0, 3, 1.32712396883
Generacion: 214
15975696.0, 9488294.0, 1, inf
21100108.0, 6280828.0, 1, inf
15975696.0, 9488294.0, 1, inf
16358036.0, 8591222.0, 1, 0.427097086685
19185380.0, 6284830.0, 1, 0.378051808866
16266036.0, 9180042.0, 1, 0.275001800091
16514866.0, 7965890.0, 1, 0.221766407335
18986452.0, 6403850.0, 1, 0.165358241818
18275566.0, 6595074.0, 1, 0.144684601006
16771596.0, 7703098.0, 1, 0.107011876845
17442302.0, 6835196.0, 1, 0.0947770243145
17899764.0, 6742608.0, 1, 0.0934276725209
16800464.0, 7596510.0, 1, 0.0873625379125
17025916.0, 7313618.0, 1, 0.0840729424667
18275566.0, 6595074.0, 1, 0.0832535047534
16652226.0, 7846962.0, 1, 0.0716578792941
16132018.0, 9331812.0, 1, 0.0698247123162
17037622.0, 7118450.0, 1, 0.0688696371899
16514866.0, 7965890.0, 1, 0.0676829781599
16096542.0, 9471888.0, 1, 0.0672542710637
16815532.0, 7450386.0, 1, 0.0633877971421
18986452.0, 6403850.0, 1, 0.061645171934
16906902.0, 7329338.0, 1, 0.0609643576836
16652226.0, 7846962.0, 1, 0.0603728711662
16132018.0, 9331812.0, 1, 0.0542406674509
17161722.0, 6955492.0, 1, 0.0530907510265
17442302.0, 6835196.0, 1, 0.0524144686416
17321632.0, 6852856.0, 1, 0.0500057135683
17281742.0, 6937718.0, 1, 0.049878869747
18063094.0, 6627720.0, 1, 0.0474460029458
17899764.0, 6742608.0, 1, 0.0464957407954
18996838.0, 6318426.0, 1, 0.041366650197
16815532.0, 7450386.0, 1, 0.0406798840698
17078728.0, 7050656.0, 1, 0.0376911305432
17078728.0, 7050656.0, 1, 0.037332120736
18023550.0, 6722720.0, 1, 0.0361451941896
18154450.0, 6614188.0, 1, 0.0278540087027
18154450.0, 6614188.0, 1, 0.0237868277589
17037622.0, 7118450.0, 1, 0.0234206709931
16906902.0, 7329338.0, 1, 0.0227314035903
17161722.0, 6955492.0, 1, 0.0217372555059
17990104.0, 6729276.0, 1, 0.0196733208539
19072340.0, 6303642.0, 1, 0.0161953779216
19113198.0, 6298954.0, 1, 0.0155474987113
19185380.0, 6284830.0, 1, 0.0153336227107
17281742.0, 6937718.0, 1, 0.0133257538546
17321632.0, 6852856.0, 1, 0.0132902117787
19072340.0, 6303642.0, 1, 0.0125824535154
19113198.0, 6298954.0, 1, 0.0123766836024
16096542.0, 9471888.0, 1, 0.0120378818251
18063094.0, 6627720.0, 1, 0.0119356945624
17990104.0, 6729276.0, 1, 0.0106833498552
18023550.0, 6722720.0, 1, 0.00976076893577
17025916.0, 7313618.0, 1, 0.00718542485171
18996838.0, 6318426.0, 1, 0.00663601517285
17321632.0, 6852856.0, 1, 0.0
17321632.0, 6852856.0, 1, 0.0
17321632.0, 6852856.0, 1, 0.0
17321632.0, 6852856.0, 1, 0.0
17321632.0, 6852856.0, 1, 0.0
17442302.0, 6835196.0, 1, 0.0
17899764.0, 6742608.0, 1, 0.0
17899764.0, 6742608.0, 1, 0.0
18063094.0, 6627720.0, 1, 0.0
18154450.0, 6614188.0, 1, 0.0
18154450.0, 6614188.0, 1, 0.0
18154450.0, 6614188.0, 1, 0.0
18154450.0, 6614188.0, 1, 0.0
18154450.0, 6614188.0, 1, 0.0
18154450.0, 6614188.0, 1, 0.0
18154450.0, 6614188.0, 1, 0.0
18154450.0, 6614188.0, 1, 0.0
18154450.0, 6614188.0, 1, 0.0
18154450.0, 6614188.0, 1, 0.0
18154450.0, 6614188.0, 1, 0.0
18154450.0, 6614188.0, 1, 0.0
18996838.0, 6318426.0, 1, 0.0
18996838.0, 6318426.0, 1, 0.0
18996838.0, 6318426.0, 1, 0.0
19072340.0, 6303642.0, 1, 0.0
19072340.0, 6303642.0, 1, 0.0
19072340.0, 6303642.0, 1, 0.0
19072340.0, 6303642.0, 1, 0.0
19072340.0, 6303642.0, 1, 0.0
19185380.0, 6284830.0, 1, 0.0
15975696.0, 9488294.0, 1, 0.0
15975696.0, 9488294.0, 1, 0.0
15975696.0, 9488294.0, 1, 0.0
15975696.0, 9488294.0, 1, 0.0
15975696.0, 9488294.0, 1, 0.0
16096542.0, 9471888.0, 1, 0.0
16132018.0, 9331812.0, 1, 0.0
16132018.0, 9331812.0, 1, 0.0
16132018.0, 9331812.0, 1, 0.0
16514866.0, 7965890.0, 1, 0.0
16514866.0, 7965890.0, 1, 0.0
16514866.0, 7965890.0, 1, 0.0
16514866.0, 7965890.0, 1, 0.0
16652226.0, 7846962.0, 1, 0.0
16906902.0, 7329338.0, 1, 0.0
16906902.0, 7329338.0, 1, 0.0
16906902.0, 7329338.0, 1, 0.0
16906902.0, 7329338.0, 1, 0.0
16906902.0, 7329338.0, 1, 0.0
16906902.0, 7329338.0, 1, 0.0
16906902.0, 7329338.0, 1, 0.0
16906902.0, 7329338.0, 1, 0.0
16906902.0, 7329338.0, 1, 0.0
16906902.0, 7329338.0, 1, 0.0
16906902.0, 7329338.0, 1, 0.0
16906902.0, 7329338.0, 1, 0.0
17025916.0, 7313618.0, 1, 0.0
17025916.0, 7313618.0, 1, 0.0
17161722.0, 6955492.0, 1, 0.0
17161722.0, 6955492.0, 1, 0.0
17161722.0, 6955492.0, 1, 0.0
17161722.0, 6955492.0, 1, 0.0
17161722.0, 6955492.0, 1, 0.0
17161722.0, 6955492.0, 1, 0.0
17161722.0, 6955492.0, 1, 0.0
17161722.0, 6955492.0, 1, 0.0
17161722.0, 6955492.0, 1, 0.0
17161722.0, 6955492.0, 1, 0.0
17161722.0, 6955492.0, 1, 0.0
17161722.0, 6955492.0, 1, 0.0
17161722.0, 6955492.0, 1, 0.0
17161722.0, 6955492.0, 1, 0.0
17281742.0, 6937718.0, 1, 0.0
17281742.0, 6937718.0, 1, 0.0
17321632.0, 6852856.0, 1, 0.0
17321632.0, 6852856.0, 1, 0.0
17321632.0, 6852856.0, 1, 0.0
20728526.0, 6344006.0, 2, inf
16167712.0, 12073050.0, 2, inf
18527116.0, 6641648.0, 2, 0.637903027217
16213272.0, 9989918.0, 2, 0.399686124706
16256628.0, 9894922.0, 2, 0.284753931306
17604890.0, 7056086.0, 2, 0.277121943001
16660916.0, 8920856.0, 2, 0.241658185235
16726454.0, 8044230.0, 2, 0.190274813758
16660916.0, 8920856.0, 2, 0.184392236347
17157642.0, 7100676.0, 2, 0.172526939435
16896392.0, 7685292.0, 2, 0.152551421605
18110570.0, 6710048.0, 2, 0.151732156776
18110570.0, 6710048.0, 2, 0.122814109411
17027528.0, 7319250.0, 2, 0.106687061889
16936998.0, 7434730.0, 2, 0.0926450973823
16726454.0, 8044230.0, 2, 0.0770221410923
16660916.0, 8920856.0, 2, 0.0
16660916.0, 8920856.0, 2, 0.0
Generacion: 215
15760286.0, 11806550.0, 1, inf
21100108.0, 6280828.0, 1, inf
15863722.0, 9915382.0, 1, 0.459879317313
19185380.0, 6284830.0, 1, 0.361131294458
18986452.0, 6403850.0, 1, 0.185139659097
16417138.0, 8515082.0, 1, 0.184434822875
16266036.0, 9180042.0, 1, 0.14543686572
18275566.0, 6595074.0, 1, 0.136588252221
17442302.0, 6835196.0, 1, 0.128219810277
16514866.0, 7965890.0, 1, 0.102810959121
15975696.0, 9488294.0, 1, 0.0999219866472
17899764.0, 6742608.0, 1, 0.0880826132452
16505722.0, 8238454.0, 1, 0.0818914131135
16800464.0, 7596510.0, 1, 0.0799288814483
16800464.0, 7596510.0, 1, 0.0696691899743
16514866.0, 7965890.0, 1, 0.0685597896984
16494840.0, 8397676.0, 1, 0.0666511912895
17025916.0, 7313618.0, 1, 0.0576079181771
18275566.0, 6595074.0, 1, 0.0572878113759
16266036.0, 9180042.0, 1, 0.0557632919451
16132018.0, 9331812.0, 1, 0.050447649831
17281742.0, 6937718.0, 1, 0.0485209154345
16096542.0, 9471888.0, 1, 0.0479809009393
16906902.0, 7329338.0, 1, 0.0441942864381
16815532.0, 7450386.0, 1, 0.0435553843542
17037622.0, 7118450.0, 1, 0.0430179187352
17161722.0, 6955492.0, 1, 0.0396984074884
17321632.0, 6852856.0, 1, 0.0379557626415
18063094.0, 6627720.0, 1, 0.0354872102053
17990104.0, 6729276.0, 1, 0.0352969416907
16132018.0, 9331812.0, 1, 0.034109761172
17899764.0, 6742608.0, 1, 0.0336739863557
18996838.0, 6318426.0, 1, 0.0295987598844
17078728.0, 7050656.0, 1, 0.0278112696158
18154450.0, 6614188.0, 1, 0.0251305656802
17078728.0, 7050656.0, 1, 0.0249200122535
16815532.0, 7450386.0, 1, 0.0247280944939
19113198.0, 6298954.0, 1, 0.024573686957
15975696.0, 9488294.0, 1, 0.0239386366212
18154450.0, 6614188.0, 1, 0.0205675309308
16906902.0, 7329338.0, 1, 0.0199559343638
17161722.0, 6955492.0, 1, 0.0187590588821
18063094.0, 6627720.0, 1, 0.0161179057077
17990104.0, 6729276.0, 1, 0.0160817113425
19072340.0, 6303642.0, 1, 0.014987818545
17037622.0, 7118450.0, 1, 0.0144610118731
19185380.0, 6284830.0, 1, 0.0142419283011
17321632.0, 6852856.0, 1, 0.0106662489089
19072340.0, 6303642.0, 1, 0.0103270533884
16096542.0, 9471888.0, 1, 0.0096126909249
17025916.0, 7313618.0, 1, 0.0050370850089
18996838.0, 6318426.0, 1, 0.00462049612861
17321632.0, 6852856.0, 1, 0.0
17321632.0, 6852856.0, 1, 0.0
17321632.0, 6852856.0, 1, 0.0
17321632.0, 6852856.0, 1, 0.0
17899764.0, 6742608.0, 1, 0.0
17899764.0, 6742608.0, 1, 0.0
17899764.0, 6742608.0, 1, 0.0
17899764.0, 6742608.0, 1, 0.0
18063094.0, 6627720.0, 1, 0.0
18063094.0, 6627720.0, 1, 0.0
18063094.0, 6627720.0, 1, 0.0
18063094.0, 6627720.0, 1, 0.0
18154450.0, 6614188.0, 1, 0.0
18154450.0, 6614188.0, 1, 0.0
18154450.0, 6614188.0, 1, 0.0
18154450.0, 6614188.0, 1, 0.0
18154450.0, 6614188.0, 1, 0.0
18275566.0, 6595074.0, 1, 0.0
18275566.0, 6595074.0, 1, 0.0
18996838.0, 6318426.0, 1, 0.0
18996838.0, 6318426.0, 1, 0.0
19072340.0, 6303642.0, 1, 0.0
19072340.0, 6303642.0, 1, 0.0
19072340.0, 6303642.0, 1, 0.0
19072340.0, 6303642.0, 1, 0.0
19185380.0, 6284830.0, 1, 0.0
15975696.0, 9488294.0, 1, 0.0
15975696.0, 9488294.0, 1, 0.0
16096542.0, 9471888.0, 1, 0.0
16096542.0, 9471888.0, 1, 0.0
16096542.0, 9471888.0, 1, 0.0
16096542.0, 9471888.0, 1, 0.0
16132018.0, 9331812.0, 1, 0.0
16132018.0, 9331812.0, 1, 0.0
16266036.0, 9180042.0, 1, 0.0
16514866.0, 7965890.0, 1, 0.0
16514866.0, 7965890.0, 1, 0.0
16514866.0, 7965890.0, 1, 0.0
16800464.0, 7596510.0, 1, 0.0
16800464.0, 7596510.0, 1, 0.0
16800464.0, 7596510.0, 1, 0.0
16815532.0, 7450386.0, 1, 0.0
16906902.0, 7329338.0, 1, 0.0
16906902.0, 7329338.0, 1, 0.0
16906902.0, 7329338.0, 1, 0.0
16906902.0, 7329338.0, 1, 0.0
16906902.0, 7329338.0, 1, 0.0
16906902.0, 7329338.0, 1, 0.0
16906902.0, 7329338.0, 1, 0.0
16906902.0, 7329338.0, 1, 0.0
16906902.0, 7329338.0, 1, 0.0
16906902.0, 7329338.0, 1, 0.0
16906902.0, 7329338.0, 1, 0.0
16906902.0, 7329338.0, 1, 0.0
16906902.0, 7329338.0, 1, 0.0
16906902.0, 7329338.0, 1, 0.0
16906902.0, 7329338.0, 1, 0.0
16906902.0, 7329338.0, 1, 0.0
16906902.0, 7329338.0, 1, 0.0
16906902.0, 7329338.0, 1, 0.0
17025916.0, 7313618.0, 1, 0.0
17025916.0, 7313618.0, 1, 0.0
17025916.0, 7313618.0, 1, 0.0
17037622.0, 7118450.0, 1, 0.0
17078728.0, 7050656.0, 1, 0.0
17161722.0, 6955492.0, 1, 0.0
17161722.0, 6955492.0, 1, 0.0
17161722.0, 6955492.0, 1, 0.0
17161722.0, 6955492.0, 1, 0.0
17161722.0, 6955492.0, 1, 0.0
17161722.0, 6955492.0, 1, 0.0
17161722.0, 6955492.0, 1, 0.0
17161722.0, 6955492.0, 1, 0.0
17161722.0, 6955492.0, 1, 0.0
17161722.0, 6955492.0, 1, 0.0
17161722.0, 6955492.0, 1, 0.0
17161722.0, 6955492.0, 1, 0.0
17161722.0, 6955492.0, 1, 0.0
17161722.0, 6955492.0, 1, 0.0
17161722.0, 6955492.0, 1, 0.0
17161722.0, 6955492.0, 1, 0.0
17161722.0, 6955492.0, 1, 0.0
17161722.0, 6955492.0, 1, 0.0
17161722.0, 6955492.0, 1, 0.0
17161722.0, 6955492.0, 1, 0.0
17161722.0, 6955492.0, 1, 0.0
17161722.0, 6955492.0, 1, 0.0
17161722.0, 6955492.0, 1, 0.0
17161722.0, 6955492.0, 1, 0.0
17161722.0, 6955492.0, 1, 0.0
15965026.0, 11886580.0, 2, inf
20728526.0, 6344006.0, 2, inf
19101944.0, 6385102.0, 2, 0.623963515902
16086226.0, 9706820.0, 2, 0.463591302227
18070440.0, 6709552.0, 2, 0.339423468429
16947000.0, 7913674.0, 2, 0.26454208102
16779066.0, 8902058.0, 2, 0.241774896087
17729570.0, 7038640.0, 2, 0.197848212796
Generacion: 216
15651444.0, 11822282.0, 1, inf
19185380.0, 6284830.0, 1, inf
19185380.0, 6284830.0, 1, inf
15825172.0, 9892696.0, 1, 0.472666511261
15762984.0, 11772356.0, 1, 0.397620905791
17990104.0, 6729276.0, 1, 0.250468915473
18986452.0, 6403850.0, 1, 0.216586429609
17321632.0, 6852856.0, 1, 0.204483023742
18275566.0, 6595074.0, 1, 0.203484374729
16652226.0, 7846962.0, 1, 0.147521608295
16355602.0, 8865174.0, 1, 0.13236740002
15975696.0, 9488294.0, 1, 0.107226205046
16266036.0, 9180042.0, 1, 0.0947846854996
16514866.0, 7965890.0, 1, 0.0880907584997
16505722.0, 8238454.0, 1, 0.0836423436162
16358036.0, 8591222.0, 1, 0.0806354586377
17025916.0, 7313618.0, 1, 0.0689225543792
16800464.0, 7596510.0, 1, 0.068335306213
16132018.0, 9331812.0, 1, 0.0632192651582
16096542.0, 9471888.0, 1, 0.0594919763788
18275566.0, 6595074.0, 1, 0.0594444501104
16906902.0, 7329338.0, 1, 0.0555373367737
16266036.0, 9180042.0, 1, 0.052752457526
16815532.0, 7450386.0, 1, 0.0522433339758
16494840.0, 8397676.0, 1, 0.0507410395944
16800464.0, 7596510.0, 1, 0.0494925452372
17037622.0, 7118450.0, 1, 0.0468768806602
15975696.0, 9488294.0, 1, 0.0455566014934
18063094.0, 6627720.0, 1, 0.0441909053306
17161722.0, 6955492.0, 1, 0.0386629901763
16417138.0, 8515082.0, 1, 0.0379262988038
18187530.0, 6607946.0, 1, 0.0377240355922
18986452.0, 6403850.0, 1, 0.0374717828069
16132018.0, 9331812.0, 1, 0.0374465776232
17237622.0, 6948220.0, 1, 0.037171911258
18996838.0, 6318426.0, 1, 0.0367914361511
16417138.0, 8515082.0, 1, 0.0357373880955
17078728.0, 7050656.0, 1, 0.0357276771311
19113198.0, 6298954.0, 1, 0.0353842272856
17321632.0, 6852856.0, 1, 0.0336048208149
17078728.0, 7050656.0, 1, 0.0288173110242
16906902.0, 7329338.0, 1, 0.028693874766
17281742.0, 6937718.0, 1, 0.0278097619739
18154450.0, 6614188.0, 1, 0.0269782956322
16815532.0, 7450386.0, 1, 0.0261236745003
17161722.0, 6955492.0, 1, 0.024798101579
16494840.0, 8397676.0, 1, 0.0242814563392
16514866.0, 7965890.0, 1, 0.0240645090872
18063094.0, 6627720.0, 1, 0.0230977475089
19072340.0, 6303642.0, 1, 0.0222114452094
17037622.0, 7118450.0, 1, 0.0155552688022
19072340.0, 6303642.0, 1, 0.0142314328693
17281742.0, 6937718.0, 1, 0.0131842374853
16096542.0, 9471888.0, 1, 0.0130013995883
18154450.0, 6614188.0, 1, 0.0118043907532
17025916.0, 7313618.0, 1, 0.00615130466854
18996838.0, 6318426.0, 1, 0.00560875266235
17161722.0, 6955492.0, 1, 0.0
17281742.0, 6937718.0, 1, 0.0
17281742.0, 6937718.0, 1, 0.0
17281742.0, 6937718.0, 1, 0.0
17321632.0, 6852856.0, 1, 0.0
17321632.0, 6852856.0, 1, 0.0
17321632.0, 6852856.0, 1, 0.0
18154450.0, 6614188.0, 1, 0.0
18154450.0, 6614188.0, 1, 0.0
18154450.0, 6614188.0, 1, 0.0
18154450.0, 6614188.0, 1, 0.0
18154450.0, 6614188.0, 1, 0.0
18154450.0, 6614188.0, 1, 0.0
18154450.0, 6614188.0, 1, 0.0
18275566.0, 6595074.0, 1, 0.0
18986452.0, 6403850.0, 1, 0.0
18996838.0, 6318426.0, 1, 0.0
18996838.0, 6318426.0, 1, 0.0
18996838.0, 6318426.0, 1, 0.0
19072340.0, 6303642.0, 1, 0.0
19072340.0, 6303642.0, 1, 0.0
19072340.0, 6303642.0, 1, 0.0
19072340.0, 6303642.0, 1, 0.0
19072340.0, 6303642.0, 1, 0.0
19072340.0, 6303642.0, 1, 0.0
19072340.0, 6303642.0, 1, 0.0
19072340.0, 6303642.0, 1, 0.0
15975696.0, 9488294.0, 1, 0.0
16096542.0, 9471888.0, 1, 0.0
16494840.0, 8397676.0, 1, 0.0
16514866.0, 7965890.0, 1, 0.0
16514866.0, 7965890.0, 1, 0.0
16514866.0, 7965890.0, 1, 0.0
16514866.0, 7965890.0, 1, 0.0
16514866.0, 7965890.0, 1, 0.0
16514866.0, 7965890.0, 1, 0.0
16800464.0, 7596510.0, 1, 0.0
16800464.0, 7596510.0, 1, 0.0
16906902.0, 7329338.0, 1, 0.0
16906902.0, 7329338.0, 1, 0.0
16906902.0, 7329338.0, 1, 0.0
16906902.0, 7329338.0, 1, 0.0
16906902.0, 7329338.0, 1, 0.0
16906902.0, 7329338.0, 1, 0.0
16906902.0, 7329338.0, 1, 0.0
16906902.0, 7329338.0, 1, 0.0
16906902.0, 7329338.0, 1, 0.0
16906902.0, 7329338.0, 1, 0.0
16906902.0, 7329338.0, 1, 0.0
16906902.0, 7329338.0, 1, 0.0
16906902.0, 7329338.0, 1, 0.0
16906902.0, 7329338.0, 1, 0.0
17025916.0, 7313618.0, 1, 0.0
17025916.0, 7313618.0, 1, 0.0
17025916.0, 7313618.0, 1, 0.0
17078728.0, 7050656.0, 1, 0.0
17078728.0, 7050656.0, 1, 0.0
17078728.0, 7050656.0, 1, 0.0
17161722.0, 6955492.0, 1, 0.0
17161722.0, 6955492.0, 1, 0.0
17161722.0, 6955492.0, 1, 0.0
17161722.0, 6955492.0, 1, 0.0
17161722.0, 6955492.0, 1, 0.0
17161722.0, 6955492.0, 1, 0.0
17161722.0, 6955492.0, 1, 0.0
17161722.0, 6955492.0, 1, 0.0
17161722.0, 6955492.0, 1, 0.0
17161722.0, 6955492.0, 1, 0.0
17161722.0, 6955492.0, 1, 0.0
17161722.0, 6955492.0, 1, 0.0
17161722.0, 6955492.0, 1, 0.0
17161722.0, 6955492.0, 1, 0.0
17161722.0, 6955492.0, 1, 0.0
17161722.0, 6955492.0, 1, 0.0
17161722.0, 6955492.0, 1, 0.0
17161722.0, 6955492.0, 1, 0.0
17161722.0, 6955492.0, 1, 0.0
17161722.0, 6955492.0, 1, 0.0
17161722.0, 6955492.0, 1, 0.0
17161722.0, 6955492.0, 1, 0.0
15708320.0, 12034262.0, 2, inf
20760706.0, 6387658.0, 2, inf
15708320.0, 12034262.0, 2, inf
18070440.0, 6709552.0, 2, 0.647594622828
15863722.0, 9915382.0, 2, 0.547693670319
15856268.0, 11902760.0, 2, 0.406006697285
16560596.0, 8062924.0, 2, 0.248094635362
17197514.0, 7015538.0, 2, 0.247055023636
16318360.0, 9326590.0, 2, 0.236373768853
16469800.0, 8699338.0, 2, 0.229621774743
17956994.0, 6910908.0, 2, 0.226964387088
16890458.0, 7768578.0, 2, 0.156416954492
16384174.0, 9162336.0, 2, 0.141058778816
Generacion: 217
15651444.0, 11822282.0, 1, inf
19185380.0, 6284830.0, 1, inf
19185380.0, 6284830.0, 1, inf
15651444.0, 11822282.0, 1, inf
15801706.0, 9909422.0, 1, 0.472666511261
15762984.0, 11772356.0, 1, 0.367986947057
17899764.0, 6742608.0, 1, 0.250468915473
18986452.0, 6403850.0, 1, 0.216586429609
18275566.0, 6595074.0, 1, 0.203484374729
17321632.0, 6852856.0, 1, 0.17891945949
16355602.0, 8865174.0, 1, 0.162841534904
16266036.0, 9180042.0, 1, 0.147537143026
16417138.0, 8515082.0, 1, 0.123825010653
16652226.0, 7846962.0, 1, 0.120104248794
15975696.0, 9488294.0, 1, 0.110246727842
16514866.0, 7965890.0, 1, 0.0880907584997
16771596.0, 7703098.0, 1, 0.0871757404054
16505722.0, 8238454.0, 1, 0.0836423436162
16815532.0, 7450386.0, 1, 0.0783670084761
16096542.0, 9471888.0, 1, 0.0724933759671
16906902.0, 7329338.0, 1, 0.0639389658296
16132018.0, 9331812.0, 1, 0.0632192651582
18275566.0, 6595074.0, 1, 0.0594444501104
16906902.0, 7329338.0, 1, 0.0588497906495
16800464.0, 7596510.0, 1, 0.058069470546
15975696.0, 9488294.0, 1, 0.0521967896576
16494840.0, 8397676.0, 1, 0.0507410395944
17037622.0, 7118450.0, 1, 0.0497157314529
17037622.0, 7118450.0, 1, 0.0492327321179
18063094.0, 6627720.0, 1, 0.0486613117614
18063094.0, 6627720.0, 1, 0.0465985108503
17161722.0, 6955492.0, 1, 0.0386629901763
18986452.0, 6403850.0, 1, 0.0374717828069
16132018.0, 9331812.0, 1, 0.0374465776232
17237622.0, 6948220.0, 1, 0.037171911258
18996838.0, 6318426.0, 1, 0.0367914361511
17078728.0, 7050656.0, 1, 0.0357276771311
19072340.0, 6303642.0, 1, 0.034656816917
17321632.0, 6852856.0, 1, 0.0311972152953
17078728.0, 7050656.0, 1, 0.0288173110242
17281742.0, 6937718.0, 1, 0.0278097619739
18154450.0, 6614188.0, 1, 0.0269782956322
18187530.0, 6607946.0, 1, 0.0260388332311
17161722.0, 6955492.0, 1, 0.024798101579
19072340.0, 6303642.0, 1, 0.0247620767995
16494840.0, 8397676.0, 1, 0.0242814563392
16514866.0, 7965890.0, 1, 0.0240645090872
15762984.0, 11772356.0, 1, 0.0199732477738
17281742.0, 6937718.0, 1, 0.0131842374853
18154450.0, 6614188.0, 1, 0.0118043907532
18187530.0, 6607946.0, 1, 0.0116852023611
18996838.0, 6318426.0, 1, 0.00560875266235
17281742.0, 6937718.0, 1, 0.0
17281742.0, 6937718.0, 1, 0.0
17321632.0, 6852856.0, 1, 0.0
17321632.0, 6852856.0, 1, 0.0
17321632.0, 6852856.0, 1, 0.0
17321632.0, 6852856.0, 1, 0.0
18063094.0, 6627720.0, 1, 0.0
18063094.0, 6627720.0, 1, 0.0
18154450.0, 6614188.0, 1, 0.0
18154450.0, 6614188.0, 1, 0.0
18154450.0, 6614188.0, 1, 0.0
18154450.0, 6614188.0, 1, 0.0
18154450.0, 6614188.0, 1, 0.0
18154450.0, 6614188.0, 1, 0.0
18154450.0, 6614188.0, 1, 0.0
18275566.0, 6595074.0, 1, 0.0
18275566.0, 6595074.0, 1, 0.0
18275566.0, 6595074.0, 1, 0.0
18986452.0, 6403850.0, 1, 0.0
18996838.0, 6318426.0, 1, 0.0
18996838.0, 6318426.0, 1, 0.0
18996838.0, 6318426.0, 1, 0.0
19072340.0, 6303642.0, 1, 0.0
19072340.0, 6303642.0, 1, 0.0
19072340.0, 6303642.0, 1, 0.0
19072340.0, 6303642.0, 1, 0.0
19072340.0, 6303642.0, 1, 0.0
19072340.0, 6303642.0, 1, 0.0
19072340.0, 6303642.0, 1, 0.0
19185380.0, 6284830.0, 1, 0.0
19185380.0, 6284830.0, 1, 0.0
15975696.0, 9488294.0, 1, 0.0
15975696.0, 9488294.0, 1, 0.0
15975696.0, 9488294.0, 1, 0.0
15975696.0, 9488294.0, 1, 0.0
15975696.0, 9488294.0, 1, 0.0
15975696.0, 9488294.0, 1, 0.0
15975696.0, 9488294.0, 1, 0.0
15975696.0, 9488294.0, 1, 0.0
15975696.0, 9488294.0, 1, 0.0
16132018.0, 9331812.0, 1, 0.0
16132018.0, 9331812.0, 1, 0.0
16494840.0, 8397676.0, 1, 0.0
16494840.0, 8397676.0, 1, 0.0
16494840.0, 8397676.0, 1, 0.0
16494840.0, 8397676.0, 1, 0.0
16514866.0, 7965890.0, 1, 0.0
16514866.0, 7965890.0, 1, 0.0
16514866.0, 7965890.0, 1, 0.0
16514866.0, 7965890.0, 1, 0.0
16514866.0, 7965890.0, 1, 0.0
16514866.0, 7965890.0, 1, 0.0
16906902.0, 7329338.0, 1, 0.0
16906902.0, 7329338.0, 1, 0.0
16906902.0, 7329338.0, 1, 0.0
16906902.0, 7329338.0, 1, 0.0
16906902.0, 7329338.0, 1, 0.0
16906902.0, 7329338.0, 1, 0.0
16906902.0, 7329338.0, 1, 0.0
16906902.0, 7329338.0, 1, 0.0
16906902.0, 7329338.0, 1, 0.0
16906902.0, 7329338.0, 1, 0.0
16906902.0, 7329338.0, 1, 0.0
17037622.0, 7118450.0, 1, 0.0
17037622.0, 7118450.0, 1, 0.0
17078728.0, 7050656.0, 1, 0.0
17078728.0, 7050656.0, 1, 0.0
17161722.0, 6955492.0, 1, 0.0
17161722.0, 6955492.0, 1, 0.0
17161722.0, 6955492.0, 1, 0.0
17161722.0, 6955492.0, 1, 0.0
17161722.0, 6955492.0, 1, 0.0
17161722.0, 6955492.0, 1, 0.0
17161722.0, 6955492.0, 1, 0.0
17161722.0, 6955492.0, 1, 0.0
17161722.0, 6955492.0, 1, 0.0
17161722.0, 6955492.0, 1, 0.0
17161722.0, 6955492.0, 1, 0.0
17161722.0, 6955492.0, 1, 0.0
17161722.0, 6955492.0, 1, 0.0
17161722.0, 6955492.0, 1, 0.0
17161722.0, 6955492.0, 1, 0.0
17281742.0, 6937718.0, 1, 0.0
15708320.0, 12034262.0, 2, inf
21941454.0, 6599538.0, 2, inf
18070440.0, 6709552.0, 2, 0.661578569894
16339914.0, 9952430.0, 2, 0.51409999391
16130742.0, 11735358.0, 2, 0.436457338684
16384174.0, 9162336.0, 2, 0.198201494478
16919478.0, 7580790.0, 2, 0.195292105954
16478094.0, 8574422.0, 2, 0.135084050919
16447178.0, 8968784.0, 2, 0.123245204113
16777278.0, 7830392.0, 2, 0.120314342203
17268022.0, 7032872.0, 2, 0.114215018188
16614898.0, 8380876.0, 2, 0.111170277508
17727118.0, 6976480.0, 2, 0.110010910731
17157642.0, 7100676.0, 2, 0.106050516366
17835610.0, 6929878.0, 2, 0.104195438768
Generacion: 218
19185380.0, 6284830.0, 1, inf
15651444.0, 11822282.0, 1, inf
19185380.0, 6284830.0, 1, inf
15801706.0, 9909422.0, 1, 0.513245112386
18223096.0, 6569024.0, 1, 0.262928824839
18986452.0, 6403850.0, 1, 0.231433897135
16218700.0, 8663926.0, 1, 0.228172601663
17990104.0, 6729276.0, 1, 0.213133660409
17442302.0, 6835196.0, 1, 0.211475048233
16132018.0, 9331812.0, 1, 0.180475746568
16417138.0, 8515082.0, 1, 0.127513458607
15975696.0, 9488294.0, 1, 0.110246727842
16514866.0, 7965890.0, 1, 0.085301800239
16652226.0, 7846962.0, 1, 0.0810435717282
16815532.0, 7450386.0, 1, 0.0783670084761
16453202.0, 8325276.0, 1, 0.0750224959336
16505722.0, 8238454.0, 1, 0.0640835325624
16906902.0, 7329338.0, 1, 0.0639389658296
16642370.0, 7949384.0, 1, 0.0603458678894
16096542.0, 9471888.0, 1, 0.0594919763788
16906902.0, 7329338.0, 1, 0.0588497906495
16800464.0, 7596510.0, 1, 0.058069470546
16771596.0, 7703098.0, 1, 0.0530267649913
15975696.0, 9488294.0, 1, 0.0521967896576
17037622.0, 7118450.0, 1, 0.0497157314529
17321632.0, 6852856.0, 1, 0.0494711616144
17037622.0, 7118450.0, 1, 0.0492327321179
18063094.0, 6627720.0, 1, 0.0441909053306
17161722.0, 6955492.0, 1, 0.0386629901763
18996838.0, 6318426.0, 1, 0.0367914361511
17078728.0, 7050656.0, 1, 0.0357276771311
16771596.0, 7703098.0, 1, 0.0341489754141
18986452.0, 6403850.0, 1, 0.0327674530899
17078728.0, 7050656.0, 1, 0.0288173110242
17281742.0, 6937718.0, 1, 0.0278097619739
18187530.0, 6607946.0, 1, 0.0275808977829
18154450.0, 6614188.0, 1, 0.0269782956322
17161722.0, 6955492.0, 1, 0.024798101579
17237622.0, 6948220.0, 1, 0.0233740088903
18063094.0, 6627720.0, 1, 0.0230977475089
19072340.0, 6303642.0, 1, 0.0222114452094
19113198.0, 6298954.0, 1, 0.0212719828083
16505722.0, 8238454.0, 1, 0.0182665355788
17321632.0, 6852856.0, 1, 0.0144768897737
19072340.0, 6303642.0, 1, 0.0142314328693
19113198.0, 6298954.0, 1, 0.0141122444773
17237622.0, 6948220.0, 1, 0.0137979023677
17281742.0, 6937718.0, 1, 0.0131842374853
16096542.0, 9471888.0, 1, 0.0130013995883
18154450.0, 6614188.0, 1, 0.0118043907532
18996838.0, 6318426.0, 1, 0.00560875266235
16514866.0, 7965890.0, 1, 0.00556827652393
17281742.0, 6937718.0, 1, 0.0
17321632.0, 6852856.0, 1, 0.0
17321632.0, 6852856.0, 1, 0.0
18063094.0, 6627720.0, 1, 0.0
18063094.0, 6627720.0, 1, 0.0
18063094.0, 6627720.0, 1, 0.0
18154450.0, 6614188.0, 1, 0.0
18154450.0, 6614188.0, 1, 0.0
18154450.0, 6614188.0, 1, 0.0
18154450.0, 6614188.0, 1, 0.0
18154450.0, 6614188.0, 1, 0.0
18154450.0, 6614188.0, 1, 0.0
18154450.0, 6614188.0, 1, 0.0
18154450.0, 6614188.0, 1, 0.0
18154450.0, 6614188.0, 1, 0.0
18154450.0, 6614188.0, 1, 0.0
18154450.0, 6614188.0, 1, 0.0
18154450.0, 6614188.0, 1, 0.0
18996838.0, 6318426.0, 1, 0.0
18996838.0, 6318426.0, 1, 0.0
18996838.0, 6318426.0, 1, 0.0
18996838.0, 6318426.0, 1, 0.0
19072340.0, 6303642.0, 1, 0.0
19072340.0, 6303642.0, 1, 0.0
19113198.0, 6298954.0, 1, 0.0
19185380.0, 6284830.0, 1, 0.0
19185380.0, 6284830.0, 1, 0.0
19185380.0, 6284830.0, 1, 0.0
15975696.0, 9488294.0, 1, 0.0
15975696.0, 9488294.0, 1, 0.0
15975696.0, 9488294.0, 1, 0.0
15975696.0, 9488294.0, 1, 0.0
15975696.0, 9488294.0, 1, 0.0
15975696.0, 9488294.0, 1, 0.0
15975696.0, 9488294.0, 1, 0.0
15975696.0, 9488294.0, 1, 0.0
15975696.0, 9488294.0, 1, 0.0
15975696.0, 9488294.0, 1, 0.0
15975696.0, 9488294.0, 1, 0.0
15975696.0, 9488294.0, 1, 0.0
16096542.0, 9471888.0, 1, 0.0
16096542.0, 9471888.0, 1, 0.0
16505722.0, 8238454.0, 1, 0.0
16505722.0, 8238454.0, 1, 0.0
16505722.0, 8238454.0, 1, 0.0
16505722.0, 8238454.0, 1, 0.0
16906902.0, 7329338.0, 1, 0.0
16906902.0, 7329338.0, 1, 0.0
16906902.0, 7329338.0, 1, 0.0
16906902.0, 7329338.0, 1, 0.0
16906902.0, 7329338.0, 1, 0.0
16906902.0, 7329338.0, 1, 0.0
16906902.0, 7329338.0, 1, 0.0
16906902.0, 7329338.0, 1, 0.0
16906902.0, 7329338.0, 1, 0.0
16906902.0, 7329338.0, 1, 0.0
16906902.0, 7329338.0, 1, 0.0
17037622.0, 7118450.0, 1, 0.0
17037622.0, 7118450.0, 1, 0.0
17037622.0, 7118450.0, 1, 0.0
17037622.0, 7118450.0, 1, 0.0
17078728.0, 7050656.0, 1, 0.0
17078728.0, 7050656.0, 1, 0.0
17078728.0, 7050656.0, 1, 0.0
17078728.0, 7050656.0, 1, 0.0
17161722.0, 6955492.0, 1, 0.0
17161722.0, 6955492.0, 1, 0.0
17161722.0, 6955492.0, 1, 0.0
17161722.0, 6955492.0, 1, 0.0
17161722.0, 6955492.0, 1, 0.0
17161722.0, 6955492.0, 1, 0.0
17161722.0, 6955492.0, 1, 0.0
17161722.0, 6955492.0, 1, 0.0
17161722.0, 6955492.0, 1, 0.0
17161722.0, 6955492.0, 1, 0.0
17161722.0, 6955492.0, 1, 0.0
17161722.0, 6955492.0, 1, 0.0
17161722.0, 6955492.0, 1, 0.0
17161722.0, 6955492.0, 1, 0.0
17161722.0, 6955492.0, 1, 0.0
17161722.0, 6955492.0, 1, 0.0
17161722.0, 6955492.0, 1, 0.0
17161722.0, 6955492.0, 1, 0.0
17161722.0, 6955492.0, 1, 0.0
17281742.0, 6937718.0, 1, 0.0
17281742.0, 6937718.0, 1, 0.0
19802394.0, 6290512.0, 2, inf
15708320.0, 12034262.0, 2, inf
16066234.0, 9591868.0, 2, 0.545022451018
18275566.0, 6595074.0, 2, 0.392866983671
17862592.0, 7050474.0, 2, 0.310261933282
17158878.0, 7212750.0, 2, 0.294438812296
16935142.0, 7440498.0, 2, 0.294150891747
16560596.0, 8062924.0, 2, 0.274193052317
18070440.0, 6709552.0, 2, 0.180157342217
16187080.0, 9575462.0, 2, 0.120502580586
16355602.0, 8865174.0, 2, 0.103269456179
18275566.0, 6595074.0, 2, 0.103128089241
Generacion: 219
19185380.0, 6284830.0, 1, inf
15975696.0, 9488294.0, 1, inf
15975696.0, 9488294.0, 1, inf
18986452.0, 6403850.0, 1, 0.319292046553
18223096.0, 6569024.0, 1, 0.312620894339
16218700.0, 8663926.0, 1, 0.290267141842
17990104.0, 6729276.0, 1, 0.258178327024
17442302.0, 6835196.0, 1, 0.246844221699
16132018.0, 9331812.0, 1, 0.219541487457
16514866.0, 7965890.0, 1, 0.124808929287
16417138.0, 8515082.0, 1, 0.124002405808
16652226.0, 7846962.0, 1, 0.117142435442
16348574.0, 8618088.0, 1, 0.108288231078
16505722.0, 8238454.0, 1, 0.101447127939
17025916.0, 7313618.0, 1, 0.098003712387
16096542.0, 9471888.0, 1, 0.0813768515245
16453202.0, 8325276.0, 1, 0.075613218146
16906902.0, 7329338.0, 1, 0.0748662586807
16815532.0, 7450386.0, 1, 0.0740813492533
17037622.0, 7118450.0, 1, 0.0737309179312
16642370.0, 7949384.0, 1, 0.0716970478989
16132018.0, 9331812.0, 1, 0.0707328130459
16771596.0, 7703098.0, 1, 0.0704633092836
17321632.0, 6852856.0, 1, 0.0640863001301
18063094.0, 6627720.0, 1, 0.0601645476692
16800464.0, 7596510.0, 1, 0.0546084042531
16771596.0, 7703098.0, 1, 0.053902917942
17161722.0, 6955492.0, 1, 0.0533537803117
18996838.0, 6318426.0, 1, 0.0501893218625
17078728.0, 7050656.0, 1, 0.0470200904811
17078728.0, 7050656.0, 1, 0.0425134608286
16815532.0, 7450386.0, 1, 0.0424811391486
17281742.0, 6937718.0, 1, 0.0402366002842
19072340.0, 6303642.0, 1, 0.0398334245136
16453202.0, 8325276.0, 1, 0.0383385335681
16800464.0, 7596510.0, 1, 0.0379672754061
18187530.0, 6607946.0, 1, 0.0354856405172
16906902.0, 7329338.0, 1, 0.0333741647804
18154450.0, 6614188.0, 1, 0.030411130743
16505722.0, 8238454.0, 1, 0.0299514150854
19072340.0, 6303642.0, 1, 0.0293955810869
17161722.0, 6955492.0, 1, 0.0281274168004
18063094.0, 6627720.0, 1, 0.0269647337193
17237622.0, 6948220.0, 1, 0.0269255139101
17037622.0, 7118450.0, 1, 0.0248098043595
17321632.0, 6852856.0, 1, 0.0179407971335
16096542.0, 9471888.0, 1, 0.0161741326186
17237622.0, 6948220.0, 1, 0.0160159441445
17281742.0, 6937718.0, 1, 0.0157063409323
18154450.0, 6614188.0, 1, 0.0145304878558
17025916.0, 7313618.0, 1, 0.00855427596896
16642370.0, 7949384.0, 1, 0.00822325463959
16514866.0, 7965890.0, 1, 0.00800142594867
18996838.0, 6318426.0, 1, 0.0078508368196
17161722.0, 6955492.0, 1, 0.0
17161722.0, 6955492.0, 1, 0.0
17161722.0, 6955492.0, 1, 0.0
17161722.0, 6955492.0, 1, 0.0
17161722.0, 6955492.0, 1, 0.0
17161722.0, 6955492.0, 1, 0.0
17161722.0, 6955492.0, 1, 0.0
17237622.0, 6948220.0, 1, 0.0
17237622.0, 6948220.0, 1, 0.0
17237622.0, 6948220.0, 1, 0.0
17321632.0, 6852856.0, 1, 0.0
17321632.0, 6852856.0, 1, 0.0
18063094.0, 6627720.0, 1, 0.0
18154450.0, 6614188.0, 1, 0.0
18154450.0, 6614188.0, 1, 0.0
18154450.0, 6614188.0, 1, 0.0
18996838.0, 6318426.0, 1, 0.0
18996838.0, 6318426.0, 1, 0.0
18996838.0, 6318426.0, 1, 0.0
18996838.0, 6318426.0, 1, 0.0
18996838.0, 6318426.0, 1, 0.0
19072340.0, 6303642.0, 1, 0.0
19072340.0, 6303642.0, 1, 0.0
19072340.0, 6303642.0, 1, 0.0
19072340.0, 6303642.0, 1, 0.0
19072340.0, 6303642.0, 1, 0.0
19072340.0, 6303642.0, 1, 0.0
19072340.0, 6303642.0, 1, 0.0
19072340.0, 6303642.0, 1, 0.0
15975696.0, 9488294.0, 1, 0.0
15975696.0, 9488294.0, 1, 0.0
15975696.0, 9488294.0, 1, 0.0
15975696.0, 9488294.0, 1, 0.0
15975696.0, 9488294.0, 1, 0.0
15975696.0, 9488294.0, 1, 0.0
15975696.0, 9488294.0, 1, 0.0
16505722.0, 8238454.0, 1, 0.0
16505722.0, 8238454.0, 1, 0.0
16505722.0, 8238454.0, 1, 0.0
16505722.0, 8238454.0, 1, 0.0
16505722.0, 8238454.0, 1, 0.0
16505722.0, 8238454.0, 1, 0.0
16514866.0, 7965890.0, 1, 0.0
16514866.0, 7965890.0, 1, 0.0
16514866.0, 7965890.0, 1, 0.0
16514866.0, 7965890.0, 1, 0.0
16514866.0, 7965890.0, 1, 0.0
16514866.0, 7965890.0, 1, 0.0
16642370.0, 7949384.0, 1, 0.0
16771596.0, 7703098.0, 1, 0.0
16771596.0, 7703098.0, 1, 0.0
16771596.0, 7703098.0, 1, 0.0
16771596.0, 7703098.0, 1, 0.0
16771596.0, 7703098.0, 1, 0.0
16771596.0, 7703098.0, 1, 0.0
16815532.0, 7450386.0, 1, 0.0
16906902.0, 7329338.0, 1, 0.0
16906902.0, 7329338.0, 1, 0.0
16906902.0, 7329338.0, 1, 0.0
16906902.0, 7329338.0, 1, 0.0
16906902.0, 7329338.0, 1, 0.0
16906902.0, 7329338.0, 1, 0.0
16906902.0, 7329338.0, 1, 0.0
16906902.0, 7329338.0, 1, 0.0
16906902.0, 7329338.0, 1, 0.0
17037622.0, 7118450.0, 1, 0.0
17037622.0, 7118450.0, 1, 0.0
17037622.0, 7118450.0, 1, 0.0
17037622.0, 7118450.0, 1, 0.0
17078728.0, 7050656.0, 1, 0.0
17078728.0, 7050656.0, 1, 0.0
17078728.0, 7050656.0, 1, 0.0
17078728.0, 7050656.0, 1, 0.0
17161722.0, 6955492.0, 1, 0.0
17161722.0, 6955492.0, 1, 0.0
17161722.0, 6955492.0, 1, 0.0
17161722.0, 6955492.0, 1, 0.0
17161722.0, 6955492.0, 1, 0.0
17161722.0, 6955492.0, 1, 0.0
17161722.0, 6955492.0, 1, 0.0
17161722.0, 6955492.0, 1, 0.0
17161722.0, 6955492.0, 1, 0.0
16318360.0, 9326590.0, 2, inf
18275566.0, 6595074.0, 2, inf
18275566.0, 6595074.0, 2, inf
16560596.0, 8062924.0, 2, 0.62635602376
16484700.0, 8762912.0, 2, 0.541554420282
17360408.0, 6911624.0, 2, 0.490921612692
18046780.0, 6827182.0, 2, 0.45707846948
16863360.0, 7580476.0, 2, 0.419236028482
17209102.0, 6999062.0, 2, 0.410901407929
16935142.0, 7440498.0, 2, 0.389504758056
16397160.0, 9314094.0, 2, 0.291349362256
18130710.0, 6690272.0, 2, 0.126393450084
18110570.0, 6710048.0, 2, 0.0930049077358
18275566.0, 6595074.0, 2, 0.0
Generacion: 220
19072340.0, 6303642.0, 1, inf
19072340.0, 6303642.0, 1, inf
15975696.0, 9488294.0, 1, inf
15975696.0, 9488294.0, 1, inf
18275566.0, 6595074.0, 1, 0.322083454844
18986452.0, 6403850.0, 1, 0.256390241807
16218700.0, 8663926.0, 1, 0.249415477082
17737658.0, 6847706.0, 1, 0.240844864343
16132018.0, 9331812.0, 1, 0.221176519036
18016170.0, 6800126.0, 1, 0.174170061874
16453202.0, 8325276.0, 1, 0.169955215222
17321632.0, 6852856.0, 1, 0.160994558899
16348574.0, 8618088.0, 1, 0.136586086403
16514866.0, 7965890.0, 1, 0.126761643156
16505722.0, 8238454.0, 1, 0.1025470418
17025916.0, 7313618.0, 1, 0.0997171530272
18063094.0, 6627720.0, 1, 0.0836381426162
16096542.0, 9471888.0, 1, 0.0830095398422
16906902.0, 7329338.0, 1, 0.0764430244882
16815532.0, 7450386.0, 1, 0.0753899565935
17037622.0, 7118450.0, 1, 0.0745583036406
16642370.0, 7949384.0, 1, 0.0733360255372
16771596.0, 7703098.0, 1, 0.0720174601498
16132018.0, 9331812.0, 1, 0.0719769510138
16652226.0, 7846962.0, 1, 0.0707093109391
18986452.0, 6403850.0, 1, 0.0633994467025
16341622.0, 8645504.0, 1, 0.0563336517941
16800464.0, 7596510.0, 1, 0.0552061705335
16771596.0, 7703098.0, 1, 0.054496516857
17161722.0, 6955492.0, 1, 0.0543924773456
18996838.0, 6318426.0, 1, 0.0512055321669
16652226.0, 7846962.0, 1, 0.0483569670734
17078728.0, 7050656.0, 1, 0.0480889988606
18154450.0, 6614188.0, 1, 0.0463933034047
18187530.0, 6607946.0, 1, 0.0451139310033
17078728.0, 7050656.0, 1, 0.043156442464
16815532.0, 7450386.0, 1, 0.0428757174294
17281742.0, 6937718.0, 1, 0.0408948638741
16800464.0, 7596510.0, 1, 0.0383351899243
16906902.0, 7329338.0, 1, 0.0344423114504
16218700.0, 8663926.0, 1, 0.0337768588216
16505722.0, 8238454.0, 1, 0.0302155075492
17161722.0, 6955492.0, 1, 0.0290847246102
17237622.0, 6948220.0, 1, 0.0278080970114
17037622.0, 7118450.0, 1, 0.0250679476839
18063094.0, 6627720.0, 1, 0.0194023086208
16096542.0, 9471888.0, 1, 0.0166078565888
17237622.0, 6948220.0, 1, 0.0165311343363
17281742.0, 6937718.0, 1, 0.0161793789541
17321632.0, 6852856.0, 1, 0.0144988185663
17025916.0, 7313618.0, 1, 0.00871639655678
16642370.0, 7949384.0, 1, 0.00836578436337
16514866.0, 7965890.0, 1, 0.00813585803022
18996838.0, 6318426.0, 1, 0.00799621897154
17161722.0, 6955492.0, 1, 0.0
17161722.0, 6955492.0, 1, 0.0
17161722.0, 6955492.0, 1, 0.0
17161722.0, 6955492.0, 1, 0.0
17161722.0, 6955492.0, 1, 0.0
17161722.0, 6955492.0, 1, 0.0
17161722.0, 6955492.0, 1, 0.0
17237622.0, 6948220.0, 1, 0.0
17281742.0, 6937718.0, 1, 0.0
17321632.0, 6852856.0, 1, 0.0
17321632.0, 6852856.0, 1, 0.0
18063094.0, 6627720.0, 1, 0.0
18986452.0, 6403850.0, 1, 0.0
18986452.0, 6403850.0, 1, 0.0
18996838.0, 6318426.0, 1, 0.0
18996838.0, 6318426.0, 1, 0.0
18996838.0, 6318426.0, 1, 0.0
19072340.0, 6303642.0, 1, 0.0
19072340.0, 6303642.0, 1, 0.0
19072340.0, 6303642.0, 1, 0.0
19072340.0, 6303642.0, 1, 0.0
19072340.0, 6303642.0, 1, 0.0
19072340.0, 6303642.0, 1, 0.0
19072340.0, 6303642.0, 1, 0.0
19072340.0, 6303642.0, 1, 0.0
19072340.0, 6303642.0, 1, 0.0
15975696.0, 9488294.0, 1, 0.0
15975696.0, 9488294.0, 1, 0.0
15975696.0, 9488294.0, 1, 0.0
15975696.0, 9488294.0, 1, 0.0
15975696.0, 9488294.0, 1, 0.0
15975696.0, 9488294.0, 1, 0.0
16096542.0, 9471888.0, 1, 0.0
16096542.0, 9471888.0, 1, 0.0
16218700.0, 8663926.0, 1, 0.0
16505722.0, 8238454.0, 1, 0.0
16505722.0, 8238454.0, 1, 0.0
16505722.0, 8238454.0, 1, 0.0
16514866.0, 7965890.0, 1, 0.0
16514866.0, 7965890.0, 1, 0.0
16514866.0, 7965890.0, 1, 0.0
16514866.0, 7965890.0, 1, 0.0
16514866.0, 7965890.0, 1, 0.0
16514866.0, 7965890.0, 1, 0.0
16514866.0, 7965890.0, 1, 0.0
16652226.0, 7846962.0, 1, 0.0
16771596.0, 7703098.0, 1, 0.0
16771596.0, 7703098.0, 1, 0.0
16771596.0, 7703098.0, 1, 0.0
16771596.0, 7703098.0, 1, 0.0
16771596.0, 7703098.0, 1, 0.0
16800464.0, 7596510.0, 1, 0.0
16815532.0, 7450386.0, 1, 0.0
16815532.0, 7450386.0, 1, 0.0
16815532.0, 7450386.0, 1, 0.0
16815532.0, 7450386.0, 1, 0.0
16906902.0, 7329338.0, 1, 0.0
16906902.0, 7329338.0, 1, 0.0
16906902.0, 7329338.0, 1, 0.0
16906902.0, 7329338.0, 1, 0.0
16906902.0, 7329338.0, 1, 0.0
16906902.0, 7329338.0, 1, 0.0
16906902.0, 7329338.0, 1, 0.0
17025916.0, 7313618.0, 1, 0.0
17037622.0, 7118450.0, 1, 0.0
17037622.0, 7118450.0, 1, 0.0
17037622.0, 7118450.0, 1, 0.0
17037622.0, 7118450.0, 1, 0.0
17037622.0, 7118450.0, 1, 0.0
17078728.0, 7050656.0, 1, 0.0
17078728.0, 7050656.0, 1, 0.0
17078728.0, 7050656.0, 1, 0.0
17161722.0, 6955492.0, 1, 0.0
17161722.0, 6955492.0, 1, 0.0
17161722.0, 6955492.0, 1, 0.0
17161722.0, 6955492.0, 1, 0.0
17161722.0, 6955492.0, 1, 0.0
17161722.0, 6955492.0, 1, 0.0
17161722.0, 6955492.0, 1, 0.0
17161722.0, 6955492.0, 1, 0.0
18639710.0, 6624290.0, 2, inf
16125058.0, 9929940.0, 2, inf
16266036.0, 9180042.0, 2, 0.610579770452
18070440.0, 6709552.0, 2, 0.595661269346
17360408.0, 6911624.0, 2, 0.439700454459
16494840.0, 8397676.0, 2, 0.3889980365
16767532.0, 7974662.0, 2, 0.229772102175
16896392.0, 7685292.0, 2, 0.179575415768
17197514.0, 7015538.0, 2, 0.137824388965
16648162.0, 8118526.0, 2, 0.132791551664
16935142.0, 7440498.0, 2, 0.122087256129
17027528.0, 7319250.0, 2, 0.118902424034
17096124.0, 7259068.0, 2, 0.117863686154
17157642.0, 7100676.0, 2, 0.113990530631
16581196.0, 8308446.0, 2, 0.103616661522
16919478.0, 7580790.0, 2, 0.089462898832
Generacion: 221
15975696.0, 9488294.0, 1, inf
15975696.0, 9488294.0, 1, inf
19185380.0, 6284830.0, 1, inf
19185380.0, 6284830.0, 1, inf
18343856.0, 6553106.0, 1, 0.281174498714
16218700.0, 8663926.0, 1, 0.271856294771
18016170.0, 6800126.0, 1, 0.269487345914
17403102.0, 6832300.0, 1, 0.232848586686
18986452.0, 6403850.0, 1, 0.226871512383
16422090.0, 8525936.0, 1, 0.222239982792
16132018.0, 9331812.0, 1, 0.219541487457
16514866.0, 7965890.0, 1, 0.124808929287
16505722.0, 8238454.0, 1, 0.111140293995
18063094.0, 6627720.0, 1, 0.101124916402
17025916.0, 7313618.0, 1, 0.098003712387
16505722.0, 8238454.0, 1, 0.0925898589699
16096542.0, 9471888.0, 1, 0.0813768515245
18275566.0, 6595074.0, 1, 0.078078278034
18154450.0, 6614188.0, 1, 0.0763880142238
16906902.0, 7329338.0, 1, 0.0748662586807
16815532.0, 7450386.0, 1, 0.0740813492533
17037622.0, 7118450.0, 1, 0.0737309179312
16642370.0, 7949384.0, 1, 0.0716970478989
16132018.0, 9331812.0, 1, 0.0707328130459
16771596.0, 7703098.0, 1, 0.0704633092836
16218700.0, 8663926.0, 1, 0.0700816429376
16652226.0, 7846962.0, 1, 0.0691628420394
17281742.0, 6937718.0, 1, 0.0559429412165
16800464.0, 7596510.0, 1, 0.0546084042531
16771596.0, 7703098.0, 1, 0.053902917942
17161722.0, 6955492.0, 1, 0.0533537803117
17321632.0, 6852856.0, 1, 0.0518732598432
18996838.0, 6318426.0, 1, 0.0501893218625
18986452.0, 6403850.0, 1, 0.0498278966523
16652226.0, 7846962.0, 1, 0.0479795934029
17078728.0, 7050656.0, 1, 0.0470200904811
17078728.0, 7050656.0, 1, 0.0425134608286
16815532.0, 7450386.0, 1, 0.0424811391486
19113198.0, 6298954.0, 1, 0.0410908133901
16800464.0, 7596510.0, 1, 0.0379672754061
16906902.0, 7329338.0, 1, 0.0333741647804
17161722.0, 6955492.0, 1, 0.0281274168004
17237622.0, 6948220.0, 1, 0.0269255139101
19072340.0, 6303642.0, 1, 0.0249866038048
17037622.0, 7118450.0, 1, 0.0248098043595
17321632.0, 6852856.0, 1, 0.0188448185303
19072340.0, 6303642.0, 1, 0.0173446062997
16096542.0, 9471888.0, 1, 0.0161741326186
17237622.0, 6948220.0, 1, 0.0160159441445
17025916.0, 7313618.0, 1, 0.00855427596896
16642370.0, 7949384.0, 1, 0.00822325463959
16514866.0, 7965890.0, 1, 0.00800142594867
18996838.0, 6318426.0, 1, 0.0078508368196
17161722.0, 6955492.0, 1, 0.0
17161722.0, 6955492.0, 1, 0.0
17161722.0, 6955492.0, 1, 0.0
17161722.0, 6955492.0, 1, 0.0
17161722.0, 6955492.0, 1, 0.0
17161722.0, 6955492.0, 1, 0.0
17161722.0, 6955492.0, 1, 0.0
17161722.0, 6955492.0, 1, 0.0
17161722.0, 6955492.0, 1, 0.0
17161722.0, 6955492.0, 1, 0.0
17161722.0, 6955492.0, 1, 0.0
17161722.0, 6955492.0, 1, 0.0
17161722.0, 6955492.0, 1, 0.0
17237622.0, 6948220.0, 1, 0.0
17237622.0, 6948220.0, 1, 0.0
17321632.0, 6852856.0, 1, 0.0
17321632.0, 6852856.0, 1, 0.0
17321632.0, 6852856.0, 1, 0.0
17321632.0, 6852856.0, 1, 0.0
18986452.0, 6403850.0, 1, 0.0
18986452.0, 6403850.0, 1, 0.0
18996838.0, 6318426.0, 1, 0.0
18996838.0, 6318426.0, 1, 0.0
19072340.0, 6303642.0, 1, 0.0
19072340.0, 6303642.0, 1, 0.0
19072340.0, 6303642.0, 1, 0.0
19072340.0, 6303642.0, 1, 0.0
19072340.0, 6303642.0, 1, 0.0
19072340.0, 6303642.0, 1, 0.0
19072340.0, 6303642.0, 1, 0.0
19072340.0, 6303642.0, 1, 0.0
19185380.0, 6284830.0, 1, 0.0
15975696.0, 9488294.0, 1, 0.0
15975696.0, 9488294.0, 1, 0.0
15975696.0, 9488294.0, 1, 0.0
16132018.0, 9331812.0, 1, 0.0
16505722.0, 8238454.0, 1, 0.0
16505722.0, 8238454.0, 1, 0.0
16505722.0, 8238454.0, 1, 0.0
16505722.0, 8238454.0, 1, 0.0
16505722.0, 8238454.0, 1, 0.0
16505722.0, 8238454.0, 1, 0.0
16514866.0, 7965890.0, 1, 0.0
16514866.0, 7965890.0, 1, 0.0
16642370.0, 7949384.0, 1, 0.0
16652226.0, 7846962.0, 1, 0.0
16652226.0, 7846962.0, 1, 0.0
16771596.0, 7703098.0, 1, 0.0
16771596.0, 7703098.0, 1, 0.0
16771596.0, 7703098.0, 1, 0.0
16771596.0, 7703098.0, 1, 0.0
16815532.0, 7450386.0, 1, 0.0
16815532.0, 7450386.0, 1, 0.0
16815532.0, 7450386.0, 1, 0.0
16906902.0, 7329338.0, 1, 0.0
16906902.0, 7329338.0, 1, 0.0
16906902.0, 7329338.0, 1, 0.0
16906902.0, 7329338.0, 1, 0.0
16906902.0, 7329338.0, 1, 0.0
16906902.0, 7329338.0, 1, 0.0
16906902.0, 7329338.0, 1, 0.0
16906902.0, 7329338.0, 1, 0.0
16906902.0, 7329338.0, 1, 0.0
16906902.0, 7329338.0, 1, 0.0
16906902.0, 7329338.0, 1, 0.0
16906902.0, 7329338.0, 1, 0.0
17037622.0, 7118450.0, 1, 0.0
17037622.0, 7118450.0, 1, 0.0
17078728.0, 7050656.0, 1, 0.0
17078728.0, 7050656.0, 1, 0.0
17078728.0, 7050656.0, 1, 0.0
17078728.0, 7050656.0, 1, 0.0
17078728.0, 7050656.0, 1, 0.0
17078728.0, 7050656.0, 1, 0.0
17078728.0, 7050656.0, 1, 0.0
17078728.0, 7050656.0, 1, 0.0
17078728.0, 7050656.0, 1, 0.0
17161722.0, 6955492.0, 1, 0.0
17161722.0, 6955492.0, 1, 0.0
17161722.0, 6955492.0, 1, 0.0
17161722.0, 6955492.0, 1, 0.0
16187080.0, 9575462.0, 2, inf
19606768.0, 6362562.0, 2, inf
16187080.0, 9575462.0, 2, inf
18110570.0, 6710048.0, 2, 0.738443232078
16560596.0, 8062924.0, 2, 0.408689940723
17611596.0, 6860582.0, 2, 0.366422402793
16472146.0, 8599780.0, 2, 0.329541362101
17201200.0, 7032946.0, 2, 0.313553954102
16896392.0, 7685292.0, 2, 0.303253528525
16472146.0, 8599780.0, 2, 0.250454139077
17027528.0, 7319250.0, 2, 0.204650475968
16935142.0, 7440498.0, 2, 0.152276207331
19020118.0, 6732134.0, 3, inf
16472776.0, 9355068.0, 3, inf
16581196.0, 8308446.0, 3, 1.00893895538
17116024.0, 7371024.0, 3, 0.673438958951
Generacion: 222
15975696.0, 9488294.0, 1, inf
15975696.0, 9488294.0, 1, inf
19185380.0, 6284830.0, 1, inf
19185380.0, 6284830.0, 1, inf
16132018.0, 9331812.0, 1, 0.333046067032
18223096.0, 6569024.0, 1, 0.312620894339
17899764.0, 6742608.0, 1, 0.269487345914
18986452.0, 6403850.0, 1, 0.264495153838
16218700.0, 8663926.0, 1, 0.239089206173
16316918.0, 8338366.0, 1, 0.222239982792
17403102.0, 6832300.0, 1, 0.214536403841
16505722.0, 8238454.0, 1, 0.143907382593
16218700.0, 8663926.0, 1, 0.128633885135
16514866.0, 7965890.0, 1, 0.124808929287
18063094.0, 6627720.0, 1, 0.119437099246
17027528.0, 7319250.0, 1, 0.106557988356
17037622.0, 7118450.0, 1, 0.0754890147914
16906902.0, 7329338.0, 1, 0.0753684888067
16815532.0, 7450386.0, 1, 0.0740813492533
16642370.0, 7949384.0, 1, 0.0716970478989
16771596.0, 7703098.0, 1, 0.0704633092836
16652226.0, 7846962.0, 1, 0.0691628420394
18986452.0, 6403850.0, 1, 0.0547968927141
16800464.0, 7596510.0, 1, 0.0546084042531
16771596.0, 7703098.0, 1, 0.053902917942
17161722.0, 6955492.0, 1, 0.0533537803117
17321632.0, 6852856.0, 1, 0.0518732598432
18996838.0, 6318426.0, 1, 0.0501893218625
16652226.0, 7846962.0, 1, 0.0479795934029
17078728.0, 7050656.0, 1, 0.0470200904811
18154450.0, 6614188.0, 1, 0.0449416185989
17078728.0, 7050656.0, 1, 0.0425134608286
16815532.0, 7450386.0, 1, 0.0424811391486
16800464.0, 7596510.0, 1, 0.0379672754061
17281742.0, 6937718.0, 1, 0.0359283880116
16505722.0, 8238454.0, 1, 0.0340376167721
17237622.0, 6948220.0, 1, 0.0332184527162
16906902.0, 7329338.0, 1, 0.0316160679203
17161722.0, 6955492.0, 1, 0.0281274168004
19072340.0, 6303642.0, 1, 0.0249866038048
17037622.0, 7118450.0, 1, 0.0243075742334
19113198.0, 6298954.0, 1, 0.0239522340662
18187530.0, 6607946.0, 1, 0.0224562831824
17321632.0, 6852856.0, 1, 0.0188448185303
19072340.0, 6303642.0, 1, 0.0173446062997
19113198.0, 6298954.0, 1, 0.0171385793239
17251450.0, 6938632.0, 1, 0.0170242276776
18187530.0, 6607946.0, 1, 0.0130293573348
17281742.0, 6937718.0, 1, 0.0127133308657
16642370.0, 7949384.0, 1, 0.00822325463959
16514866.0, 7965890.0, 1, 0.00800142594867
18996838.0, 6318426.0, 1, 0.0078508368196
16906902.0, 7329338.0, 1, 0.0
16906902.0, 7329338.0, 1, 0.0
16906902.0, 7329338.0, 1, 0.0
16906902.0, 7329338.0, 1, 0.0
16906902.0, 7329338.0, 1, 0.0
16906902.0, 7329338.0, 1, 0.0
16906902.0, 7329338.0, 1, 0.0
16906902.0, 7329338.0, 1, 0.0
17037622.0, 7118450.0, 1, 0.0
17078728.0, 7050656.0, 1, 0.0
17078728.0, 7050656.0, 1, 0.0
17078728.0, 7050656.0, 1, 0.0
17078728.0, 7050656.0, 1, 0.0
17161722.0, 6955492.0, 1, 0.0
17161722.0, 6955492.0, 1, 0.0
17161722.0, 6955492.0, 1, 0.0
17161722.0, 6955492.0, 1, 0.0
17161722.0, 6955492.0, 1, 0.0
17161722.0, 6955492.0, 1, 0.0
17161722.0, 6955492.0, 1, 0.0
17161722.0, 6955492.0, 1, 0.0
17161722.0, 6955492.0, 1, 0.0
17161722.0, 6955492.0, 1, 0.0
17161722.0, 6955492.0, 1, 0.0
17281742.0, 6937718.0, 1, 0.0
17281742.0, 6937718.0, 1, 0.0
17281742.0, 6937718.0, 1, 0.0
17321632.0, 6852856.0, 1, 0.0
18986452.0, 6403850.0, 1, 0.0
18986452.0, 6403850.0, 1, 0.0
18986452.0, 6403850.0, 1, 0.0
18986452.0, 6403850.0, 1, 0.0
18996838.0, 6318426.0, 1, 0.0
19072340.0, 6303642.0, 1, 0.0
19072340.0, 6303642.0, 1, 0.0
19072340.0, 6303642.0, 1, 0.0
19072340.0, 6303642.0, 1, 0.0
15975696.0, 9488294.0, 1, 0.0
15975696.0, 9488294.0, 1, 0.0
15975696.0, 9488294.0, 1, 0.0
15975696.0, 9488294.0, 1, 0.0
15975696.0, 9488294.0, 1, 0.0
16505722.0, 8238454.0, 1, 0.0
16505722.0, 8238454.0, 1, 0.0
16505722.0, 8238454.0, 1, 0.0
16505722.0, 8238454.0, 1, 0.0
16505722.0, 8238454.0, 1, 0.0
16505722.0, 8238454.0, 1, 0.0
16505722.0, 8238454.0, 1, 0.0
16505722.0, 8238454.0, 1, 0.0
16514866.0, 7965890.0, 1, 0.0
16514866.0, 7965890.0, 1, 0.0
16514866.0, 7965890.0, 1, 0.0
16514866.0, 7965890.0, 1, 0.0
16514866.0, 7965890.0, 1, 0.0
16642370.0, 7949384.0, 1, 0.0
16652226.0, 7846962.0, 1, 0.0
16652226.0, 7846962.0, 1, 0.0
16771596.0, 7703098.0, 1, 0.0
16771596.0, 7703098.0, 1, 0.0
16771596.0, 7703098.0, 1, 0.0
16771596.0, 7703098.0, 1, 0.0
16800464.0, 7596510.0, 1, 0.0
16800464.0, 7596510.0, 1, 0.0
16800464.0, 7596510.0, 1, 0.0
16815532.0, 7450386.0, 1, 0.0
16815532.0, 7450386.0, 1, 0.0
16815532.0, 7450386.0, 1, 0.0
16815532.0, 7450386.0, 1, 0.0
16815532.0, 7450386.0, 1, 0.0
16815532.0, 7450386.0, 1, 0.0
16815532.0, 7450386.0, 1, 0.0
16906902.0, 7329338.0, 1, 0.0
16906902.0, 7329338.0, 1, 0.0
16906902.0, 7329338.0, 1, 0.0
16906902.0, 7329338.0, 1, 0.0
16906902.0, 7329338.0, 1, 0.0
16906902.0, 7329338.0, 1, 0.0
16906902.0, 7329338.0, 1, 0.0
20069920.0, 6309786.0, 2, inf
16066234.0, 9591868.0, 2, inf
18275566.0, 6595074.0, 2, 0.483055195444
16266036.0, 9180042.0, 2, 0.312353555714
18070440.0, 6709552.0, 2, 0.281285700666
17442302.0, 6835196.0, 2, 0.238912813232
16551452.0, 8335488.0, 2, 0.222106648513
16560596.0, 8062924.0, 2, 0.200631517105
16892978.0, 7956970.0, 2, 0.19893038534
16305544.0, 8762876.0, 2, 0.191834259689
16348574.0, 8618088.0, 2, 0.191638963586
17116024.0, 7371024.0, 2, 0.161573316052
16919478.0, 7580790.0, 2, 0.150610083926
18275566.0, 6595074.0, 2, 0.13815716156
16896392.0, 7685292.0, 2, 0.0885423023515
17360408.0, 6911624.0, 2, 0.0712554539823
17121798.0, 7216348.0, 2, 0.0650390853017
17137942.0, 7175528.0, 2, 0.0441962326839
17283788.0, 6939118.0, 2, 0.0424213657445
Generacion: 223
15975696.0, 9488294.0, 1, inf
19185380.0, 6284830.0, 1, inf
19185380.0, 6284830.0, 1, inf
15975696.0, 9488294.0, 1, inf
18654432.0, 6577354.0, 1, 0.281174498714
16218700.0, 8663926.0, 1, 0.277655619565
16440704.0, 8320016.0, 1, 0.222239982792
16132018.0, 9331812.0, 1, 0.219541487457
17899764.0, 6742608.0, 1, 0.215044856865
18275566.0, 6595074.0, 1, 0.167271145281
17403102.0, 6832300.0, 1, 0.16115540113
16218700.0, 8663926.0, 1, 0.134362059387
18986452.0, 6403850.0, 1, 0.130109338911
16514866.0, 7965890.0, 1, 0.124808929287
16505722.0, 8238454.0, 1, 0.105340969202
17037622.0, 7118450.0, 1, 0.0985407222907
17025916.0, 7313618.0, 1, 0.098003712387
16096542.0, 9471888.0, 1, 0.0813768515245
18154450.0, 6614188.0, 1, 0.0763880142238
16906902.0, 7329338.0, 1, 0.0748662586807
16815532.0, 7450386.0, 1, 0.0740813492533
16642370.0, 7949384.0, 1, 0.0716970478989
16132018.0, 9331812.0, 1, 0.0707328130459
16771596.0, 7703098.0, 1, 0.0704633092836
16652226.0, 7846962.0, 1, 0.0691628420394
18063094.0, 6627720.0, 1, 0.058118013043
18986452.0, 6403850.0, 1, 0.0573972028783
17281742.0, 6937718.0, 1, 0.0559429412165
17132118.0, 7045174.0, 1, 0.0555639667351
16800464.0, 7596510.0, 1, 0.0546084042531
18023550.0, 6722720.0, 1, 0.0544424890491
16771596.0, 7703098.0, 1, 0.053902917942
17403102.0, 6832300.0, 1, 0.0533810027116
17321632.0, 6852856.0, 1, 0.0518732598432
17161722.0, 6955492.0, 1, 0.0516425077643
18996838.0, 6318426.0, 1, 0.0501893218625
16652226.0, 7846962.0, 1, 0.0479795934029
17990104.0, 6729276.0, 1, 0.0447746929289
16815532.0, 7450386.0, 1, 0.0424811391486
19113198.0, 6298954.0, 1, 0.0410908133901
16800464.0, 7596510.0, 1, 0.0379672754061
17078728.0, 7050656.0, 1, 0.0377967526073
16906902.0, 7329338.0, 1, 0.0333741647804
16505722.0, 8238454.0, 1, 0.0283094425207
17237622.0, 6948220.0, 1, 0.0269255139101
19072340.0, 6303642.0, 1, 0.0249866038048
17321632.0, 6852856.0, 1, 0.0188448185303
19072340.0, 6303642.0, 1, 0.0173446062997
18063094.0, 6627720.0, 1, 0.0165443932745
16096542.0, 9471888.0, 1, 0.0161741326186
17237622.0, 6948220.0, 1, 0.0160159441445
17078728.0, 7050656.0, 1, 0.0145181407625
17161722.0, 6955492.0, 1, 0.0114933805526
17025916.0, 7313618.0, 1, 0.00855427596896
16642370.0, 7949384.0, 1, 0.00822325463959
16514866.0, 7965890.0, 1, 0.00800142594867
18996838.0, 6318426.0, 1, 0.0078508368196
17237622.0, 6948220.0, 1, 0.0
17237622.0, 6948220.0, 1, 0.0
17237622.0, 6948220.0, 1, 0.0
17237622.0, 6948220.0, 1, 0.0
17237622.0, 6948220.0, 1, 0.0
17321632.0, 6852856.0, 1, 0.0
18063094.0, 6627720.0, 1, 0.0
18986452.0, 6403850.0, 1, 0.0
18986452.0, 6403850.0, 1, 0.0
18986452.0, 6403850.0, 1, 0.0
18986452.0, 6403850.0, 1, 0.0
18996838.0, 6318426.0, 1, 0.0
18996838.0, 6318426.0, 1, 0.0
19072340.0, 6303642.0, 1, 0.0
19072340.0, 6303642.0, 1, 0.0
19072340.0, 6303642.0, 1, 0.0
19072340.0, 6303642.0, 1, 0.0
19072340.0, 6303642.0, 1, 0.0
19072340.0, 6303642.0, 1, 0.0
19072340.0, 6303642.0, 1, 0.0
19072340.0, 6303642.0, 1, 0.0
19072340.0, 6303642.0, 1, 0.0
19072340.0, 6303642.0, 1, 0.0
19072340.0, 6303642.0, 1, 0.0
19072340.0, 6303642.0, 1, 0.0
19072340.0, 6303642.0, 1, 0.0
19185380.0, 6284830.0, 1, 0.0
15975696.0, 9488294.0, 1, 0.0
15975696.0, 9488294.0, 1, 0.0
15975696.0, 9488294.0, 1, 0.0
15975696.0, 9488294.0, 1, 0.0
15975696.0, 9488294.0, 1, 0.0
15975696.0, 9488294.0, 1, 0.0
16132018.0, 9331812.0, 1, 0.0
16132018.0, 9331812.0, 1, 0.0
16218700.0, 8663926.0, 1, 0.0
16218700.0, 8663926.0, 1, 0.0
16505722.0, 8238454.0, 1, 0.0
16505722.0, 8238454.0, 1, 0.0
16505722.0, 8238454.0, 1, 0.0
16505722.0, 8238454.0, 1, 0.0
16505722.0, 8238454.0, 1, 0.0
16505722.0, 8238454.0, 1, 0.0
16514866.0, 7965890.0, 1, 0.0
16514866.0, 7965890.0, 1, 0.0
16514866.0, 7965890.0, 1, 0.0
16514866.0, 7965890.0, 1, 0.0
16514866.0, 7965890.0, 1, 0.0
16642370.0, 7949384.0, 1, 0.0
16652226.0, 7846962.0, 1, 0.0
16771596.0, 7703098.0, 1, 0.0
16815532.0, 7450386.0, 1, 0.0
16815532.0, 7450386.0, 1, 0.0
16815532.0, 7450386.0, 1, 0.0
16815532.0, 7450386.0, 1, 0.0
16906902.0, 7329338.0, 1, 0.0
16906902.0, 7329338.0, 1, 0.0
16906902.0, 7329338.0, 1, 0.0
16906902.0, 7329338.0, 1, 0.0
17025916.0, 7313618.0, 1, 0.0
17025916.0, 7313618.0, 1, 0.0
17078728.0, 7050656.0, 1, 0.0
17078728.0, 7050656.0, 1, 0.0
17078728.0, 7050656.0, 1, 0.0
17078728.0, 7050656.0, 1, 0.0
17078728.0, 7050656.0, 1, 0.0
17161722.0, 6955492.0, 1, 0.0
17161722.0, 6955492.0, 1, 0.0
17161722.0, 6955492.0, 1, 0.0
17161722.0, 6955492.0, 1, 0.0
17161722.0, 6955492.0, 1, 0.0
17161722.0, 6955492.0, 1, 0.0
17161722.0, 6955492.0, 1, 0.0
17161722.0, 6955492.0, 1, 0.0
17161722.0, 6955492.0, 1, 0.0
17161722.0, 6955492.0, 1, 0.0
17161722.0, 6955492.0, 1, 0.0
17161722.0, 6955492.0, 1, 0.0
17161722.0, 6955492.0, 1, 0.0
16066234.0, 9591868.0, 2, inf
16066234.0, 9591868.0, 2, inf
18527116.0, 6641648.0, 2, inf
17360408.0, 6911624.0, 2, 0.671430563961
16551452.0, 8335488.0, 2, 0.49835275073
16266036.0, 9180042.0, 2, 0.454459253268
16560596.0, 8062924.0, 2, 0.262972500551
16777278.0, 7830392.0, 2, 0.225065960534
16250412.0, 9315342.0, 2, 0.220782838858
17201200.0, 7032946.0, 2, 0.205172871615
17123466.0, 7232872.0, 2, 0.167618037094
16935142.0, 7440498.0, 2, 0.13255803781
16919478.0, 7580790.0, 2, 0.0987212158604
16870202.0, 7770100.0, 2, 0.0975857437775
Generacion: 224
15819630.0, 9789000.0, 1, inf
19185380.0, 6284830.0, 1, inf
18654432.0, 6577354.0, 1, 0.2956119439
16132018.0, 9331812.0, 1, 0.237042411258
17899764.0, 6742608.0, 1, 0.233876670465
16218700.0, 8663926.0, 1, 0.219779096989
16316918.0, 8338366.0, 1, 0.20669604525
17321632.0, 6852856.0, 1, 0.195986577438
18187530.0, 6607946.0, 1, 0.159061428046
16505722.0, 8238454.0, 1, 0.133878425587
15975696.0, 9488294.0, 1, 0.132258682158
18986452.0, 6403850.0, 1, 0.12302447394
16218700.0, 8663926.0, 1, 0.118660592435
16514866.0, 7965890.0, 1, 0.115665545842
16771596.0, 7703098.0, 1, 0.115515640873
17025916.0, 7313618.0, 1, 0.0910562488738
15975696.0, 9488294.0, 1, 0.0910248013053
18063094.0, 6627720.0, 1, 0.0816720940129
16132018.0, 9331812.0, 1, 0.0704100794751
16906902.0, 7329338.0, 1, 0.0699043070445
16815532.0, 7450386.0, 1, 0.0688470271456
17037622.0, 7118450.0, 1, 0.0679089562941
16642370.0, 7949384.0, 1, 0.0671113946451
16652226.0, 7846962.0, 1, 0.0646946970294
17990104.0, 6729276.0, 1, 0.0558224421995
18986452.0, 6403850.0, 1, 0.0525993702208
16800464.0, 7596510.0, 1, 0.0502770204606
17161722.0, 6955492.0, 1, 0.0481436309118
18996838.0, 6318426.0, 1, 0.0468102571977
16652226.0, 7846962.0, 1, 0.0439834078657
17321632.0, 6852856.0, 1, 0.0433136857234
17132118.0, 7045174.0, 1, 0.0414556713188
16815532.0, 7450386.0, 1, 0.0390208486771
19072340.0, 6303642.0, 1, 0.0378043555531
17281742.0, 6937718.0, 1, 0.0373259520199
17078728.0, 7050656.0, 1, 0.0352093990204
16800464.0, 7596510.0, 1, 0.0348943365501
16906902.0, 7329338.0, 1, 0.0316330791922
16505722.0, 8238454.0, 1, 0.0312290946483
18154450.0, 6614188.0, 1, 0.0289241421929
19072340.0, 6303642.0, 1, 0.0278009054825
17237622.0, 6948220.0, 1, 0.0255476952123
17990104.0, 6729276.0, 1, 0.0254907125879
17037622.0, 7118450.0, 1, 0.0228246407941
17237622.0, 6948220.0, 1, 0.0151837614298
17281742.0, 6937718.0, 1, 0.0148487425272
17078728.0, 7050656.0, 1, 0.0137774501172
18154450.0, 6614188.0, 1, 0.0136901034215
17161722.0, 6955492.0, 1, 0.0108709039686
17132118.0, 7045174.0, 1, 0.0103600840027
17025916.0, 7313618.0, 1, 0.00796406039992
16642370.0, 7949384.0, 1, 0.00763870997715
16514866.0, 7965890.0, 1, 0.00742716723036
18996838.0, 6318426.0, 1, 0.00730476408014
17161722.0, 6955492.0, 1, 0.0
17161722.0, 6955492.0, 1, 0.0
17161722.0, 6955492.0, 1, 0.0
17161722.0, 6955492.0, 1, 0.0
17161722.0, 6955492.0, 1, 0.0
17161722.0, 6955492.0, 1, 0.0
17161722.0, 6955492.0, 1, 0.0
17161722.0, 6955492.0, 1, 0.0
17161722.0, 6955492.0, 1, 0.0
17161722.0, 6955492.0, 1, 0.0
17161722.0, 6955492.0, 1, 0.0
17161722.0, 6955492.0, 1, 0.0
17161722.0, 6955492.0, 1, 0.0
17161722.0, 6955492.0, 1, 0.0
17161722.0, 6955492.0, 1, 0.0
17161722.0, 6955492.0, 1, 0.0
17237622.0, 6948220.0, 1, 0.0
17237622.0, 6948220.0, 1, 0.0
17321632.0, 6852856.0, 1, 0.0
17990104.0, 6729276.0, 1, 0.0
17990104.0, 6729276.0, 1, 0.0
17990104.0, 6729276.0, 1, 0.0
18986452.0, 6403850.0, 1, 0.0
18996838.0, 6318426.0, 1, 0.0
19072340.0, 6303642.0, 1, 0.0
19072340.0, 6303642.0, 1, 0.0
19072340.0, 6303642.0, 1, 0.0
19072340.0, 6303642.0, 1, 0.0
19072340.0, 6303642.0, 1, 0.0
19072340.0, 6303642.0, 1, 0.0
19072340.0, 6303642.0, 1, 0.0
19072340.0, 6303642.0, 1, 0.0
19072340.0, 6303642.0, 1, 0.0
19072340.0, 6303642.0, 1, 0.0
15975696.0, 9488294.0, 1, 0.0
15975696.0, 9488294.0, 1, 0.0
15975696.0, 9488294.0, 1, 0.0
15975696.0, 9488294.0, 1, 0.0
15975696.0, 9488294.0, 1, 0.0
15975696.0, 9488294.0, 1, 0.0
15975696.0, 9488294.0, 1, 0.0
15975696.0, 9488294.0, 1, 0.0
16132018.0, 9331812.0, 1, 0.0
16132018.0, 9331812.0, 1, 0.0
16132018.0, 9331812.0, 1, 0.0
16132018.0, 9331812.0, 1, 0.0
16218700.0, 8663926.0, 1, 0.0
16505722.0, 8238454.0, 1, 0.0
16505722.0, 8238454.0, 1, 0.0
16505722.0, 8238454.0, 1, 0.0
16505722.0, 8238454.0, 1, 0.0
16505722.0, 8238454.0, 1, 0.0
16505722.0, 8238454.0, 1, 0.0
16505722.0, 8238454.0, 1, 0.0
16505722.0, 8238454.0, 1, 0.0
16514866.0, 7965890.0, 1, 0.0
16514866.0, 7965890.0, 1, 0.0
16514866.0, 7965890.0, 1, 0.0
16642370.0, 7949384.0, 1, 0.0
16815532.0, 7450386.0, 1, 0.0
16815532.0, 7450386.0, 1, 0.0
16906902.0, 7329338.0, 1, 0.0
16906902.0, 7329338.0, 1, 0.0
16906902.0, 7329338.0, 1, 0.0
16906902.0, 7329338.0, 1, 0.0
16906902.0, 7329338.0, 1, 0.0
16906902.0, 7329338.0, 1, 0.0
16906902.0, 7329338.0, 1, 0.0
17037622.0, 7118450.0, 1, 0.0
17037622.0, 7118450.0, 1, 0.0
17037622.0, 7118450.0, 1, 0.0
17037622.0, 7118450.0, 1, 0.0
17078728.0, 7050656.0, 1, 0.0
17078728.0, 7050656.0, 1, 0.0
17078728.0, 7050656.0, 1, 0.0
17078728.0, 7050656.0, 1, 0.0
17078728.0, 7050656.0, 1, 0.0
17078728.0, 7050656.0, 1, 0.0
19802394.0, 6290512.0, 2, inf
16066234.0, 9591868.0, 2, inf
16066234.0, 9591868.0, 2, inf
19603434.0, 6527462.0, 2, 0.590494926501
18070440.0, 6709552.0, 2, 0.471521515653
16560596.0, 8062924.0, 2, 0.373794045736
16250412.0, 9315342.0, 2, 0.360368013574
16935142.0, 7440498.0, 2, 0.358243346281
17360408.0, 6911624.0, 2, 0.326327508704
18070440.0, 6709552.0, 2, 0.245199376692
16341622.0, 8645504.0, 2, 0.237475806026
16551452.0, 8335488.0, 2, 0.156084767363
17116024.0, 7371024.0, 2, 0.145918428431
16416920.0, 8451260.0, 2, 0.139902396987
17117732.0, 7120110.0, 2, 0.129489948516
16348574.0, 8618088.0, 2, 0.0789914890611
17197514.0, 7015538.0, 2, 0.0752747796323
17197514.0, 7015538.0, 2, 0.0528301676049
Generacion: 225
15975696.0, 9488294.0, 1, inf
19113198.0, 6298954.0, 1, inf
15975696.0, 9488294.0, 1, inf
18766994.0, 6560212.0, 1, 0.33113007329
16132018.0, 9331812.0, 1, 0.259235691914
17899764.0, 6742608.0, 1, 0.251806497671
16218700.0, 8663926.0, 1, 0.240716500531
17321632.0, 6852856.0, 1, 0.210873074766
18154450.0, 6614188.0, 1, 0.199475907067
16316918.0, 8338366.0, 1, 0.16225408117
16505722.0, 8238454.0, 1, 0.145637477108
16218700.0, 8663926.0, 1, 0.129705257297
16514866.0, 7965890.0, 1, 0.126099640957
16771596.0, 7703098.0, 1, 0.125774987084
17025916.0, 7313618.0, 1, 0.0991265768433
18986452.0, 6403850.0, 1, 0.0967309532702
16800464.0, 7596510.0, 1, 0.0932399534951
16642370.0, 7949384.0, 1, 0.0810692714868
16132018.0, 9331812.0, 1, 0.0766917811545
16906902.0, 7329338.0, 1, 0.0758866588665
16815532.0, 7450386.0, 1, 0.0749382695887
17037622.0, 7118450.0, 1, 0.0742953576122
16652226.0, 7846962.0, 1, 0.070160045164
16316918.0, 8338366.0, 1, 0.062631379472
18063094.0, 6627720.0, 1, 0.0609597563826
17990104.0, 6729276.0, 1, 0.0606359318878
18986452.0, 6403850.0, 1, 0.052336721117
17161722.0, 6955492.0, 1, 0.0523105170486
18996838.0, 6318426.0, 1, 0.0508485920796
16652226.0, 7846962.0, 1, 0.0482491178222
17321632.0, 6852856.0, 1, 0.0472815896143
18154450.0, 6614188.0, 1, 0.0460413093058
17132118.0, 7045174.0, 1, 0.0451360196299
17237622.0, 6948220.0, 1, 0.0438263019255
16815532.0, 7450386.0, 1, 0.0427564807822
17281742.0, 6937718.0, 1, 0.0406701553736
17078728.0, 7050656.0, 1, 0.0382731577212
16505722.0, 8238454.0, 1, 0.0342412780473
16906902.0, 7329338.0, 1, 0.0340508132498
18063094.0, 6627720.0, 1, 0.0275066142981
17990104.0, 6729276.0, 1, 0.0274439053991
19072340.0, 6303642.0, 1, 0.0255342637233
17037622.0, 7118450.0, 1, 0.0249874291384
19072340.0, 6303642.0, 1, 0.0176579036339
17281742.0, 6937718.0, 1, 0.0160067804061
17078728.0, 7050656.0, 1, 0.0148203565148
17161722.0, 6955492.0, 1, 0.0117156274023
17132118.0, 7045174.0, 1, 0.0111543827561
17025916.0, 7313618.0, 1, 0.00865991310057
16514866.0, 7965890.0, 1, 0.00808978588907
18996838.0, 6318426.0, 1, 0.00794571858987
17161722.0, 6955492.0, 1, 0.0
17161722.0, 6955492.0, 1, 0.0
17161722.0, 6955492.0, 1, 0.0
17161722.0, 6955492.0, 1, 0.0
17161722.0, 6955492.0, 1, 0.0
17161722.0, 6955492.0, 1, 0.0
17161722.0, 6955492.0, 1, 0.0
17161722.0, 6955492.0, 1, 0.0
17161722.0, 6955492.0, 1, 0.0
17161722.0, 6955492.0, 1, 0.0
17161722.0, 6955492.0, 1, 0.0
17161722.0, 6955492.0, 1, 0.0
17161722.0, 6955492.0, 1, 0.0
17281742.0, 6937718.0, 1, 0.0
17281742.0, 6937718.0, 1, 0.0
17321632.0, 6852856.0, 1, 0.0
17321632.0, 6852856.0, 1, 0.0
17321632.0, 6852856.0, 1, 0.0
17990104.0, 6729276.0, 1, 0.0
18063094.0, 6627720.0, 1, 0.0
18063094.0, 6627720.0, 1, 0.0
18154450.0, 6614188.0, 1, 0.0
19072340.0, 6303642.0, 1, 0.0
19072340.0, 6303642.0, 1, 0.0
19072340.0, 6303642.0, 1, 0.0
19072340.0, 6303642.0, 1, 0.0
19072340.0, 6303642.0, 1, 0.0
19072340.0, 6303642.0, 1, 0.0
19072340.0, 6303642.0, 1, 0.0
15975696.0, 9488294.0, 1, 0.0
15975696.0, 9488294.0, 1, 0.0
15975696.0, 9488294.0, 1, 0.0
15975696.0, 9488294.0, 1, 0.0
15975696.0, 9488294.0, 1, 0.0
15975696.0, 9488294.0, 1, 0.0
15975696.0, 9488294.0, 1, 0.0
15975696.0, 9488294.0, 1, 0.0
16132018.0, 9331812.0, 1, 0.0
16132018.0, 9331812.0, 1, 0.0
16218700.0, 8663926.0, 1, 0.0
16218700.0, 8663926.0, 1, 0.0
16218700.0, 8663926.0, 1, 0.0
16218700.0, 8663926.0, 1, 0.0
16316918.0, 8338366.0, 1, 0.0
16316918.0, 8338366.0, 1, 0.0
16316918.0, 8338366.0, 1, 0.0
16505722.0, 8238454.0, 1, 0.0
16505722.0, 8238454.0, 1, 0.0
16505722.0, 8238454.0, 1, 0.0
16505722.0, 8238454.0, 1, 0.0
16505722.0, 8238454.0, 1, 0.0
16505722.0, 8238454.0, 1, 0.0
16505722.0, 8238454.0, 1, 0.0
16505722.0, 8238454.0, 1, 0.0
16505722.0, 8238454.0, 1, 0.0
16505722.0, 8238454.0, 1, 0.0
16514866.0, 7965890.0, 1, 0.0
16514866.0, 7965890.0, 1, 0.0
16514866.0, 7965890.0, 1, 0.0
16652226.0, 7846962.0, 1, 0.0
16652226.0, 7846962.0, 1, 0.0
16815532.0, 7450386.0, 1, 0.0
16815532.0, 7450386.0, 1, 0.0
16815532.0, 7450386.0, 1, 0.0
16906902.0, 7329338.0, 1, 0.0
16906902.0, 7329338.0, 1, 0.0
16906902.0, 7329338.0, 1, 0.0
16906902.0, 7329338.0, 1, 0.0
16906902.0, 7329338.0, 1, 0.0
16906902.0, 7329338.0, 1, 0.0
17025916.0, 7313618.0, 1, 0.0
17025916.0, 7313618.0, 1, 0.0
17037622.0, 7118450.0, 1, 0.0
17037622.0, 7118450.0, 1, 0.0
17037622.0, 7118450.0, 1, 0.0
17078728.0, 7050656.0, 1, 0.0
17078728.0, 7050656.0, 1, 0.0
17078728.0, 7050656.0, 1, 0.0
17078728.0, 7050656.0, 1, 0.0
17078728.0, 7050656.0, 1, 0.0
17161722.0, 6955492.0, 1, 0.0
17161722.0, 6955492.0, 1, 0.0
17161722.0, 6955492.0, 1, 0.0
17161722.0, 6955492.0, 1, 0.0
18568172.0, 6676210.0, 2, inf
16266036.0, 9180042.0, 2, inf
16560596.0, 8062924.0, 2, 0.5241150598
16935142.0, 7440498.0, 2, 0.499839886262
16422090.0, 8525936.0, 2, 0.461283354035
17604890.0, 7056086.0, 2, 0.447152332583
18070440.0, 6709552.0, 2, 0.262089296953
16551452.0, 8335488.0, 2, 0.245085478389
17273430.0, 7254836.0, 2, 0.18619304358
17907110.0, 6824440.0, 2, 0.17716295029
17273430.0, 7254836.0, 2, 0.169705497431
17907110.0, 6824440.0, 2, 0.163463745734
17027528.0, 7319250.0, 2, 0.155239688882
18070440.0, 6709552.0, 2, 0.0842635438032
17027528.0, 7319250.0, 2, 0.0658567239445
Generacion: 226
15975696.0, 9488294.0, 1, inf
15975696.0, 9488294.0, 1, inf
19185380.0, 6284830.0, 1, inf
16132018.0, 9331812.0, 1, 0.257191922827
16218700.0, 8663926.0, 1, 0.239089206173
18654432.0, 6577354.0, 1, 0.199628026847
18986452.0, 6403850.0, 1, 0.187506541789
17442302.0, 6835196.0, 1, 0.148038339446
18187530.0, 6607946.0, 1, 0.147415172262
17899764.0, 6742608.0, 1, 0.146687301944
16316918.0, 8338366.0, 1, 0.140193901635
16218700.0, 8663926.0, 1, 0.128633885135
16514866.0, 7965890.0, 1, 0.124808929287
16771596.0, 7703098.0, 1, 0.124366227226
18654432.0, 6577354.0, 1, 0.112992867491
16505722.0, 8238454.0, 1, 0.105340969202
17025916.0, 7313618.0, 1, 0.098003712387
16800464.0, 7596510.0, 1, 0.0925756796592
16132018.0, 9331812.0, 1, 0.0758541442049
16906902.0, 7329338.0, 1, 0.0748662586807
16815532.0, 7450386.0, 1, 0.0740813492533
17037622.0, 7118450.0, 1, 0.0737309179312
16642370.0, 7949384.0, 1, 0.0716970478989
16652226.0, 7846962.0, 1, 0.0691628420394
17442302.0, 6835196.0, 1, 0.0664980643952
17321632.0, 6852856.0, 1, 0.0640863001301
16440704.0, 8320016.0, 1, 0.064026977331
18063094.0, 6627720.0, 1, 0.0601645476692
17990104.0, 6729276.0, 1, 0.0598480056046
17899764.0, 6742608.0, 1, 0.0570485360305
17161722.0, 6955492.0, 1, 0.0559507200369
18996838.0, 6318426.0, 1, 0.0501893218625
16652226.0, 7846962.0, 1, 0.0479795934029
17132118.0, 7045174.0, 1, 0.0446293563138
17251450.0, 6938632.0, 1, 0.0429414580546
16815532.0, 7450386.0, 1, 0.0424811391486
19072340.0, 6303642.0, 1, 0.0423312101045
19113198.0, 6298954.0, 1, 0.0410908133901
17078728.0, 7050656.0, 1, 0.0377967526073
16316918.0, 8338366.0, 1, 0.0363286944272
17281742.0, 6937718.0, 1, 0.0359283880116
16906902.0, 7329338.0, 1, 0.0333741647804
18154450.0, 6614188.0, 1, 0.030411130743
16505722.0, 8238454.0, 1, 0.0283094425207
18063094.0, 6627720.0, 1, 0.0269647337193
17990104.0, 6729276.0, 1, 0.0269023013024
16440704.0, 8320016.0, 1, 0.0259849970414
17037622.0, 7118450.0, 1, 0.0248098043595
18187530.0, 6607946.0, 1, 0.0198559730181
17321632.0, 6852856.0, 1, 0.0179407971335
18154450.0, 6614188.0, 1, 0.0145304878558
17078728.0, 7050656.0, 1, 0.0145181407625
17161722.0, 6955492.0, 1, 0.0144863906192
17281742.0, 6937718.0, 1, 0.0127133308657
17132118.0, 7045174.0, 1, 0.0109346104212
17025916.0, 7313618.0, 1, 0.00855427596896
16642370.0, 7949384.0, 1, 0.00822325463959
16514866.0, 7965890.0, 1, 0.00800142594867
18996838.0, 6318426.0, 1, 0.0078508368196
17161722.0, 6955492.0, 1, 0.0
17161722.0, 6955492.0, 1, 0.0
17161722.0, 6955492.0, 1, 0.0
17161722.0, 6955492.0, 1, 0.0
17161722.0, 6955492.0, 1, 0.0
17161722.0, 6955492.0, 1, 0.0
17161722.0, 6955492.0, 1, 0.0
17161722.0, 6955492.0, 1, 0.0
17161722.0, 6955492.0, 1, 0.0
17161722.0, 6955492.0, 1, 0.0
17161722.0, 6955492.0, 1, 0.0
17161722.0, 6955492.0, 1, 0.0
17281742.0, 6937718.0, 1, 0.0
17281742.0, 6937718.0, 1, 0.0
17321632.0, 6852856.0, 1, 0.0
17321632.0, 6852856.0, 1, 0.0
17321632.0, 6852856.0, 1, 0.0
17321632.0, 6852856.0, 1, 0.0
17899764.0, 6742608.0, 1, 0.0
17899764.0, 6742608.0, 1, 0.0
17990104.0, 6729276.0, 1, 0.0
17990104.0, 6729276.0, 1, 0.0
18063094.0, 6627720.0, 1, 0.0
18063094.0, 6627720.0, 1, 0.0
15975696.0, 9488294.0, 1, 0.0
15975696.0, 9488294.0, 1, 0.0
15975696.0, 9488294.0, 1, 0.0
15975696.0, 9488294.0, 1, 0.0
16132018.0, 9331812.0, 1, 0.0
16132018.0, 9331812.0, 1, 0.0
16218700.0, 8663926.0, 1, 0.0
16218700.0, 8663926.0, 1, 0.0
16316918.0, 8338366.0, 1, 0.0
16505722.0, 8238454.0, 1, 0.0
16505722.0, 8238454.0, 1, 0.0
16505722.0, 8238454.0, 1, 0.0
16505722.0, 8238454.0, 1, 0.0
16505722.0, 8238454.0, 1, 0.0
16505722.0, 8238454.0, 1, 0.0
16505722.0, 8238454.0, 1, 0.0
16505722.0, 8238454.0, 1, 0.0
16505722.0, 8238454.0, 1, 0.0
16505722.0, 8238454.0, 1, 0.0
16514866.0, 7965890.0, 1, 0.0
16514866.0, 7965890.0, 1, 0.0
16514866.0, 7965890.0, 1, 0.0
16514866.0, 7965890.0, 1, 0.0
16652226.0, 7846962.0, 1, 0.0
16652226.0, 7846962.0, 1, 0.0
16815532.0, 7450386.0, 1, 0.0
16815532.0, 7450386.0, 1, 0.0
16815532.0, 7450386.0, 1, 0.0
16815532.0, 7450386.0, 1, 0.0
16906902.0, 7329338.0, 1, 0.0
16906902.0, 7329338.0, 1, 0.0
16906902.0, 7329338.0, 1, 0.0
16906902.0, 7329338.0, 1, 0.0
16906902.0, 7329338.0, 1, 0.0
16906902.0, 7329338.0, 1, 0.0
16906902.0, 7329338.0, 1, 0.0
16906902.0, 7329338.0, 1, 0.0
16906902.0, 7329338.0, 1, 0.0
16906902.0, 7329338.0, 1, 0.0
16906902.0, 7329338.0, 1, 0.0
16906902.0, 7329338.0, 1, 0.0
16906902.0, 7329338.0, 1, 0.0
16906902.0, 7329338.0, 1, 0.0
16906902.0, 7329338.0, 1, 0.0
16906902.0, 7329338.0, 1, 0.0
16906902.0, 7329338.0, 1, 0.0
16906902.0, 7329338.0, 1, 0.0
17037622.0, 7118450.0, 1, 0.0
17078728.0, 7050656.0, 1, 0.0
17078728.0, 7050656.0, 1, 0.0
17078728.0, 7050656.0, 1, 0.0
17078728.0, 7050656.0, 1, 0.0
17078728.0, 7050656.0, 1, 0.0
17078728.0, 7050656.0, 1, 0.0
17161722.0, 6955492.0, 1, 0.0
17161722.0, 6955492.0, 1, 0.0
17161722.0, 6955492.0, 1, 0.0
16066234.0, 9591868.0, 2, inf
20069920.0, 6309786.0, 2, inf
16305544.0, 8762876.0, 2, 0.559138709275
19291740.0, 6694170.0, 2, 0.448710974643
17907110.0, 6824440.0, 2, 0.39436531995
18792910.0, 6735644.0, 2, 0.385530078677
16767532.0, 7974662.0, 2, 0.306335802631
16633876.0, 8222062.0, 2, 0.281899195205
17027528.0, 7319250.0, 2, 0.261112877221
17604890.0, 7056086.0, 2, 0.222039203453
Generacion: 227
19113198.0, 6298954.0, 1, inf
15975696.0, 9488294.0, 1, inf
15975696.0, 9488294.0, 1, inf
18654432.0, 6577354.0, 1, 0.318629508978
16132018.0, 9331812.0, 1, 0.259235691914
17442302.0, 6835196.0, 1, 0.251806497671
16218700.0, 8663926.0, 1, 0.240716500531
17990104.0, 6729276.0, 1, 0.176653733424
18187530.0, 6607946.0, 1, 0.1709058091
16316918.0, 8338366.0, 1, 0.16225408117
16505722.0, 8238454.0, 1, 0.145637477108
18986452.0, 6403850.0, 1, 0.132607265062
16218700.0, 8663926.0, 1, 0.129705257297
16514866.0, 7965890.0, 1, 0.126099640957
17025916.0, 7313618.0, 1, 0.107786489944
16132018.0, 9331812.0, 1, 0.0766917811545
16906902.0, 7329338.0, 1, 0.0758866588665
16815532.0, 7450386.0, 1, 0.0749382695887
17037622.0, 7118450.0, 1, 0.0742953576122
16642370.0, 7949384.0, 1, 0.0727525534715
16771596.0, 7703098.0, 1, 0.0714662715305
16652226.0, 7846962.0, 1, 0.070160045164
17161722.0, 6955492.0, 1, 0.0663726594791
17321632.0, 6852856.0, 1, 0.0650685461954
17281742.0, 6937718.0, 1, 0.0648613750127
16316918.0, 8338366.0, 1, 0.062631379472
18063094.0, 6627720.0, 1, 0.0589041586727
18986452.0, 6403850.0, 1, 0.057711500852
18023550.0, 6722720.0, 1, 0.0551060549348
16800464.0, 7596510.0, 1, 0.055017326112
16771596.0, 7703098.0, 1, 0.0543087155531
18996838.0, 6318426.0, 1, 0.0508485920796
16652226.0, 7846962.0, 1, 0.0482491178222
17132118.0, 7045174.0, 1, 0.0451360196299
17990104.0, 6729276.0, 1, 0.0438707058069
16815532.0, 7450386.0, 1, 0.0427564807822
17078728.0, 7050656.0, 1, 0.0382731577212
16800464.0, 7596510.0, 1, 0.0382226273831
16505722.0, 8238454.0, 1, 0.0342412780473
16906902.0, 7329338.0, 1, 0.0340508132498
18154450.0, 6614188.0, 1, 0.0310745763767
19072340.0, 6303642.0, 1, 0.0255342637233
17037622.0, 7118450.0, 1, 0.0249874291384
17281742.0, 6937718.0, 1, 0.0182868759745
17321632.0, 6852856.0, 1, 0.0182511319021
19072340.0, 6303642.0, 1, 0.0176579036339
18063094.0, 6627720.0, 1, 0.0168465414121
17161722.0, 6955492.0, 1, 0.0150084716898
17078728.0, 7050656.0, 1, 0.0148203565148
18154450.0, 6614188.0, 1, 0.0147863036816
17132118.0, 7045174.0, 1, 0.0111543827561
16642370.0, 7949384.0, 1, 0.00831671801533
16514866.0, 7965890.0, 1, 0.00808978588907
18996838.0, 6318426.0, 1, 0.00794571858987
16906902.0, 7329338.0, 1, 0.0
16906902.0, 7329338.0, 1, 0.0
16906902.0, 7329338.0, 1, 0.0
16906902.0, 7329338.0, 1, 0.0
16906902.0, 7329338.0, 1, 0.0
16906902.0, 7329338.0, 1, 0.0
17037622.0, 7118450.0, 1, 0.0
17037622.0, 7118450.0, 1, 0.0
17078728.0, 7050656.0, 1, 0.0
17078728.0, 7050656.0, 1, 0.0
17078728.0, 7050656.0, 1, 0.0
17078728.0, 7050656.0, 1, 0.0
17078728.0, 7050656.0, 1, 0.0
17161722.0, 6955492.0, 1, 0.0
17161722.0, 6955492.0, 1, 0.0
17161722.0, 6955492.0, 1, 0.0
17161722.0, 6955492.0, 1, 0.0
17161722.0, 6955492.0, 1, 0.0
17161722.0, 6955492.0, 1, 0.0
17161722.0, 6955492.0, 1, 0.0
17161722.0, 6955492.0, 1, 0.0
17161722.0, 6955492.0, 1, 0.0
17161722.0, 6955492.0, 1, 0.0
17161722.0, 6955492.0, 1, 0.0
17161722.0, 6955492.0, 1, 0.0
17161722.0, 6955492.0, 1, 0.0
17161722.0, 6955492.0, 1, 0.0
17161722.0, 6955492.0, 1, 0.0
17281742.0, 6937718.0, 1, 0.0
17281742.0, 6937718.0, 1, 0.0
17281742.0, 6937718.0, 1, 0.0
17281742.0, 6937718.0, 1, 0.0
17321632.0, 6852856.0, 1, 0.0
17990104.0, 6729276.0, 1, 0.0
18063094.0, 6627720.0, 1, 0.0
18154450.0, 6614188.0, 1, 0.0
19072340.0, 6303642.0, 1, 0.0
15975696.0, 9488294.0, 1, 0.0
15975696.0, 9488294.0, 1, 0.0
15975696.0, 9488294.0, 1, 0.0
15975696.0, 9488294.0, 1, 0.0
15975696.0, 9488294.0, 1, 0.0
15975696.0, 9488294.0, 1, 0.0
16218700.0, 8663926.0, 1, 0.0
16218700.0, 8663926.0, 1, 0.0
16218700.0, 8663926.0, 1, 0.0
16218700.0, 8663926.0, 1, 0.0
16218700.0, 8663926.0, 1, 0.0
16218700.0, 8663926.0, 1, 0.0
16316918.0, 8338366.0, 1, 0.0
16505722.0, 8238454.0, 1, 0.0
16505722.0, 8238454.0, 1, 0.0
16514866.0, 7965890.0, 1, 0.0
16514866.0, 7965890.0, 1, 0.0
16514866.0, 7965890.0, 1, 0.0
16514866.0, 7965890.0, 1, 0.0
16642370.0, 7949384.0, 1, 0.0
16652226.0, 7846962.0, 1, 0.0
16771596.0, 7703098.0, 1, 0.0
16800464.0, 7596510.0, 1, 0.0
16815532.0, 7450386.0, 1, 0.0
16815532.0, 7450386.0, 1, 0.0
16815532.0, 7450386.0, 1, 0.0
16815532.0, 7450386.0, 1, 0.0
16815532.0, 7450386.0, 1, 0.0
16815532.0, 7450386.0, 1, 0.0
16906902.0, 7329338.0, 1, 0.0
16906902.0, 7329338.0, 1, 0.0
16906902.0, 7329338.0, 1, 0.0
16906902.0, 7329338.0, 1, 0.0
16906902.0, 7329338.0, 1, 0.0
16906902.0, 7329338.0, 1, 0.0
16906902.0, 7329338.0, 1, 0.0
16906902.0, 7329338.0, 1, 0.0
20069920.0, 6309786.0, 2, inf
16066234.0, 9591868.0, 2, inf
20041406.0, 6523414.0, 2, 0.611340217027
18110570.0, 6710048.0, 2, 0.528129992031
16341622.0, 8645504.0, 2, 0.376349014773
16295388.0, 9360784.0, 2, 0.357126198442
16759046.0, 8031182.0, 2, 0.343211580746
17027528.0, 7319250.0, 2, 0.249413303647
17611596.0, 6860582.0, 2, 0.248784953209
16551452.0, 8335488.0, 2, 0.232196282739
18110570.0, 6710048.0, 2, 0.181493169353
17157642.0, 7100676.0, 2, 0.144958292786
16560596.0, 8062924.0, 2, 0.14456808616
17360408.0, 6911624.0, 2, 0.140673374712
17027528.0, 7319250.0, 2, 0.13365484773
17258066.0, 7032472.0, 2, 0.108246072927
16395848.0, 9252626.0, 3, inf
18792910.0, 6735644.0, 3, inf
16581656.0, 8184920.0, 3, 0.680778541684
16905910.0, 8074698.0, 3, 0.546288099702
18436572.0, 6992990.0, 3, 0.449202779976
17604890.0, 7056086.0, 3, 0.425922518139
Generacion: 228
19113198.0, 6298954.0, 1, inf
15825172.0, 9892696.0, 1, inf
19113198.0, 6298954.0, 1, inf
18654432.0, 6577354.0, 1, 0.243296267271
17990104.0, 6729276.0, 1, 0.231564085477
17321632.0, 6852856.0, 1, 0.22691878818
16218700.0, 8663926.0, 1, 0.215718371134
16316918.0, 8338366.0, 1, 0.205685577594
16132018.0, 9331812.0, 1, 0.196636405237
18154450.0, 6614188.0, 1, 0.155826884105
15975696.0, 9488294.0, 1, 0.149282861681
18798620.0, 6443908.0, 1, 0.14925800163
16505722.0, 8238454.0, 1, 0.133265751542
16218700.0, 8663926.0, 1, 0.116953740579
16514866.0, 7965890.0, 1, 0.114622346655
18986452.0, 6403850.0, 1, 0.0952016112633
17025916.0, 7313618.0, 1, 0.0905039240816
18063094.0, 6627720.0, 1, 0.0820077396442
16096542.0, 9471888.0, 1, 0.0757311153394
16906902.0, 7329338.0, 1, 0.069879182517
16815532.0, 7450386.0, 1, 0.0684493915185
16642370.0, 7949384.0, 1, 0.0672783803932
17037622.0, 7118450.0, 1, 0.0668094642446
16771596.0, 7703098.0, 1, 0.065963793036
16132018.0, 9331812.0, 1, 0.0653406865532
16652226.0, 7846962.0, 1, 0.0648045556728
17161722.0, 6955492.0, 1, 0.0614571913042
17281742.0, 6937718.0, 1, 0.0601159709272
17990104.0, 6729276.0, 1, 0.0565862843826
17132118.0, 7045174.0, 1, 0.0517217609275
15975696.0, 9488294.0, 1, 0.0503446013384
16800464.0, 7596510.0, 1, 0.0494404177452
16771596.0, 7703098.0, 1, 0.0488115467801
18996838.0, 6318426.0, 1, 0.0467329232348
17321632.0, 6852856.0, 1, 0.0465194540109
16652226.0, 7846962.0, 1, 0.0430293540602
16815532.0, 7450386.0, 1, 0.0382656855434
18154450.0, 6614188.0, 1, 0.0380339355119
17078728.0, 7050656.0, 1, 0.0351021655348
16800464.0, 7596510.0, 1, 0.0342420244125
16906902.0, 7329338.0, 1, 0.0321629803071
16505722.0, 8238454.0, 1, 0.0305826617959
19072340.0, 6303642.0, 1, 0.0242672036589
17037622.0, 7118450.0, 1, 0.022424650211
17281742.0, 6937718.0, 1, 0.0170777189058
19072340.0, 6303642.0, 1, 0.0165401186186
16096542.0, 9471888.0, 1, 0.0153546103834
17078728.0, 7050656.0, 1, 0.0140271554423
17161722.0, 6955492.0, 1, 0.0139493981443
17025916.0, 7313618.0, 1, 0.00793446143281
16642370.0, 7949384.0, 1, 0.0075905273442
16514866.0, 7965890.0, 1, 0.00737398404436
18996838.0, 6318426.0, 1, 0.00727255199963
17161722.0, 6955492.0, 1, 0.0
17161722.0, 6955492.0, 1, 0.0
17161722.0, 6955492.0, 1, 0.0
17161722.0, 6955492.0, 1, 0.0
17161722.0, 6955492.0, 1, 0.0
17161722.0, 6955492.0, 1, 0.0
17161722.0, 6955492.0, 1, 0.0
17161722.0, 6955492.0, 1, 0.0
17161722.0, 6955492.0, 1, 0.0
17161722.0, 6955492.0, 1, 0.0
17161722.0, 6955492.0, 1, 0.0
17161722.0, 6955492.0, 1, 0.0
17161722.0, 6955492.0, 1, 0.0
17161722.0, 6955492.0, 1, 0.0
17161722.0, 6955492.0, 1, 0.0
17161722.0, 6955492.0, 1, 0.0
17161722.0, 6955492.0, 1, 0.0
17161722.0, 6955492.0, 1, 0.0
17161722.0, 6955492.0, 1, 0.0
17161722.0, 6955492.0, 1, 0.0
17161722.0, 6955492.0, 1, 0.0
17281742.0, 6937718.0, 1, 0.0
17281742.0, 6937718.0, 1, 0.0
18996838.0, 6318426.0, 1, 0.0
18996838.0, 6318426.0, 1, 0.0
19072340.0, 6303642.0, 1, 0.0
19072340.0, 6303642.0, 1, 0.0
19072340.0, 6303642.0, 1, 0.0
19072340.0, 6303642.0, 1, 0.0
19072340.0, 6303642.0, 1, 0.0
19113198.0, 6298954.0, 1, 0.0
15975696.0, 9488294.0, 1, 0.0
16218700.0, 8663926.0, 1, 0.0
16218700.0, 8663926.0, 1, 0.0
16505722.0, 8238454.0, 1, 0.0
16505722.0, 8238454.0, 1, 0.0
16505722.0, 8238454.0, 1, 0.0
16514866.0, 7965890.0, 1, 0.0
16514866.0, 7965890.0, 1, 0.0
16514866.0, 7965890.0, 1, 0.0
16514866.0, 7965890.0, 1, 0.0
16514866.0, 7965890.0, 1, 0.0
16514866.0, 7965890.0, 1, 0.0
16514866.0, 7965890.0, 1, 0.0
16514866.0, 7965890.0, 1, 0.0
16642370.0, 7949384.0, 1, 0.0
16652226.0, 7846962.0, 1, 0.0
16771596.0, 7703098.0, 1, 0.0
16815532.0, 7450386.0, 1, 0.0
16815532.0, 7450386.0, 1, 0.0
16815532.0, 7450386.0, 1, 0.0
16815532.0, 7450386.0, 1, 0.0
16815532.0, 7450386.0, 1, 0.0
16815532.0, 7450386.0, 1, 0.0
16815532.0, 7450386.0, 1, 0.0
16906902.0, 7329338.0, 1, 0.0
16906902.0, 7329338.0, 1, 0.0
16906902.0, 7329338.0, 1, 0.0
16906902.0, 7329338.0, 1, 0.0
16906902.0, 7329338.0, 1, 0.0
16906902.0, 7329338.0, 1, 0.0
16906902.0, 7329338.0, 1, 0.0
16906902.0, 7329338.0, 1, 0.0
16906902.0, 7329338.0, 1, 0.0
16906902.0, 7329338.0, 1, 0.0
17025916.0, 7313618.0, 1, 0.0
17025916.0, 7313618.0, 1, 0.0
17037622.0, 7118450.0, 1, 0.0
17037622.0, 7118450.0, 1, 0.0
17078728.0, 7050656.0, 1, 0.0
17078728.0, 7050656.0, 1, 0.0
17078728.0, 7050656.0, 1, 0.0
17078728.0, 7050656.0, 1, 0.0
17078728.0, 7050656.0, 1, 0.0
17078728.0, 7050656.0, 1, 0.0
17078728.0, 7050656.0, 1, 0.0
17161722.0, 6955492.0, 1, 0.0
19020118.0, 6732134.0, 2, inf
16266036.0, 9180042.0, 2, inf
18429664.0, 6933438.0, 2, 0.569303225646
17727118.0, 6976480.0, 2, 0.552616859562
17027528.0, 7319250.0, 2, 0.519586210172
16726454.0, 8044230.0, 2, 0.473341608879
17117732.0, 7120110.0, 2, 0.394044993855
16417138.0, 8515082.0, 2, 0.317499859236
16341622.0, 8645504.0, 2, 0.245784895566
16560596.0, 8062924.0, 2, 0.244934614902
16341622.0, 8645504.0, 2, 0.0807240428018
16560596.0, 8062924.0, 2, 0.0597259510111
18436572.0, 6992990.0, 3, inf
16422090.0, 8525936.0, 3, inf
18436572.0, 6992990.0, 3, inf
17273430.0, 7254836.0, 3, 0.827933852719
16648162.0, 8118526.0, 3, 0.534530932423
17041708.0, 8030160.0, 3, 0.497390798848
17116024.0, 7371024.0, 3, 0.492766284954
16905910.0, 8074698.0, 3, 0.253002971272
Generacion: 229
19072340.0, 6303642.0, 1, inf
15801706.0, 9909422.0, 1, inf
15801706.0, 9909422.0, 1, inf
19072340.0, 6303642.0, 1, inf
17321632.0, 6852856.0, 1, 0.274390215015
16218700.0, 8663926.0, 1, 0.272983794666
18654432.0, 6577354.0, 1, 0.244179876232
17990104.0, 6729276.0, 1, 0.206204252832
16132018.0, 9331812.0, 1, 0.196073324097
18798620.0, 6443908.0, 1, 0.176500167957
16505722.0, 8238454.0, 1, 0.163348154111
18154450.0, 6614188.0, 1, 0.156622918622
15975696.0, 9488294.0, 1, 0.153741282709
16218700.0, 8663926.0, 1, 0.144500333937
16505722.0, 8238454.0, 1, 0.120793003799
16514866.0, 7965890.0, 1, 0.114575347371
16771596.0, 7703098.0, 1, 0.106582762892
16815532.0, 7450386.0, 1, 0.0980217316059
17025916.0, 7313618.0, 1, 0.0905150938248
16096542.0, 9471888.0, 1, 0.0757964275045
18063094.0, 6627720.0, 1, 0.0701222726997
16906902.0, 7329338.0, 1, 0.0699592085517
16642370.0, 7949384.0, 1, 0.0673894402994
17037622.0, 7118450.0, 1, 0.0666946357729
16132018.0, 9331812.0, 1, 0.0653507463307
16652226.0, 7846962.0, 1, 0.0649024607107
18996838.0, 6318426.0, 1, 0.0647054587368
18996838.0, 6318426.0, 1, 0.0578850582601
15975696.0, 9488294.0, 1, 0.0577475539883
16771596.0, 7703098.0, 1, 0.0533316445968
18023550.0, 6722720.0, 1, 0.0504815539378
17161722.0, 6955492.0, 1, 0.0495985803172
16815532.0, 7450386.0, 1, 0.047004026162
17990104.0, 6729276.0, 1, 0.0444989028435
17078728.0, 7050656.0, 1, 0.044176988081
16652226.0, 7846962.0, 1, 0.0429116465169
17078728.0, 7050656.0, 1, 0.0389602759395
18154450.0, 6614188.0, 1, 0.0381474645686
17281742.0, 6937718.0, 1, 0.0370247303404
16906902.0, 7329338.0, 1, 0.032296146573
17161722.0, 6955492.0, 1, 0.0273922702114
17237622.0, 6948220.0, 1, 0.0261190557761
17037622.0, 7118450.0, 1, 0.0223806024262
17237622.0, 6948220.0, 1, 0.0155065012749
16096542.0, 9471888.0, 1, 0.0153967437173
17281742.0, 6937718.0, 1, 0.0151089580397
17025916.0, 7313618.0, 1, 0.00793878955903
16642370.0, 7949384.0, 1, 0.00759113334086
16514866.0, 7965890.0, 1, 0.00737343854529
17025916.0, 7313618.0, 1, 0.0
17025916.0, 7313618.0, 1, 0.0
17078728.0, 7050656.0, 1, 0.0
17078728.0, 7050656.0, 1, 0.0
17078728.0, 7050656.0, 1, 0.0
17078728.0, 7050656.0, 1, 0.0
17078728.0, 7050656.0, 1, 0.0
17161722.0, 6955492.0, 1, 0.0
17161722.0, 6955492.0, 1, 0.0
17161722.0, 6955492.0, 1, 0.0
17161722.0, 6955492.0, 1, 0.0
17161722.0, 6955492.0, 1, 0.0
17161722.0, 6955492.0, 1, 0.0
17161722.0, 6955492.0, 1, 0.0
17161722.0, 6955492.0, 1, 0.0
17161722.0, 6955492.0, 1, 0.0
17161722.0, 6955492.0, 1, 0.0
17161722.0, 6955492.0, 1, 0.0
17161722.0, 6955492.0, 1, 0.0
17161722.0, 6955492.0, 1, 0.0
17161722.0, 6955492.0, 1, 0.0
17161722.0, 6955492.0, 1, 0.0
17281742.0, 6937718.0, 1, 0.0
17281742.0, 6937718.0, 1, 0.0
17990104.0, 6729276.0, 1, 0.0
17990104.0, 6729276.0, 1, 0.0
18154450.0, 6614188.0, 1, 0.0
18154450.0, 6614188.0, 1, 0.0
18996838.0, 6318426.0, 1, 0.0
18996838.0, 6318426.0, 1, 0.0
18996838.0, 6318426.0, 1, 0.0
18996838.0, 6318426.0, 1, 0.0
19072340.0, 6303642.0, 1, 0.0
15975696.0, 9488294.0, 1, 0.0
15975696.0, 9488294.0, 1, 0.0
16096542.0, 9471888.0, 1, 0.0
16096542.0, 9471888.0, 1, 0.0
16132018.0, 9331812.0, 1, 0.0
16132018.0, 9331812.0, 1, 0.0
16132018.0, 9331812.0, 1, 0.0
16132018.0, 9331812.0, 1, 0.0
16132018.0, 9331812.0, 1, 0.0
16218700.0, 8663926.0, 1, 0.0
16218700.0, 8663926.0, 1, 0.0
16514866.0, 7965890.0, 1, 0.0
16514866.0, 7965890.0, 1, 0.0
16514866.0, 7965890.0, 1, 0.0
16514866.0, 7965890.0, 1, 0.0
16514866.0, 7965890.0, 1, 0.0
16514866.0, 7965890.0, 1, 0.0
16642370.0, 7949384.0, 1, 0.0
16652226.0, 7846962.0, 1, 0.0
16652226.0, 7846962.0, 1, 0.0
16771596.0, 7703098.0, 1, 0.0
16771596.0, 7703098.0, 1, 0.0
16771596.0, 7703098.0, 1, 0.0
16815532.0, 7450386.0, 1, 0.0
16815532.0, 7450386.0, 1, 0.0
16815532.0, 7450386.0, 1, 0.0
16815532.0, 7450386.0, 1, 0.0
16815532.0, 7450386.0, 1, 0.0
16815532.0, 7450386.0, 1, 0.0
16906902.0, 7329338.0, 1, 0.0
16906902.0, 7329338.0, 1, 0.0
16906902.0, 7329338.0, 1, 0.0
16906902.0, 7329338.0, 1, 0.0
16906902.0, 7329338.0, 1, 0.0
16906902.0, 7329338.0, 1, 0.0
16906902.0, 7329338.0, 1, 0.0
16906902.0, 7329338.0, 1, 0.0
16906902.0, 7329338.0, 1, 0.0
16906902.0, 7329338.0, 1, 0.0
16906902.0, 7329338.0, 1, 0.0
16906902.0, 7329338.0, 1, 0.0
16906902.0, 7329338.0, 1, 0.0
17025916.0, 7313618.0, 1, 0.0
17025916.0, 7313618.0, 1, 0.0
17025916.0, 7313618.0, 1, 0.0
16522232.0, 8685470.0, 2, inf
18110570.0, 6710048.0, 2, inf
18110570.0, 6710048.0, 2, inf
17201200.0, 7032946.0, 2, 0.797696983711
16767532.0, 7974662.0, 2, 0.589406203872
16936998.0, 7434730.0, 2, 0.330321574153
16633876.0, 8222062.0, 2, 0.318735173833
17027528.0, 7319250.0, 2, 0.308020149808
17157642.0, 7100676.0, 2, 0.254275048909
16633876.0, 8222062.0, 2, 0.195528887805
16936998.0, 7434730.0, 2, 0.165152310494
16633876.0, 8222062.0, 2, 0.0
16660916.0, 8920856.0, 3, inf
16660916.0, 8920856.0, 3, inf
18792910.0, 6735644.0, 3, inf
17158974.0, 7202960.0, 3, 1.15008718081
16679606.0, 8319096.0, 3, 1.01975750129
17967436.0, 7125888.0, 3, 0.695337066319
18436572.0, 6992990.0, 3, 0.317550145827
18455930.0, 6779922.0, 3, 0.28490543239
18436572.0, 6992990.0, 3, 0.0698967454057
18436572.0, 6992990.0, 3, 0.0
18436572.0, 6992990.0, 3, 0.0
Generacion: 230
15801706.0, 9909422.0, 1, inf
15801706.0, 9909422.0, 1, inf
19185380.0, 6284830.0, 1, inf
16218700.0, 8663926.0, 1, 0.220593120919
17442302.0, 6835196.0, 1, 0.211172537352
18766994.0, 6560212.0, 1, 0.196287336165
18275566.0, 6595074.0, 1, 0.195920867022
16132018.0, 9331812.0, 1, 0.194749614718
17899764.0, 6742608.0, 1, 0.191118219367
15825172.0, 9892696.0, 1, 0.167606756607
16440704.0, 8320016.0, 1, 0.160799874839
16341622.0, 8645504.0, 1, 0.160492742846
15975696.0, 9488294.0, 1, 0.147286163487
16514866.0, 7965890.0, 1, 0.112880649821
16771596.0, 7703098.0, 1, 0.104999723695
16815532.0, 7450386.0, 1, 0.0967246948356
16505722.0, 8238454.0, 1, 0.0944137407745
17025916.0, 7313618.0, 1, 0.0890185188466
18798620.0, 6443908.0, 1, 0.0875987314507
18063094.0, 6627720.0, 1, 0.0803222694229
18986452.0, 6403850.0, 1, 0.0790791518676
17360744.0, 6930624.0, 1, 0.0757364943453
16096542.0, 9471888.0, 1, 0.0743604383295
16906902.0, 7329338.0, 1, 0.0685693207023
17037622.0, 7118450.0, 1, 0.0659938421194
16642370.0, 7949384.0, 1, 0.0659396423914
16132018.0, 9331812.0, 1, 0.0642637209744
16652226.0, 7846962.0, 1, 0.0635357465079
17990104.0, 6729276.0, 1, 0.0547173913584
16771596.0, 7703098.0, 1, 0.052675790417
15975696.0, 9488294.0, 1, 0.0490116755465
17161722.0, 6955492.0, 1, 0.0486863319302
16815532.0, 7450386.0, 1, 0.0463810129635
18996838.0, 6318426.0, 1, 0.0458815093051
17078728.0, 7050656.0, 1, 0.0432316748715
16652226.0, 7846962.0, 1, 0.0426038981485
18154450.0, 6614188.0, 1, 0.03952761412
19113198.0, 6298954.0, 1, 0.0385975750477
17078728.0, 7050656.0, 1, 0.0384034264258
18154450.0, 6614188.0, 1, 0.0322724759923
16906902.0, 7329338.0, 1, 0.0313402322534
16218700.0, 8663926.0, 1, 0.0307002192065
17161722.0, 6955492.0, 1, 0.0265340713895
17281742.0, 6937718.0, 1, 0.0262454234851
17237622.0, 6948220.0, 1, 0.0253286685022
17990104.0, 6729276.0, 1, 0.0252494341074
16505722.0, 8238454.0, 1, 0.0252047827483
19072340.0, 6303642.0, 1, 0.023607002271
17037622.0, 7118450.0, 1, 0.0221634513961
18798620.0, 6443908.0, 1, 0.0203983717459
19072340.0, 6303642.0, 1, 0.01615384423
17237622.0, 6948220.0, 1, 0.0150453759655
16096542.0, 9471888.0, 1, 0.0150107641112
17281742.0, 6937718.0, 1, 0.01499626699
18986452.0, 6403850.0, 1, 0.0141211712828
17025916.0, 7313618.0, 1, 0.00779659300207
16642370.0, 7949384.0, 1, 0.00746670201715
16514866.0, 7965890.0, 1, 0.00725627985473
18996838.0, 6318426.0, 1, 0.00714824853726
17161722.0, 6955492.0, 1, 0.0
17161722.0, 6955492.0, 1, 0.0
17161722.0, 6955492.0, 1, 0.0
17161722.0, 6955492.0, 1, 0.0
17161722.0, 6955492.0, 1, 0.0
17161722.0, 6955492.0, 1, 0.0
17161722.0, 6955492.0, 1, 0.0
17161722.0, 6955492.0, 1, 0.0
17161722.0, 6955492.0, 1, 0.0
17161722.0, 6955492.0, 1, 0.0
17161722.0, 6955492.0, 1, 0.0
17161722.0, 6955492.0, 1, 0.0
17161722.0, 6955492.0, 1, 0.0
17281742.0, 6937718.0, 1, 0.0
17281742.0, 6937718.0, 1, 0.0
17990104.0, 6729276.0, 1, 0.0
18154450.0, 6614188.0, 1, 0.0
18996838.0, 6318426.0, 1, 0.0
19072340.0, 6303642.0, 1, 0.0
15801706.0, 9909422.0, 1, 0.0
15801706.0, 9909422.0, 1, 0.0
15801706.0, 9909422.0, 1, 0.0
15975696.0, 9488294.0, 1, 0.0
15975696.0, 9488294.0, 1, 0.0
15975696.0, 9488294.0, 1, 0.0
15975696.0, 9488294.0, 1, 0.0
16096542.0, 9471888.0, 1, 0.0
16096542.0, 9471888.0, 1, 0.0
16096542.0, 9471888.0, 1, 0.0
16096542.0, 9471888.0, 1, 0.0
16132018.0, 9331812.0, 1, 0.0
16132018.0, 9331812.0, 1, 0.0
16505722.0, 8238454.0, 1, 0.0
16505722.0, 8238454.0, 1, 0.0
16505722.0, 8238454.0, 1, 0.0
16514866.0, 7965890.0, 1, 0.0
16514866.0, 7965890.0, 1, 0.0
16514866.0, 7965890.0, 1, 0.0
16514866.0, 7965890.0, 1, 0.0
16514866.0, 7965890.0, 1, 0.0
16514866.0, 7965890.0, 1, 0.0
16514866.0, 7965890.0, 1, 0.0
16514866.0, 7965890.0, 1, 0.0
16514866.0, 7965890.0, 1, 0.0
16514866.0, 7965890.0, 1, 0.0
16642370.0, 7949384.0, 1, 0.0
16652226.0, 7846962.0, 1, 0.0
16652226.0, 7846962.0, 1, 0.0
16771596.0, 7703098.0, 1, 0.0
16771596.0, 7703098.0, 1, 0.0
16771596.0, 7703098.0, 1, 0.0
16815532.0, 7450386.0, 1, 0.0
16815532.0, 7450386.0, 1, 0.0
16815532.0, 7450386.0, 1, 0.0
16815532.0, 7450386.0, 1, 0.0
16815532.0, 7450386.0, 1, 0.0
16906902.0, 7329338.0, 1, 0.0
16906902.0, 7329338.0, 1, 0.0
16906902.0, 7329338.0, 1, 0.0
16906902.0, 7329338.0, 1, 0.0
16906902.0, 7329338.0, 1, 0.0
16906902.0, 7329338.0, 1, 0.0
16906902.0, 7329338.0, 1, 0.0
16906902.0, 7329338.0, 1, 0.0
16906902.0, 7329338.0, 1, 0.0
16906902.0, 7329338.0, 1, 0.0
16906902.0, 7329338.0, 1, 0.0
16906902.0, 7329338.0, 1, 0.0
16906902.0, 7329338.0, 1, 0.0
16906902.0, 7329338.0, 1, 0.0
17025916.0, 7313618.0, 1, 0.0
17025916.0, 7313618.0, 1, 0.0
17025916.0, 7313618.0, 1, 0.0
17025916.0, 7313618.0, 1, 0.0
17025916.0, 7313618.0, 1, 0.0
17025916.0, 7313618.0, 1, 0.0
17037622.0, 7118450.0, 1, 0.0
17037622.0, 7118450.0, 1, 0.0
17037622.0, 7118450.0, 1, 0.0
17078728.0, 7050656.0, 1, 0.0
17078728.0, 7050656.0, 1, 0.0
17078728.0, 7050656.0, 1, 0.0
17078728.0, 7050656.0, 1, 0.0
17161722.0, 6955492.0, 1, 0.0
17161722.0, 6955492.0, 1, 0.0
16246676.0, 9444472.0, 2, inf
18110570.0, 6710048.0, 2, inf
16919478.0, 7580790.0, 2, 0.497310600561
16428466.0, 8744454.0, 2, 0.464343524697
17708820.0, 6934382.0, 2, 0.438349722831
17157642.0, 7100676.0, 2, 0.368128946417
Generacion: 231
15801706.0, 9909422.0, 1, inf
15801706.0, 9909422.0, 1, inf
19185380.0, 6284830.0, 1, inf
19185380.0, 6284830.0, 1, inf
16218700.0, 8663926.0, 1, 0.328729661841
17899764.0, 6742608.0, 1, 0.245909587305
16316918.0, 8338366.0, 1, 0.202210345683
16132018.0, 9331812.0, 1, 0.194749614718
17321632.0, 6852856.0, 1, 0.194272091495
15825172.0, 9892696.0, 1, 0.167606756607
18654432.0, 6577354.0, 1, 0.152492412707
18154450.0, 6614188.0, 1, 0.15149643854
15975696.0, 9488294.0, 1, 0.147286163487
16505722.0, 8238454.0, 1, 0.130997052287
16514866.0, 7965890.0, 1, 0.112880649821
17025916.0, 7313618.0, 1, 0.0890185188466
16800464.0, 7596510.0, 1, 0.0827062048747
18016714.0, 6706106.0, 1, 0.0799668254658
16740512.0, 7780098.0, 1, 0.0749693092371
16096542.0, 9471888.0, 1, 0.0743604383295
16906902.0, 7329338.0, 1, 0.0685693207023
16815532.0, 7450386.0, 1, 0.0673177988319
18914362.0, 6424106.0, 1, 0.0665629845307
18798620.0, 6443908.0, 1, 0.0662934875058
17037622.0, 7118450.0, 1, 0.0659938421194
16642370.0, 7949384.0, 1, 0.0659396423914
18766994.0, 6560212.0, 1, 0.0653536806568
16132018.0, 9331812.0, 1, 0.0642637209744
16652226.0, 7846962.0, 1, 0.0543492823272
18986452.0, 6403850.0, 1, 0.0535310736278
15975696.0, 9488294.0, 1, 0.0490116755465
17161722.0, 6955492.0, 1, 0.0486863319302
18063094.0, 6627720.0, 1, 0.0486252130728
18996838.0, 6318426.0, 1, 0.0458815093051
18654432.0, 6577354.0, 1, 0.043428454314
17078728.0, 7050656.0, 1, 0.0432316748715
17321632.0, 6852856.0, 1, 0.0422056255842
16771596.0, 7703098.0, 1, 0.0385933601844
17078728.0, 7050656.0, 1, 0.0384034264258
16815532.0, 7450386.0, 1, 0.0378494582097
19072340.0, 6303642.0, 1, 0.0374862775554
18154450.0, 6614188.0, 1, 0.0371613021002
17281742.0, 6937718.0, 1, 0.0364519232404
16906902.0, 7329338.0, 1, 0.0313402322534
16505722.0, 8238454.0, 1, 0.0302674215225
16771596.0, 7703098.0, 1, 0.0297753250871
19072340.0, 6303642.0, 1, 0.027503716715
17161722.0, 6955492.0, 1, 0.0265340713895
17237622.0, 6948220.0, 1, 0.0253286685022
17037622.0, 7118450.0, 1, 0.0221634513961
16652226.0, 7846962.0, 1, 0.0213601278151
18063094.0, 6627720.0, 1, 0.017440379948
17237622.0, 6948220.0, 1, 0.0150453759655
16096542.0, 9471888.0, 1, 0.0150107641112
18798620.0, 6443908.0, 1, 0.0148098806827
17281742.0, 6937718.0, 1, 0.0146863903158
18766994.0, 6560212.0, 1, 0.0140760049802
17025916.0, 7313618.0, 1, 0.00779659300207
16642370.0, 7949384.0, 1, 0.00746670201715
16514866.0, 7965890.0, 1, 0.00725627985473
18996838.0, 6318426.0, 1, 0.00714824853726
16906902.0, 7329338.0, 1, 0.0
16906902.0, 7329338.0, 1, 0.0
16906902.0, 7329338.0, 1, 0.0
16906902.0, 7329338.0, 1, 0.0
16906902.0, 7329338.0, 1, 0.0
16906902.0, 7329338.0, 1, 0.0
16906902.0, 7329338.0, 1, 0.0
16906902.0, 7329338.0, 1, 0.0
17025916.0, 7313618.0, 1, 0.0
17025916.0, 7313618.0, 1, 0.0
17025916.0, 7313618.0, 1, 0.0
17078728.0, 7050656.0, 1, 0.0
17161722.0, 6955492.0, 1, 0.0
17161722.0, 6955492.0, 1, 0.0
17161722.0, 6955492.0, 1, 0.0
17161722.0, 6955492.0, 1, 0.0
17161722.0, 6955492.0, 1, 0.0
17161722.0, 6955492.0, 1, 0.0
17161722.0, 6955492.0, 1, 0.0
17161722.0, 6955492.0, 1, 0.0
17161722.0, 6955492.0, 1, 0.0
17161722.0, 6955492.0, 1, 0.0
17161722.0, 6955492.0, 1, 0.0
17161722.0, 6955492.0, 1, 0.0
17281742.0, 6937718.0, 1, 0.0
17281742.0, 6937718.0, 1, 0.0
18063094.0, 6627720.0, 1, 0.0
18063094.0, 6627720.0, 1, 0.0
18063094.0, 6627720.0, 1, 0.0
18063094.0, 6627720.0, 1, 0.0
18154450.0, 6614188.0, 1, 0.0
18154450.0, 6614188.0, 1, 0.0
18766994.0, 6560212.0, 1, 0.0
18798620.0, 6443908.0, 1, 0.0
18798620.0, 6443908.0, 1, 0.0
18996838.0, 6318426.0, 1, 0.0
19072340.0, 6303642.0, 1, 0.0
19072340.0, 6303642.0, 1, 0.0
19072340.0, 6303642.0, 1, 0.0
19185380.0, 6284830.0, 1, 0.0
15801706.0, 9909422.0, 1, 0.0
15801706.0, 9909422.0, 1, 0.0
15801706.0, 9909422.0, 1, 0.0
15975696.0, 9488294.0, 1, 0.0
15975696.0, 9488294.0, 1, 0.0
15975696.0, 9488294.0, 1, 0.0
15975696.0, 9488294.0, 1, 0.0
15975696.0, 9488294.0, 1, 0.0
16096542.0, 9471888.0, 1, 0.0
16096542.0, 9471888.0, 1, 0.0
16096542.0, 9471888.0, 1, 0.0
16096542.0, 9471888.0, 1, 0.0
16132018.0, 9331812.0, 1, 0.0
16505722.0, 8238454.0, 1, 0.0
16505722.0, 8238454.0, 1, 0.0
16514866.0, 7965890.0, 1, 0.0
16514866.0, 7965890.0, 1, 0.0
16514866.0, 7965890.0, 1, 0.0
16642370.0, 7949384.0, 1, 0.0
16771596.0, 7703098.0, 1, 0.0
16771596.0, 7703098.0, 1, 0.0
16815532.0, 7450386.0, 1, 0.0
16815532.0, 7450386.0, 1, 0.0
16815532.0, 7450386.0, 1, 0.0
16906902.0, 7329338.0, 1, 0.0
16906902.0, 7329338.0, 1, 0.0
16906902.0, 7329338.0, 1, 0.0
16906902.0, 7329338.0, 1, 0.0
16906902.0, 7329338.0, 1, 0.0
20639430.0, 6408172.0, 2, inf
15844868.0, 10208504.0, 2, inf
18986544.0, 6409982.0, 2, 0.473949040592
16185214.0, 9677260.0, 2, 0.277404101332
16936998.0, 7434730.0, 2, 0.27134612735
18639710.0, 6624290.0, 2, 0.269898791558
16266036.0, 9180042.0, 2, 0.265703530041
16777278.0, 7830392.0, 2, 0.243805792663
17360408.0, 6911624.0, 2, 0.241163274193
15863722.0, 9915382.0, 2, 0.210774677207
16560596.0, 8062924.0, 2, 0.208142550691
18023550.0, 6722720.0, 2, 0.201263304752
16305544.0, 8762876.0, 2, 0.156420549579
18070440.0, 6709552.0, 2, 0.154412629053
16531234.0, 8426380.0, 2, 0.112472440697
17157642.0, 7100676.0, 2, 0.0960104546066
17258066.0, 7032472.0, 2, 0.0667645843716
16341622.0, 8645504.0, 2, 0.0641490224821
17157642.0, 7100676.0, 2, 0.0631828737302
16341622.0, 8645504.0, 2, 0.0607564399659
Generacion: 232
15801706.0, 9909422.0, 1, inf
15801706.0, 9909422.0, 1, inf
19185380.0, 6284830.0, 1, inf
19185380.0, 6284830.0, 1, inf
16218700.0, 8663926.0, 1, 0.220593120919
17899764.0, 6742608.0, 1, 0.202556058353
16132018.0, 9331812.0, 1, 0.194749614718
17321632.0, 6852856.0, 1, 0.194272091495
15825172.0, 9892696.0, 1, 0.167606756607
16422090.0, 8525936.0, 1, 0.160799874839
15975696.0, 9488294.0, 1, 0.147286163487
18275566.0, 6595074.0, 1, 0.117242245539
18654432.0, 6577354.0, 1, 0.116698184304
16771596.0, 7703098.0, 1, 0.112907759995
16514866.0, 7965890.0, 1, 0.112880649821
16505722.0, 8238454.0, 1, 0.0999148617454
16341622.0, 8645504.0, 1, 0.0981797103555
18986452.0, 6403850.0, 1, 0.0932003231504
17025916.0, 7313618.0, 1, 0.0890185188466
18798620.0, 6443908.0, 1, 0.0875987314507
16505722.0, 8238454.0, 1, 0.0820166942683
18766994.0, 6560212.0, 1, 0.079429685637
17899764.0, 6742608.0, 1, 0.0786866813833
16096542.0, 9471888.0, 1, 0.0743604383295
18154450.0, 6614188.0, 1, 0.0718000901124
16906902.0, 7329338.0, 1, 0.0685693207023
16815532.0, 7450386.0, 1, 0.0673177988319
17037622.0, 7118450.0, 1, 0.0659938421194
16642370.0, 7949384.0, 1, 0.0659396423914
16132018.0, 9331812.0, 1, 0.0642637209744
16652226.0, 7846962.0, 1, 0.0635357465079
18063094.0, 6627720.0, 1, 0.0586958637833
18063094.0, 6627720.0, 1, 0.0520034022722
15975696.0, 9488294.0, 1, 0.0490116755465
16800464.0, 7596510.0, 1, 0.0488461611978
17161722.0, 6955492.0, 1, 0.0486863319302
18996838.0, 6318426.0, 1, 0.0458815093051
17078728.0, 7050656.0, 1, 0.0432316748715
16652226.0, 7846962.0, 1, 0.0426038981485
17321632.0, 6852856.0, 1, 0.0422056255842
18275566.0, 6595074.0, 1, 0.0406830545117
17237622.0, 6948220.0, 1, 0.0403740444677
17078728.0, 7050656.0, 1, 0.0384034264258
18654432.0, 6577354.0, 1, 0.0381550331952
16815532.0, 7450386.0, 1, 0.0378494582097
19072340.0, 6303642.0, 1, 0.0374862775554
17281742.0, 6937718.0, 1, 0.0364519232404
16800464.0, 7596510.0, 1, 0.033860043677
16906902.0, 7329338.0, 1, 0.0313402322534
16218700.0, 8663926.0, 1, 0.0307002192065
19072340.0, 6303642.0, 1, 0.027503716715
17161722.0, 6955492.0, 1, 0.0265340713895
17037622.0, 7118450.0, 1, 0.0221634513961
18798620.0, 6443908.0, 1, 0.0203983717459
16096542.0, 9471888.0, 1, 0.0150107641112
17281742.0, 6937718.0, 1, 0.0146863903158
17025916.0, 7313618.0, 1, 0.00779659300207
16642370.0, 7949384.0, 1, 0.00746670201715
16514866.0, 7965890.0, 1, 0.00725627985473
18996838.0, 6318426.0, 1, 0.00714824853726
16096542.0, 9471888.0, 1, 0.0
16096542.0, 9471888.0, 1, 0.0
16096542.0, 9471888.0, 1, 0.0
16514866.0, 7965890.0, 1, 0.0
16514866.0, 7965890.0, 1, 0.0
16514866.0, 7965890.0, 1, 0.0
16514866.0, 7965890.0, 1, 0.0
16514866.0, 7965890.0, 1, 0.0
16514866.0, 7965890.0, 1, 0.0
16514866.0, 7965890.0, 1, 0.0
16514866.0, 7965890.0, 1, 0.0
16642370.0, 7949384.0, 1, 0.0
16800464.0, 7596510.0, 1, 0.0
16800464.0, 7596510.0, 1, 0.0
16815532.0, 7450386.0, 1, 0.0
16815532.0, 7450386.0, 1, 0.0
16815532.0, 7450386.0, 1, 0.0
16906902.0, 7329338.0, 1, 0.0
16906902.0, 7329338.0, 1, 0.0
16906902.0, 7329338.0, 1, 0.0
16906902.0, 7329338.0, 1, 0.0
16906902.0, 7329338.0, 1, 0.0
16906902.0, 7329338.0, 1, 0.0
16906902.0, 7329338.0, 1, 0.0
17037622.0, 7118450.0, 1, 0.0
17078728.0, 7050656.0, 1, 0.0
17161722.0, 6955492.0, 1, 0.0
17161722.0, 6955492.0, 1, 0.0
17161722.0, 6955492.0, 1, 0.0
17161722.0, 6955492.0, 1, 0.0
17161722.0, 6955492.0, 1, 0.0
17161722.0, 6955492.0, 1, 0.0
17281742.0, 6937718.0, 1, 0.0
17281742.0, 6937718.0, 1, 0.0
17281742.0, 6937718.0, 1, 0.0
17899764.0, 6742608.0, 1, 0.0
17899764.0, 6742608.0, 1, 0.0
18063094.0, 6627720.0, 1, 0.0
18654432.0, 6577354.0, 1, 0.0
18798620.0, 6443908.0, 1, 0.0
18798620.0, 6443908.0, 1, 0.0
18798620.0, 6443908.0, 1, 0.0
18798620.0, 6443908.0, 1, 0.0
19072340.0, 6303642.0, 1, 0.0
19072340.0, 6303642.0, 1, 0.0
19072340.0, 6303642.0, 1, 0.0
19072340.0, 6303642.0, 1, 0.0
19185380.0, 6284830.0, 1, 0.0
19185380.0, 6284830.0, 1, 0.0
15801706.0, 9909422.0, 1, 0.0
15801706.0, 9909422.0, 1, 0.0
15975696.0, 9488294.0, 1, 0.0
15975696.0, 9488294.0, 1, 0.0
15975696.0, 9488294.0, 1, 0.0
15975696.0, 9488294.0, 1, 0.0
16096542.0, 9471888.0, 1, 0.0
16096542.0, 9471888.0, 1, 0.0
16096542.0, 9471888.0, 1, 0.0
18527116.0, 6641648.0, 2, inf
15863722.0, 9915382.0, 2, inf
17209102.0, 6999062.0, 2, 0.630025860766
18194008.0, 6690502.0, 2, 0.604038819595
16595044.0, 8410820.0, 2, 0.426505374181
16266036.0, 9180042.0, 2, 0.405692531275
16919478.0, 7580790.0, 2, 0.297821495112
16250412.0, 9315342.0, 2, 0.189155373062
16250412.0, 9315342.0, 2, 0.186515884082
17027528.0, 7319250.0, 2, 0.148064341257
17027528.0, 7319250.0, 2, 0.138373674014
16767532.0, 7974662.0, 2, 0.135735946329
16610274.0, 8206900.0, 2, 0.109228316561
16648162.0, 8118526.0, 2, 0.0933104711131
16726454.0, 8044230.0, 2, 0.0887636803124
16767532.0, 7974662.0, 2, 0.0783001163678
16274146.0, 9646598.0, 3, inf
18753420.0, 6727512.0, 3, inf
16628928.0, 8293804.0, 3, 1.02193925597
17116024.0, 7371024.0, 3, 0.569596087101
16383488.0, 9491668.0, 3, 0.45445827102
18436572.0, 6992990.0, 3, 0.426399437073
17604890.0, 7056086.0, 3, 0.397585623434
17400562.0, 7237454.0, 3, 0.201778743631
16383488.0, 9491668.0, 3, 0.152071554755
18436572.0, 6992990.0, 3, 0.149413687327
17604890.0, 7056086.0, 3, 0.10402943371
17273430.0, 7254836.0, 3, 0.103514737115
17242506.0, 7353528.0, 3, 0.103291616911
16660916.0, 8920856.0, 4, inf
16660916.0, 8920856.0, 4, inf
18819840.0, 6885526.0, 4, inf
Generacion: 233
19185380.0, 6284830.0, 1, inf
15801706.0, 9909422.0, 1, inf
19185380.0, 6284830.0, 1, inf
15801706.0, 9909422.0, 1, inf
16218700.0, 8663926.0, 1, 0.267727685301
17442302.0, 6835196.0, 1, 0.20127591427
16132018.0, 9331812.0, 1, 0.194749614718
18654432.0, 6577354.0, 1, 0.152492412707
15975696.0, 9488294.0, 1, 0.151900751832
18154450.0, 6614188.0, 1, 0.15149643854
17899764.0, 6742608.0, 1, 0.140683792822
16501110.0, 8443206.0, 1, 0.139952200501
16771596.0, 7703098.0, 1, 0.112907759995
16514866.0, 7965890.0, 1, 0.112880649821
16652226.0, 7846962.0, 1, 0.106139644656
17025916.0, 7313618.0, 1, 0.0890185188466
16218700.0, 8663926.0, 1, 0.0865128458414
16800464.0, 7596510.0, 1, 0.0827062048747
18023550.0, 6722720.0, 1, 0.0799668254658
16505722.0, 8238454.0, 1, 0.0765615481578
16096542.0, 9471888.0, 1, 0.0743604383295
16642370.0, 7949384.0, 1, 0.0734063444086
18063094.0, 6627720.0, 1, 0.068628992148
16906902.0, 7329338.0, 1, 0.0685693207023
16815532.0, 7450386.0, 1, 0.0673177988319
18914362.0, 6424106.0, 1, 0.0665629845307
18798620.0, 6443908.0, 1, 0.0662934875058
17037622.0, 7118450.0, 1, 0.0659938421194
18766994.0, 6560212.0, 1, 0.0653536806568
16132018.0, 9331812.0, 1, 0.0642637209744
16501110.0, 8443206.0, 1, 0.0622581451817
17899764.0, 6742608.0, 1, 0.0621277038196
16505722.0, 8238454.0, 1, 0.0591920563504
17321632.0, 6852856.0, 1, 0.0590752610678
15975696.0, 9488294.0, 1, 0.055946740804
18996838.0, 6318426.0, 1, 0.0530297578424
17161722.0, 6955492.0, 1, 0.0486863319302
18986452.0, 6403850.0, 1, 0.0448731379313
18654432.0, 6577354.0, 1, 0.043428454314
17078728.0, 7050656.0, 1, 0.0432316748715
17078728.0, 7050656.0, 1, 0.0384034264258
16815532.0, 7450386.0, 1, 0.0378494582097
19072340.0, 6303642.0, 1, 0.0374862775554
18154450.0, 6614188.0, 1, 0.0371613021002
17281742.0, 6937718.0, 1, 0.0364519232404
16906902.0, 7329338.0, 1, 0.0313402322534
19072340.0, 6303642.0, 1, 0.027503716715
17161722.0, 6955492.0, 1, 0.0265340713895
17237622.0, 6948220.0, 1, 0.0253286685022
17037622.0, 7118450.0, 1, 0.0221634513961
17321632.0, 6852856.0, 1, 0.0166612332775
17237622.0, 6948220.0, 1, 0.0150453759655
16096542.0, 9471888.0, 1, 0.0150107641112
18798620.0, 6443908.0, 1, 0.0148098806827
17281742.0, 6937718.0, 1, 0.0146863903158
18766994.0, 6560212.0, 1, 0.0140760049802
18986452.0, 6403850.0, 1, 0.00865793569653
17025916.0, 7313618.0, 1, 0.00779659300207
16514866.0, 7965890.0, 1, 0.00725627985473
16501110.0, 8443206.0, 1, 0.0
16514866.0, 7965890.0, 1, 0.0
16514866.0, 7965890.0, 1, 0.0
16514866.0, 7965890.0, 1, 0.0
16815532.0, 7450386.0, 1, 0.0
16815532.0, 7450386.0, 1, 0.0
16906902.0, 7329338.0, 1, 0.0
16906902.0, 7329338.0, 1, 0.0
16906902.0, 7329338.0, 1, 0.0
16906902.0, 7329338.0, 1, 0.0
16906902.0, 7329338.0, 1, 0.0
16906902.0, 7329338.0, 1, 0.0
16906902.0, 7329338.0, 1, 0.0
16906902.0, 7329338.0, 1, 0.0
17025916.0, 7313618.0, 1, 0.0
17078728.0, 7050656.0, 1, 0.0
17078728.0, 7050656.0, 1, 0.0
17161722.0, 6955492.0, 1, 0.0
17161722.0, 6955492.0, 1, 0.0
17161722.0, 6955492.0, 1, 0.0
17161722.0, 6955492.0, 1, 0.0
17161722.0, 6955492.0, 1, 0.0
17161722.0, 6955492.0, 1, 0.0
17161722.0, 6955492.0, 1, 0.0
17161722.0, 6955492.0, 1, 0.0
17281742.0, 6937718.0, 1, 0.0
17281742.0, 6937718.0, 1, 0.0
17321632.0, 6852856.0, 1, 0.0
17321632.0, 6852856.0, 1, 0.0
17321632.0, 6852856.0, 1, 0.0
17321632.0, 6852856.0, 1, 0.0
17899764.0, 6742608.0, 1, 0.0
17899764.0, 6742608.0, 1, 0.0
18154450.0, 6614188.0, 1, 0.0
18654432.0, 6577354.0, 1, 0.0
18654432.0, 6577354.0, 1, 0.0
18766994.0, 6560212.0, 1, 0.0
18798620.0, 6443908.0, 1, 0.0
18798620.0, 6443908.0, 1, 0.0
18798620.0, 6443908.0, 1, 0.0
19072340.0, 6303642.0, 1, 0.0
19072340.0, 6303642.0, 1, 0.0
19185380.0, 6284830.0, 1, 0.0
15801706.0, 9909422.0, 1, 0.0
15801706.0, 9909422.0, 1, 0.0
15801706.0, 9909422.0, 1, 0.0
15801706.0, 9909422.0, 1, 0.0
15975696.0, 9488294.0, 1, 0.0
15975696.0, 9488294.0, 1, 0.0
15975696.0, 9488294.0, 1, 0.0
15975696.0, 9488294.0, 1, 0.0
16096542.0, 9471888.0, 1, 0.0
16096542.0, 9471888.0, 1, 0.0
16096542.0, 9471888.0, 1, 0.0
16096542.0, 9471888.0, 1, 0.0
16132018.0, 9331812.0, 1, 0.0
16132018.0, 9331812.0, 1, 0.0
16132018.0, 9331812.0, 1, 0.0
16132018.0, 9331812.0, 1, 0.0
16132018.0, 9331812.0, 1, 0.0
16132018.0, 9331812.0, 1, 0.0
16132018.0, 9331812.0, 1, 0.0
16218700.0, 8663926.0, 1, 0.0
16218700.0, 8663926.0, 1, 0.0
16218700.0, 8663926.0, 1, 0.0
18110570.0, 6710048.0, 2, inf
15837804.0, 9932044.0, 2, inf
17157642.0, 7100676.0, 2, 0.540581991345
17907110.0, 6824440.0, 2, 0.540519066495
16371972.0, 9069780.0, 2, 0.458049385613
16066234.0, 9591868.0, 2, 0.372948140206
16581196.0, 8308446.0, 2, 0.372660240214
16863360.0, 7580476.0, 2, 0.317814296172
16767532.0, 7974662.0, 2, 0.305777040473
16250412.0, 9315342.0, 2, 0.296561114316
16610274.0, 8206900.0, 2, 0.185581853994
17027528.0, 7319250.0, 2, 0.1400707622
17027528.0, 7319250.0, 2, 0.138325014487
17027528.0, 7319250.0, 2, 0.0
18631552.0, 6721258.0, 3, inf
16383488.0, 9491668.0, 3, inf
16383488.0, 9491668.0, 3, inf
16633876.0, 8222062.0, 3, 1.09131408485
17116024.0, 7371024.0, 3, 0.377206935914
18120210.0, 7081540.0, 3, 0.303840445853
18592632.0, 6889036.0, 3, 0.270706863653
17116024.0, 7371024.0, 3, 0.256411460495
17567450.0, 7155514.0, 3, 0.213775661054
17967436.0, 7125888.0, 3, 0.18434175055
17273430.0, 7254836.0, 3, 0.17272701023
17567450.0, 7155514.0, 3, 0.141481815476
Generacion: 234
19822694.0, 6273594.0, 1, inf
15801706.0, 9909422.0, 1, inf
15801706.0, 9909422.0, 1, inf
16218700.0, 8663926.0, 1, 0.21426580707
16132018.0, 9331812.0, 1, 0.192518415633
18654432.0, 6577354.0, 1, 0.167182276146
17321632.0, 6852856.0, 1, 0.167119081773
16514866.0, 7965890.0, 1, 0.162990857352
19185380.0, 6284830.0, 1, 0.162381539151
16501110.0, 8443206.0, 1, 0.150933124278
18154450.0, 6614188.0, 1, 0.150708455523
17899764.0, 6742608.0, 1, 0.149248599451
15975696.0, 9488294.0, 1, 0.145881069027
16341622.0, 8645504.0, 1, 0.088534936197
17037622.0, 7118450.0, 1, 0.0854592889561
17025916.0, 7313618.0, 1, 0.0832773051862
16800464.0, 7596510.0, 1, 0.0804327060136
18798620.0, 6443908.0, 1, 0.0787012093055
18986452.0, 6403850.0, 1, 0.0742741572008
16096542.0, 9471888.0, 1, 0.0685803826356
16815532.0, 7450386.0, 1, 0.062913290987
16906902.0, 7329338.0, 1, 0.062891302328
18110570.0, 6710048.0, 1, 0.0624048851823
18023550.0, 6722720.0, 1, 0.0613817377002
17899764.0, 6742608.0, 1, 0.0611076377846
16132018.0, 9331812.0, 1, 0.0600839633476
18766994.0, 6560212.0, 1, 0.0599819293674
16642370.0, 7949384.0, 1, 0.0598798190962
16771596.0, 7703098.0, 1, 0.0590027519577
16652226.0, 7846962.0, 1, 0.0578569331786
16422090.0, 8525936.0, 1, 0.0525379306656
15975696.0, 9488294.0, 1, 0.0477827745609
16771596.0, 7703098.0, 1, 0.0467477584847
17161722.0, 6955492.0, 1, 0.0450499132728
16422090.0, 8525936.0, 1, 0.0427660987306
16652226.0, 7846962.0, 1, 0.0420195673038
17321632.0, 6852856.0, 1, 0.0402431139412
17078728.0, 7050656.0, 1, 0.0392862974361
19072340.0, 6303642.0, 1, 0.0377224440397
16815532.0, 7450386.0, 1, 0.0370404417932
17078728.0, 7050656.0, 1, 0.0363968160738
17281742.0, 6937718.0, 1, 0.0343129157259
19113198.0, 6298954.0, 1, 0.0332865558847
18986452.0, 6403850.0, 1, 0.0323774973648
16906902.0, 7329338.0, 1, 0.0270469078688
16218700.0, 8663926.0, 1, 0.0266241847223
16501110.0, 8443206.0, 1, 0.0261751514311
19072340.0, 6303642.0, 1, 0.0226493144034
17161722.0, 6955492.0, 1, 0.02264029548
17237622.0, 6948220.0, 1, 0.0217644333216
18154450.0, 6614188.0, 1, 0.0210435831218
19185380.0, 6284830.0, 1, 0.0210416646885
18798620.0, 6443908.0, 1, 0.0188828040207
16096542.0, 9471888.0, 1, 0.013335021919
17237622.0, 6948220.0, 1, 0.0129725222859
17281742.0, 6937718.0, 1, 0.0128089228849
18766994.0, 6560212.0, 1, 0.0125799756141
16514866.0, 7965890.0, 1, 0.00796086846725
17025916.0, 7313618.0, 1, 0.00723486167517
16642370.0, 7949384.0, 1, 0.00699095758962
17161722.0, 6955492.0, 1, 0.0
17161722.0, 6955492.0, 1, 0.0
17161722.0, 6955492.0, 1, 0.0
17161722.0, 6955492.0, 1, 0.0
17161722.0, 6955492.0, 1, 0.0
17161722.0, 6955492.0, 1, 0.0
17161722.0, 6955492.0, 1, 0.0
17161722.0, 6955492.0, 1, 0.0
17237622.0, 6948220.0, 1, 0.0
17237622.0, 6948220.0, 1, 0.0
17237622.0, 6948220.0, 1, 0.0
17281742.0, 6937718.0, 1, 0.0
17281742.0, 6937718.0, 1, 0.0
17281742.0, 6937718.0, 1, 0.0
17321632.0, 6852856.0, 1, 0.0
17321632.0, 6852856.0, 1, 0.0
17321632.0, 6852856.0, 1, 0.0
17321632.0, 6852856.0, 1, 0.0
17321632.0, 6852856.0, 1, 0.0
17321632.0, 6852856.0, 1, 0.0
17321632.0, 6852856.0, 1, 0.0
17899764.0, 6742608.0, 1, 0.0
17899764.0, 6742608.0, 1, 0.0
18154450.0, 6614188.0, 1, 0.0
18766994.0, 6560212.0, 1, 0.0
18798620.0, 6443908.0, 1, 0.0
18798620.0, 6443908.0, 1, 0.0
18986452.0, 6403850.0, 1, 0.0
18986452.0, 6403850.0, 1, 0.0
18986452.0, 6403850.0, 1, 0.0
19072340.0, 6303642.0, 1, 0.0
15801706.0, 9909422.0, 1, 0.0
15801706.0, 9909422.0, 1, 0.0
15801706.0, 9909422.0, 1, 0.0
15801706.0, 9909422.0, 1, 0.0
15975696.0, 9488294.0, 1, 0.0
15975696.0, 9488294.0, 1, 0.0
15975696.0, 9488294.0, 1, 0.0
15975696.0, 9488294.0, 1, 0.0
15975696.0, 9488294.0, 1, 0.0
16096542.0, 9471888.0, 1, 0.0
16096542.0, 9471888.0, 1, 0.0
16096542.0, 9471888.0, 1, 0.0
16132018.0, 9331812.0, 1, 0.0
16132018.0, 9331812.0, 1, 0.0
16132018.0, 9331812.0, 1, 0.0
16132018.0, 9331812.0, 1, 0.0
16132018.0, 9331812.0, 1, 0.0
16132018.0, 9331812.0, 1, 0.0
16132018.0, 9331812.0, 1, 0.0
16218700.0, 8663926.0, 1, 0.0
16218700.0, 8663926.0, 1, 0.0
16218700.0, 8663926.0, 1, 0.0
16218700.0, 8663926.0, 1, 0.0
16422090.0, 8525936.0, 1, 0.0
16514866.0, 7965890.0, 1, 0.0
16642370.0, 7949384.0, 1, 0.0
16642370.0, 7949384.0, 1, 0.0
16642370.0, 7949384.0, 1, 0.0
16815532.0, 7450386.0, 1, 0.0
16906902.0, 7329338.0, 1, 0.0
16906902.0, 7329338.0, 1, 0.0
16906902.0, 7329338.0, 1, 0.0
16906902.0, 7329338.0, 1, 0.0
16906902.0, 7329338.0, 1, 0.0
16906902.0, 7329338.0, 1, 0.0
16906902.0, 7329338.0, 1, 0.0
16906902.0, 7329338.0, 1, 0.0
17025916.0, 7313618.0, 1, 0.0
17025916.0, 7313618.0, 1, 0.0
17078728.0, 7050656.0, 1, 0.0
17078728.0, 7050656.0, 1, 0.0
17078728.0, 7050656.0, 1, 0.0
17161722.0, 6955492.0, 1, 0.0
16250412.0, 9315342.0, 2, inf
18568172.0, 6676210.0, 2, inf
16531234.0, 8426380.0, 2, 0.637455682884
17708820.0, 6934382.0, 2, 0.566986257543
16919478.0, 7580790.0, 2, 0.547829507698
17907110.0, 6824440.0, 2, 0.468592915822
17027528.0, 7319250.0, 2, 0.339886531
16371972.0, 9069780.0, 2, 0.293138163173
17027528.0, 7319250.0, 2, 0.185691318168
16439026.0, 8716050.0, 2, 0.164861564139
16428466.0, 8744454.0, 2, 0.162963223814
16935142.0, 7440498.0, 2, 0.14571905157
17027528.0, 7319250.0, 2, 0.0
18592632.0, 6889036.0, 3, inf
16298640.0, 9446542.0, 3, inf
18592632.0, 6889036.0, 3, inf
Generacion: 235
15801706.0, 9909422.0, 1, inf
19185380.0, 6284830.0, 1, inf
19185380.0, 6284830.0, 1, inf
16218700.0, 8663926.0, 1, 0.220593120919
17442302.0, 6835196.0, 1, 0.20127591427
16132018.0, 9331812.0, 1, 0.194749614718
18154450.0, 6614188.0, 1, 0.18865774064
16514866.0, 7965890.0, 1, 0.169370318175
16501110.0, 8443206.0, 1, 0.155041514632
18654432.0, 6577354.0, 1, 0.152492412707
15975696.0, 9488294.0, 1, 0.151900751832
17899764.0, 6742608.0, 1, 0.13887503752
17025916.0, 7313618.0, 1, 0.0890185188466
17037622.0, 7118450.0, 1, 0.0881572935155
16800464.0, 7596510.0, 1, 0.0827062048747
18063094.0, 6627720.0, 1, 0.0803222694229
17990104.0, 6729276.0, 1, 0.0799668254658
16096542.0, 9471888.0, 1, 0.0743604383295
18766994.0, 6560212.0, 1, 0.070816916243
16341622.0, 8645504.0, 1, 0.0693159564823
16906902.0, 7329338.0, 1, 0.0685693207023
16815532.0, 7450386.0, 1, 0.0673177988319
16642370.0, 7949384.0, 1, 0.0659396423914
16771596.0, 7703098.0, 1, 0.0646851172508
16132018.0, 9331812.0, 1, 0.0642637209744
16652226.0, 7846962.0, 1, 0.0635357465079
17321632.0, 6852856.0, 1, 0.0590752610678
18914362.0, 6424106.0, 1, 0.0588559531006
16422090.0, 8525936.0, 1, 0.0563413023046
15975696.0, 9488294.0, 1, 0.055946740804
17899764.0, 6742608.0, 1, 0.0522431818474
18914362.0, 6424106.0, 1, 0.049141150096
17161722.0, 6955492.0, 1, 0.0486863319302
18766994.0, 6560212.0, 1, 0.0482820189166
16771596.0, 7703098.0, 1, 0.0482226427438
16422090.0, 8525936.0, 1, 0.0466058887121
18996838.0, 6318426.0, 1, 0.0458815093051
18986452.0, 6403850.0, 1, 0.0448731379313
18654432.0, 6577354.0, 1, 0.043428454314
17078728.0, 7050656.0, 1, 0.0432316748715
16652226.0, 7846962.0, 1, 0.0426038981485
17078728.0, 7050656.0, 1, 0.0384034264258
16815532.0, 7450386.0, 1, 0.0378494582097
19072340.0, 6303642.0, 1, 0.0374862775554
17281742.0, 6937718.0, 1, 0.0364519232404
16906902.0, 7329338.0, 1, 0.0313402322534
16218700.0, 8663926.0, 1, 0.0307002192065
16341622.0, 8645504.0, 1, 0.0288637538732
19072340.0, 6303642.0, 1, 0.027503716715
16501110.0, 8443206.0, 1, 0.0268900413817
17161722.0, 6955492.0, 1, 0.0265340713895
17237622.0, 6948220.0, 1, 0.0253286685022
17321632.0, 6852856.0, 1, 0.0166612332775
17237622.0, 6948220.0, 1, 0.0150453759655
16096542.0, 9471888.0, 1, 0.0150107641112
17281742.0, 6937718.0, 1, 0.0146863903158
18986452.0, 6403850.0, 1, 0.00865793569653
16514866.0, 7965890.0, 1, 0.00861929532253
17025916.0, 7313618.0, 1, 0.00779659300207
16642370.0, 7949384.0, 1, 0.00746670201715
18996838.0, 6318426.0, 1, 0.00714824853726
17025916.0, 7313618.0, 1, 0.0
17161722.0, 6955492.0, 1, 0.0
17161722.0, 6955492.0, 1, 0.0
17161722.0, 6955492.0, 1, 0.0
17161722.0, 6955492.0, 1, 0.0
17161722.0, 6955492.0, 1, 0.0
17161722.0, 6955492.0, 1, 0.0
17161722.0, 6955492.0, 1, 0.0
17161722.0, 6955492.0, 1, 0.0
17161722.0, 6955492.0, 1, 0.0
17281742.0, 6937718.0, 1, 0.0
17281742.0, 6937718.0, 1, 0.0
17281742.0, 6937718.0, 1, 0.0
17281742.0, 6937718.0, 1, 0.0
17321632.0, 6852856.0, 1, 0.0
17899764.0, 6742608.0, 1, 0.0
17899764.0, 6742608.0, 1, 0.0
17899764.0, 6742608.0, 1, 0.0
18766994.0, 6560212.0, 1, 0.0
18986452.0, 6403850.0, 1, 0.0
18986452.0, 6403850.0, 1, 0.0
19072340.0, 6303642.0, 1, 0.0
19072340.0, 6303642.0, 1, 0.0
19072340.0, 6303642.0, 1, 0.0
19072340.0, 6303642.0, 1, 0.0
19072340.0, 6303642.0, 1, 0.0
19072340.0, 6303642.0, 1, 0.0
15975696.0, 9488294.0, 1, 0.0
15975696.0, 9488294.0, 1, 0.0
15975696.0, 9488294.0, 1, 0.0
15975696.0, 9488294.0, 1, 0.0
15975696.0, 9488294.0, 1, 0.0
15975696.0, 9488294.0, 1, 0.0
15975696.0, 9488294.0, 1, 0.0
15975696.0, 9488294.0, 1, 0.0
16096542.0, 9471888.0, 1, 0.0
16096542.0, 9471888.0, 1, 0.0
16096542.0, 9471888.0, 1, 0.0
16132018.0, 9331812.0, 1, 0.0
16132018.0, 9331812.0, 1, 0.0
16132018.0, 9331812.0, 1, 0.0
16132018.0, 9331812.0, 1, 0.0
16132018.0, 9331812.0, 1, 0.0
16132018.0, 9331812.0, 1, 0.0
16132018.0, 9331812.0, 1, 0.0
16132018.0, 9331812.0, 1, 0.0
16218700.0, 8663926.0, 1, 0.0
16341622.0, 8645504.0, 1, 0.0
16422090.0, 8525936.0, 1, 0.0
16501110.0, 8443206.0, 1, 0.0
16501110.0, 8443206.0, 1, 0.0
16501110.0, 8443206.0, 1, 0.0
16514866.0, 7965890.0, 1, 0.0
16642370.0, 7949384.0, 1, 0.0
16642370.0, 7949384.0, 1, 0.0
16642370.0, 7949384.0, 1, 0.0
16642370.0, 7949384.0, 1, 0.0
16642370.0, 7949384.0, 1, 0.0
16642370.0, 7949384.0, 1, 0.0
16652226.0, 7846962.0, 1, 0.0
16652226.0, 7846962.0, 1, 0.0
16771596.0, 7703098.0, 1, 0.0
16815532.0, 7450386.0, 1, 0.0
16815532.0, 7450386.0, 1, 0.0
16815532.0, 7450386.0, 1, 0.0
16815532.0, 7450386.0, 1, 0.0
16815532.0, 7450386.0, 1, 0.0
16906902.0, 7329338.0, 1, 0.0
16906902.0, 7329338.0, 1, 0.0
16906902.0, 7329338.0, 1, 0.0
16906902.0, 7329338.0, 1, 0.0
16906902.0, 7329338.0, 1, 0.0
16906902.0, 7329338.0, 1, 0.0
16906902.0, 7329338.0, 1, 0.0
16906902.0, 7329338.0, 1, 0.0
17025916.0, 7313618.0, 1, 0.0
16066234.0, 9591868.0, 2, inf
19802394.0, 6290512.0, 2, inf
19802394.0, 6290512.0, 2, inf
18527116.0, 6641648.0, 2, 0.553724223723
17201200.0, 7032946.0, 2, 0.505588125484
16305544.0, 8762876.0, 2, 0.477492455231
19044640.0, 6341978.0, 2, 0.367384621829
16777278.0, 7830392.0, 2, 0.342674847174
16628928.0, 8293804.0, 2, 0.246383024926
18816784.0, 6632472.0, 2, 0.229289414326
16531234.0, 8426380.0, 2, 0.22863982608
17027528.0, 7319250.0, 2, 0.160243263558
16936998.0, 7434730.0, 2, 0.144079089985
Generacion: 236
19185380.0, 6284830.0, 1, inf
19185380.0, 6284830.0, 1, inf
15801706.0, 9909422.0, 1, inf
15801706.0, 9909422.0, 1, inf
16316918.0, 8338366.0, 1, 0.280111266369
16218700.0, 8663926.0, 1, 0.213292181171
16132018.0, 9331812.0, 1, 0.194749614718
17321632.0, 6852856.0, 1, 0.194272091495
17899764.0, 6742608.0, 1, 0.174537456535
18154450.0, 6614188.0, 1, 0.174210167423
15825172.0, 9892696.0, 1, 0.167606756607
18654432.0, 6577354.0, 1, 0.152492412707
15975696.0, 9488294.0, 1, 0.147286163487
16514866.0, 7965890.0, 1, 0.140445683347
16218700.0, 8663926.0, 1, 0.115437480669
17025916.0, 7313618.0, 1, 0.107722417106
17078728.0, 7050656.0, 1, 0.0970771835522
18766994.0, 6560212.0, 1, 0.079429685637
16096542.0, 9471888.0, 1, 0.0743604383295
18110570.0, 6710048.0, 1, 0.068628992148
16906902.0, 7329338.0, 1, 0.0685693207023
16815532.0, 7450386.0, 1, 0.0673177988319
18798620.0, 6443908.0, 1, 0.0662934875058
16642370.0, 7949384.0, 1, 0.0659396423914
16771596.0, 7703098.0, 1, 0.0646851172508
16132018.0, 9331812.0, 1, 0.0642637209744
16652226.0, 7846962.0, 1, 0.0635357465079
16514866.0, 7965890.0, 1, 0.0630547994521
17161722.0, 6955492.0, 1, 0.0617254131183
17281742.0, 6937718.0, 1, 0.0588831621836
17899764.0, 6742608.0, 1, 0.057115454368
18986452.0, 6403850.0, 1, 0.0535310736278
15975696.0, 9488294.0, 1, 0.0490116755465
16800464.0, 7596510.0, 1, 0.0488461611978
16771596.0, 7703098.0, 1, 0.0482226427438
18996838.0, 6318426.0, 1, 0.0458815093051
18654432.0, 6577354.0, 1, 0.043428454314
16652226.0, 7846962.0, 1, 0.0426038981485
17321632.0, 6852856.0, 1, 0.0422056255842
17078728.0, 7050656.0, 1, 0.0418629795624
18914362.0, 6424106.0, 1, 0.0397945049996
19113198.0, 6298954.0, 1, 0.0385975750477
16815532.0, 7450386.0, 1, 0.0378494582097
16800464.0, 7596510.0, 1, 0.033860043677
16906902.0, 7329338.0, 1, 0.0313402322534
17161722.0, 6955492.0, 1, 0.0294315009485
17990104.0, 6729276.0, 1, 0.0285075448433
18023550.0, 6722720.0, 1, 0.02752636285
18914362.0, 6424106.0, 1, 0.0267684795311
19072340.0, 6303642.0, 1, 0.023607002271
18154450.0, 6614188.0, 1, 0.023130399596
17025916.0, 7313618.0, 1, 0.0199449264408
17281742.0, 6937718.0, 1, 0.0166926850933
19072340.0, 6303642.0, 1, 0.01615384423
16096542.0, 9471888.0, 1, 0.0150107641112
18798620.0, 6443908.0, 1, 0.0148098806827
17990104.0, 6729276.0, 1, 0.0135627290643
18023550.0, 6722720.0, 1, 0.0133806396043
16642370.0, 7949384.0, 1, 0.00746670201715
18996838.0, 6318426.0, 1, 0.00714824853726
16906902.0, 7329338.0, 1, 0.0
16906902.0, 7329338.0, 1, 0.0
16906902.0, 7329338.0, 1, 0.0
16906902.0, 7329338.0, 1, 0.0
16906902.0, 7329338.0, 1, 0.0
17025916.0, 7313618.0, 1, 0.0
17025916.0, 7313618.0, 1, 0.0
17025916.0, 7313618.0, 1, 0.0
17078728.0, 7050656.0, 1, 0.0
17078728.0, 7050656.0, 1, 0.0
17161722.0, 6955492.0, 1, 0.0
17161722.0, 6955492.0, 1, 0.0
17161722.0, 6955492.0, 1, 0.0
17161722.0, 6955492.0, 1, 0.0
17321632.0, 6852856.0, 1, 0.0
17321632.0, 6852856.0, 1, 0.0
17321632.0, 6852856.0, 1, 0.0
17321632.0, 6852856.0, 1, 0.0
17321632.0, 6852856.0, 1, 0.0
17899764.0, 6742608.0, 1, 0.0
17899764.0, 6742608.0, 1, 0.0
17899764.0, 6742608.0, 1, 0.0
17899764.0, 6742608.0, 1, 0.0
17899764.0, 6742608.0, 1, 0.0
17899764.0, 6742608.0, 1, 0.0
17990104.0, 6729276.0, 1, 0.0
18798620.0, 6443908.0, 1, 0.0
19072340.0, 6303642.0, 1, 0.0
19072340.0, 6303642.0, 1, 0.0
19072340.0, 6303642.0, 1, 0.0
19072340.0, 6303642.0, 1, 0.0
19072340.0, 6303642.0, 1, 0.0
19072340.0, 6303642.0, 1, 0.0
19185380.0, 6284830.0, 1, 0.0
19185380.0, 6284830.0, 1, 0.0
19185380.0, 6284830.0, 1, 0.0
19185380.0, 6284830.0, 1, 0.0
19185380.0, 6284830.0, 1, 0.0
15975696.0, 9488294.0, 1, 0.0
15975696.0, 9488294.0, 1, 0.0
15975696.0, 9488294.0, 1, 0.0
16096542.0, 9471888.0, 1, 0.0
16096542.0, 9471888.0, 1, 0.0
16132018.0, 9331812.0, 1, 0.0
16218700.0, 8663926.0, 1, 0.0
16218700.0, 8663926.0, 1, 0.0
16218700.0, 8663926.0, 1, 0.0
16514866.0, 7965890.0, 1, 0.0
16514866.0, 7965890.0, 1, 0.0
16514866.0, 7965890.0, 1, 0.0
16514866.0, 7965890.0, 1, 0.0
16514866.0, 7965890.0, 1, 0.0
16642370.0, 7949384.0, 1, 0.0
16642370.0, 7949384.0, 1, 0.0
16642370.0, 7949384.0, 1, 0.0
16771596.0, 7703098.0, 1, 0.0
16815532.0, 7450386.0, 1, 0.0
16815532.0, 7450386.0, 1, 0.0
16815532.0, 7450386.0, 1, 0.0
16815532.0, 7450386.0, 1, 0.0
16906902.0, 7329338.0, 1, 0.0
16906902.0, 7329338.0, 1, 0.0
16906902.0, 7329338.0, 1, 0.0
16906902.0, 7329338.0, 1, 0.0
16906902.0, 7329338.0, 1, 0.0
16187080.0, 9575462.0, 2, inf
20608224.0, 6361654.0, 2, inf
16187080.0, 9575462.0, 2, inf
19663154.0, 6420870.0, 2, 0.526967991972
17360744.0, 6930624.0, 2, 0.483961875961
18792910.0, 6735644.0, 2, 0.387810171523
18592632.0, 6889036.0, 2, 0.384605076129
17116024.0, 7371024.0, 2, 0.252701618829
16896392.0, 7685292.0, 2, 0.244546344531
16773864.0, 8102070.0, 2, 0.226765372813
16266036.0, 9180042.0, 2, 0.184373935463
16749412.0, 8307230.0, 2, 0.167840057952
16936998.0, 7434730.0, 2, 0.147464439954
16250412.0, 9315342.0, 2, 0.140896567871
16305544.0, 8762876.0, 2, 0.13796460093
16341622.0, 8645504.0, 2, 0.100086674376
16501110.0, 8443206.0, 2, 0.0819044349923
16501110.0, 8443206.0, 2, 0.0601831346897
16422090.0, 8525936.0, 2, 0.0550776647923
16305544.0, 8762876.0, 2, 0.0454573098424
16422090.0, 8525936.0, 2, 0.0439427671525
16383488.0, 9491668.0, 3, inf
17967436.0, 7125888.0, 3, inf
16542560.0, 8507450.0, 3, 1.13870019252
17214328.0, 8038694.0, 3, 0.993245304473
Generacion: 237
15801706.0, 9909422.0, 1, inf
19185380.0, 6284830.0, 1, inf
19185380.0, 6284830.0, 1, inf
18654432.0, 6577354.0, 1, 0.226653307611
18063094.0, 6627720.0, 1, 0.226554292198
16218700.0, 8663926.0, 1, 0.213292181171
16132018.0, 9331812.0, 1, 0.194749614718
17442302.0, 6835196.0, 1, 0.179905621269
15825172.0, 9892696.0, 1, 0.167606756607
16440704.0, 8320016.0, 1, 0.16126447381
17891104.0, 6810790.0, 1, 0.160741222734
15975696.0, 9488294.0, 1, 0.147286163487
16514866.0, 7965890.0, 1, 0.135383044573
16316918.0, 8338366.0, 1, 0.126403076055
16218700.0, 8663926.0, 1, 0.115437480669
17025916.0, 7313618.0, 1, 0.107722417106
16771596.0, 7703098.0, 1, 0.104999723695
17078728.0, 7050656.0, 1, 0.0970771835522
16815532.0, 7450386.0, 1, 0.0967246948356
16096542.0, 9471888.0, 1, 0.0743604383295
16906902.0, 7329338.0, 1, 0.0685693207023
18798620.0, 6443908.0, 1, 0.0678265378886
16642370.0, 7949384.0, 1, 0.0659396423914
18766994.0, 6560212.0, 1, 0.0653536806568
16132018.0, 9331812.0, 1, 0.0642637209744
16652226.0, 7846962.0, 1, 0.0635357465079
17321632.0, 6852856.0, 1, 0.0590752610678
17161722.0, 6955492.0, 1, 0.0527730140397
16771596.0, 7703098.0, 1, 0.052675790417
18023550.0, 6722720.0, 1, 0.0495898288332
15975696.0, 9488294.0, 1, 0.0490116755465
18996838.0, 6318426.0, 1, 0.0475732859244
18986544.0, 6409982.0, 1, 0.0465921039311
16815532.0, 7450386.0, 1, 0.0463810129635
17899764.0, 6742608.0, 1, 0.0455097343311
17281742.0, 6937718.0, 1, 0.0444063682006
16652226.0, 7846962.0, 1, 0.0426038981485
17078728.0, 7050656.0, 1, 0.0418629795624
17251450.0, 6938632.0, 1, 0.0403740444677
18914362.0, 6424106.0, 1, 0.0385059780693
16316918.0, 8338366.0, 1, 0.0340896667917
16906902.0, 7329338.0, 1, 0.0313402322534
17161722.0, 6955492.0, 1, 0.0291793346357
17990104.0, 6729276.0, 1, 0.0285075448433
16514866.0, 7965890.0, 1, 0.0264714879392
18874122.0, 6429124.0, 1, 0.023698047001
19072340.0, 6303642.0, 1, 0.023607002271
19113198.0, 6298954.0, 1, 0.0226258202777
17025916.0, 7313618.0, 1, 0.0199449264408
17321632.0, 6852856.0, 1, 0.0166612332775
19072340.0, 6303642.0, 1, 0.01615384423
19113198.0, 6298954.0, 1, 0.01597175477
18874122.0, 6429124.0, 1, 0.0159712025216
16096542.0, 9471888.0, 1, 0.0150107641112
18766994.0, 6560212.0, 1, 0.0140760049802
17990104.0, 6729276.0, 1, 0.0135627290643
16642370.0, 7949384.0, 1, 0.00746670201715
18996838.0, 6318426.0, 1, 0.00712105915672
18986544.0, 6409982.0, 1, 0.00693896969672
17899764.0, 6742608.0, 1, 0.00623755530344
16652226.0, 7846962.0, 1, 0.0
16771596.0, 7703098.0, 1, 0.0
16815532.0, 7450386.0, 1, 0.0
16815532.0, 7450386.0, 1, 0.0
16815532.0, 7450386.0, 1, 0.0
16906902.0, 7329338.0, 1, 0.0
16906902.0, 7329338.0, 1, 0.0
16906902.0, 7329338.0, 1, 0.0
16906902.0, 7329338.0, 1, 0.0
16906902.0, 7329338.0, 1, 0.0
16906902.0, 7329338.0, 1, 0.0
17025916.0, 7313618.0, 1, 0.0
17078728.0, 7050656.0, 1, 0.0
17078728.0, 7050656.0, 1, 0.0
17078728.0, 7050656.0, 1, 0.0
17161722.0, 6955492.0, 1, 0.0
17161722.0, 6955492.0, 1, 0.0
17161722.0, 6955492.0, 1, 0.0
17161722.0, 6955492.0, 1, 0.0
17161722.0, 6955492.0, 1, 0.0
17161722.0, 6955492.0, 1, 0.0
17161722.0, 6955492.0, 1, 0.0
17899764.0, 6742608.0, 1, 0.0
17899764.0, 6742608.0, 1, 0.0
17899764.0, 6742608.0, 1, 0.0
17990104.0, 6729276.0, 1, 0.0
17990104.0, 6729276.0, 1, 0.0
17990104.0, 6729276.0, 1, 0.0
18996838.0, 6318426.0, 1, 0.0
18996838.0, 6318426.0, 1, 0.0
18996838.0, 6318426.0, 1, 0.0
19072340.0, 6303642.0, 1, 0.0
19072340.0, 6303642.0, 1, 0.0
19072340.0, 6303642.0, 1, 0.0
19072340.0, 6303642.0, 1, 0.0
19072340.0, 6303642.0, 1, 0.0
19072340.0, 6303642.0, 1, 0.0
19072340.0, 6303642.0, 1, 0.0
19185380.0, 6284830.0, 1, 0.0
19185380.0, 6284830.0, 1, 0.0
19185380.0, 6284830.0, 1, 0.0
19185380.0, 6284830.0, 1, 0.0
15975696.0, 9488294.0, 1, 0.0
15975696.0, 9488294.0, 1, 0.0
15975696.0, 9488294.0, 1, 0.0
15975696.0, 9488294.0, 1, 0.0
16096542.0, 9471888.0, 1, 0.0
16132018.0, 9331812.0, 1, 0.0
16132018.0, 9331812.0, 1, 0.0
16132018.0, 9331812.0, 1, 0.0
16218700.0, 8663926.0, 1, 0.0
16514866.0, 7965890.0, 1, 0.0
16514866.0, 7965890.0, 1, 0.0
16514866.0, 7965890.0, 1, 0.0
16514866.0, 7965890.0, 1, 0.0
16514866.0, 7965890.0, 1, 0.0
16514866.0, 7965890.0, 1, 0.0
16514866.0, 7965890.0, 1, 0.0
16642370.0, 7949384.0, 1, 0.0
16652226.0, 7846962.0, 1, 0.0
19699020.0, 6566948.0, 2, inf
16250554.0, 9379316.0, 2, inf
18110570.0, 6710048.0, 2, 0.501299721239
16777278.0, 7830392.0, 2, 0.436449669316
17907110.0, 6824440.0, 2, 0.378516325791
17201200.0, 7032946.0, 2, 0.315555590541
16266036.0, 9180042.0, 2, 0.287331443176
16341622.0, 8645504.0, 2, 0.277835102808
16422090.0, 8525936.0, 2, 0.270650574044
17107386.0, 7270932.0, 2, 0.182763562277
16422090.0, 8525936.0, 2, 0.145513902684
17157642.0, 7100676.0, 2, 0.111825775941
18110570.0, 6710048.0, 2, 0.109882534812
16936998.0, 7434730.0, 2, 0.101344677465
16896392.0, 7685292.0, 2, 0.0716991660167
16936998.0, 7434730.0, 2, 0.0633225422413
16919478.0, 7580790.0, 2, 0.0586294527829
16896392.0, 7685292.0, 2, 0.0582881034289
16919478.0, 7580790.0, 2, 0.0422385304761
16590186.0, 8679000.0, 3, inf
18555628.0, 6975910.0, 3, inf
16905910.0, 8074698.0, 3, 0.802375167228
17443420.0, 7173074.0, 3, 0.697892059754
18361672.0, 7134732.0, 3, 0.560453927641
17017230.0, 7682524.0, 3, 0.346259819428
17242506.0, 7353528.0, 3, 0.282806182907
17036222.0, 7597904.0, 3, 0.233168379541
17116024.0, 7371024.0, 3, 0.197569637322
18361672.0, 7134732.0, 3, 0.121196342683
17116024.0, 7371024.0, 3, 0.0508756636895
Generacion: 238
19185380.0, 6284830.0, 1, inf
15801706.0, 9909422.0, 1, inf
19185380.0, 6284830.0, 1, inf
15801706.0, 9909422.0, 1, inf
16218700.0, 8663926.0, 1, 0.213292181171
16132018.0, 9331812.0, 1, 0.194749614718
17899764.0, 6742608.0, 1, 0.191118219367
15825172.0, 9892696.0, 1, 0.167606756607
18187530.0, 6607946.0, 1, 0.166155936762
15975696.0, 9488294.0, 1, 0.147286163487
18654432.0, 6577354.0, 1, 0.142716057184
17442302.0, 6835196.0, 1, 0.140069102948
16514866.0, 7965890.0, 1, 0.135383044573
16440704.0, 8320016.0, 1, 0.134284238955
16316918.0, 8338366.0, 1, 0.126403076055
16218700.0, 8663926.0, 1, 0.115437480669
16652226.0, 7846962.0, 1, 0.106139644656
16771596.0, 7703098.0, 1, 0.104999723695
17025916.0, 7313618.0, 1, 0.0968151118486
16815532.0, 7450386.0, 1, 0.0967246948356
17037622.0, 7118450.0, 1, 0.0881572935155
16096542.0, 9471888.0, 1, 0.0743604383295
18766994.0, 6560212.0, 1, 0.0694324845608
16906902.0, 7329338.0, 1, 0.0685693207023
16642370.0, 7949384.0, 1, 0.0659396423914
16132018.0, 9331812.0, 1, 0.0642637209744
17161722.0, 6955492.0, 1, 0.0617254131183
17442302.0, 6835196.0, 1, 0.0612068113223
17321632.0, 6852856.0, 1, 0.0590752610678
17281742.0, 6937718.0, 1, 0.0588831621836
18110570.0, 6710048.0, 1, 0.0538868470093
16771596.0, 7703098.0, 1, 0.052675790417
15975696.0, 9488294.0, 1, 0.0490116755465
18874122.0, 6429124.0, 1, 0.048058676091
16815532.0, 7450386.0, 1, 0.0463810129635
18996838.0, 6318426.0, 1, 0.0458815093051
18986452.0, 6403850.0, 1, 0.0448731379313
17078728.0, 7050656.0, 1, 0.0432316748715
18654432.0, 6577354.0, 1, 0.0417063294514
18023550.0, 6722720.0, 1, 0.0409070024542
18914362.0, 6424106.0, 1, 0.040170565308
17078728.0, 7050656.0, 1, 0.0384034264258
19072340.0, 6303642.0, 1, 0.0374862775554
18766994.0, 6560212.0, 1, 0.036389620299
16316918.0, 8338366.0, 1, 0.0340896667917
18874122.0, 6429124.0, 1, 0.0330446920974
16906902.0, 7329338.0, 1, 0.0313402322534
18187530.0, 6607946.0, 1, 0.031184630257
17161722.0, 6955492.0, 1, 0.0294315009485
17990104.0, 6729276.0, 1, 0.0285075448433
19072340.0, 6303642.0, 1, 0.027503716715
16440704.0, 8320016.0, 1, 0.0269802348547
16514866.0, 7965890.0, 1, 0.0264714879392
18110570.0, 6710048.0, 1, 0.0262406255249
17281742.0, 6937718.0, 1, 0.0166926850933
17321632.0, 6852856.0, 1, 0.0166612332775
16096542.0, 9471888.0, 1, 0.0150107641112
17990104.0, 6729276.0, 1, 0.0135627290643
18986452.0, 6403850.0, 1, 0.00865793569653
16642370.0, 7949384.0, 1, 0.00746670201715
18996838.0, 6318426.0, 1, 0.00714824853726
16906902.0, 7329338.0, 1, 0.0
16906902.0, 7329338.0, 1, 0.0
17078728.0, 7050656.0, 1, 0.0
17078728.0, 7050656.0, 1, 0.0
17078728.0, 7050656.0, 1, 0.0
17161722.0, 6955492.0, 1, 0.0
17161722.0, 6955492.0, 1, 0.0
17161722.0, 6955492.0, 1, 0.0
17161722.0, 6955492.0, 1, 0.0
17161722.0, 6955492.0, 1, 0.0
17161722.0, 6955492.0, 1, 0.0
17281742.0, 6937718.0, 1, 0.0
17281742.0, 6937718.0, 1, 0.0
17281742.0, 6937718.0, 1, 0.0
17281742.0, 6937718.0, 1, 0.0
17321632.0, 6852856.0, 1, 0.0
17321632.0, 6852856.0, 1, 0.0
17321632.0, 6852856.0, 1, 0.0
17442302.0, 6835196.0, 1, 0.0
17990104.0, 6729276.0, 1, 0.0
17990104.0, 6729276.0, 1, 0.0
17990104.0, 6729276.0, 1, 0.0
17990104.0, 6729276.0, 1, 0.0
17990104.0, 6729276.0, 1, 0.0
18874122.0, 6429124.0, 1, 0.0
18874122.0, 6429124.0, 1, 0.0
18874122.0, 6429124.0, 1, 0.0
18996838.0, 6318426.0, 1, 0.0
18996838.0, 6318426.0, 1, 0.0
18996838.0, 6318426.0, 1, 0.0
18996838.0, 6318426.0, 1, 0.0
18996838.0, 6318426.0, 1, 0.0
18996838.0, 6318426.0, 1, 0.0
19072340.0, 6303642.0, 1, 0.0
19072340.0, 6303642.0, 1, 0.0
19072340.0, 6303642.0, 1, 0.0
19072340.0, 6303642.0, 1, 0.0
15801706.0, 9909422.0, 1, 0.0
15975696.0, 9488294.0, 1, 0.0
15975696.0, 9488294.0, 1, 0.0
15975696.0, 9488294.0, 1, 0.0
15975696.0, 9488294.0, 1, 0.0
15975696.0, 9488294.0, 1, 0.0
15975696.0, 9488294.0, 1, 0.0
15975696.0, 9488294.0, 1, 0.0
15975696.0, 9488294.0, 1, 0.0
15975696.0, 9488294.0, 1, 0.0
15975696.0, 9488294.0, 1, 0.0
16096542.0, 9471888.0, 1, 0.0
16096542.0, 9471888.0, 1, 0.0
16096542.0, 9471888.0, 1, 0.0
16514866.0, 7965890.0, 1, 0.0
16514866.0, 7965890.0, 1, 0.0
16514866.0, 7965890.0, 1, 0.0
16514866.0, 7965890.0, 1, 0.0
16514866.0, 7965890.0, 1, 0.0
16514866.0, 7965890.0, 1, 0.0
16514866.0, 7965890.0, 1, 0.0
16514866.0, 7965890.0, 1, 0.0
16514866.0, 7965890.0, 1, 0.0
16514866.0, 7965890.0, 1, 0.0
16642370.0, 7949384.0, 1, 0.0
16642370.0, 7949384.0, 1, 0.0
16771596.0, 7703098.0, 1, 0.0
16906902.0, 7329338.0, 1, 0.0
20069920.0, 6309786.0, 2, inf
15837804.0, 9932044.0, 2, inf
18986544.0, 6409982.0, 2, 0.712454895114
17770662.0, 6922552.0, 2, 0.527891813891
16266036.0, 9180042.0, 2, 0.296773048517
16777278.0, 7830392.0, 2, 0.227680967264
16341622.0, 8645504.0, 2, 0.21927975361
16936998.0, 7434730.0, 2, 0.206859890772
16688100.0, 8046418.0, 2, 0.201665959305
16544958.0, 8362036.0, 2, 0.193409671576
17116024.0, 7371024.0, 2, 0.184570277772
17209102.0, 6999062.0, 2, 0.179406123163
16042054.0, 9596432.0, 2, 0.177449556744
16158048.0, 9563372.0, 2, 0.167877511787
17360744.0, 6930624.0, 2, 0.153812308759
16417138.0, 8515082.0, 2, 0.126303205869
17835610.0, 6929878.0, 3, inf
16422090.0, 8525936.0, 3, inf
16991120.0, 7565206.0, 3, 1.31497114541
17242506.0, 7353528.0, 3, 0.995498324685
16660916.0, 8920856.0, 4, inf
18436572.0, 6992990.0, 4, inf
18436572.0, 6992990.0, 4, inf
17278430.0, 7940006.0, 4, 1.10736151036
Generacion: 239
19185380.0, 6284830.0, 1, inf
15801706.0, 9909422.0, 1, inf
15801706.0, 9909422.0, 1, inf
16218700.0, 8663926.0, 1, 0.213292181171
18063094.0, 6627720.0, 1, 0.196388265896
16132018.0, 9331812.0, 1, 0.194749614718
18654432.0, 6577354.0, 1, 0.179491467581
16440704.0, 8320016.0, 1, 0.16126447381
16316918.0, 8338366.0, 1, 0.160492742846
15975696.0, 9488294.0, 1, 0.151900751832
17442302.0, 6835196.0, 1, 0.140069102948
17899764.0, 6742608.0, 1, 0.13887503752
16514866.0, 7965890.0, 1, 0.135383044573
16218700.0, 8663926.0, 1, 0.115437480669
16771596.0, 7703098.0, 1, 0.107912533853
16642370.0, 7949384.0, 1, 0.105630730381
17025916.0, 7313618.0, 1, 0.0968151118486
16815532.0, 7450386.0, 1, 0.0967246948356
17037622.0, 7118450.0, 1, 0.0881572935155
16771596.0, 7703098.0, 1, 0.0809333156778
16096542.0, 9471888.0, 1, 0.0743604383295
18766994.0, 6560212.0, 1, 0.0694324845608
16906902.0, 7329338.0, 1, 0.0685693207023
18952884.0, 6390894.0, 1, 0.0668079039277
16132018.0, 9331812.0, 1, 0.0642637209744
17442302.0, 6835196.0, 1, 0.0612068113223
18874122.0, 6429124.0, 1, 0.0594433425808
17321632.0, 6852856.0, 1, 0.0590752610678
15975696.0, 9488294.0, 1, 0.055946740804
17899764.0, 6742608.0, 1, 0.0522431818474
18016714.0, 6706106.0, 1, 0.0495898288332
17161722.0, 6955492.0, 1, 0.0486863319302
18654432.0, 6577354.0, 1, 0.0471618400303
16815532.0, 7450386.0, 1, 0.0463810129635
17078728.0, 7050656.0, 1, 0.0432316748715
16642370.0, 7949384.0, 1, 0.0427449232642
18996838.0, 6318426.0, 1, 0.0423070380267
18874122.0, 6429124.0, 1, 0.0422076544391
17237622.0, 6948220.0, 1, 0.0403740444677
17078728.0, 7050656.0, 1, 0.0384034264258
17281742.0, 6937718.0, 1, 0.0364519232404
18766994.0, 6560212.0, 1, 0.036389620299
17990104.0, 6729276.0, 1, 0.0330912331591
16906902.0, 7329338.0, 1, 0.0313402322534
18063094.0, 6627720.0, 1, 0.0276026271747
17161722.0, 6955492.0, 1, 0.0265340713895
16514866.0, 7965890.0, 1, 0.0264714879392
19072340.0, 6303642.0, 1, 0.023607002271
19113198.0, 6298954.0, 1, 0.0226258202777
18996838.0, 6318426.0, 1, 0.0170688259924
17321632.0, 6852856.0, 1, 0.0166612332775
19072340.0, 6303642.0, 1, 0.01615384423
19113198.0, 6298954.0, 1, 0.01597175477
16096542.0, 9471888.0, 1, 0.0150107641112
17281742.0, 6937718.0, 1, 0.0146863903158
17990104.0, 6729276.0, 1, 0.0115424398757
16815532.0, 7450386.0, 1, 0.0
16906902.0, 7329338.0, 1, 0.0
17078728.0, 7050656.0, 1, 0.0
17078728.0, 7050656.0, 1, 0.0
17078728.0, 7050656.0, 1, 0.0
17078728.0, 7050656.0, 1, 0.0
17161722.0, 6955492.0, 1, 0.0
17161722.0, 6955492.0, 1, 0.0
17161722.0, 6955492.0, 1, 0.0
17161722.0, 6955492.0, 1, 0.0
17161722.0, 6955492.0, 1, 0.0
17161722.0, 6955492.0, 1, 0.0
17161722.0, 6955492.0, 1, 0.0
17161722.0, 6955492.0, 1, 0.0
17321632.0, 6852856.0, 1, 0.0
17321632.0, 6852856.0, 1, 0.0
17321632.0, 6852856.0, 1, 0.0
17442302.0, 6835196.0, 1, 0.0
17990104.0, 6729276.0, 1, 0.0
17990104.0, 6729276.0, 1, 0.0
17990104.0, 6729276.0, 1, 0.0
17990104.0, 6729276.0, 1, 0.0
17990104.0, 6729276.0, 1, 0.0
18063094.0, 6627720.0, 1, 0.0
18654432.0, 6577354.0, 1, 0.0
18654432.0, 6577354.0, 1, 0.0
18654432.0, 6577354.0, 1, 0.0
18654432.0, 6577354.0, 1, 0.0
18766994.0, 6560212.0, 1, 0.0
18996838.0, 6318426.0, 1, 0.0
18996838.0, 6318426.0, 1, 0.0
18996838.0, 6318426.0, 1, 0.0
18996838.0, 6318426.0, 1, 0.0
18996838.0, 6318426.0, 1, 0.0
19072340.0, 6303642.0, 1, 0.0
19072340.0, 6303642.0, 1, 0.0
19072340.0, 6303642.0, 1, 0.0
19072340.0, 6303642.0, 1, 0.0
19072340.0, 6303642.0, 1, 0.0
19072340.0, 6303642.0, 1, 0.0
19072340.0, 6303642.0, 1, 0.0
19072340.0, 6303642.0, 1, 0.0
19113198.0, 6298954.0, 1, 0.0
15975696.0, 9488294.0, 1, 0.0
15975696.0, 9488294.0, 1, 0.0
15975696.0, 9488294.0, 1, 0.0
15975696.0, 9488294.0, 1, 0.0
15975696.0, 9488294.0, 1, 0.0
15975696.0, 9488294.0, 1, 0.0
15975696.0, 9488294.0, 1, 0.0
15975696.0, 9488294.0, 1, 0.0
15975696.0, 9488294.0, 1, 0.0
15975696.0, 9488294.0, 1, 0.0
16096542.0, 9471888.0, 1, 0.0
16096542.0, 9471888.0, 1, 0.0
16096542.0, 9471888.0, 1, 0.0
16096542.0, 9471888.0, 1, 0.0
16218700.0, 8663926.0, 1, 0.0
16218700.0, 8663926.0, 1, 0.0
16514866.0, 7965890.0, 1, 0.0
16514866.0, 7965890.0, 1, 0.0
16514866.0, 7965890.0, 1, 0.0
16514866.0, 7965890.0, 1, 0.0
16514866.0, 7965890.0, 1, 0.0
16642370.0, 7949384.0, 1, 0.0
16642370.0, 7949384.0, 1, 0.0
16642370.0, 7949384.0, 1, 0.0
16642370.0, 7949384.0, 1, 0.0
16642370.0, 7949384.0, 1, 0.0
16771596.0, 7703098.0, 1, 0.0
16771596.0, 7703098.0, 1, 0.0
18986544.0, 6409982.0, 2, inf
15837804.0, 9932044.0, 2, inf
18986544.0, 6409982.0, 2, inf
16517408.0, 8762806.0, 2, 0.320834115513
17360408.0, 6911624.0, 2, 0.307850596031
16266036.0, 9180042.0, 2, 0.29334442549
18568172.0, 6676210.0, 2, 0.29117975224
16266036.0, 9180042.0, 2, 0.254464626224
16896392.0, 7685292.0, 2, 0.25272011983
16688100.0, 8046418.0, 2, 0.241812846678
17117732.0, 7120110.0, 2, 0.221453521714
18911694.0, 6580602.0, 2, 0.208458330842
17897498.0, 6908058.0, 2, 0.198379321957
16544958.0, 8362036.0, 2, 0.184480396307
18110570.0, 6710048.0, 2, 0.177807309031
17027528.0, 7319250.0, 2, 0.146727186224
16936998.0, 7434730.0, 2, 0.14557545885
16581656.0, 8184920.0, 2, 0.13507179921
17907110.0, 6824440.0, 2, 0.123888879894
18110570.0, 6710048.0, 2, 0.0742237629066
18110570.0, 6710048.0, 2, 0.0
16292480.0, 9543162.0, 3, inf
19020118.0, 6732134.0, 3, inf
Generacion: 240
19185380.0, 6284830.0, 1, inf
19185380.0, 6284830.0, 1, inf
15801706.0, 9909422.0, 1, inf
15801706.0, 9909422.0, 1, inf
16218700.0, 8663926.0, 1, 0.213292181171
18016714.0, 6706106.0, 1, 0.194861545547
16132018.0, 9331812.0, 1, 0.194749614718
17321632.0, 6852856.0, 1, 0.194272091495
18654432.0, 6577354.0, 1, 0.193198461813
17899764.0, 6742608.0, 1, 0.174537456535
16316918.0, 8338366.0, 1, 0.160492742846
15975696.0, 9488294.0, 1, 0.151900751832
16514866.0, 7965890.0, 1, 0.135383044573
16440704.0, 8320016.0, 1, 0.134284238955
16218700.0, 8663926.0, 1, 0.115437480669
16642370.0, 7949384.0, 1, 0.105630730381
17025916.0, 7313618.0, 1, 0.0890185188466
17037622.0, 7118450.0, 1, 0.0881572935155
16800464.0, 7596510.0, 1, 0.0827062048747
18766994.0, 6560212.0, 1, 0.079429685637
16771596.0, 7703098.0, 1, 0.0764801680046
16096542.0, 9471888.0, 1, 0.0743604383295
18654432.0, 6577354.0, 1, 0.0687879982296
16906902.0, 7329338.0, 1, 0.0685693207023
18798620.0, 6443908.0, 1, 0.0678265378886
16771596.0, 7703098.0, 1, 0.0675979274093
16815532.0, 7450386.0, 1, 0.0673177988319
16132018.0, 9331812.0, 1, 0.0642637209744
18986544.0, 6409982.0, 1, 0.0584845025487
17899764.0, 6742608.0, 1, 0.057115454368
15975696.0, 9488294.0, 1, 0.055946740804
17161722.0, 6955492.0, 1, 0.0486863319302
18996838.0, 6318426.0, 1, 0.0475732859244
18016714.0, 6706106.0, 1, 0.0433860239259
17078728.0, 7050656.0, 1, 0.0432316748715
16642370.0, 7949384.0, 1, 0.0427449232642
17321632.0, 6852856.0, 1, 0.0422056255842
17237622.0, 6948220.0, 1, 0.0403740444677
19113198.0, 6298954.0, 1, 0.0385975750477
17078728.0, 7050656.0, 1, 0.0384034264258
16815532.0, 7450386.0, 1, 0.0378494582097
18874122.0, 6429124.0, 1, 0.037303635847
17281742.0, 6937718.0, 1, 0.0364519232404
17990104.0, 6729276.0, 1, 0.0330912331591
16906902.0, 7329338.0, 1, 0.0313402322534
18874122.0, 6429124.0, 1, 0.027594761445
16440704.0, 8320016.0, 1, 0.0269802348547
17161722.0, 6955492.0, 1, 0.0265340713895
16514866.0, 7965890.0, 1, 0.0264714879392
19072340.0, 6303642.0, 1, 0.023607002271
19072340.0, 6303642.0, 1, 0.01615384423
16096542.0, 9471888.0, 1, 0.0150107641112
17281742.0, 6937718.0, 1, 0.0146863903158
17990104.0, 6729276.0, 1, 0.0115424398757
18986544.0, 6409982.0, 1, 0.00832340137896
17025916.0, 7313618.0, 1, 0.00779659300207
18996838.0, 6318426.0, 1, 0.00712105915672
17161722.0, 6955492.0, 1, 0.0
17161722.0, 6955492.0, 1, 0.0
17161722.0, 6955492.0, 1, 0.0
17161722.0, 6955492.0, 1, 0.0
17161722.0, 6955492.0, 1, 0.0
17161722.0, 6955492.0, 1, 0.0
17161722.0, 6955492.0, 1, 0.0
17281742.0, 6937718.0, 1, 0.0
17321632.0, 6852856.0, 1, 0.0
17321632.0, 6852856.0, 1, 0.0
17321632.0, 6852856.0, 1, 0.0
17321632.0, 6852856.0, 1, 0.0
17990104.0, 6729276.0, 1, 0.0
17990104.0, 6729276.0, 1, 0.0
18654432.0, 6577354.0, 1, 0.0
18654432.0, 6577354.0, 1, 0.0
18654432.0, 6577354.0, 1, 0.0
18654432.0, 6577354.0, 1, 0.0
18996838.0, 6318426.0, 1, 0.0
18996838.0, 6318426.0, 1, 0.0
18996838.0, 6318426.0, 1, 0.0
18996838.0, 6318426.0, 1, 0.0
18996838.0, 6318426.0, 1, 0.0
19072340.0, 6303642.0, 1, 0.0
19072340.0, 6303642.0, 1, 0.0
19072340.0, 6303642.0, 1, 0.0
19072340.0, 6303642.0, 1, 0.0
19072340.0, 6303642.0, 1, 0.0
19072340.0, 6303642.0, 1, 0.0
19072340.0, 6303642.0, 1, 0.0
15975696.0, 9488294.0, 1, 0.0
15975696.0, 9488294.0, 1, 0.0
15975696.0, 9488294.0, 1, 0.0
15975696.0, 9488294.0, 1, 0.0
15975696.0, 9488294.0, 1, 0.0
15975696.0, 9488294.0, 1, 0.0
15975696.0, 9488294.0, 1, 0.0
15975696.0, 9488294.0, 1, 0.0
15975696.0, 9488294.0, 1, 0.0
15975696.0, 9488294.0, 1, 0.0
15975696.0, 9488294.0, 1, 0.0
16096542.0, 9471888.0, 1, 0.0
16096542.0, 9471888.0, 1, 0.0
16096542.0, 9471888.0, 1, 0.0
16132018.0, 9331812.0, 1, 0.0
16440704.0, 8320016.0, 1, 0.0
16440704.0, 8320016.0, 1, 0.0
16514866.0, 7965890.0, 1, 0.0
16514866.0, 7965890.0, 1, 0.0
16514866.0, 7965890.0, 1, 0.0
16514866.0, 7965890.0, 1, 0.0
16514866.0, 7965890.0, 1, 0.0
16514866.0, 7965890.0, 1, 0.0
16514866.0, 7965890.0, 1, 0.0
16514866.0, 7965890.0, 1, 0.0
16642370.0, 7949384.0, 1, 0.0
16815532.0, 7450386.0, 1, 0.0
16815532.0, 7450386.0, 1, 0.0
16815532.0, 7450386.0, 1, 0.0
16815532.0, 7450386.0, 1, 0.0
16815532.0, 7450386.0, 1, 0.0
16906902.0, 7329338.0, 1, 0.0
16906902.0, 7329338.0, 1, 0.0
17078728.0, 7050656.0, 1, 0.0
17078728.0, 7050656.0, 1, 0.0
17078728.0, 7050656.0, 1, 0.0
17161722.0, 6955492.0, 1, 0.0
17161722.0, 6955492.0, 1, 0.0
17161722.0, 6955492.0, 1, 0.0
17161722.0, 6955492.0, 1, 0.0
17161722.0, 6955492.0, 1, 0.0
17161722.0, 6955492.0, 1, 0.0
17161722.0, 6955492.0, 1, 0.0
17161722.0, 6955492.0, 1, 0.0
18110570.0, 6710048.0, 2, inf
18110570.0, 6710048.0, 2, inf
16266036.0, 9180042.0, 2, inf
17027528.0, 7319250.0, 2, 0.607946095489
16341622.0, 8645504.0, 2, 0.587268738524
16688100.0, 8046418.0, 2, 0.578927239971
17835610.0, 6929878.0, 2, 0.518155052735
17157642.0, 7100676.0, 2, 0.466209258074
16633876.0, 8222062.0, 2, 0.43038592608
17907110.0, 6824440.0, 2, 0.176387668908
18019186.0, 6740026.0, 2, 0.156616945924
17117732.0, 7120110.0, 2, 0.102260578873
17117732.0, 7120110.0, 2, 0.0567714439728
18110570.0, 6710048.0, 2, 0.0
18110570.0, 6710048.0, 2, 0.0
18110570.0, 6710048.0, 2, 0.0
19020118.0, 6732134.0, 3, inf
16717220.0, 9007242.0, 3, inf
17282680.0, 7468402.0, 3, 0.857260126214
Generacion: 241
19185380.0, 6284830.0, 1, inf
15801706.0, 9909422.0, 1, inf
19185380.0, 6284830.0, 1, inf
18154450.0, 6614188.0, 1, 0.223990893071
16218700.0, 8663926.0, 1, 0.213292181171
16132018.0, 9331812.0, 1, 0.194749614718
16771596.0, 7703098.0, 1, 0.188845849531
18654432.0, 6577354.0, 1, 0.152492412707
15975696.0, 9488294.0, 1, 0.151900751832
17442302.0, 6835196.0, 1, 0.140069102948
17899764.0, 6742608.0, 1, 0.13887503752
16514866.0, 7965890.0, 1, 0.135383044573
16440704.0, 8320016.0, 1, 0.134284238955
16316918.0, 8338366.0, 1, 0.126403076055
16218700.0, 8663926.0, 1, 0.115437480669
16642370.0, 7949384.0, 1, 0.105630730381
16815532.0, 7450386.0, 1, 0.0967246948356
17025916.0, 7313618.0, 1, 0.0890185188466
17037622.0, 7118450.0, 1, 0.0881572935155
18016714.0, 6706106.0, 1, 0.0803222694229
16096542.0, 9471888.0, 1, 0.0743604383295
16906902.0, 7329338.0, 1, 0.0685693207023
18952884.0, 6390894.0, 1, 0.0668079039277
16132018.0, 9331812.0, 1, 0.0642637209744
17442302.0, 6835196.0, 1, 0.0612068113223
18874122.0, 6429124.0, 1, 0.060216878354
17321632.0, 6852856.0, 1, 0.0590752610678
15975696.0, 9488294.0, 1, 0.055946740804
18798620.0, 6443908.0, 1, 0.0530297578424
18766994.0, 6560212.0, 1, 0.0527923470173
17899764.0, 6742608.0, 1, 0.0522431818474
17132118.0, 7045174.0, 1, 0.0507828695991
17161722.0, 6955492.0, 1, 0.0471738858398
16815532.0, 7450386.0, 1, 0.0463810129635
18654432.0, 6577354.0, 1, 0.043428454314
16642370.0, 7949384.0, 1, 0.0427449232642
18996838.0, 6318426.0, 1, 0.0423070380267
17237622.0, 6948220.0, 1, 0.0403740444677
17281742.0, 6937718.0, 1, 0.0364519232404
17078728.0, 7050656.0, 1, 0.0344826050734
16316918.0, 8338366.0, 1, 0.0340896667917
17990104.0, 6729276.0, 1, 0.0330912331591
16906902.0, 7329338.0, 1, 0.0313402322534
18788234.0, 6529332.0, 1, 0.0298450944496
16440704.0, 8320016.0, 1, 0.0269802348547
16514866.0, 7965890.0, 1, 0.0264714879392
19072340.0, 6303642.0, 1, 0.023607002271
19113198.0, 6298954.0, 1, 0.0226258202777
18996838.0, 6318426.0, 1, 0.0170688259924
17321632.0, 6852856.0, 1, 0.0166612332775
19072340.0, 6303642.0, 1, 0.01615384423
19113198.0, 6298954.0, 1, 0.01597175477
16096542.0, 9471888.0, 1, 0.0150107641112
17281742.0, 6937718.0, 1, 0.0146863903158
17078728.0, 7050656.0, 1, 0.0136607795292
18788234.0, 6529332.0, 1, 0.0115890242163
17990104.0, 6729276.0, 1, 0.0115424398757
17161722.0, 6955492.0, 1, 0.0107553645755
17025916.0, 7313618.0, 1, 0.00779659300207
17078728.0, 7050656.0, 1, 0.0
17078728.0, 7050656.0, 1, 0.0
17078728.0, 7050656.0, 1, 0.0
17078728.0, 7050656.0, 1, 0.0
17161722.0, 6955492.0, 1, 0.0
17161722.0, 6955492.0, 1, 0.0
17161722.0, 6955492.0, 1, 0.0
17161722.0, 6955492.0, 1, 0.0
17161722.0, 6955492.0, 1, 0.0
17161722.0, 6955492.0, 1, 0.0
17161722.0, 6955492.0, 1, 0.0
17161722.0, 6955492.0, 1, 0.0
17281742.0, 6937718.0, 1, 0.0
17281742.0, 6937718.0, 1, 0.0
17281742.0, 6937718.0, 1, 0.0
17281742.0, 6937718.0, 1, 0.0
17281742.0, 6937718.0, 1, 0.0
17321632.0, 6852856.0, 1, 0.0
17321632.0, 6852856.0, 1, 0.0
17442302.0, 6835196.0, 1, 0.0
17442302.0, 6835196.0, 1, 0.0
17442302.0, 6835196.0, 1, 0.0
17899764.0, 6742608.0, 1, 0.0
18654432.0, 6577354.0, 1, 0.0
18654432.0, 6577354.0, 1, 0.0
18654432.0, 6577354.0, 1, 0.0
18996838.0, 6318426.0, 1, 0.0
18996838.0, 6318426.0, 1, 0.0
19072340.0, 6303642.0, 1, 0.0
19072340.0, 6303642.0, 1, 0.0
19072340.0, 6303642.0, 1, 0.0
19072340.0, 6303642.0, 1, 0.0
19072340.0, 6303642.0, 1, 0.0
19072340.0, 6303642.0, 1, 0.0
19072340.0, 6303642.0, 1, 0.0
19072340.0, 6303642.0, 1, 0.0
19072340.0, 6303642.0, 1, 0.0
15975696.0, 9488294.0, 1, 0.0
15975696.0, 9488294.0, 1, 0.0
15975696.0, 9488294.0, 1, 0.0
16096542.0, 9471888.0, 1, 0.0
16096542.0, 9471888.0, 1, 0.0
16096542.0, 9471888.0, 1, 0.0
16132018.0, 9331812.0, 1, 0.0
16316918.0, 8338366.0, 1, 0.0
16316918.0, 8338366.0, 1, 0.0
16316918.0, 8338366.0, 1, 0.0
16440704.0, 8320016.0, 1, 0.0
16440704.0, 8320016.0, 1, 0.0
16514866.0, 7965890.0, 1, 0.0
16514866.0, 7965890.0, 1, 0.0
16514866.0, 7965890.0, 1, 0.0
16514866.0, 7965890.0, 1, 0.0
16514866.0, 7965890.0, 1, 0.0
16514866.0, 7965890.0, 1, 0.0
16514866.0, 7965890.0, 1, 0.0
16642370.0, 7949384.0, 1, 0.0
16642370.0, 7949384.0, 1, 0.0
16815532.0, 7450386.0, 1, 0.0
16815532.0, 7450386.0, 1, 0.0
16815532.0, 7450386.0, 1, 0.0
16815532.0, 7450386.0, 1, 0.0
16815532.0, 7450386.0, 1, 0.0
16815532.0, 7450386.0, 1, 0.0
16815532.0, 7450386.0, 1, 0.0
16906902.0, 7329338.0, 1, 0.0
16906902.0, 7329338.0, 1, 0.0
16906902.0, 7329338.0, 1, 0.0
16906902.0, 7329338.0, 1, 0.0
17025916.0, 7313618.0, 1, 0.0
17025916.0, 7313618.0, 1, 0.0
18986452.0, 6403850.0, 2, inf
15837804.0, 9932044.0, 2, inf
16341622.0, 8645504.0, 2, 0.455350432238
16688100.0, 8046418.0, 2, 0.448347052365
18547636.0, 6614734.0, 2, 0.364963217265
16266036.0, 9180042.0, 2, 0.350685596737
16256948.0, 9787910.0, 2, 0.349145814899
17360744.0, 6930624.0, 2, 0.270649686562
18110570.0, 6710048.0, 2, 0.262866108095
16896392.0, 7685292.0, 2, 0.207669465828
17835610.0, 6929878.0, 2, 0.203619852151
17273430.0, 7254836.0, 2, 0.20254531589
17017230.0, 7682524.0, 2, 0.158827716738
17907110.0, 6824440.0, 2, 0.149633034464
17116024.0, 7371024.0, 2, 0.13828041136
17116024.0, 7371024.0, 2, 0.0643079373851
17116024.0, 7371024.0, 2, 0.0
17116024.0, 7371024.0, 2, 0.0
16487000.0, 9202402.0, 3, inf
18986544.0, 6409982.0, 3, inf
Generacion: 242
19185380.0, 6284830.0, 1, inf
19185380.0, 6284830.0, 1, inf
15801706.0, 9909422.0, 1, inf
15801706.0, 9909422.0, 1, inf
16218700.0, 8663926.0, 1, 0.213292181171
16132018.0, 9331812.0, 1, 0.194749614718
17899764.0, 6742608.0, 1, 0.191118219367
16771596.0, 7703098.0, 1, 0.188845849531
18654432.0, 6577354.0, 1, 0.154853217499
15975696.0, 9488294.0, 1, 0.151900751832
17442302.0, 6835196.0, 1, 0.140069102948
18766994.0, 6560212.0, 1, 0.139646563991
18952884.0, 6390894.0, 1, 0.134634441816
16316918.0, 8338366.0, 1, 0.126403076055
18275566.0, 6595074.0, 1, 0.115520120676
16218700.0, 8663926.0, 1, 0.115437480669
16642370.0, 7949384.0, 1, 0.105630730381
16514866.0, 7965890.0, 1, 0.0982511411753
16815532.0, 7450386.0, 1, 0.0967246948356
17025916.0, 7313618.0, 1, 0.0890185188466
16490244.0, 8185428.0, 1, 0.0752099143905
16096542.0, 9471888.0, 1, 0.0743604383295
16440704.0, 8320016.0, 1, 0.0737152149105
16906902.0, 7329338.0, 1, 0.0685693207023
17037622.0, 7118450.0, 1, 0.0659938421194
16132018.0, 9331812.0, 1, 0.0642637209744
17442302.0, 6835196.0, 1, 0.0612068113223
17321632.0, 6852856.0, 1, 0.0590752610678
17990104.0, 6729276.0, 1, 0.0584507770746
15975696.0, 9488294.0, 1, 0.055946740804
17990104.0, 6729276.0, 1, 0.0522484889809
17132118.0, 7045174.0, 1, 0.0507828695991
18154450.0, 6614188.0, 1, 0.0502924067515
17161722.0, 6955492.0, 1, 0.0471738858398
16815532.0, 7450386.0, 1, 0.0463810129635
16490244.0, 8185428.0, 1, 0.0444086091323
16642370.0, 7949384.0, 1, 0.0427449232642
18996838.0, 6318426.0, 1, 0.0423070380267
18154450.0, 6614188.0, 1, 0.0415283430577
18187530.0, 6607946.0, 1, 0.0410676495226
17078728.0, 7050656.0, 1, 0.0344826050734
16316918.0, 8338366.0, 1, 0.0340896667917
17281742.0, 6937718.0, 1, 0.0323652411309
16906902.0, 7329338.0, 1, 0.0313402322534
18275566.0, 6595074.0, 1, 0.0309066989881
17237622.0, 6948220.0, 1, 0.0250765021894
19072340.0, 6303642.0, 1, 0.023607002271
19113198.0, 6298954.0, 1, 0.0226258202777
17037622.0, 7118450.0, 1, 0.0221634513961
16440704.0, 8320016.0, 1, 0.0197035291201
18996838.0, 6318426.0, 1, 0.0170688259924
17321632.0, 6852856.0, 1, 0.0166612332775
19072340.0, 6303642.0, 1, 0.01615384423
19113198.0, 6298954.0, 1, 0.01597175477
17251450.0, 6938632.0, 1, 0.015936510747
16096542.0, 9471888.0, 1, 0.0150107641112
17078728.0, 7050656.0, 1, 0.0136607795292
17281742.0, 6937718.0, 1, 0.0120411270696
16514866.0, 7965890.0, 1, 0.0118305975934
17161722.0, 6955492.0, 1, 0.0107553645755
17025916.0, 7313618.0, 1, 0.00779659300207
17237622.0, 6948220.0, 1, 0.0060929768869
16906902.0, 7329338.0, 1, 0.0
16906902.0, 7329338.0, 1, 0.0
16906902.0, 7329338.0, 1, 0.0
16906902.0, 7329338.0, 1, 0.0
16906902.0, 7329338.0, 1, 0.0
16906902.0, 7329338.0, 1, 0.0
16906902.0, 7329338.0, 1, 0.0
16906902.0, 7329338.0, 1, 0.0
17078728.0, 7050656.0, 1, 0.0
17078728.0, 7050656.0, 1, 0.0
17078728.0, 7050656.0, 1, 0.0
17078728.0, 7050656.0, 1, 0.0
17161722.0, 6955492.0, 1, 0.0
17161722.0, 6955492.0, 1, 0.0
17161722.0, 6955492.0, 1, 0.0
17161722.0, 6955492.0, 1, 0.0
17161722.0, 6955492.0, 1, 0.0
17161722.0, 6955492.0, 1, 0.0
17161722.0, 6955492.0, 1, 0.0
17161722.0, 6955492.0, 1, 0.0
17161722.0, 6955492.0, 1, 0.0
17161722.0, 6955492.0, 1, 0.0
17237622.0, 6948220.0, 1, 0.0
17281742.0, 6937718.0, 1, 0.0
17281742.0, 6937718.0, 1, 0.0
17281742.0, 6937718.0, 1, 0.0
17321632.0, 6852856.0, 1, 0.0
17321632.0, 6852856.0, 1, 0.0
17321632.0, 6852856.0, 1, 0.0
17321632.0, 6852856.0, 1, 0.0
17321632.0, 6852856.0, 1, 0.0
17321632.0, 6852856.0, 1, 0.0
17321632.0, 6852856.0, 1, 0.0
17442302.0, 6835196.0, 1, 0.0
17442302.0, 6835196.0, 1, 0.0
17990104.0, 6729276.0, 1, 0.0
17990104.0, 6729276.0, 1, 0.0
17990104.0, 6729276.0, 1, 0.0
18996838.0, 6318426.0, 1, 0.0
19072340.0, 6303642.0, 1, 0.0
19072340.0, 6303642.0, 1, 0.0
19072340.0, 6303642.0, 1, 0.0
15975696.0, 9488294.0, 1, 0.0
15975696.0, 9488294.0, 1, 0.0
15975696.0, 9488294.0, 1, 0.0
16096542.0, 9471888.0, 1, 0.0
16132018.0, 9331812.0, 1, 0.0
16218700.0, 8663926.0, 1, 0.0
16316918.0, 8338366.0, 1, 0.0
16316918.0, 8338366.0, 1, 0.0
16316918.0, 8338366.0, 1, 0.0
16316918.0, 8338366.0, 1, 0.0
16316918.0, 8338366.0, 1, 0.0
16316918.0, 8338366.0, 1, 0.0
16440704.0, 8320016.0, 1, 0.0
16440704.0, 8320016.0, 1, 0.0
16440704.0, 8320016.0, 1, 0.0
16514866.0, 7965890.0, 1, 0.0
16514866.0, 7965890.0, 1, 0.0
16514866.0, 7965890.0, 1, 0.0
16642370.0, 7949384.0, 1, 0.0
16642370.0, 7949384.0, 1, 0.0
16642370.0, 7949384.0, 1, 0.0
16815532.0, 7450386.0, 1, 0.0
16815532.0, 7450386.0, 1, 0.0
16815532.0, 7450386.0, 1, 0.0
16906902.0, 7329338.0, 1, 0.0
16906902.0, 7329338.0, 1, 0.0
21099670.0, 6322076.0, 2, inf
15863722.0, 9915382.0, 2, inf
18986452.0, 6403850.0, 2, 0.447904107577
21055958.0, 6386564.0, 2, 0.408253875306
16315118.0, 9526892.0, 2, 0.390210459325
18436572.0, 6992990.0, 2, 0.324098833921
17201200.0, 7032946.0, 2, 0.274227994807
16316306.0, 8823834.0, 2, 0.250348025437
16936998.0, 7434730.0, 2, 0.212591310748
16896392.0, 7685292.0, 2, 0.209832203624
16726454.0, 8044230.0, 2, 0.199154704948
17157642.0, 7100676.0, 2, 0.162273827924
18568172.0, 6676210.0, 2, 0.156323273461
18672310.0, 6593054.0, 2, 0.155682697005
16465600.0, 8345666.0, 2, 0.121381908619
16390590.0, 8595604.0, 2, 0.107121725497
16581656.0, 8184920.0, 2, 0.0962086438598
16505722.0, 8238454.0, 2, 0.0669000802199
18986452.0, 6403850.0, 2, 0.0648077698397
16341622.0, 8645504.0, 2, 0.0589806624638
Generacion: 243
15801706.0, 9909422.0, 1, inf
19185380.0, 6284830.0, 1, inf
15801706.0, 9909422.0, 1, inf
19185380.0, 6284830.0, 1, inf
18654432.0, 6577354.0, 1, 0.289487659315
16642370.0, 7949384.0, 1, 0.23108185852
16218700.0, 8663926.0, 1, 0.213292181171
18996838.0, 6318426.0, 1, 0.19902242801
16132018.0, 9331812.0, 1, 0.194749614718
15825172.0, 9892696.0, 1, 0.167606756607
16815532.0, 7450386.0, 1, 0.164673308086
15975696.0, 9488294.0, 1, 0.147286163487
16316918.0, 8338366.0, 1, 0.1410439664
17442302.0, 6835196.0, 1, 0.140069102948
17899764.0, 6742608.0, 1, 0.13887503752
18275566.0, 6595074.0, 1, 0.115520120676
16218700.0, 8663926.0, 1, 0.115437480669
16490244.0, 8185428.0, 1, 0.111793225903
16514866.0, 7965890.0, 1, 0.0982511411753
17027528.0, 7319250.0, 1, 0.0968151118486
16815532.0, 7450386.0, 1, 0.084572044369
16096542.0, 9471888.0, 1, 0.0743604383295
16316918.0, 8338366.0, 1, 0.0712215701894
16906902.0, 7329338.0, 1, 0.0690457259352
17037622.0, 7118450.0, 1, 0.0675476721781
16132018.0, 9331812.0, 1, 0.0642637209744
18110570.0, 6710048.0, 1, 0.062049244119
17442302.0, 6835196.0, 1, 0.0612068113223
17321632.0, 6852856.0, 1, 0.0590752610678
17899764.0, 6742608.0, 1, 0.0522431818474
16490244.0, 8185428.0, 1, 0.0494712479066
15975696.0, 9488294.0, 1, 0.0490116755465
17161722.0, 6955492.0, 1, 0.0486863319302
17078728.0, 7050656.0, 1, 0.0432316748715
18187530.0, 6607946.0, 1, 0.0410676495226
17990104.0, 6729276.0, 1, 0.0392803366116
19113198.0, 6298954.0, 1, 0.0385975750477
17078728.0, 7050656.0, 1, 0.0384034264258
17281742.0, 6937718.0, 1, 0.0364519232404
18154450.0, 6614188.0, 1, 0.036223470123
17990104.0, 6729276.0, 1, 0.0320036624753
18275566.0, 6595074.0, 1, 0.0309066989881
16906902.0, 7329338.0, 1, 0.0297864021947
17161722.0, 6955492.0, 1, 0.0265340713895
17237622.0, 6948220.0, 1, 0.0253286685022
19072340.0, 6303642.0, 1, 0.023607002271
17037622.0, 7118450.0, 1, 0.0216870461632
18110570.0, 6710048.0, 1, 0.018273025304
17321632.0, 6852856.0, 1, 0.0166612332775
19072340.0, 6303642.0, 1, 0.01615384423
17237622.0, 6948220.0, 1, 0.0150453759655
16096542.0, 9471888.0, 1, 0.0150107641112
18154450.0, 6614188.0, 1, 0.0146902772319
17281742.0, 6937718.0, 1, 0.0146863903158
16514866.0, 7965890.0, 1, 0.0118305975934
17161722.0, 6955492.0, 1, 0.0
17161722.0, 6955492.0, 1, 0.0
17161722.0, 6955492.0, 1, 0.0
17161722.0, 6955492.0, 1, 0.0
17161722.0, 6955492.0, 1, 0.0
17161722.0, 6955492.0, 1, 0.0
17161722.0, 6955492.0, 1, 0.0
17161722.0, 6955492.0, 1, 0.0
17161722.0, 6955492.0, 1, 0.0
17161722.0, 6955492.0, 1, 0.0
17161722.0, 6955492.0, 1, 0.0
17161722.0, 6955492.0, 1, 0.0
17161722.0, 6955492.0, 1, 0.0
17237622.0, 6948220.0, 1, 0.0
17237622.0, 6948220.0, 1, 0.0
17281742.0, 6937718.0, 1, 0.0
17281742.0, 6937718.0, 1, 0.0
17281742.0, 6937718.0, 1, 0.0
17281742.0, 6937718.0, 1, 0.0
17321632.0, 6852856.0, 1, 0.0
17321632.0, 6852856.0, 1, 0.0
17321632.0, 6852856.0, 1, 0.0
17321632.0, 6852856.0, 1, 0.0
17442302.0, 6835196.0, 1, 0.0
17442302.0, 6835196.0, 1, 0.0
17442302.0, 6835196.0, 1, 0.0
17990104.0, 6729276.0, 1, 0.0
17990104.0, 6729276.0, 1, 0.0
18110570.0, 6710048.0, 1, 0.0
18110570.0, 6710048.0, 1, 0.0
18154450.0, 6614188.0, 1, 0.0
18275566.0, 6595074.0, 1, 0.0
18275566.0, 6595074.0, 1, 0.0
19072340.0, 6303642.0, 1, 0.0
19072340.0, 6303642.0, 1, 0.0
19072340.0, 6303642.0, 1, 0.0
15801706.0, 9909422.0, 1, 0.0
15975696.0, 9488294.0, 1, 0.0
15975696.0, 9488294.0, 1, 0.0
15975696.0, 9488294.0, 1, 0.0
15975696.0, 9488294.0, 1, 0.0
15975696.0, 9488294.0, 1, 0.0
15975696.0, 9488294.0, 1, 0.0
15975696.0, 9488294.0, 1, 0.0
16096542.0, 9471888.0, 1, 0.0
16096542.0, 9471888.0, 1, 0.0
16132018.0, 9331812.0, 1, 0.0
16218700.0, 8663926.0, 1, 0.0
16316918.0, 8338366.0, 1, 0.0
16316918.0, 8338366.0, 1, 0.0
16316918.0, 8338366.0, 1, 0.0
16316918.0, 8338366.0, 1, 0.0
16316918.0, 8338366.0, 1, 0.0
16490244.0, 8185428.0, 1, 0.0
16490244.0, 8185428.0, 1, 0.0
16514866.0, 7965890.0, 1, 0.0
16514866.0, 7965890.0, 1, 0.0
16514866.0, 7965890.0, 1, 0.0
16514866.0, 7965890.0, 1, 0.0
16815532.0, 7450386.0, 1, 0.0
16815532.0, 7450386.0, 1, 0.0
16815532.0, 7450386.0, 1, 0.0
16906902.0, 7329338.0, 1, 0.0
16906902.0, 7329338.0, 1, 0.0
16906902.0, 7329338.0, 1, 0.0
16906902.0, 7329338.0, 1, 0.0
16906902.0, 7329338.0, 1, 0.0
16906902.0, 7329338.0, 1, 0.0
16906902.0, 7329338.0, 1, 0.0
16906902.0, 7329338.0, 1, 0.0
16906902.0, 7329338.0, 1, 0.0
17078728.0, 7050656.0, 1, 0.0
17078728.0, 7050656.0, 1, 0.0
17078728.0, 7050656.0, 1, 0.0
17161722.0, 6955492.0, 1, 0.0
17161722.0, 6955492.0, 1, 0.0
17161722.0, 6955492.0, 1, 0.0
15863722.0, 9915382.0, 2, inf
20590700.0, 6467792.0, 2, inf
17907110.0, 6824440.0, 2, 0.30388347004
16250412.0, 9315342.0, 2, 0.302435086823
19603318.0, 6551338.0, 2, 0.251182882469
18792910.0, 6735644.0, 2, 0.23716229165
19535354.0, 6564058.0, 2, 0.224902523429
17825890.0, 7078020.0, 2, 0.214921797315
16341622.0, 8645504.0, 2, 0.210221080827
17157642.0, 7100676.0, 2, 0.209023659217
16847532.0, 8024580.0, 2, 0.204672300718
18792910.0, 6735644.0, 2, 0.182821216814
16896392.0, 7685292.0, 2, 0.177991054162
16088762.0, 9661280.0, 2, 0.167003329581
16501110.0, 8443206.0, 2, 0.139236225065
16935142.0, 7440498.0, 2, 0.137619363105
16187080.0, 9575462.0, 2, 0.134539302399
16861736.0, 8000600.0, 2, 0.108749508031
Generacion: 244
15801706.0, 9909422.0, 1, inf
19185380.0, 6284830.0, 1, inf
15801706.0, 9909422.0, 1, inf
19185380.0, 6284830.0, 1, inf
16218700.0, 8663926.0, 1, 0.328729661841
16132018.0, 9331812.0, 1, 0.259013335693
18986452.0, 6403850.0, 1, 0.233660828471
18275566.0, 6595074.0, 1, 0.213644230741
16800464.0, 7596510.0, 1, 0.188845849531
15825172.0, 9892696.0, 1, 0.167606756607
15975696.0, 9488294.0, 1, 0.147286163487
16316918.0, 8338366.0, 1, 0.1410439664
17442302.0, 6835196.0, 1, 0.140069102948
17899764.0, 6742608.0, 1, 0.13887503752
16642370.0, 7949384.0, 1, 0.135037626385
16490244.0, 8185428.0, 1, 0.111793225903
16514866.0, 7965890.0, 1, 0.0982511411753
17025916.0, 7313618.0, 1, 0.0890185188466
18275566.0, 6595074.0, 1, 0.0787752590908
16096542.0, 9471888.0, 1, 0.0743604383295
16316918.0, 8338366.0, 1, 0.0712215701894
18063094.0, 6627720.0, 1, 0.068628992148
16906902.0, 7329338.0, 1, 0.0685693207023
16815532.0, 7450386.0, 1, 0.0673177988319
17037622.0, 7118450.0, 1, 0.0659938421194
17442302.0, 6835196.0, 1, 0.0612068113223
17321632.0, 6852856.0, 1, 0.0590752610678
18986452.0, 6403850.0, 1, 0.0558268308439
17899764.0, 6742608.0, 1, 0.0522431818474
16642370.0, 7949384.0, 1, 0.051276478018
16490244.0, 8185428.0, 1, 0.0494712479066
15975696.0, 9488294.0, 1, 0.0490116755465
17161722.0, 6955492.0, 1, 0.0486863319302
18996838.0, 6318426.0, 1, 0.0458815093051
17078728.0, 7050656.0, 1, 0.0432316748715
17078728.0, 7050656.0, 1, 0.0384034264258
16815532.0, 7450386.0, 1, 0.0378494582097
19072340.0, 6303642.0, 1, 0.0374862775554
17281742.0, 6937718.0, 1, 0.0364519232404
18023550.0, 6722720.0, 1, 0.0360943684874
16906902.0, 7329338.0, 1, 0.0313402322534
18154450.0, 6614188.0, 1, 0.0287211797361
17990104.0, 6729276.0, 1, 0.0285075448433
18187530.0, 6607946.0, 1, 0.0277399977428
19072340.0, 6303642.0, 1, 0.027503716715
17161722.0, 6955492.0, 1, 0.0265340713895
17237622.0, 6948220.0, 1, 0.0253286685022
17037622.0, 7118450.0, 1, 0.0221634513961
17321632.0, 6852856.0, 1, 0.0166612332775
17237622.0, 6948220.0, 1, 0.0150453759655
16096542.0, 9471888.0, 1, 0.0150107641112
17281742.0, 6937718.0, 1, 0.0146863903158
17990104.0, 6729276.0, 1, 0.0135627290643
18154450.0, 6614188.0, 1, 0.0135097412399
18023550.0, 6722720.0, 1, 0.0134954603458
18187530.0, 6607946.0, 1, 0.0133276517799
16514866.0, 7965890.0, 1, 0.0118305975934
17025916.0, 7313618.0, 1, 0.00779659300207
18996838.0, 6318426.0, 1, 0.00714824853726
17025916.0, 7313618.0, 1, 0.0
17025916.0, 7313618.0, 1, 0.0
17025916.0, 7313618.0, 1, 0.0
17025916.0, 7313618.0, 1, 0.0
17078728.0, 7050656.0, 1, 0.0
17078728.0, 7050656.0, 1, 0.0
17078728.0, 7050656.0, 1, 0.0
17161722.0, 6955492.0, 1, 0.0
17161722.0, 6955492.0, 1, 0.0
17161722.0, 6955492.0, 1, 0.0
17161722.0, 6955492.0, 1, 0.0
17161722.0, 6955492.0, 1, 0.0
17161722.0, 6955492.0, 1, 0.0
17161722.0, 6955492.0, 1, 0.0
17161722.0, 6955492.0, 1, 0.0
17161722.0, 6955492.0, 1, 0.0
17161722.0, 6955492.0, 1, 0.0
17161722.0, 6955492.0, 1, 0.0
17161722.0, 6955492.0, 1, 0.0
17237622.0, 6948220.0, 1, 0.0
17237622.0, 6948220.0, 1, 0.0
17237622.0, 6948220.0, 1, 0.0
17237622.0, 6948220.0, 1, 0.0
17237622.0, 6948220.0, 1, 0.0
17281742.0, 6937718.0, 1, 0.0
17281742.0, 6937718.0, 1, 0.0
17321632.0, 6852856.0, 1, 0.0
17321632.0, 6852856.0, 1, 0.0
17321632.0, 6852856.0, 1, 0.0
17321632.0, 6852856.0, 1, 0.0
17321632.0, 6852856.0, 1, 0.0
17442302.0, 6835196.0, 1, 0.0
17442302.0, 6835196.0, 1, 0.0
17990104.0, 6729276.0, 1, 0.0
17990104.0, 6729276.0, 1, 0.0
17990104.0, 6729276.0, 1, 0.0
18154450.0, 6614188.0, 1, 0.0
18154450.0, 6614188.0, 1, 0.0
18187530.0, 6607946.0, 1, 0.0
18275566.0, 6595074.0, 1, 0.0
15801706.0, 9909422.0, 1, 0.0
15975696.0, 9488294.0, 1, 0.0
15975696.0, 9488294.0, 1, 0.0
15975696.0, 9488294.0, 1, 0.0
15975696.0, 9488294.0, 1, 0.0
15975696.0, 9488294.0, 1, 0.0
15975696.0, 9488294.0, 1, 0.0
15975696.0, 9488294.0, 1, 0.0
15975696.0, 9488294.0, 1, 0.0
15975696.0, 9488294.0, 1, 0.0
15975696.0, 9488294.0, 1, 0.0
15975696.0, 9488294.0, 1, 0.0
16096542.0, 9471888.0, 1, 0.0
16096542.0, 9471888.0, 1, 0.0
16316918.0, 8338366.0, 1, 0.0
16490244.0, 8185428.0, 1, 0.0
16490244.0, 8185428.0, 1, 0.0
16490244.0, 8185428.0, 1, 0.0
16815532.0, 7450386.0, 1, 0.0
16815532.0, 7450386.0, 1, 0.0
16815532.0, 7450386.0, 1, 0.0
16815532.0, 7450386.0, 1, 0.0
16906902.0, 7329338.0, 1, 0.0
16906902.0, 7329338.0, 1, 0.0
16906902.0, 7329338.0, 1, 0.0
17025916.0, 7313618.0, 1, 0.0
15837804.0, 9932044.0, 2, inf
15837804.0, 9932044.0, 2, inf
20595654.0, 6596970.0, 2, inf
18527116.0, 6641648.0, 2, 0.556218083446
16250412.0, 9315342.0, 2, 0.491652502831
17017230.0, 7682524.0, 2, 0.38539680429
16590228.0, 8298046.0, 2, 0.347114284994
16341622.0, 8645504.0, 2, 0.243079459298
17604890.0, 7056086.0, 2, 0.240349957787
17907110.0, 6824440.0, 2, 0.210040518211
16542560.0, 8507450.0, 2, 0.156434748007
17157642.0, 7100676.0, 2, 0.154860742436
17027528.0, 7319250.0, 2, 0.134076175152
18110570.0, 6710048.0, 2, 0.121848896853
17147192.0, 7303644.0, 2, 0.092885202232
18110570.0, 6710048.0, 2, 0.0632723027541
16341622.0, 8645504.0, 2, 0.0605650073641
17157642.0, 7100676.0, 2, 0.0155663883857
17027528.0, 7319250.0, 2, 0.00684377944626
18110570.0, 6710048.0, 2, 0.0
18110570.0, 6710048.0, 2, 0.0
18110570.0, 6710048.0, 2, 0.0
17027528.0, 7319250.0, 2, 0.0
18110570.0, 6710048.0, 2, 0.0
18110570.0, 6710048.0, 2, 0.0
Generacion: 245
15801706.0, 9909422.0, 1, inf
19185380.0, 6284830.0, 1, inf
15801706.0, 9909422.0, 1, inf
18977032.0, 6588022.0, 1, 0.262850320695
16218700.0, 8663926.0, 1, 0.213292181171
18275566.0, 6595074.0, 1, 0.210860274603
16132018.0, 9331812.0, 1, 0.194749614718
16316918.0, 8338366.0, 1, 0.160492742846
15975696.0, 9488294.0, 1, 0.147286163487
17899764.0, 6742608.0, 1, 0.140683792822
17442302.0, 6835196.0, 1, 0.140069102948
15825172.0, 9892696.0, 1, 0.118506795262
16218700.0, 8663926.0, 1, 0.115437480669
16771596.0, 7703098.0, 1, 0.112907759995
16652226.0, 7846962.0, 1, 0.106139644656
16514866.0, 7965890.0, 1, 0.0982511411753
17025916.0, 7313618.0, 1, 0.0890185188466
18023550.0, 6722720.0, 1, 0.0799668254658
16490244.0, 8185428.0, 1, 0.0752099143905
16096542.0, 9471888.0, 1, 0.0743604383295
16440704.0, 8320016.0, 1, 0.0737152149105
16906902.0, 7329338.0, 1, 0.0685693207023
16815532.0, 7450386.0, 1, 0.0673177988319
17037622.0, 7118450.0, 1, 0.0659938421194
16642370.0, 7949384.0, 1, 0.0659396423914
16132018.0, 9331812.0, 1, 0.0642637209744
17899764.0, 6742608.0, 1, 0.0621277038196
17442302.0, 6835196.0, 1, 0.0612068113223
17321632.0, 6852856.0, 1, 0.0590752610678
18986452.0, 6403850.0, 1, 0.0538812325531
18063094.0, 6627720.0, 1, 0.0532089013886
15825172.0, 9892696.0, 1, 0.0490999613453
15975696.0, 9488294.0, 1, 0.0490116755465
16800464.0, 7596510.0, 1, 0.0488461611978
17161722.0, 6955492.0, 1, 0.0486863319302
18996838.0, 6318426.0, 1, 0.0458815093051
16490244.0, 8185428.0, 1, 0.0444086091323
17078728.0, 7050656.0, 1, 0.0432316748715
17078728.0, 7050656.0, 1, 0.0384034264258
16815532.0, 7450386.0, 1, 0.0378494582097
19072340.0, 6303642.0, 1, 0.0374862775554
17281742.0, 6937718.0, 1, 0.0364519232404
16800464.0, 7596510.0, 1, 0.033860043677
16906902.0, 7329338.0, 1, 0.0313402322534
18154450.0, 6614188.0, 1, 0.0287211797361
18275566.0, 6595074.0, 1, 0.027963471171
18187530.0, 6607946.0, 1, 0.0277399977428
19072340.0, 6303642.0, 1, 0.027503716715
17161722.0, 6955492.0, 1, 0.0265340713895
18986452.0, 6403850.0, 1, 0.026351850124
17237622.0, 6948220.0, 1, 0.0253286685022
17037622.0, 7118450.0, 1, 0.0221634513961
16440704.0, 8320016.0, 1, 0.0197035291201
17321632.0, 6852856.0, 1, 0.0166612332775
18063094.0, 6627720.0, 1, 0.0154200907593
17237622.0, 6948220.0, 1, 0.0150453759655
16096542.0, 9471888.0, 1, 0.0150107641112
17281742.0, 6937718.0, 1, 0.0146863903158
18154450.0, 6614188.0, 1, 0.0135097412399
18187530.0, 6607946.0, 1, 0.0133276517799
16514866.0, 7965890.0, 1, 0.0118305975934
17025916.0, 7313618.0, 1, 0.00779659300207
16642370.0, 7949384.0, 1, 0.00746670201715
18996838.0, 6318426.0, 1, 0.00714824853726
17161722.0, 6955492.0, 1, 0.0
17237622.0, 6948220.0, 1, 0.0
17237622.0, 6948220.0, 1, 0.0
17237622.0, 6948220.0, 1, 0.0
17237622.0, 6948220.0, 1, 0.0
17237622.0, 6948220.0, 1, 0.0
17237622.0, 6948220.0, 1, 0.0
17237622.0, 6948220.0, 1, 0.0
17281742.0, 6937718.0, 1, 0.0
17281742.0, 6937718.0, 1, 0.0
17281742.0, 6937718.0, 1, 0.0
17281742.0, 6937718.0, 1, 0.0
17281742.0, 6937718.0, 1, 0.0
17281742.0, 6937718.0, 1, 0.0
17281742.0, 6937718.0, 1, 0.0
17321632.0, 6852856.0, 1, 0.0
17321632.0, 6852856.0, 1, 0.0
17321632.0, 6852856.0, 1, 0.0
17442302.0, 6835196.0, 1, 0.0
17899764.0, 6742608.0, 1, 0.0
17899764.0, 6742608.0, 1, 0.0
18154450.0, 6614188.0, 1, 0.0
18154450.0, 6614188.0, 1, 0.0
18154450.0, 6614188.0, 1, 0.0
18154450.0, 6614188.0, 1, 0.0
18154450.0, 6614188.0, 1, 0.0
18154450.0, 6614188.0, 1, 0.0
18154450.0, 6614188.0, 1, 0.0
18154450.0, 6614188.0, 1, 0.0
18275566.0, 6595074.0, 1, 0.0
15801706.0, 9909422.0, 1, 0.0
15825172.0, 9892696.0, 1, 0.0
15975696.0, 9488294.0, 1, 0.0
15975696.0, 9488294.0, 1, 0.0
15975696.0, 9488294.0, 1, 0.0
15975696.0, 9488294.0, 1, 0.0
15975696.0, 9488294.0, 1, 0.0
15975696.0, 9488294.0, 1, 0.0
15975696.0, 9488294.0, 1, 0.0
16096542.0, 9471888.0, 1, 0.0
16096542.0, 9471888.0, 1, 0.0
16490244.0, 8185428.0, 1, 0.0
16490244.0, 8185428.0, 1, 0.0
16490244.0, 8185428.0, 1, 0.0
16514866.0, 7965890.0, 1, 0.0
16514866.0, 7965890.0, 1, 0.0
16642370.0, 7949384.0, 1, 0.0
16800464.0, 7596510.0, 1, 0.0
16906902.0, 7329338.0, 1, 0.0
16906902.0, 7329338.0, 1, 0.0
16906902.0, 7329338.0, 1, 0.0
16906902.0, 7329338.0, 1, 0.0
17025916.0, 7313618.0, 1, 0.0
17025916.0, 7313618.0, 1, 0.0
17025916.0, 7313618.0, 1, 0.0
17037622.0, 7118450.0, 1, 0.0
17037622.0, 7118450.0, 1, 0.0
17078728.0, 7050656.0, 1, 0.0
17078728.0, 7050656.0, 1, 0.0
17078728.0, 7050656.0, 1, 0.0
17078728.0, 7050656.0, 1, 0.0
17078728.0, 7050656.0, 1, 0.0
17078728.0, 7050656.0, 1, 0.0
17078728.0, 7050656.0, 1, 0.0
17078728.0, 7050656.0, 1, 0.0
17078728.0, 7050656.0, 1, 0.0
17161722.0, 6955492.0, 1, 0.0
17161722.0, 6955492.0, 1, 0.0
17161722.0, 6955492.0, 1, 0.0
17161722.0, 6955492.0, 1, 0.0
17161722.0, 6955492.0, 1, 0.0
17161722.0, 6955492.0, 1, 0.0
17161722.0, 6955492.0, 1, 0.0
17161722.0, 6955492.0, 1, 0.0
17161722.0, 6955492.0, 1, 0.0
17161722.0, 6955492.0, 1, 0.0
19802394.0, 6290512.0, 2, inf
15837804.0, 9932044.0, 2, inf
15837804.0, 9932044.0, 2, inf
18070440.0, 6709552.0, 2, 0.671663719301
16184222.0, 9547946.0, 2, 0.423578534534
16355602.0, 8865174.0, 2, 0.403602641723
17348824.0, 6930278.0, 2, 0.310750186602
16453202.0, 8325276.0, 2, 0.272011859004
16777278.0, 7830392.0, 2, 0.265397036057
17835610.0, 6929878.0, 2, 0.24262879039
Generacion: 246
19185380.0, 6284830.0, 1, inf
15801706.0, 9909422.0, 1, inf
15801706.0, 9909422.0, 1, inf
19185380.0, 6284830.0, 1, inf
18911694.0, 6580602.0, 1, 0.289487659315
16218700.0, 8663926.0, 1, 0.213292181171
16132018.0, 9331812.0, 1, 0.194749614718
18275566.0, 6595074.0, 1, 0.191550494761
15975696.0, 9488294.0, 1, 0.147286163487
16316918.0, 8338366.0, 1, 0.1410439664
17442302.0, 6835196.0, 1, 0.140069102948
17899764.0, 6742608.0, 1, 0.13887503752
18996838.0, 6318426.0, 1, 0.123888154783
15825172.0, 9892696.0, 1, 0.118506795262
16218700.0, 8663926.0, 1, 0.115437480669
16490244.0, 8185428.0, 1, 0.111793225903
16514866.0, 7965890.0, 1, 0.110081738769
16771596.0, 7703098.0, 1, 0.104999723695
16815532.0, 7450386.0, 1, 0.0967246948356
16096542.0, 9471888.0, 1, 0.0893712024407
17025916.0, 7313618.0, 1, 0.0890185188466
18063094.0, 6627720.0, 1, 0.0803222694229
17990104.0, 6729276.0, 1, 0.0799668254658
16316918.0, 8338366.0, 1, 0.0712215701894
16906902.0, 7329338.0, 1, 0.0685693207023
17037622.0, 7118450.0, 1, 0.0659938421194
16642370.0, 7949384.0, 1, 0.0659396423914
16132018.0, 9331812.0, 1, 0.0642637209744
16652226.0, 7846962.0, 1, 0.0635357465079
17442302.0, 6835196.0, 1, 0.0612068113223
17321632.0, 6852856.0, 1, 0.0590752610678
16771596.0, 7703098.0, 1, 0.052675790417
17899764.0, 6742608.0, 1, 0.0522431818474
16490244.0, 8185428.0, 1, 0.0494712479066
15825172.0, 9892696.0, 1, 0.0490999613453
15975696.0, 9488294.0, 1, 0.0490116755465
17161722.0, 6955492.0, 1, 0.0486863319302
16815532.0, 7450386.0, 1, 0.0463810129635
17078728.0, 7050656.0, 1, 0.0432316748715
16652226.0, 7846962.0, 1, 0.0426038981485
18187530.0, 6607946.0, 1, 0.0410676495226
17078728.0, 7050656.0, 1, 0.0384034264258
19072340.0, 6303642.0, 1, 0.0374862775554
17281742.0, 6937718.0, 1, 0.0364519232404
16906902.0, 7329338.0, 1, 0.0313402322534
18275566.0, 6595074.0, 1, 0.0300105981304
18154450.0, 6614188.0, 1, 0.0287211797361
19072340.0, 6303642.0, 1, 0.027503716715
17161722.0, 6955492.0, 1, 0.0265340713895
17237622.0, 6948220.0, 1, 0.0253286685022
17037622.0, 7118450.0, 1, 0.0221634513961
17321632.0, 6852856.0, 1, 0.0166612332775
17237622.0, 6948220.0, 1, 0.0150453759655
17281742.0, 6937718.0, 1, 0.0146863903158
18154450.0, 6614188.0, 1, 0.0135097412399
17025916.0, 7313618.0, 1, 0.00779659300207
16642370.0, 7949384.0, 1, 0.00746670201715
17161722.0, 6955492.0, 1, 0.0
17161722.0, 6955492.0, 1, 0.0
17161722.0, 6955492.0, 1, 0.0
17161722.0, 6955492.0, 1, 0.0
17161722.0, 6955492.0, 1, 0.0
17161722.0, 6955492.0, 1, 0.0
17161722.0, 6955492.0, 1, 0.0
17161722.0, 6955492.0, 1, 0.0
17161722.0, 6955492.0, 1, 0.0
17161722.0, 6955492.0, 1, 0.0
17161722.0, 6955492.0, 1, 0.0
17237622.0, 6948220.0, 1, 0.0
17237622.0, 6948220.0, 1, 0.0
17237622.0, 6948220.0, 1, 0.0
17237622.0, 6948220.0, 1, 0.0
17281742.0, 6937718.0, 1, 0.0
17281742.0, 6937718.0, 1, 0.0
17281742.0, 6937718.0, 1, 0.0
17281742.0, 6937718.0, 1, 0.0
17281742.0, 6937718.0, 1, 0.0
17281742.0, 6937718.0, 1, 0.0
17281742.0, 6937718.0, 1, 0.0
17281742.0, 6937718.0, 1, 0.0
17281742.0, 6937718.0, 1, 0.0
17321632.0, 6852856.0, 1, 0.0
17321632.0, 6852856.0, 1, 0.0
17442302.0, 6835196.0, 1, 0.0
17442302.0, 6835196.0, 1, 0.0
17899764.0, 6742608.0, 1, 0.0
18154450.0, 6614188.0, 1, 0.0
18154450.0, 6614188.0, 1, 0.0
18154450.0, 6614188.0, 1, 0.0
18154450.0, 6614188.0, 1, 0.0
18275566.0, 6595074.0, 1, 0.0
18275566.0, 6595074.0, 1, 0.0
18275566.0, 6595074.0, 1, 0.0
19072340.0, 6303642.0, 1, 0.0
15801706.0, 9909422.0, 1, 0.0
15801706.0, 9909422.0, 1, 0.0
15801706.0, 9909422.0, 1, 0.0
15825172.0, 9892696.0, 1, 0.0
15975696.0, 9488294.0, 1, 0.0
15975696.0, 9488294.0, 1, 0.0
15975696.0, 9488294.0, 1, 0.0
15975696.0, 9488294.0, 1, 0.0
15975696.0, 9488294.0, 1, 0.0
15975696.0, 9488294.0, 1, 0.0
16132018.0, 9331812.0, 1, 0.0
16132018.0, 9331812.0, 1, 0.0
16316918.0, 8338366.0, 1, 0.0
16316918.0, 8338366.0, 1, 0.0
16316918.0, 8338366.0, 1, 0.0
16316918.0, 8338366.0, 1, 0.0
16316918.0, 8338366.0, 1, 0.0
16490244.0, 8185428.0, 1, 0.0
16642370.0, 7949384.0, 1, 0.0
16642370.0, 7949384.0, 1, 0.0
16771596.0, 7703098.0, 1, 0.0
16906902.0, 7329338.0, 1, 0.0
16906902.0, 7329338.0, 1, 0.0
16906902.0, 7329338.0, 1, 0.0
16906902.0, 7329338.0, 1, 0.0
17025916.0, 7313618.0, 1, 0.0
17025916.0, 7313618.0, 1, 0.0
17025916.0, 7313618.0, 1, 0.0
17078728.0, 7050656.0, 1, 0.0
17078728.0, 7050656.0, 1, 0.0
17161722.0, 6955492.0, 1, 0.0
18977032.0, 6588022.0, 2, inf
15837804.0, 9932044.0, 2, inf
18977032.0, 6588022.0, 2, inf
16919478.0, 7580790.0, 2, 0.366166380732
16184480.0, 9436856.0, 2, 0.333202147739
16305544.0, 8762876.0, 2, 0.297117366405
17480900.0, 6895562.0, 2, 0.292183029692
18795066.0, 6599930.0, 2, 0.280077757361
18194008.0, 6690502.0, 2, 0.26361084604
16042054.0, 9596432.0, 2, 0.258515082262
18070440.0, 6709552.0, 2, 0.193494497148
17003668.0, 7357088.0, 2, 0.187925716614
16614680.0, 8167192.0, 2, 0.18314747228
16348574.0, 8618088.0, 2, 0.157891948839
16614680.0, 8167192.0, 2, 0.13622402152
17318184.0, 6997878.0, 2, 0.124766556113
16590228.0, 8298046.0, 2, 0.118717213197
17235184.0, 7288664.0, 2, 0.116510142372
18070440.0, 6709552.0, 2, 0.0949871779605
16501110.0, 8443206.0, 2, 0.0919990956765
17273430.0, 7254836.0, 2, 0.0890242517935
16501110.0, 8443206.0, 2, 0.0806854130027
17360744.0, 6930624.0, 2, 0.0583873622766
17273430.0, 7254836.0, 2, 0.0243723334674
17360744.0, 6930624.0, 2, 0.0240424522328
Generacion: 247
15801706.0, 9909422.0, 1, inf
19185380.0, 6284830.0, 1, inf
15801706.0, 9909422.0, 1, inf
16218700.0, 8663926.0, 1, 0.328729661841
18275566.0, 6595074.0, 1, 0.218435800237
18996838.0, 6318426.0, 1, 0.217241183022
16132018.0, 9331812.0, 1, 0.194749614718
17891104.0, 6810790.0, 1, 0.160741222734
15944172.0, 9752114.0, 1, 0.156057103004
16863360.0, 7580476.0, 1, 0.143105707799
17442302.0, 6835196.0, 1, 0.137509754737
16316918.0, 8338366.0, 1, 0.126403076055
18275566.0, 6595074.0, 1, 0.112119508601
15975696.0, 9488294.0, 1, 0.108500556721
16906902.0, 7329338.0, 1, 0.104460256841
18996838.0, 6318426.0, 1, 0.0986388955158
16514866.0, 7965890.0, 1, 0.0982511411753
17025916.0, 7313618.0, 1, 0.0890185188466
16490244.0, 8185428.0, 1, 0.0752099143905
16096542.0, 9471888.0, 1, 0.0743604383295
16440704.0, 8320016.0, 1, 0.0737152149105
16771596.0, 7703098.0, 1, 0.0691087875563
16771596.0, 7703098.0, 1, 0.0668107218555
18063094.0, 6627720.0, 1, 0.0660655930208
17037622.0, 7118450.0, 1, 0.0659938421194
16642370.0, 7949384.0, 1, 0.0659396423914
16132018.0, 9331812.0, 1, 0.0642637209744
16652226.0, 7846962.0, 1, 0.0635357465079
17321632.0, 6852856.0, 1, 0.0590752610678
17899764.0, 6742608.0, 1, 0.0517472896345
17132118.0, 7045174.0, 1, 0.0507828695991
18016714.0, 6706106.0, 1, 0.0495898288332
17161722.0, 6955492.0, 1, 0.0471738858398
15825172.0, 9892696.0, 1, 0.0457206720237
16490244.0, 8185428.0, 1, 0.0444086091323
16652226.0, 7846962.0, 1, 0.0426038981485
17442302.0, 6835196.0, 1, 0.0423958665318
15825172.0, 9892696.0, 1, 0.0397834609968
18154450.0, 6614188.0, 1, 0.03952761412
19072340.0, 6303642.0, 1, 0.0374862775554
17281742.0, 6937718.0, 1, 0.0364519232404
17078728.0, 7050656.0, 1, 0.0344826050734
16316918.0, 8338366.0, 1, 0.0340896667917
17990104.0, 6729276.0, 1, 0.0330912331591
18154450.0, 6614188.0, 1, 0.0322724759923
19072340.0, 6303642.0, 1, 0.027503716715
17237622.0, 6948220.0, 1, 0.0253286685022
17037622.0, 7118450.0, 1, 0.0221634513961
16440704.0, 8320016.0, 1, 0.0197035291201
16906902.0, 7329338.0, 1, 0.0172053008149
17321632.0, 6852856.0, 1, 0.0166612332775
17237622.0, 6948220.0, 1, 0.0150453759655
16096542.0, 9471888.0, 1, 0.0150107641112
17281742.0, 6937718.0, 1, 0.0146863903158
15975696.0, 9488294.0, 1, 0.013842802895
17078728.0, 7050656.0, 1, 0.0136607795292
16514866.0, 7965890.0, 1, 0.0118305975934
17990104.0, 6729276.0, 1, 0.0115424398757
17161722.0, 6955492.0, 1, 0.0107553645755
17025916.0, 7313618.0, 1, 0.00779659300207
16642370.0, 7949384.0, 1, 0.00746670201715
17161722.0, 6955492.0, 1, 0.0
17161722.0, 6955492.0, 1, 0.0
17161722.0, 6955492.0, 1, 0.0
17161722.0, 6955492.0, 1, 0.0
17161722.0, 6955492.0, 1, 0.0
17281742.0, 6937718.0, 1, 0.0
17281742.0, 6937718.0, 1, 0.0
17281742.0, 6937718.0, 1, 0.0
17281742.0, 6937718.0, 1, 0.0
17281742.0, 6937718.0, 1, 0.0
17281742.0, 6937718.0, 1, 0.0
17281742.0, 6937718.0, 1, 0.0
17281742.0, 6937718.0, 1, 0.0
17321632.0, 6852856.0, 1, 0.0
17321632.0, 6852856.0, 1, 0.0
17442302.0, 6835196.0, 1, 0.0
17442302.0, 6835196.0, 1, 0.0
17442302.0, 6835196.0, 1, 0.0
18154450.0, 6614188.0, 1, 0.0
18154450.0, 6614188.0, 1, 0.0
18154450.0, 6614188.0, 1, 0.0
18154450.0, 6614188.0, 1, 0.0
18275566.0, 6595074.0, 1, 0.0
18275566.0, 6595074.0, 1, 0.0
18275566.0, 6595074.0, 1, 0.0
18275566.0, 6595074.0, 1, 0.0
19072340.0, 6303642.0, 1, 0.0
15801706.0, 9909422.0, 1, 0.0
15801706.0, 9909422.0, 1, 0.0
15801706.0, 9909422.0, 1, 0.0
15825172.0, 9892696.0, 1, 0.0
15825172.0, 9892696.0, 1, 0.0
15825172.0, 9892696.0, 1, 0.0
15825172.0, 9892696.0, 1, 0.0
15825172.0, 9892696.0, 1, 0.0
15825172.0, 9892696.0, 1, 0.0
15825172.0, 9892696.0, 1, 0.0
15975696.0, 9488294.0, 1, 0.0
15975696.0, 9488294.0, 1, 0.0
15975696.0, 9488294.0, 1, 0.0
15975696.0, 9488294.0, 1, 0.0
16096542.0, 9471888.0, 1, 0.0
16096542.0, 9471888.0, 1, 0.0
16096542.0, 9471888.0, 1, 0.0
16316918.0, 8338366.0, 1, 0.0
16440704.0, 8320016.0, 1, 0.0
16490244.0, 8185428.0, 1, 0.0
16490244.0, 8185428.0, 1, 0.0
16490244.0, 8185428.0, 1, 0.0
16490244.0, 8185428.0, 1, 0.0
16514866.0, 7965890.0, 1, 0.0
16514866.0, 7965890.0, 1, 0.0
16514866.0, 7965890.0, 1, 0.0
16514866.0, 7965890.0, 1, 0.0
16642370.0, 7949384.0, 1, 0.0
16652226.0, 7846962.0, 1, 0.0
16652226.0, 7846962.0, 1, 0.0
16771596.0, 7703098.0, 1, 0.0
16906902.0, 7329338.0, 1, 0.0
16906902.0, 7329338.0, 1, 0.0
16906902.0, 7329338.0, 1, 0.0
16906902.0, 7329338.0, 1, 0.0
17025916.0, 7313618.0, 1, 0.0
17025916.0, 7313618.0, 1, 0.0
17025916.0, 7313618.0, 1, 0.0
17025916.0, 7313618.0, 1, 0.0
17025916.0, 7313618.0, 1, 0.0
17025916.0, 7313618.0, 1, 0.0
17078728.0, 7050656.0, 1, 0.0
17078728.0, 7050656.0, 1, 0.0
17078728.0, 7050656.0, 1, 0.0
17078728.0, 7050656.0, 1, 0.0
17078728.0, 7050656.0, 1, 0.0
17161722.0, 6955492.0, 1, 0.0
17161722.0, 6955492.0, 1, 0.0
17161722.0, 6955492.0, 1, 0.0
17161722.0, 6955492.0, 1, 0.0
17161722.0, 6955492.0, 1, 0.0
17161722.0, 6955492.0, 1, 0.0
17161722.0, 6955492.0, 1, 0.0
17161722.0, 6955492.0, 1, 0.0
17161722.0, 6955492.0, 1, 0.0
17161722.0, 6955492.0, 1, 0.0
17161722.0, 6955492.0, 1, 0.0
20435398.0, 6314786.0, 2, inf
15837804.0, 9932044.0, 2, inf
18633312.0, 6607602.0, 2, 0.490115474058
20009190.0, 6462032.0, 2, 0.472912553538
17157642.0, 7100676.0, 2, 0.381552040772
Generacion: 248
15729096.0, 10556366.0, 1, inf
19185380.0, 6284830.0, 1, inf
16218700.0, 8663926.0, 1, 0.329127333468
18952884.0, 6390894.0, 1, 0.273449701485
16096542.0, 9471888.0, 1, 0.263298878815
18275566.0, 6595074.0, 1, 0.19898054973
15801706.0, 9909422.0, 1, 0.158244025011
17442302.0, 6835196.0, 1, 0.136490944505
17899764.0, 6742608.0, 1, 0.135477725841
16316918.0, 8338366.0, 1, 0.126364221436
16490244.0, 8185428.0, 1, 0.101543641672
15975696.0, 9488294.0, 1, 0.0967264669234
15944172.0, 9752114.0, 1, 0.096192367295
16906902.0, 7329338.0, 1, 0.0932274624585
16514866.0, 7965890.0, 1, 0.0882860505717
16863360.0, 7580476.0, 1, 0.0853432723861
17025916.0, 7313618.0, 1, 0.0801244475243
18275566.0, 6595074.0, 1, 0.0732714220983
16316918.0, 8338366.0, 1, 0.0642212074284
16771596.0, 7703098.0, 1, 0.0632438620871
19072340.0, 6303642.0, 1, 0.0624155805846
16642370.0, 7949384.0, 1, 0.0608682786039
16771596.0, 7703098.0, 1, 0.0602295896266
16652226.0, 7846962.0, 1, 0.0585148840333
17037622.0, 7118450.0, 1, 0.0575834757754
17442302.0, 6835196.0, 1, 0.0565887941866
18996838.0, 6318426.0, 1, 0.0549883505511
17321632.0, 6852856.0, 1, 0.054780077135
17899764.0, 6742608.0, 1, 0.04781347364
18016714.0, 6706106.0, 1, 0.0448931104902
18063094.0, 6627720.0, 1, 0.0447826316425
17161722.0, 6955492.0, 1, 0.0442386379777
16490244.0, 8185428.0, 1, 0.0429278183435
17990104.0, 6729276.0, 1, 0.0423823223019
15944172.0, 9752114.0, 1, 0.0420321244456
16863360.0, 7580476.0, 1, 0.0413046927365
17078728.0, 7050656.0, 1, 0.0398836001941
15825172.0, 9892696.0, 1, 0.0397007188087
18187530.0, 6607946.0, 1, 0.0395169962152
15825172.0, 9892696.0, 1, 0.0383457285215
16652226.0, 7846962.0, 1, 0.0365313055735
17078728.0, 7050656.0, 1, 0.0341717568996
17281742.0, 6937718.0, 1, 0.0326320129134
18154450.0, 6614188.0, 1, 0.0278931567557
17161722.0, 6955492.0, 1, 0.025714926443
15801706.0, 9909422.0, 1, 0.0249237990736
17237622.0, 6948220.0, 1, 0.0244186013445
17037622.0, 7118450.0, 1, 0.0192579803087
18063094.0, 6627720.0, 1, 0.0165869832476
16906902.0, 7329338.0, 1, 0.0162780980876
17321632.0, 6852856.0, 1, 0.0156756411333
17237622.0, 6948220.0, 1, 0.0144675868147
17281742.0, 6937718.0, 1, 0.0139998973259
15975696.0, 9488294.0, 1, 0.0129615512372
18154450.0, 6614188.0, 1, 0.0127389198361
16514866.0, 7965890.0, 1, 0.0109880196388
17025916.0, 7313618.0, 1, 0.00706704945851
16642370.0, 7949384.0, 1, 0.00671580126784
16906902.0, 7329338.0, 1, 0.0
16906902.0, 7329338.0, 1, 0.0
16906902.0, 7329338.0, 1, 0.0
17025916.0, 7313618.0, 1, 0.0
17025916.0, 7313618.0, 1, 0.0
17025916.0, 7313618.0, 1, 0.0
17025916.0, 7313618.0, 1, 0.0
17025916.0, 7313618.0, 1, 0.0
17025916.0, 7313618.0, 1, 0.0
17037622.0, 7118450.0, 1, 0.0
17078728.0, 7050656.0, 1, 0.0
17078728.0, 7050656.0, 1, 0.0
17161722.0, 6955492.0, 1, 0.0
17161722.0, 6955492.0, 1, 0.0
17161722.0, 6955492.0, 1, 0.0
17161722.0, 6955492.0, 1, 0.0
17161722.0, 6955492.0, 1, 0.0
17161722.0, 6955492.0, 1, 0.0
17161722.0, 6955492.0, 1, 0.0
17161722.0, 6955492.0, 1, 0.0
17161722.0, 6955492.0, 1, 0.0
17161722.0, 6955492.0, 1, 0.0
17161722.0, 6955492.0, 1, 0.0
17161722.0, 6955492.0, 1, 0.0
17237622.0, 6948220.0, 1, 0.0
17281742.0, 6937718.0, 1, 0.0
17281742.0, 6937718.0, 1, 0.0
17281742.0, 6937718.0, 1, 0.0
17281742.0, 6937718.0, 1, 0.0
17281742.0, 6937718.0, 1, 0.0
17321632.0, 6852856.0, 1, 0.0
17321632.0, 6852856.0, 1, 0.0
17321632.0, 6852856.0, 1, 0.0
17321632.0, 6852856.0, 1, 0.0
18154450.0, 6614188.0, 1, 0.0
18154450.0, 6614188.0, 1, 0.0
18275566.0, 6595074.0, 1, 0.0
18275566.0, 6595074.0, 1, 0.0
18275566.0, 6595074.0, 1, 0.0
18275566.0, 6595074.0, 1, 0.0
15801706.0, 9909422.0, 1, 0.0
15801706.0, 9909422.0, 1, 0.0
15944172.0, 9752114.0, 1, 0.0
15975696.0, 9488294.0, 1, 0.0
15975696.0, 9488294.0, 1, 0.0
15975696.0, 9488294.0, 1, 0.0
15975696.0, 9488294.0, 1, 0.0
15975696.0, 9488294.0, 1, 0.0
15975696.0, 9488294.0, 1, 0.0
15975696.0, 9488294.0, 1, 0.0
15975696.0, 9488294.0, 1, 0.0
15975696.0, 9488294.0, 1, 0.0
16316918.0, 8338366.0, 1, 0.0
16316918.0, 8338366.0, 1, 0.0
16490244.0, 8185428.0, 1, 0.0
16490244.0, 8185428.0, 1, 0.0
16514866.0, 7965890.0, 1, 0.0
16514866.0, 7965890.0, 1, 0.0
16514866.0, 7965890.0, 1, 0.0
16642370.0, 7949384.0, 1, 0.0
16642370.0, 7949384.0, 1, 0.0
16642370.0, 7949384.0, 1, 0.0
16642370.0, 7949384.0, 1, 0.0
16652226.0, 7846962.0, 1, 0.0
16863360.0, 7580476.0, 1, 0.0
16906902.0, 7329338.0, 1, 0.0
16906902.0, 7329338.0, 1, 0.0
19802394.0, 6290512.0, 2, inf
15876474.0, 10349344.0, 2, inf
18110570.0, 6710048.0, 2, 0.637358787848
16066234.0, 9591868.0, 2, 0.269782923861
16266036.0, 9180042.0, 2, 0.26848413991
17897498.0, 6908058.0, 2, 0.24074283695
16688100.0, 8046418.0, 2, 0.235497492904
16341622.0, 8645504.0, 2, 0.227246492336
16607768.0, 8610988.0, 2, 0.206888674221
17360408.0, 6911624.0, 2, 0.204778604896
17027528.0, 7319250.0, 2, 0.156865226596
16187080.0, 9575462.0, 2, 0.152357204144
17197514.0, 7015538.0, 2, 0.0982259531349
16896392.0, 7685292.0, 2, 0.0977168259779
16777278.0, 7830392.0, 2, 0.0835640903133
16991120.0, 7565206.0, 2, 0.0788461901148
17157642.0, 7100676.0, 2, 0.0640075436334
16777278.0, 7830392.0, 2, 0.0584643859858
17157642.0, 7100676.0, 2, 0.0541182805187
16919478.0, 7580790.0, 2, 0.0537152106613
16607768.0, 8610988.0, 2, 0.0289658796959
16991120.0, 7565206.0, 2, 0.0131132780661
17157642.0, 7100676.0, 2, 0.0
16362048.0, 8671072.0, 3, inf
18792910.0, 6735644.0, 3, inf
Generacion: 249
15801706.0, 9909422.0, 1, inf
15801706.0, 9909422.0, 1, inf
19185380.0, 6284830.0, 1, inf
16266036.0, 9180042.0, 1, 0.328729661841
18275566.0, 6595074.0, 1, 0.297571864041
18952884.0, 6390894.0, 1, 0.289487659315
16316918.0, 8338366.0, 1, 0.283436820548
17442302.0, 6835196.0, 1, 0.140069102948
17899764.0, 6742608.0, 1, 0.13887503752
16132018.0, 9331812.0, 1, 0.130610008905
16490244.0, 8185428.0, 1, 0.111793225903
16906902.0, 7329338.0, 1, 0.104460256841
15975696.0, 9488294.0, 1, 0.103544964478
16514866.0, 7965890.0, 1, 0.0982511411753
16863360.0, 7580476.0, 1, 0.0964068805404
17025916.0, 7313618.0, 1, 0.0890185188466
17037622.0, 7118450.0, 1, 0.0881572935155
15967382.0, 9734152.0, 1, 0.0821026235866
16096542.0, 9471888.0, 1, 0.0743604383295
16771596.0, 7703098.0, 1, 0.0691087875563
16771596.0, 7703098.0, 1, 0.0668107218555
16642370.0, 7949384.0, 1, 0.0659396423914
16652226.0, 7846962.0, 1, 0.0635357465079
17442302.0, 6835196.0, 1, 0.0612068113223
17321632.0, 6852856.0, 1, 0.0590752610678
16316918.0, 8338366.0, 1, 0.0572320428295
18063094.0, 6627720.0, 1, 0.0550176566913
17990104.0, 6729276.0, 1, 0.0547173913584
17899764.0, 6742608.0, 1, 0.0522431818474
16490244.0, 8185428.0, 1, 0.0494712479066
17161722.0, 6955492.0, 1, 0.0486863319302
16863360.0, 7580476.0, 1, 0.0466988272587
15825172.0, 9892696.0, 1, 0.0457206720237
15944172.0, 9752114.0, 1, 0.045645014617
17078728.0, 7050656.0, 1, 0.0432316748715
16652226.0, 7846962.0, 1, 0.0426038981485
18996838.0, 6318426.0, 1, 0.0423070380267
15944172.0, 9752114.0, 1, 0.0401244648947
15825172.0, 9892696.0, 1, 0.0397834609968
18154450.0, 6614188.0, 1, 0.03952761412
17078728.0, 7050656.0, 1, 0.0384034264258
19072340.0, 6303642.0, 1, 0.0374862775554
17281742.0, 6937718.0, 1, 0.0364519232404
18154450.0, 6614188.0, 1, 0.0322724759923
19072340.0, 6303642.0, 1, 0.027503716715
17161722.0, 6955492.0, 1, 0.0265340713895
17237622.0, 6948220.0, 1, 0.0253286685022
18063094.0, 6627720.0, 1, 0.0253046127316
17990104.0, 6729276.0, 1, 0.0252494341074
16906902.0, 7329338.0, 1, 0.0172053008149
18996838.0, 6318426.0, 1, 0.0170688259924
17321632.0, 6852856.0, 1, 0.0166612332775
17237622.0, 6948220.0, 1, 0.0150453759655
16096542.0, 9471888.0, 1, 0.0150107641112
17281742.0, 6937718.0, 1, 0.0146863903158
16514866.0, 7965890.0, 1, 0.0118305975934
17025916.0, 7313618.0, 1, 0.00779659300207
16642370.0, 7949384.0, 1, 0.00746670201715
15975696.0, 9488294.0, 1, 0.00698339504429
16906902.0, 7329338.0, 1, 0.0
16906902.0, 7329338.0, 1, 0.0
16906902.0, 7329338.0, 1, 0.0
16906902.0, 7329338.0, 1, 0.0
16906902.0, 7329338.0, 1, 0.0
16906902.0, 7329338.0, 1, 0.0
16906902.0, 7329338.0, 1, 0.0
16906902.0, 7329338.0, 1, 0.0
17025916.0, 7313618.0, 1, 0.0
17025916.0, 7313618.0, 1, 0.0
17161722.0, 6955492.0, 1, 0.0
17161722.0, 6955492.0, 1, 0.0
17161722.0, 6955492.0, 1, 0.0
17161722.0, 6955492.0, 1, 0.0
17161722.0, 6955492.0, 1, 0.0
17161722.0, 6955492.0, 1, 0.0
17161722.0, 6955492.0, 1, 0.0
17161722.0, 6955492.0, 1, 0.0
17161722.0, 6955492.0, 1, 0.0
17161722.0, 6955492.0, 1, 0.0
17161722.0, 6955492.0, 1, 0.0
17237622.0, 6948220.0, 1, 0.0
17237622.0, 6948220.0, 1, 0.0
17237622.0, 6948220.0, 1, 0.0
17321632.0, 6852856.0, 1, 0.0
17321632.0, 6852856.0, 1, 0.0
17321632.0, 6852856.0, 1, 0.0
17442302.0, 6835196.0, 1, 0.0
18063094.0, 6627720.0, 1, 0.0
18063094.0, 6627720.0, 1, 0.0
18154450.0, 6614188.0, 1, 0.0
18154450.0, 6614188.0, 1, 0.0
18154450.0, 6614188.0, 1, 0.0
18154450.0, 6614188.0, 1, 0.0
19072340.0, 6303642.0, 1, 0.0
19072340.0, 6303642.0, 1, 0.0
15801706.0, 9909422.0, 1, 0.0
15801706.0, 9909422.0, 1, 0.0
15801706.0, 9909422.0, 1, 0.0
15801706.0, 9909422.0, 1, 0.0
15975696.0, 9488294.0, 1, 0.0
15975696.0, 9488294.0, 1, 0.0
15975696.0, 9488294.0, 1, 0.0
15975696.0, 9488294.0, 1, 0.0
15975696.0, 9488294.0, 1, 0.0
15975696.0, 9488294.0, 1, 0.0
15975696.0, 9488294.0, 1, 0.0
15975696.0, 9488294.0, 1, 0.0
16096542.0, 9471888.0, 1, 0.0
16316918.0, 8338366.0, 1, 0.0
16316918.0, 8338366.0, 1, 0.0
16316918.0, 8338366.0, 1, 0.0
16490244.0, 8185428.0, 1, 0.0
16490244.0, 8185428.0, 1, 0.0
16514866.0, 7965890.0, 1, 0.0
16514866.0, 7965890.0, 1, 0.0
16514866.0, 7965890.0, 1, 0.0
16514866.0, 7965890.0, 1, 0.0
16642370.0, 7949384.0, 1, 0.0
16771596.0, 7703098.0, 1, 0.0
16771596.0, 7703098.0, 1, 0.0
16863360.0, 7580476.0, 1, 0.0
16863360.0, 7580476.0, 1, 0.0
16863360.0, 7580476.0, 1, 0.0
16863360.0, 7580476.0, 1, 0.0
16863360.0, 7580476.0, 1, 0.0
16863360.0, 7580476.0, 1, 0.0
19069244.0, 6371422.0, 2, inf
15837804.0, 9932044.0, 2, inf
16341622.0, 8645504.0, 2, 0.623406247116
16777278.0, 7830392.0, 2, 0.373355660585
17017230.0, 7682524.0, 2, 0.322647873471
18141150.0, 6686332.0, 2, 0.293728893225
17480900.0, 6895562.0, 2, 0.265198249632
18070440.0, 6709552.0, 2, 0.263082879405
17157642.0, 7100676.0, 2, 0.235616240595
16501110.0, 8443206.0, 2, 0.221463779646
16501110.0, 8443206.0, 2, 0.142278181889
17390966.0, 7016874.0, 2, 0.127122917405
18141150.0, 6686332.0, 2, 0.110324298065
17157642.0, 7100676.0, 2, 0.066987611205
17410386.0, 6926530.0, 2, 0.061901387789
18792910.0, 6735644.0, 3, inf
16368696.0, 9102742.0, 3, inf
18792910.0, 6735644.0, 3, inf
17729570.0, 7038640.0, 3, 0.796186334689
16723996.0, 8782962.0, 3, 0.775240750479
17015248.0, 7898990.0, 3, 0.599973104968
17240026.0, 7103998.0, 3, 0.551734195203
17061460.0, 7692280.0, 3, 0.428572914832
17567450.0, 7155514.0, 4, inf
Generacion: 250
15801706.0, 9909422.0, 1, inf
15801706.0, 9909422.0, 1, inf
19185380.0, 6284830.0, 1, inf
19185380.0, 6284830.0, 1, inf
16266036.0, 9180042.0, 1, 0.328729661841
18275566.0, 6595074.0, 1, 0.319056828452
16316918.0, 8338366.0, 1, 0.283436820548
18996838.0, 6318426.0, 1, 0.217241183022
17899764.0, 6742608.0, 1, 0.191118219367
15944172.0, 9752114.0, 1, 0.156057103004
17442302.0, 6835196.0, 1, 0.140069102948
16490244.0, 8185428.0, 1, 0.111793225903
15975696.0, 9488294.0, 1, 0.108500556721
17025916.0, 7313618.0, 1, 0.107722417106
16906902.0, 7329338.0, 1, 0.104460256841
18996838.0, 6318426.0, 1, 0.0986388955158
16514866.0, 7965890.0, 1, 0.0982511411753
17078728.0, 7050656.0, 1, 0.0970771835522
16863360.0, 7580476.0, 1, 0.0964068805404
16132018.0, 9331812.0, 1, 0.0782532483343
16096542.0, 9471888.0, 1, 0.0743604383295
16771596.0, 7703098.0, 1, 0.0691087875563
16771596.0, 7703098.0, 1, 0.0668107218555
16642370.0, 7949384.0, 1, 0.0659396423914
16652226.0, 7846962.0, 1, 0.0635357465079
17442302.0, 6835196.0, 1, 0.0612068113223
17321632.0, 6852856.0, 1, 0.0590752610678
16316918.0, 8338366.0, 1, 0.0572320428295
18063094.0, 6627720.0, 1, 0.0550176566913
17990104.0, 6729276.0, 1, 0.0547173913584
16132018.0, 9331812.0, 1, 0.0523567605709
16490244.0, 8185428.0, 1, 0.0494712479066
17161722.0, 6955492.0, 1, 0.0486863319302
16863360.0, 7580476.0, 1, 0.0466988272587
15825172.0, 9892696.0, 1, 0.0457206720237
16652226.0, 7846962.0, 1, 0.0426038981485
17078728.0, 7050656.0, 1, 0.0418629795624
18187530.0, 6607946.0, 1, 0.0410676495226
15825172.0, 9892696.0, 1, 0.0397834609968
19113198.0, 6298954.0, 1, 0.0385975750477
17281742.0, 6937718.0, 1, 0.0364519232404
18154450.0, 6614188.0, 1, 0.0287211797361
17161722.0, 6955492.0, 1, 0.0265340713895
17237622.0, 6948220.0, 1, 0.0253286685022
18063094.0, 6627720.0, 1, 0.0253046127316
17990104.0, 6729276.0, 1, 0.0252494341074
19072340.0, 6303642.0, 1, 0.023607002271
17025916.0, 7313618.0, 1, 0.0199449264408
16906902.0, 7329338.0, 1, 0.0172053008149
17321632.0, 6852856.0, 1, 0.0166612332775
19072340.0, 6303642.0, 1, 0.01615384423
17237622.0, 6948220.0, 1, 0.0150453759655
16096542.0, 9471888.0, 1, 0.0150107641112
17281742.0, 6937718.0, 1, 0.0146863903158
15975696.0, 9488294.0, 1, 0.013842802895
18154450.0, 6614188.0, 1, 0.0135097412399
16514866.0, 7965890.0, 1, 0.0118305975934
16642370.0, 7949384.0, 1, 0.00746670201715
17281742.0, 6937718.0, 1, 0.0
17321632.0, 6852856.0, 1, 0.0
17321632.0, 6852856.0, 1, 0.0
17321632.0, 6852856.0, 1, 0.0
17321632.0, 6852856.0, 1, 0.0
17321632.0, 6852856.0, 1, 0.0
17321632.0, 6852856.0, 1, 0.0
17321632.0, 6852856.0, 1, 0.0
17321632.0, 6852856.0, 1, 0.0
17321632.0, 6852856.0, 1, 0.0
17321632.0, 6852856.0, 1, 0.0
17990104.0, 6729276.0, 1, 0.0
17990104.0, 6729276.0, 1, 0.0
18063094.0, 6627720.0, 1, 0.0
18063094.0, 6627720.0, 1, 0.0
18154450.0, 6614188.0, 1, 0.0
18154450.0, 6614188.0, 1, 0.0
18154450.0, 6614188.0, 1, 0.0
18154450.0, 6614188.0, 1, 0.0
18154450.0, 6614188.0, 1, 0.0
18154450.0, 6614188.0, 1, 0.0
18154450.0, 6614188.0, 1, 0.0
18996838.0, 6318426.0, 1, 0.0
18996838.0, 6318426.0, 1, 0.0
19072340.0, 6303642.0, 1, 0.0
19072340.0, 6303642.0, 1, 0.0
19072340.0, 6303642.0, 1, 0.0
19185380.0, 6284830.0, 1, 0.0
15975696.0, 9488294.0, 1, 0.0
15975696.0, 9488294.0, 1, 0.0
15975696.0, 9488294.0, 1, 0.0
15975696.0, 9488294.0, 1, 0.0
15975696.0, 9488294.0, 1, 0.0
15975696.0, 9488294.0, 1, 0.0
16096542.0, 9471888.0, 1, 0.0
16096542.0, 9471888.0, 1, 0.0
16096542.0, 9471888.0, 1, 0.0
16096542.0, 9471888.0, 1, 0.0
16132018.0, 9331812.0, 1, 0.0
16132018.0, 9331812.0, 1, 0.0
16490244.0, 8185428.0, 1, 0.0
16490244.0, 8185428.0, 1, 0.0
16490244.0, 8185428.0, 1, 0.0
16514866.0, 7965890.0, 1, 0.0
16514866.0, 7965890.0, 1, 0.0
16514866.0, 7965890.0, 1, 0.0
16642370.0, 7949384.0, 1, 0.0
16642370.0, 7949384.0, 1, 0.0
16642370.0, 7949384.0, 1, 0.0
16642370.0, 7949384.0, 1, 0.0
16652226.0, 7846962.0, 1, 0.0
16652226.0, 7846962.0, 1, 0.0
16652226.0, 7846962.0, 1, 0.0
16771596.0, 7703098.0, 1, 0.0
16771596.0, 7703098.0, 1, 0.0
16771596.0, 7703098.0, 1, 0.0
16771596.0, 7703098.0, 1, 0.0
16863360.0, 7580476.0, 1, 0.0
16863360.0, 7580476.0, 1, 0.0
16863360.0, 7580476.0, 1, 0.0
16906902.0, 7329338.0, 1, 0.0
16906902.0, 7329338.0, 1, 0.0
16906902.0, 7329338.0, 1, 0.0
16906902.0, 7329338.0, 1, 0.0
16906902.0, 7329338.0, 1, 0.0
16906902.0, 7329338.0, 1, 0.0
17025916.0, 7313618.0, 1, 0.0
17078728.0, 7050656.0, 1, 0.0
17078728.0, 7050656.0, 1, 0.0
17078728.0, 7050656.0, 1, 0.0
17161722.0, 6955492.0, 1, 0.0
17161722.0, 6955492.0, 1, 0.0
17161722.0, 6955492.0, 1, 0.0
17161722.0, 6955492.0, 1, 0.0
17237622.0, 6948220.0, 1, 0.0
17237622.0, 6948220.0, 1, 0.0
15837804.0, 9932044.0, 2, inf
19069244.0, 6371422.0, 2, inf
18372838.0, 6811152.0, 2, 0.564121619639
16371972.0, 9069780.0, 2, 0.527565575178
17862592.0, 7050474.0, 2, 0.264198553385
16614680.0, 8167192.0, 2, 0.243523782461
16777278.0, 7830392.0, 2, 0.222519993308
17699226.0, 7164810.0, 2, 0.200632327944
17116024.0, 7371024.0, 2, 0.199399631303
17273430.0, 7254836.0, 2, 0.164398020062
17017230.0, 7682524.0, 2, 0.156229329057
16439026.0, 8716050.0, 2, 0.139475091711
16896392.0, 7685292.0, 2, 0.115784139498
16489006.0, 8702118.0, 2, 0.109888410564
16531234.0, 8426380.0, 2, 0.103264126396
16531234.0, 8426380.0, 2, 0.0858607579598
Generacion: 251
15825172.0, 9892696.0, 1, inf
15825172.0, 9892696.0, 1, inf
19185380.0, 6284830.0, 1, inf
16266036.0, 9180042.0, 1, 0.290582772029
16316918.0, 8338366.0, 1, 0.284871077972
18911694.0, 6580602.0, 1, 0.264562086184
18275566.0, 6595074.0, 1, 0.194609958805
17899764.0, 6742608.0, 1, 0.192384292253
17442302.0, 6835196.0, 1, 0.141035837273
16863360.0, 7580476.0, 1, 0.132442071368
16490244.0, 8185428.0, 1, 0.1124317468
17025916.0, 7313618.0, 1, 0.108304385399
16906902.0, 7329338.0, 1, 0.105027101819
15975696.0, 9488294.0, 1, 0.104108837176
16514866.0, 7965890.0, 1, 0.0987950909738
17078728.0, 7050656.0, 1, 0.0975848108962
16652226.0, 7846962.0, 1, 0.0912221369252
16863360.0, 7580476.0, 1, 0.0868206257296
16250412.0, 9315342.0, 1, 0.0819502587337
16652226.0, 7846962.0, 1, 0.0767956510851
15967382.0, 9734152.0, 1, 0.075052302581
16096542.0, 9471888.0, 1, 0.0747890121054
16132018.0, 9331812.0, 1, 0.0740592953736
16642370.0, 7949384.0, 1, 0.0663337966796
17442302.0, 6835196.0, 1, 0.0615742830221
17321632.0, 6852856.0, 1, 0.0594328509401
16316918.0, 8338366.0, 1, 0.0575326702756
18063094.0, 6627720.0, 1, 0.0553360982095
17990104.0, 6729276.0, 1, 0.0550337359747
18986452.0, 6403850.0, 1, 0.0520816131145
16490244.0, 8185428.0, 1, 0.0497176778704
17161722.0, 6955492.0, 1, 0.0489646985287
18996838.0, 6318426.0, 1, 0.0461465966746
18986452.0, 6403850.0, 1, 0.0459251818098
15944172.0, 9752114.0, 1, 0.0458727266212
17078728.0, 7050656.0, 1, 0.042093695305
15944172.0, 9752114.0, 1, 0.0403930406192
18275566.0, 6595074.0, 1, 0.0400554327145
18154450.0, 6614188.0, 1, 0.0397948908873
19113198.0, 6298954.0, 1, 0.038854937229
17281742.0, 6937718.0, 1, 0.0366515231175
18154450.0, 6614188.0, 1, 0.0324854712738
17161722.0, 6955492.0, 1, 0.0267146621712
17237622.0, 6948220.0, 1, 0.0254987494053
18063094.0, 6627720.0, 1, 0.0254725632219
17990104.0, 6729276.0, 1, 0.0254171287905
19072340.0, 6303642.0, 1, 0.0237688254381
17025916.0, 7313618.0, 1, 0.0200740304949
16906902.0, 7329338.0, 1, 0.0173152727037
17321632.0, 6852856.0, 1, 0.016766149206
19072340.0, 6303642.0, 1, 0.0162570794883
17237622.0, 6948220.0, 1, 0.0151457354857
16132018.0, 9331812.0, 1, 0.0151227051821
16096542.0, 9471888.0, 1, 0.0151049661641
17281742.0, 6937718.0, 1, 0.014782150909
16514866.0, 7965890.0, 1, 0.011902526199
16642370.0, 7949384.0, 1, 0.00750815537437
15967382.0, 9734152.0, 1, 0.00745281787108
18996838.0, 6318426.0, 1, 0.00718859325178
15975696.0, 9488294.0, 1, 0.00702153799538
17281742.0, 6937718.0, 1, 0.0
17281742.0, 6937718.0, 1, 0.0
17281742.0, 6937718.0, 1, 0.0
17321632.0, 6852856.0, 1, 0.0
17321632.0, 6852856.0, 1, 0.0
17321632.0, 6852856.0, 1, 0.0
17321632.0, 6852856.0, 1, 0.0
17321632.0, 6852856.0, 1, 0.0
17321632.0, 6852856.0, 1, 0.0
17321632.0, 6852856.0, 1, 0.0
17442302.0, 6835196.0, 1, 0.0
17442302.0, 6835196.0, 1, 0.0
17442302.0, 6835196.0, 1, 0.0
17442302.0, 6835196.0, 1, 0.0
17442302.0, 6835196.0, 1, 0.0
17990104.0, 6729276.0, 1, 0.0
17990104.0, 6729276.0, 1, 0.0
18063094.0, 6627720.0, 1, 0.0
18063094.0, 6627720.0, 1, 0.0
18154450.0, 6614188.0, 1, 0.0
18154450.0, 6614188.0, 1, 0.0
18154450.0, 6614188.0, 1, 0.0
18275566.0, 6595074.0, 1, 0.0
18996838.0, 6318426.0, 1, 0.0
19072340.0, 6303642.0, 1, 0.0
19072340.0, 6303642.0, 1, 0.0
19072340.0, 6303642.0, 1, 0.0
15975696.0, 9488294.0, 1, 0.0
15975696.0, 9488294.0, 1, 0.0
15975696.0, 9488294.0, 1, 0.0
15975696.0, 9488294.0, 1, 0.0
15975696.0, 9488294.0, 1, 0.0
15975696.0, 9488294.0, 1, 0.0
15975696.0, 9488294.0, 1, 0.0
16096542.0, 9471888.0, 1, 0.0
16096542.0, 9471888.0, 1, 0.0
16096542.0, 9471888.0, 1, 0.0
16132018.0, 9331812.0, 1, 0.0
16490244.0, 8185428.0, 1, 0.0
16490244.0, 8185428.0, 1, 0.0
16514866.0, 7965890.0, 1, 0.0
16514866.0, 7965890.0, 1, 0.0
16642370.0, 7949384.0, 1, 0.0
16642370.0, 7949384.0, 1, 0.0
16642370.0, 7949384.0, 1, 0.0
16642370.0, 7949384.0, 1, 0.0
16652226.0, 7846962.0, 1, 0.0
16652226.0, 7846962.0, 1, 0.0
16863360.0, 7580476.0, 1, 0.0
16863360.0, 7580476.0, 1, 0.0
16863360.0, 7580476.0, 1, 0.0
16863360.0, 7580476.0, 1, 0.0
16863360.0, 7580476.0, 1, 0.0
16863360.0, 7580476.0, 1, 0.0
16906902.0, 7329338.0, 1, 0.0
16906902.0, 7329338.0, 1, 0.0
16906902.0, 7329338.0, 1, 0.0
16906902.0, 7329338.0, 1, 0.0
16906902.0, 7329338.0, 1, 0.0
16906902.0, 7329338.0, 1, 0.0
16906902.0, 7329338.0, 1, 0.0
16906902.0, 7329338.0, 1, 0.0
17025916.0, 7313618.0, 1, 0.0
17025916.0, 7313618.0, 1, 0.0
17025916.0, 7313618.0, 1, 0.0
17078728.0, 7050656.0, 1, 0.0
17161722.0, 6955492.0, 1, 0.0
17161722.0, 6955492.0, 1, 0.0
17161722.0, 6955492.0, 1, 0.0
17161722.0, 6955492.0, 1, 0.0
17161722.0, 6955492.0, 1, 0.0
17161722.0, 6955492.0, 1, 0.0
17281742.0, 6937718.0, 1, 0.0
19802394.0, 6290512.0, 2, inf
16371972.0, 9069780.0, 2, inf
16371972.0, 9069780.0, 2, inf
18070440.0, 6709552.0, 2, 0.629566089424
17027528.0, 7319250.0, 2, 0.520303816132
16614680.0, 8167192.0, 2, 0.482847321332
16501110.0, 8443206.0, 2, 0.338106261924
18070440.0, 6709552.0, 2, 0.286485679051
17604890.0, 7056086.0, 2, 0.200969636697
17604890.0, 7056086.0, 2, 0.184248866062
17400562.0, 7237454.0, 2, 0.168135316139
16505722.0, 8238454.0, 2, 0.132418475211
17273430.0, 7254836.0, 2, 0.077936890681
17273430.0, 7254836.0, 2, 0.0602367696577
16628928.0, 8293804.0, 3, inf
18792910.0, 6735644.0, 3, inf
17407488.0, 7449504.0, 3, 0.838337403548
Generacion: 252
19185380.0, 6284830.0, 1, inf
19185380.0, 6284830.0, 1, inf
15801706.0, 9909422.0, 1, inf
15801706.0, 9909422.0, 1, inf
16316918.0, 8338366.0, 1, 0.340668863377
16266036.0, 9180042.0, 1, 0.28919592475
18911694.0, 6580602.0, 1, 0.235956585687
17442302.0, 6835196.0, 1, 0.20127591427
18275566.0, 6595074.0, 1, 0.193272619623
17899764.0, 6742608.0, 1, 0.191118219367
16490244.0, 8185428.0, 1, 0.16126447381
15944172.0, 9752114.0, 1, 0.156057103004
17078728.0, 7050656.0, 1, 0.138940163115
16863360.0, 7580476.0, 1, 0.131685101787
15975696.0, 9488294.0, 1, 0.108500556721
17025916.0, 7313618.0, 1, 0.107722417106
16906902.0, 7329338.0, 1, 0.104460256841
16514866.0, 7965890.0, 1, 0.0982511411753
16652226.0, 7846962.0, 1, 0.0906553803733
16863360.0, 7580476.0, 1, 0.0863899152488
16250412.0, 9315342.0, 1, 0.0814795424937
16652226.0, 7846962.0, 1, 0.0764344644577
16096542.0, 9471888.0, 1, 0.0743604383295
16132018.0, 9331812.0, 1, 0.0736357822309
16642370.0, 7949384.0, 1, 0.0734063444086
18914362.0, 6424106.0, 1, 0.0708583969409
17321632.0, 6852856.0, 1, 0.0590752610678
18063094.0, 6627720.0, 1, 0.0550176566913
17990104.0, 6729276.0, 1, 0.0547173913584
17161722.0, 6955492.0, 1, 0.0486863319302
18996838.0, 6318426.0, 1, 0.0458815093051
15825172.0, 9892696.0, 1, 0.0457206720237
18986452.0, 6403850.0, 1, 0.0448731379313
18275566.0, 6595074.0, 1, 0.039786953654
15825172.0, 9892696.0, 1, 0.0397834609968
18154450.0, 6614188.0, 1, 0.03952761412
19113198.0, 6298954.0, 1, 0.0385975750477
17281742.0, 6937718.0, 1, 0.0364519232404
18154450.0, 6614188.0, 1, 0.0322724759923
17161722.0, 6955492.0, 1, 0.0265340713895
17237622.0, 6948220.0, 1, 0.0253286685022
18063094.0, 6627720.0, 1, 0.0253046127316
17990104.0, 6729276.0, 1, 0.0252494341074
19072340.0, 6303642.0, 1, 0.023607002271
17025916.0, 7313618.0, 1, 0.0199449264408
16906902.0, 7329338.0, 1, 0.0172053008149
17321632.0, 6852856.0, 1, 0.0166612332775
19072340.0, 6303642.0, 1, 0.01615384423
17237622.0, 6948220.0, 1, 0.0150453759655
16132018.0, 9331812.0, 1, 0.0150284212709
16096542.0, 9471888.0, 1, 0.0150107641112
17281742.0, 6937718.0, 1, 0.0146863903158
15975696.0, 9488294.0, 1, 0.013842802895
16514866.0, 7965890.0, 1, 0.0118305975934
18986452.0, 6403850.0, 1, 0.00865793569653
18996838.0, 6318426.0, 1, 0.00714824853726
16514866.0, 7965890.0, 1, 0.0
16652226.0, 7846962.0, 1, 0.0
16652226.0, 7846962.0, 1, 0.0
16863360.0, 7580476.0, 1, 0.0
16863360.0, 7580476.0, 1, 0.0
16906902.0, 7329338.0, 1, 0.0
16906902.0, 7329338.0, 1, 0.0
16906902.0, 7329338.0, 1, 0.0
17025916.0, 7313618.0, 1, 0.0
17025916.0, 7313618.0, 1, 0.0
17025916.0, 7313618.0, 1, 0.0
17025916.0, 7313618.0, 1, 0.0
17025916.0, 7313618.0, 1, 0.0
17161722.0, 6955492.0, 1, 0.0
17161722.0, 6955492.0, 1, 0.0
17237622.0, 6948220.0, 1, 0.0
17237622.0, 6948220.0, 1, 0.0
17237622.0, 6948220.0, 1, 0.0
17237622.0, 6948220.0, 1, 0.0
17281742.0, 6937718.0, 1, 0.0
17281742.0, 6937718.0, 1, 0.0
17281742.0, 6937718.0, 1, 0.0
17321632.0, 6852856.0, 1, 0.0
17321632.0, 6852856.0, 1, 0.0
17321632.0, 6852856.0, 1, 0.0
17321632.0, 6852856.0, 1, 0.0
17321632.0, 6852856.0, 1, 0.0
17321632.0, 6852856.0, 1, 0.0
17990104.0, 6729276.0, 1, 0.0
18063094.0, 6627720.0, 1, 0.0
18063094.0, 6627720.0, 1, 0.0
18154450.0, 6614188.0, 1, 0.0
18154450.0, 6614188.0, 1, 0.0
18154450.0, 6614188.0, 1, 0.0
18154450.0, 6614188.0, 1, 0.0
18275566.0, 6595074.0, 1, 0.0
18275566.0, 6595074.0, 1, 0.0
18275566.0, 6595074.0, 1, 0.0
18275566.0, 6595074.0, 1, 0.0
18996838.0, 6318426.0, 1, 0.0
19072340.0, 6303642.0, 1, 0.0
19072340.0, 6303642.0, 1, 0.0
19072340.0, 6303642.0, 1, 0.0
19072340.0, 6303642.0, 1, 0.0
19072340.0, 6303642.0, 1, 0.0
19072340.0, 6303642.0, 1, 0.0
19072340.0, 6303642.0, 1, 0.0
19072340.0, 6303642.0, 1, 0.0
19185380.0, 6284830.0, 1, 0.0
19185380.0, 6284830.0, 1, 0.0
15825172.0, 9892696.0, 1, 0.0
15975696.0, 9488294.0, 1, 0.0
15975696.0, 9488294.0, 1, 0.0
15975696.0, 9488294.0, 1, 0.0
15975696.0, 9488294.0, 1, 0.0
15975696.0, 9488294.0, 1, 0.0
15975696.0, 9488294.0, 1, 0.0
16096542.0, 9471888.0, 1, 0.0
16096542.0, 9471888.0, 1, 0.0
16132018.0, 9331812.0, 1, 0.0
16514866.0, 7965890.0, 1, 0.0
16514866.0, 7965890.0, 1, 0.0
16514866.0, 7965890.0, 1, 0.0
15863722.0, 9915382.0, 2, inf
19101944.0, 6385102.0, 2, inf
18070440.0, 6709552.0, 2, 0.394561401429
16439026.0, 8716050.0, 2, 0.29923760088
17658426.0, 6977928.0, 2, 0.296882496213
15983596.0, 9649906.0, 2, 0.280532461504
16383488.0, 9491668.0, 2, 0.261813927216
18070440.0, 6709552.0, 2, 0.219139528182
16505722.0, 8238454.0, 2, 0.209715485416
16767532.0, 7974662.0, 2, 0.199375708189
17057258.0, 7424956.0, 2, 0.185556914917
17390966.0, 7016874.0, 2, 0.136124859571
16896392.0, 7685292.0, 2, 0.131645263702
16384174.0, 9162336.0, 2, 0.126628446164
17201200.0, 7032946.0, 2, 0.114013551504
16896392.0, 7685292.0, 2, 0.113537167914
16384174.0, 9162336.0, 2, 0.110226709665
17147192.0, 7303644.0, 2, 0.104451551733
16648162.0, 8118526.0, 2, 0.101739196907
17268022.0, 7032872.0, 2, 0.0631545251803
17147192.0, 7303644.0, 2, 0.051041568237
16614680.0, 8167192.0, 2, 0.0474327857319
16614680.0, 8167192.0, 2, 0.030525558906
16614680.0, 8167192.0, 2, 0.0
18110570.0, 6710048.0, 3, inf
18110570.0, 6710048.0, 3, inf
16230962.0, 9759662.0, 3, inf
16230962.0, 9759662.0, 3, inf
17196480.0, 7530886.0, 3, 0.872178471719
16660916.0, 8920856.0, 3, 0.684532184153
16660916.0, 8920856.0, 3, 0.559987050494
Generacion: 253
19185380.0, 6284830.0, 1, inf
15801706.0, 9909422.0, 1, inf
19185380.0, 6284830.0, 1, inf
15801706.0, 9909422.0, 1, inf
18911694.0, 6580602.0, 1, 0.262850320695
16490244.0, 8185428.0, 1, 0.229377490547
16439026.0, 8716050.0, 1, 0.217392549155
18275566.0, 6595074.0, 1, 0.191550494761
15944172.0, 9752114.0, 1, 0.167606756607
17442302.0, 6835196.0, 1, 0.140069102948
17899764.0, 6742608.0, 1, 0.13887503752
16771596.0, 7703098.0, 1, 0.135919509412
17025916.0, 7313618.0, 1, 0.133977510093
16371972.0, 9069780.0, 1, 0.123276314222
17161722.0, 6955492.0, 1, 0.12123573887
16423372.0, 8901754.0, 1, 0.117408594664
15975696.0, 9488294.0, 1, 0.108500556721
16906902.0, 7329338.0, 1, 0.104460256841
16514866.0, 7965890.0, 1, 0.0982511411753
16863360.0, 7580476.0, 1, 0.0964068805404
16096542.0, 9471888.0, 1, 0.0743604383295
16132018.0, 9331812.0, 1, 0.0736357822309
16250412.0, 9315342.0, 1, 0.072318116684
16266036.0, 9180042.0, 1, 0.0686363199151
16642370.0, 7949384.0, 1, 0.0659396423914
16652226.0, 7846962.0, 1, 0.0635357465079
17442302.0, 6835196.0, 1, 0.0612068113223
17321632.0, 6852856.0, 1, 0.0590752610678
18063094.0, 6627720.0, 1, 0.0532089013886
18996838.0, 6318426.0, 1, 0.0530297578424
17899764.0, 6742608.0, 1, 0.0522431818474
18986452.0, 6403850.0, 1, 0.0518341055937
18023550.0, 6722720.0, 1, 0.0495898288332
16863360.0, 7580476.0, 1, 0.0466988272587
18986452.0, 6403850.0, 1, 0.0456616299669
17025916.0, 7313618.0, 1, 0.0444727030529
16652226.0, 7846962.0, 1, 0.0426038981485
17161722.0, 6955492.0, 1, 0.0421419579649
17281742.0, 6937718.0, 1, 0.0364519232404
16266036.0, 9180042.0, 1, 0.0350379934345
18275566.0, 6595074.0, 1, 0.0300105981304
18154450.0, 6614188.0, 1, 0.0287211797361
17990104.0, 6729276.0, 1, 0.0285075448433
18187530.0, 6607946.0, 1, 0.0277399977428
17237622.0, 6948220.0, 1, 0.0253286685022
19072340.0, 6303642.0, 1, 0.023607002271
19113198.0, 6298954.0, 1, 0.0226258202777
16906902.0, 7329338.0, 1, 0.0172053008149
17321632.0, 6852856.0, 1, 0.0166612332775
19072340.0, 6303642.0, 1, 0.01615384423
19113198.0, 6298954.0, 1, 0.01597175477
18063094.0, 6627720.0, 1, 0.0154200907593
17237622.0, 6948220.0, 1, 0.0150453759655
16132018.0, 9331812.0, 1, 0.0150284212709
16096542.0, 9471888.0, 1, 0.0150107641112
17281742.0, 6937718.0, 1, 0.0146863903158
15975696.0, 9488294.0, 1, 0.013842802895
17990104.0, 6729276.0, 1, 0.0135627290643
18154450.0, 6614188.0, 1, 0.0135097412399
18187530.0, 6607946.0, 1, 0.0133276517799
16514866.0, 7965890.0, 1, 0.0118305975934
16250412.0, 9315342.0, 1, 0.00916142580977
16642370.0, 7949384.0, 1, 0.00746670201715
18063094.0, 6627720.0, 1, 0.0
18154450.0, 6614188.0, 1, 0.0
18154450.0, 6614188.0, 1, 0.0
18154450.0, 6614188.0, 1, 0.0
18154450.0, 6614188.0, 1, 0.0
18154450.0, 6614188.0, 1, 0.0
18154450.0, 6614188.0, 1, 0.0
18154450.0, 6614188.0, 1, 0.0
18154450.0, 6614188.0, 1, 0.0
18154450.0, 6614188.0, 1, 0.0
18154450.0, 6614188.0, 1, 0.0
18275566.0, 6595074.0, 1, 0.0
18275566.0, 6595074.0, 1, 0.0
18275566.0, 6595074.0, 1, 0.0
18275566.0, 6595074.0, 1, 0.0
18275566.0, 6595074.0, 1, 0.0
18986452.0, 6403850.0, 1, 0.0
18986452.0, 6403850.0, 1, 0.0
18986452.0, 6403850.0, 1, 0.0
19072340.0, 6303642.0, 1, 0.0
19072340.0, 6303642.0, 1, 0.0
19072340.0, 6303642.0, 1, 0.0
19072340.0, 6303642.0, 1, 0.0
19072340.0, 6303642.0, 1, 0.0
19072340.0, 6303642.0, 1, 0.0
19072340.0, 6303642.0, 1, 0.0
19185380.0, 6284830.0, 1, 0.0
19185380.0, 6284830.0, 1, 0.0
19185380.0, 6284830.0, 1, 0.0
15801706.0, 9909422.0, 1, 0.0
15975696.0, 9488294.0, 1, 0.0
16096542.0, 9471888.0, 1, 0.0
16132018.0, 9331812.0, 1, 0.0
16132018.0, 9331812.0, 1, 0.0
16132018.0, 9331812.0, 1, 0.0
16132018.0, 9331812.0, 1, 0.0
16250412.0, 9315342.0, 1, 0.0
16250412.0, 9315342.0, 1, 0.0
16266036.0, 9180042.0, 1, 0.0
16514866.0, 7965890.0, 1, 0.0
16514866.0, 7965890.0, 1, 0.0
16514866.0, 7965890.0, 1, 0.0
16514866.0, 7965890.0, 1, 0.0
16514866.0, 7965890.0, 1, 0.0
16652226.0, 7846962.0, 1, 0.0
16652226.0, 7846962.0, 1, 0.0
16652226.0, 7846962.0, 1, 0.0
16863360.0, 7580476.0, 1, 0.0
16906902.0, 7329338.0, 1, 0.0
16906902.0, 7329338.0, 1, 0.0
16906902.0, 7329338.0, 1, 0.0
17025916.0, 7313618.0, 1, 0.0
17025916.0, 7313618.0, 1, 0.0
17025916.0, 7313618.0, 1, 0.0
17025916.0, 7313618.0, 1, 0.0
17025916.0, 7313618.0, 1, 0.0
17025916.0, 7313618.0, 1, 0.0
17161722.0, 6955492.0, 1, 0.0
17161722.0, 6955492.0, 1, 0.0
17161722.0, 6955492.0, 1, 0.0
17161722.0, 6955492.0, 1, 0.0
17237622.0, 6948220.0, 1, 0.0
17281742.0, 6937718.0, 1, 0.0
17281742.0, 6937718.0, 1, 0.0
17281742.0, 6937718.0, 1, 0.0
17281742.0, 6937718.0, 1, 0.0
17281742.0, 6937718.0, 1, 0.0
17281742.0, 6937718.0, 1, 0.0
17321632.0, 6852856.0, 1, 0.0
17321632.0, 6852856.0, 1, 0.0
17321632.0, 6852856.0, 1, 0.0
17442302.0, 6835196.0, 1, 0.0
17442302.0, 6835196.0, 1, 0.0
17990104.0, 6729276.0, 1, 0.0
17990104.0, 6729276.0, 1, 0.0
16184480.0, 9436856.0, 2, inf
19802394.0, 6290512.0, 2, inf
16453868.0, 9157094.0, 2, 0.469679200076
16935142.0, 7440498.0, 2, 0.383612893651
19101944.0, 6385102.0, 2, 0.376769921193
16614680.0, 8167192.0, 2, 0.372306423261
16505722.0, 8238454.0, 2, 0.359068579601
18795066.0, 6599930.0, 2, 0.348020699215
17360744.0, 6930624.0, 2, 0.34615206703
17027528.0, 7319250.0, 2, 0.279690247097
18194008.0, 6690502.0, 2, 0.235129415637
17737658.0, 6847706.0, 2, 0.184765232568
Generacion: 254
15801706.0, 9909422.0, 1, inf
21109724.0, 6277084.0, 1, inf
15801706.0, 9909422.0, 1, inf
19185380.0, 6284830.0, 1, 0.366423723868
16501110.0, 8443206.0, 1, 0.330826595419
16371972.0, 9069780.0, 1, 0.192456546682
18986452.0, 6403850.0, 1, 0.157444460616
16514866.0, 7965890.0, 1, 0.155428393302
18275566.0, 6595074.0, 1, 0.137470548496
17899764.0, 6742608.0, 1, 0.132363021594
16815532.0, 7450386.0, 1, 0.128388783738
15975696.0, 9488294.0, 1, 0.102081069929
15944172.0, 9752114.0, 1, 0.0994706793837
16771596.0, 7703098.0, 1, 0.0920614406372
17442302.0, 6835196.0, 1, 0.0910450866992
17037622.0, 7118450.0, 1, 0.0834403688794
17025916.0, 7313618.0, 1, 0.0761522342499
18275566.0, 6595074.0, 1, 0.0692303555454
17157642.0, 7100676.0, 1, 0.0682428404984
16132018.0, 9331812.0, 1, 0.0653849892529
17990104.0, 6729276.0, 1, 0.0623996458182
16250412.0, 9315342.0, 1, 0.0595534834844
16266036.0, 9180042.0, 1, 0.0572064680825
16906902.0, 7329338.0, 1, 0.0557466442415
16371972.0, 9069780.0, 1, 0.0546845101793
18986452.0, 6403850.0, 1, 0.0546015430583
17161722.0, 6955492.0, 1, 0.0542689711936
16642370.0, 7949384.0, 1, 0.0522182845513
16652226.0, 7846962.0, 1, 0.0506858858292
15944172.0, 9752114.0, 1, 0.0492465836477
15975696.0, 9488294.0, 1, 0.0490191819026
17442302.0, 6835196.0, 1, 0.0482234511684
16771596.0, 7703098.0, 1, 0.0478837355042
17321632.0, 6852856.0, 1, 0.0460964464678
18063094.0, 6627720.0, 1, 0.0451697957435
16652226.0, 7846962.0, 1, 0.0414632599142
18996838.0, 6318426.0, 1, 0.0377417768645
16132018.0, 9331812.0, 1, 0.0339844335474
16266036.0, 9180042.0, 1, 0.0332991267838
17281742.0, 6937718.0, 1, 0.0316748676412
18187530.0, 6607946.0, 1, 0.0280797318749
17237622.0, 6948220.0, 1, 0.0275043433914
16906902.0, 7329338.0, 1, 0.021541372497
18154450.0, 6614188.0, 1, 0.0189293963093
18063094.0, 6627720.0, 1, 0.0174763195745
19185380.0, 6284830.0, 1, 0.0157311835964
19072340.0, 6303642.0, 1, 0.015514770457
19113198.0, 6298954.0, 1, 0.0148893015909
17321632.0, 6852856.0, 1, 0.0123769284526
19072340.0, 6303642.0, 1, 0.0117675175376
19113198.0, 6298954.0, 1, 0.0115858163853
17281742.0, 6937718.0, 1, 0.0104062968649
18154450.0, 6614188.0, 1, 0.00995750558405
16250412.0, 9315342.0, 1, 0.0074777412189
16514866.0, 7965890.0, 1, 0.00713573175651
17025916.0, 7313618.0, 1, 0.00653313401703
16642370.0, 7949384.0, 1, 0.00640099423302
18996838.0, 6318426.0, 1, 0.00602676835398
17161722.0, 6955492.0, 1, 0.0027706648183
18154450.0, 6614188.0, 1, 0.0
18154450.0, 6614188.0, 1, 0.0
18154450.0, 6614188.0, 1, 0.0
18154450.0, 6614188.0, 1, 0.0
18154450.0, 6614188.0, 1, 0.0
18154450.0, 6614188.0, 1, 0.0
18275566.0, 6595074.0, 1, 0.0
18275566.0, 6595074.0, 1, 0.0
18275566.0, 6595074.0, 1, 0.0
19072340.0, 6303642.0, 1, 0.0
19072340.0, 6303642.0, 1, 0.0
19072340.0, 6303642.0, 1, 0.0
19072340.0, 6303642.0, 1, 0.0
19072340.0, 6303642.0, 1, 0.0
19072340.0, 6303642.0, 1, 0.0
19185380.0, 6284830.0, 1, 0.0
19185380.0, 6284830.0, 1, 0.0
19185380.0, 6284830.0, 1, 0.0
19185380.0, 6284830.0, 1, 0.0
19185380.0, 6284830.0, 1, 0.0
19185380.0, 6284830.0, 1, 0.0
19185380.0, 6284830.0, 1, 0.0
19185380.0, 6284830.0, 1, 0.0
19185380.0, 6284830.0, 1, 0.0
19185380.0, 6284830.0, 1, 0.0
19185380.0, 6284830.0, 1, 0.0
15975696.0, 9488294.0, 1, 0.0
15975696.0, 9488294.0, 1, 0.0
15975696.0, 9488294.0, 1, 0.0
15975696.0, 9488294.0, 1, 0.0
16132018.0, 9331812.0, 1, 0.0
16132018.0, 9331812.0, 1, 0.0
16132018.0, 9331812.0, 1, 0.0
16132018.0, 9331812.0, 1, 0.0
16250412.0, 9315342.0, 1, 0.0
16250412.0, 9315342.0, 1, 0.0
16250412.0, 9315342.0, 1, 0.0
16250412.0, 9315342.0, 1, 0.0
16266036.0, 9180042.0, 1, 0.0
16266036.0, 9180042.0, 1, 0.0
16371972.0, 9069780.0, 1, 0.0
16514866.0, 7965890.0, 1, 0.0
16514866.0, 7965890.0, 1, 0.0
16642370.0, 7949384.0, 1, 0.0
16642370.0, 7949384.0, 1, 0.0
16652226.0, 7846962.0, 1, 0.0
16652226.0, 7846962.0, 1, 0.0
16652226.0, 7846962.0, 1, 0.0
16652226.0, 7846962.0, 1, 0.0
16652226.0, 7846962.0, 1, 0.0
16906902.0, 7329338.0, 1, 0.0
17025916.0, 7313618.0, 1, 0.0
17025916.0, 7313618.0, 1, 0.0
17025916.0, 7313618.0, 1, 0.0
17025916.0, 7313618.0, 1, 0.0
17025916.0, 7313618.0, 1, 0.0
17161722.0, 6955492.0, 1, 0.0
17161722.0, 6955492.0, 1, 0.0
17161722.0, 6955492.0, 1, 0.0
17161722.0, 6955492.0, 1, 0.0
17161722.0, 6955492.0, 1, 0.0
17281742.0, 6937718.0, 1, 0.0
17281742.0, 6937718.0, 1, 0.0
17281742.0, 6937718.0, 1, 0.0
17281742.0, 6937718.0, 1, 0.0
17281742.0, 6937718.0, 1, 0.0
17281742.0, 6937718.0, 1, 0.0
17281742.0, 6937718.0, 1, 0.0
17321632.0, 6852856.0, 1, 0.0
17321632.0, 6852856.0, 1, 0.0
17321632.0, 6852856.0, 1, 0.0
18154450.0, 6614188.0, 1, 0.0
18154450.0, 6614188.0, 1, 0.0
18154450.0, 6614188.0, 1, 0.0
18154450.0, 6614188.0, 1, 0.0
18154450.0, 6614188.0, 1, 0.0
18154450.0, 6614188.0, 1, 0.0
18795066.0, 6599930.0, 2, inf
16290330.0, 10597784.0, 2, inf
16566844.0, 8566648.0, 2, 0.450131138196
16353446.0, 9612424.0, 2, 0.396521256039
16384174.0, 9162336.0, 2, 0.346782141284
18110570.0, 6710048.0, 2, 0.30189404811
16767532.0, 7974662.0, 2, 0.291130488053
17907110.0, 6824440.0, 2, 0.288445477715
17604890.0, 7056086.0, 2, 0.27233058427
17027528.0, 7319250.0, 2, 0.267650575378
16983360.0, 7861878.0, 2, 0.204811581166
17443420.0, 7173074.0, 2, 0.126943000214
16865656.0, 7879690.0, 2, 0.114379098684
18110570.0, 6710048.0, 2, 0.10877439517
Generacion: 255
19185380.0, 6284830.0, 1, inf
15801706.0, 9909422.0, 1, inf
15801706.0, 9909422.0, 1, inf
19185380.0, 6284830.0, 1, inf
16501110.0, 8443206.0, 1, 0.306810695672
18986452.0, 6403850.0, 1, 0.233660828471
16493074.0, 9054610.0, 1, 0.232961905067
17442302.0, 6835196.0, 1, 0.231652910903
18275566.0, 6595074.0, 1, 0.215366355604
17990104.0, 6729276.0, 1, 0.202811496642
16514866.0, 7965890.0, 1, 0.169370318175
16800464.0, 7596510.0, 1, 0.143105707799
15944172.0, 9752114.0, 1, 0.114890061147
16906902.0, 7329338.0, 1, 0.108883927146
15975696.0, 9488294.0, 1, 0.108500556721
16384174.0, 9162336.0, 1, 0.101703897484
16096542.0, 9471888.0, 1, 0.0893712024407
17025916.0, 7313618.0, 1, 0.0890185188466
18275566.0, 6595074.0, 1, 0.0885516146144
17037622.0, 7118450.0, 1, 0.0881572935155
17078728.0, 7050656.0, 1, 0.0816351012973
16132018.0, 9331812.0, 1, 0.0736357822309
16250412.0, 9315342.0, 1, 0.072318116684
16266036.0, 9180042.0, 1, 0.0722424592773
16642370.0, 7949384.0, 1, 0.0659396423914
16771596.0, 7703098.0, 1, 0.0646851172508
16652226.0, 7846962.0, 1, 0.0635357465079
17161722.0, 6955492.0, 1, 0.0617254131183
17321632.0, 6852856.0, 1, 0.0590752610678
17281742.0, 6937718.0, 1, 0.0588831621836
18986452.0, 6403850.0, 1, 0.0558268308439
18063094.0, 6627720.0, 1, 0.0532089013886
18996838.0, 6318426.0, 1, 0.0530297578424
15944172.0, 9752114.0, 1, 0.0527166954601
18023550.0, 6722720.0, 1, 0.0495898288332
16771596.0, 7703098.0, 1, 0.0482226427438
16652226.0, 7846962.0, 1, 0.0426038981485
18154450.0, 6614188.0, 1, 0.03952761412
19113198.0, 6298954.0, 1, 0.0385975750477
16906902.0, 7329338.0, 1, 0.0357933799266
18154450.0, 6614188.0, 1, 0.0322724759923
17161722.0, 6955492.0, 1, 0.0294315009485
19072340.0, 6303642.0, 1, 0.023607002271
17281742.0, 6937718.0, 1, 0.0166926850933
17321632.0, 6852856.0, 1, 0.0166612332775
19072340.0, 6303642.0, 1, 0.01615384423
18063094.0, 6627720.0, 1, 0.0154200907593
16132018.0, 9331812.0, 1, 0.0150284212709
15975696.0, 9488294.0, 1, 0.013842802895
16266036.0, 9180042.0, 1, 0.00950242970759
16250412.0, 9315342.0, 1, 0.00916142580977
16514866.0, 7965890.0, 1, 0.00861929532253
17025916.0, 7313618.0, 1, 0.00779659300207
16642370.0, 7949384.0, 1, 0.00746670201715
18063094.0, 6627720.0, 1, 0.0
18154450.0, 6614188.0, 1, 0.0
18154450.0, 6614188.0, 1, 0.0
18154450.0, 6614188.0, 1, 0.0
18154450.0, 6614188.0, 1, 0.0
18154450.0, 6614188.0, 1, 0.0
18154450.0, 6614188.0, 1, 0.0
18154450.0, 6614188.0, 1, 0.0
18154450.0, 6614188.0, 1, 0.0
18154450.0, 6614188.0, 1, 0.0
18275566.0, 6595074.0, 1, 0.0
18275566.0, 6595074.0, 1, 0.0
18275566.0, 6595074.0, 1, 0.0
18275566.0, 6595074.0, 1, 0.0
18275566.0, 6595074.0, 1, 0.0
18986452.0, 6403850.0, 1, 0.0
18986452.0, 6403850.0, 1, 0.0
19072340.0, 6303642.0, 1, 0.0
19072340.0, 6303642.0, 1, 0.0
19072340.0, 6303642.0, 1, 0.0
19072340.0, 6303642.0, 1, 0.0
19072340.0, 6303642.0, 1, 0.0
19072340.0, 6303642.0, 1, 0.0
19072340.0, 6303642.0, 1, 0.0
19072340.0, 6303642.0, 1, 0.0
19072340.0, 6303642.0, 1, 0.0
19072340.0, 6303642.0, 1, 0.0
19072340.0, 6303642.0, 1, 0.0
19072340.0, 6303642.0, 1, 0.0
19185380.0, 6284830.0, 1, 0.0
19185380.0, 6284830.0, 1, 0.0
19185380.0, 6284830.0, 1, 0.0
19185380.0, 6284830.0, 1, 0.0
15801706.0, 9909422.0, 1, 0.0
15801706.0, 9909422.0, 1, 0.0
15801706.0, 9909422.0, 1, 0.0
15944172.0, 9752114.0, 1, 0.0
15944172.0, 9752114.0, 1, 0.0
15975696.0, 9488294.0, 1, 0.0
15975696.0, 9488294.0, 1, 0.0
15975696.0, 9488294.0, 1, 0.0
15975696.0, 9488294.0, 1, 0.0
16132018.0, 9331812.0, 1, 0.0
16132018.0, 9331812.0, 1, 0.0
16132018.0, 9331812.0, 1, 0.0
16132018.0, 9331812.0, 1, 0.0
16132018.0, 9331812.0, 1, 0.0
16250412.0, 9315342.0, 1, 0.0
16250412.0, 9315342.0, 1, 0.0
16514866.0, 7965890.0, 1, 0.0
16514866.0, 7965890.0, 1, 0.0
16514866.0, 7965890.0, 1, 0.0
16514866.0, 7965890.0, 1, 0.0
16642370.0, 7949384.0, 1, 0.0
16642370.0, 7949384.0, 1, 0.0
16652226.0, 7846962.0, 1, 0.0
16652226.0, 7846962.0, 1, 0.0
16652226.0, 7846962.0, 1, 0.0
16771596.0, 7703098.0, 1, 0.0
16906902.0, 7329338.0, 1, 0.0
17025916.0, 7313618.0, 1, 0.0
17025916.0, 7313618.0, 1, 0.0
17161722.0, 6955492.0, 1, 0.0
17161722.0, 6955492.0, 1, 0.0
17161722.0, 6955492.0, 1, 0.0
17161722.0, 6955492.0, 1, 0.0
17161722.0, 6955492.0, 1, 0.0
17281742.0, 6937718.0, 1, 0.0
17281742.0, 6937718.0, 1, 0.0
17281742.0, 6937718.0, 1, 0.0
17281742.0, 6937718.0, 1, 0.0
17321632.0, 6852856.0, 1, 0.0
17321632.0, 6852856.0, 1, 0.0
17321632.0, 6852856.0, 1, 0.0
17321632.0, 6852856.0, 1, 0.0
17321632.0, 6852856.0, 1, 0.0
16042054.0, 9596432.0, 2, inf
20069920.0, 6309786.0, 2, inf
19364922.0, 6653346.0, 2, 0.618045169596
16722604.0, 8482948.0, 2, 0.603228817876
16383488.0, 9491668.0, 2, 0.507750802734
18070440.0, 6709552.0, 2, 0.406119346254
17534280.0, 6990580.0, 2, 0.229954074323
16777278.0, 7830392.0, 2, 0.228120182074
17268022.0, 7032872.0, 2, 0.225813176961
18011268.0, 6883566.0, 2, 0.218618684918
17027528.0, 7319250.0, 2, 0.158982005284
16959304.0, 7645530.0, 2, 0.143929695921
17027528.0, 7319250.0, 2, 0.104071815033
16896392.0, 7685292.0, 2, 0.059767539549
16777278.0, 7830392.0, 2, 0.0577222877953
16896392.0, 7685292.0, 2, 0.0416705309705
16896392.0, 7685292.0, 2, 0.0
16896392.0, 7685292.0, 2, 0.0
16777278.0, 7830392.0, 2, 0.0
18110570.0, 6710048.0, 3, inf
Generacion: 256
19185380.0, 6284830.0, 1, inf
19185380.0, 6284830.0, 1, inf
15801706.0, 9909422.0, 1, inf
15801706.0, 9909422.0, 1, inf
18986452.0, 6403850.0, 1, 0.233660828471
18275566.0, 6595074.0, 1, 0.215366355604
16439026.0, 8716050.0, 1, 0.211032480702
17899764.0, 6742608.0, 1, 0.201904273291
17403102.0, 6832300.0, 1, 0.20127591427
16371972.0, 9069780.0, 1, 0.17913710261
16505722.0, 8238454.0, 1, 0.135753604508
15975696.0, 9488294.0, 1, 0.118985018285
16514866.0, 7965890.0, 1, 0.112880649821
16906902.0, 7329338.0, 1, 0.108883927146
15944172.0, 9752114.0, 1, 0.10795499589
17025916.0, 7313618.0, 1, 0.0890185188466
18275566.0, 6595074.0, 1, 0.0885516146144
16800464.0, 7596510.0, 1, 0.0822424717342
16132018.0, 9331812.0, 1, 0.0781620847775
16501110.0, 8443206.0, 1, 0.0766387982318
16501110.0, 8443206.0, 1, 0.0748377716291
16642370.0, 7949384.0, 1, 0.0734063444086
16250412.0, 9315342.0, 1, 0.072318116684
16266036.0, 9180042.0, 1, 0.0686363199151
17037622.0, 7118450.0, 1, 0.0659938421194
16771596.0, 7703098.0, 1, 0.0646851172508
16652226.0, 7846962.0, 1, 0.0635357465079
17161722.0, 6955492.0, 1, 0.0617254131183
16800464.0, 7596510.0, 1, 0.0608632360649
17281742.0, 6937718.0, 1, 0.0588831621836
18986452.0, 6403850.0, 1, 0.0558268308439
18063094.0, 6627720.0, 1, 0.0550176566913
17990104.0, 6729276.0, 1, 0.0547173913584
18996838.0, 6318426.0, 1, 0.0530297578424
15975696.0, 9488294.0, 1, 0.0524888077419
16132018.0, 9331812.0, 1, 0.0507428547536
16771596.0, 7703098.0, 1, 0.0482226427438
15944172.0, 9752114.0, 1, 0.0481021071147
17321632.0, 6852856.0, 1, 0.047490220665
15825172.0, 9892696.0, 1, 0.0457206720237
17078728.0, 7050656.0, 1, 0.0432316748715
16652226.0, 7846962.0, 1, 0.0426038981485
15825172.0, 9892696.0, 1, 0.0397834609968
18154450.0, 6614188.0, 1, 0.03952761412
17078728.0, 7050656.0, 1, 0.0384034264258
19072340.0, 6303642.0, 1, 0.0374862775554
16906902.0, 7329338.0, 1, 0.0357933799266
16266036.0, 9180042.0, 1, 0.0350379934345
18154450.0, 6614188.0, 1, 0.0322724759923
17161722.0, 6955492.0, 1, 0.0294315009485
19072340.0, 6303642.0, 1, 0.027503716715
18063094.0, 6627720.0, 1, 0.0253046127316
17990104.0, 6729276.0, 1, 0.0252494341074
17037622.0, 7118450.0, 1, 0.0221634513961
17321632.0, 6852856.0, 1, 0.0174602197565
17281742.0, 6937718.0, 1, 0.0166926850933
16250412.0, 9315342.0, 1, 0.00916142580977
17025916.0, 7313618.0, 1, 0.00779659300207
16514866.0, 7965890.0, 1, 0.00725627985473
18154450.0, 6614188.0, 1, 0.0
18154450.0, 6614188.0, 1, 0.0
18154450.0, 6614188.0, 1, 0.0
18154450.0, 6614188.0, 1, 0.0
18154450.0, 6614188.0, 1, 0.0
18275566.0, 6595074.0, 1, 0.0
18275566.0, 6595074.0, 1, 0.0
18275566.0, 6595074.0, 1, 0.0
18275566.0, 6595074.0, 1, 0.0
18275566.0, 6595074.0, 1, 0.0
18986452.0, 6403850.0, 1, 0.0
19072340.0, 6303642.0, 1, 0.0
19072340.0, 6303642.0, 1, 0.0
19072340.0, 6303642.0, 1, 0.0
19072340.0, 6303642.0, 1, 0.0
19072340.0, 6303642.0, 1, 0.0
19072340.0, 6303642.0, 1, 0.0
19072340.0, 6303642.0, 1, 0.0
19072340.0, 6303642.0, 1, 0.0
19072340.0, 6303642.0, 1, 0.0
19072340.0, 6303642.0, 1, 0.0
19072340.0, 6303642.0, 1, 0.0
19072340.0, 6303642.0, 1, 0.0
19072340.0, 6303642.0, 1, 0.0
19185380.0, 6284830.0, 1, 0.0
19185380.0, 6284830.0, 1, 0.0
19185380.0, 6284830.0, 1, 0.0
19185380.0, 6284830.0, 1, 0.0
19185380.0, 6284830.0, 1, 0.0
19185380.0, 6284830.0, 1, 0.0
15801706.0, 9909422.0, 1, 0.0
15801706.0, 9909422.0, 1, 0.0
15801706.0, 9909422.0, 1, 0.0
15944172.0, 9752114.0, 1, 0.0
15944172.0, 9752114.0, 1, 0.0
15944172.0, 9752114.0, 1, 0.0
15975696.0, 9488294.0, 1, 0.0
15975696.0, 9488294.0, 1, 0.0
15975696.0, 9488294.0, 1, 0.0
15975696.0, 9488294.0, 1, 0.0
16132018.0, 9331812.0, 1, 0.0
16132018.0, 9331812.0, 1, 0.0
16132018.0, 9331812.0, 1, 0.0
16132018.0, 9331812.0, 1, 0.0
16132018.0, 9331812.0, 1, 0.0
16132018.0, 9331812.0, 1, 0.0
16132018.0, 9331812.0, 1, 0.0
16132018.0, 9331812.0, 1, 0.0
16132018.0, 9331812.0, 1, 0.0
16132018.0, 9331812.0, 1, 0.0
16266036.0, 9180042.0, 1, 0.0
16501110.0, 8443206.0, 1, 0.0
16501110.0, 8443206.0, 1, 0.0
16514866.0, 7965890.0, 1, 0.0
16514866.0, 7965890.0, 1, 0.0
16652226.0, 7846962.0, 1, 0.0
16652226.0, 7846962.0, 1, 0.0
16652226.0, 7846962.0, 1, 0.0
16652226.0, 7846962.0, 1, 0.0
16800464.0, 7596510.0, 1, 0.0
16906902.0, 7329338.0, 1, 0.0
16906902.0, 7329338.0, 1, 0.0
16906902.0, 7329338.0, 1, 0.0
17025916.0, 7313618.0, 1, 0.0
17025916.0, 7313618.0, 1, 0.0
17025916.0, 7313618.0, 1, 0.0
17037622.0, 7118450.0, 1, 0.0
17078728.0, 7050656.0, 1, 0.0
17078728.0, 7050656.0, 1, 0.0
17161722.0, 6955492.0, 1, 0.0
17161722.0, 6955492.0, 1, 0.0
17161722.0, 6955492.0, 1, 0.0
17161722.0, 6955492.0, 1, 0.0
17281742.0, 6937718.0, 1, 0.0
17281742.0, 6937718.0, 1, 0.0
17321632.0, 6852856.0, 1, 0.0
17990104.0, 6729276.0, 1, 0.0
18154450.0, 6614188.0, 1, 0.0
18154450.0, 6614188.0, 1, 0.0
20639430.0, 6408172.0, 2, inf
15837804.0, 9932044.0, 2, inf
19269352.0, 6618286.0, 2, 0.419135844576
16628928.0, 8293804.0, 2, 0.363625683423
19915878.0, 6586922.0, 2, 0.344962147804
18070440.0, 6709552.0, 2, 0.285343848843
16097352.0, 9803028.0, 2, 0.250463539712
16777278.0, 7830392.0, 2, 0.24013949058
16493074.0, 9054610.0, 2, 0.238580394758
17027528.0, 7319250.0, 2, 0.2265192099
16384174.0, 9162336.0, 2, 0.204494593685
17442302.0, 6835196.0, 2, 0.176983463822
Generacion: 257
19185380.0, 6284830.0, 1, inf
15801706.0, 9909422.0, 1, inf
19185380.0, 6284830.0, 1, inf
15801706.0, 9909422.0, 1, inf
18986452.0, 6403850.0, 1, 0.233660828471
18275566.0, 6595074.0, 1, 0.215366355604
17442302.0, 6835196.0, 1, 0.20127591427
17899764.0, 6742608.0, 1, 0.191118219367
16384174.0, 9162336.0, 1, 0.15804135747
16800464.0, 7596510.0, 1, 0.143105707799
16505722.0, 8238454.0, 1, 0.135753604508
16439026.0, 8716050.0, 1, 0.132222085283
16771596.0, 7703098.0, 1, 0.112907759995
16514866.0, 7965890.0, 1, 0.112880649821
16906902.0, 7329338.0, 1, 0.108883927146
15975696.0, 9488294.0, 1, 0.103544964478
16469800.0, 8699338.0, 1, 0.0936238860387
16096542.0, 9471888.0, 1, 0.0893712024407
17025916.0, 7313618.0, 1, 0.0890185188466
18275566.0, 6595074.0, 1, 0.0885516146144
17037622.0, 7118450.0, 1, 0.0881572935155
15967382.0, 9734152.0, 1, 0.0821026235866
16132018.0, 9331812.0, 1, 0.0782532483343
16266036.0, 9180042.0, 1, 0.0767864189836
16501110.0, 8443206.0, 1, 0.0720280723901
18063094.0, 6627720.0, 1, 0.068628992148
16642370.0, 7949384.0, 1, 0.0659396423914
16501110.0, 8443206.0, 1, 0.0657429238394
16652226.0, 7846962.0, 1, 0.0635357465079
17161722.0, 6955492.0, 1, 0.0602129670278
17321632.0, 6852856.0, 1, 0.0590752610678
17281742.0, 6937718.0, 1, 0.0588831621836
18986452.0, 6403850.0, 1, 0.0558268308439
16132018.0, 9331812.0, 1, 0.0523567605709
15944172.0, 9752114.0, 1, 0.0502596029624
18023550.0, 6722720.0, 1, 0.0495898288332
15944172.0, 9752114.0, 1, 0.0470595301521
18996838.0, 6318426.0, 1, 0.0458815093051
16266036.0, 9180042.0, 1, 0.0444922070916
16652226.0, 7846962.0, 1, 0.0426038981485
17132118.0, 7045174.0, 1, 0.0405213537105
18154450.0, 6614188.0, 1, 0.03952761412
19072340.0, 6303642.0, 1, 0.0374862775554
16906902.0, 7329338.0, 1, 0.0357933799266
17078728.0, 7050656.0, 1, 0.0344826050734
18154450.0, 6614188.0, 1, 0.0322724759923
17990104.0, 6729276.0, 1, 0.0285075448433
19072340.0, 6303642.0, 1, 0.027503716715
16384174.0, 9162336.0, 1, 0.0210957451393
16439026.0, 8716050.0, 1, 0.0208215073768
17281742.0, 6937718.0, 1, 0.0166926850933
17321632.0, 6852856.0, 1, 0.0166612332775
17078728.0, 7050656.0, 1, 0.0136607795292
17161722.0, 6955492.0, 1, 0.0136527941345
17990104.0, 6729276.0, 1, 0.0135627290643
17132118.0, 7045174.0, 1, 0.0102615158886
17025916.0, 7313618.0, 1, 0.00779659300207
16642370.0, 7949384.0, 1, 0.00746670201715
16514866.0, 7965890.0, 1, 0.00725627985473
18996838.0, 6318426.0, 1, 0.00714824853726
15975696.0, 9488294.0, 1, 0.00698339504429
17078728.0, 7050656.0, 1, 0.0
17161722.0, 6955492.0, 1, 0.0
17161722.0, 6955492.0, 1, 0.0
17161722.0, 6955492.0, 1, 0.0
17161722.0, 6955492.0, 1, 0.0
17161722.0, 6955492.0, 1, 0.0
17161722.0, 6955492.0, 1, 0.0
17281742.0, 6937718.0, 1, 0.0
17281742.0, 6937718.0, 1, 0.0
17281742.0, 6937718.0, 1, 0.0
17281742.0, 6937718.0, 1, 0.0
17321632.0, 6852856.0, 1, 0.0
18154450.0, 6614188.0, 1, 0.0
18154450.0, 6614188.0, 1, 0.0
18154450.0, 6614188.0, 1, 0.0
18154450.0, 6614188.0, 1, 0.0
18154450.0, 6614188.0, 1, 0.0
18154450.0, 6614188.0, 1, 0.0
18275566.0, 6595074.0, 1, 0.0
18986452.0, 6403850.0, 1, 0.0
19072340.0, 6303642.0, 1, 0.0
19072340.0, 6303642.0, 1, 0.0
19072340.0, 6303642.0, 1, 0.0
19072340.0, 6303642.0, 1, 0.0
19072340.0, 6303642.0, 1, 0.0
19072340.0, 6303642.0, 1, 0.0
19072340.0, 6303642.0, 1, 0.0
19072340.0, 6303642.0, 1, 0.0
19072340.0, 6303642.0, 1, 0.0
19072340.0, 6303642.0, 1, 0.0
19072340.0, 6303642.0, 1, 0.0
19072340.0, 6303642.0, 1, 0.0
19072340.0, 6303642.0, 1, 0.0
19072340.0, 6303642.0, 1, 0.0
19072340.0, 6303642.0, 1, 0.0
19185380.0, 6284830.0, 1, 0.0
19185380.0, 6284830.0, 1, 0.0
15801706.0, 9909422.0, 1, 0.0
15801706.0, 9909422.0, 1, 0.0
15801706.0, 9909422.0, 1, 0.0
15801706.0, 9909422.0, 1, 0.0
15801706.0, 9909422.0, 1, 0.0
15801706.0, 9909422.0, 1, 0.0
15801706.0, 9909422.0, 1, 0.0
15944172.0, 9752114.0, 1, 0.0
15975696.0, 9488294.0, 1, 0.0
16132018.0, 9331812.0, 1, 0.0
16132018.0, 9331812.0, 1, 0.0
16132018.0, 9331812.0, 1, 0.0
16132018.0, 9331812.0, 1, 0.0
16132018.0, 9331812.0, 1, 0.0
16132018.0, 9331812.0, 1, 0.0
16132018.0, 9331812.0, 1, 0.0
16132018.0, 9331812.0, 1, 0.0
16132018.0, 9331812.0, 1, 0.0
16132018.0, 9331812.0, 1, 0.0
16132018.0, 9331812.0, 1, 0.0
16266036.0, 9180042.0, 1, 0.0
16501110.0, 8443206.0, 1, 0.0
16501110.0, 8443206.0, 1, 0.0
16652226.0, 7846962.0, 1, 0.0
16652226.0, 7846962.0, 1, 0.0
16652226.0, 7846962.0, 1, 0.0
16652226.0, 7846962.0, 1, 0.0
16652226.0, 7846962.0, 1, 0.0
16906902.0, 7329338.0, 1, 0.0
16906902.0, 7329338.0, 1, 0.0
16906902.0, 7329338.0, 1, 0.0
16906902.0, 7329338.0, 1, 0.0
17025916.0, 7313618.0, 1, 0.0
17025916.0, 7313618.0, 1, 0.0
17078728.0, 7050656.0, 1, 0.0
17078728.0, 7050656.0, 1, 0.0
17078728.0, 7050656.0, 1, 0.0
23584018.0, 6356764.0, 2, inf
15837804.0, 9932044.0, 2, inf
22888194.0, 6428582.0, 2, 0.507637193883
20051464.0, 6541252.0, 2, 0.405488750131
16489006.0, 8702118.0, 2, 0.320098688592
16201554.0, 9418658.0, 2, 0.307837583897
19269352.0, 6618286.0, 2, 0.267494961665
18110570.0, 6710048.0, 2, 0.233520009727
16648162.0, 8118526.0, 2, 0.204728168045
16042054.0, 9596432.0, 2, 0.19055165288
17117732.0, 7120110.0, 2, 0.165032963344
16919478.0, 7580790.0, 2, 0.131831741232
17604890.0, 7056086.0, 2, 0.12780270728
16896392.0, 7685292.0, 2, 0.124155139679
19915878.0, 6586922.0, 2, 0.114746727716
Generacion: 258
15801706.0, 9909422.0, 1, inf
19185380.0, 6284830.0, 1, inf
15801706.0, 9909422.0, 1, inf
19185380.0, 6284830.0, 1, inf
18986452.0, 6403850.0, 1, 0.233660828471
18275566.0, 6595074.0, 1, 0.215366355604
17403102.0, 6832300.0, 1, 0.20127591427
16355602.0, 8865174.0, 1, 0.166558920754
17899764.0, 6742608.0, 1, 0.150460077922
16906902.0, 7329338.0, 1, 0.148986156809
16896392.0, 7685292.0, 1, 0.143105707799
16514866.0, 7965890.0, 1, 0.120136929675
15944172.0, 9752114.0, 1, 0.10959286053
15975696.0, 9488294.0, 1, 0.108500556721
16469800.0, 8699338.0, 1, 0.106202067895
17078728.0, 7050656.0, 1, 0.0926651536196
16266036.0, 9180042.0, 1, 0.0914873813932
16096542.0, 9471888.0, 1, 0.0893712024407
18275566.0, 6595074.0, 1, 0.0885516146144
15819630.0, 9789000.0, 1, 0.0855041330205
16250412.0, 9315342.0, 1, 0.0814795424937
16906902.0, 7329338.0, 1, 0.0799925379952
16414914.0, 8735812.0, 1, 0.0795027168514
16771596.0, 7703098.0, 1, 0.0765728916153
16505722.0, 8238454.0, 1, 0.0765615481578
16132018.0, 9331812.0, 1, 0.0736357822309
16501110.0, 8443206.0, 1, 0.0720280723901
16642370.0, 7949384.0, 1, 0.0659396423914
16501110.0, 8443206.0, 1, 0.0657429238394
17321632.0, 6852856.0, 1, 0.0649504404215
16266036.0, 9180042.0, 1, 0.0637983834
16652226.0, 7846962.0, 1, 0.0635357465079
16505722.0, 8238454.0, 1, 0.0591920563504
18986452.0, 6403850.0, 1, 0.0558268308439
18063094.0, 6627720.0, 1, 0.0550176566913
17990104.0, 6729276.0, 1, 0.0547173913584
17078728.0, 7050656.0, 1, 0.0522933428317
17899764.0, 6742608.0, 1, 0.0514441953683
17161722.0, 6955492.0, 1, 0.0471738858398
18996838.0, 6318426.0, 1, 0.0458815093051
16652226.0, 7846962.0, 1, 0.0426038981485
17132118.0, 7045174.0, 1, 0.0405213537105
16771596.0, 7703098.0, 1, 0.0401907741634
18154450.0, 6614188.0, 1, 0.03952761412
19072340.0, 6303642.0, 1, 0.0374862775554
17281742.0, 6937718.0, 1, 0.0364519232404
18154450.0, 6614188.0, 1, 0.0322724759923
19072340.0, 6303642.0, 1, 0.027503716715
17237622.0, 6948220.0, 1, 0.0253286685022
18063094.0, 6627720.0, 1, 0.0253046127316
17990104.0, 6729276.0, 1, 0.0252494341074
15944172.0, 9752114.0, 1, 0.0194930940175
17237622.0, 6948220.0, 1, 0.0150453759655
16132018.0, 9331812.0, 1, 0.0150284212709
17281742.0, 6937718.0, 1, 0.0146863903158
15975696.0, 9488294.0, 1, 0.013842802895
17161722.0, 6955492.0, 1, 0.0107553645755
17132118.0, 7045174.0, 1, 0.0102615158886
16642370.0, 7949384.0, 1, 0.00746670201715
18996838.0, 6318426.0, 1, 0.00714824853726
19072340.0, 6303642.0, 1, 0.0
19072340.0, 6303642.0, 1, 0.0
19072340.0, 6303642.0, 1, 0.0
19072340.0, 6303642.0, 1, 0.0
19072340.0, 6303642.0, 1, 0.0
19072340.0, 6303642.0, 1, 0.0
19072340.0, 6303642.0, 1, 0.0
19072340.0, 6303642.0, 1, 0.0
19072340.0, 6303642.0, 1, 0.0
19072340.0, 6303642.0, 1, 0.0
19072340.0, 6303642.0, 1, 0.0
19072340.0, 6303642.0, 1, 0.0
19072340.0, 6303642.0, 1, 0.0
19072340.0, 6303642.0, 1, 0.0
19185380.0, 6284830.0, 1, 0.0
19185380.0, 6284830.0, 1, 0.0
19185380.0, 6284830.0, 1, 0.0
19185380.0, 6284830.0, 1, 0.0
19185380.0, 6284830.0, 1, 0.0
19185380.0, 6284830.0, 1, 0.0
19185380.0, 6284830.0, 1, 0.0
19185380.0, 6284830.0, 1, 0.0
15801706.0, 9909422.0, 1, 0.0
15801706.0, 9909422.0, 1, 0.0
15801706.0, 9909422.0, 1, 0.0
15801706.0, 9909422.0, 1, 0.0
15944172.0, 9752114.0, 1, 0.0
15975696.0, 9488294.0, 1, 0.0
16132018.0, 9331812.0, 1, 0.0
16132018.0, 9331812.0, 1, 0.0
16132018.0, 9331812.0, 1, 0.0
16132018.0, 9331812.0, 1, 0.0
16132018.0, 9331812.0, 1, 0.0
16132018.0, 9331812.0, 1, 0.0
16132018.0, 9331812.0, 1, 0.0
16132018.0, 9331812.0, 1, 0.0
16266036.0, 9180042.0, 1, 0.0
16266036.0, 9180042.0, 1, 0.0
16266036.0, 9180042.0, 1, 0.0
16501110.0, 8443206.0, 1, 0.0
16501110.0, 8443206.0, 1, 0.0
16501110.0, 8443206.0, 1, 0.0
16501110.0, 8443206.0, 1, 0.0
16501110.0, 8443206.0, 1, 0.0
16501110.0, 8443206.0, 1, 0.0
16642370.0, 7949384.0, 1, 0.0
16652226.0, 7846962.0, 1, 0.0
16652226.0, 7846962.0, 1, 0.0
16771596.0, 7703098.0, 1, 0.0
16771596.0, 7703098.0, 1, 0.0
16906902.0, 7329338.0, 1, 0.0
16906902.0, 7329338.0, 1, 0.0
16906902.0, 7329338.0, 1, 0.0
16906902.0, 7329338.0, 1, 0.0
16906902.0, 7329338.0, 1, 0.0
16906902.0, 7329338.0, 1, 0.0
16906902.0, 7329338.0, 1, 0.0
16906902.0, 7329338.0, 1, 0.0
16906902.0, 7329338.0, 1, 0.0
16906902.0, 7329338.0, 1, 0.0
16906902.0, 7329338.0, 1, 0.0
17132118.0, 7045174.0, 1, 0.0
17161722.0, 6955492.0, 1, 0.0
17161722.0, 6955492.0, 1, 0.0
17161722.0, 6955492.0, 1, 0.0
17161722.0, 6955492.0, 1, 0.0
17161722.0, 6955492.0, 1, 0.0
17161722.0, 6955492.0, 1, 0.0
17161722.0, 6955492.0, 1, 0.0
17161722.0, 6955492.0, 1, 0.0
17237622.0, 6948220.0, 1, 0.0
17990104.0, 6729276.0, 1, 0.0
17990104.0, 6729276.0, 1, 0.0
17990104.0, 6729276.0, 1, 0.0
18063094.0, 6627720.0, 1, 0.0
18154450.0, 6614188.0, 1, 0.0
18154450.0, 6614188.0, 1, 0.0
18154450.0, 6614188.0, 1, 0.0
18154450.0, 6614188.0, 1, 0.0
18154450.0, 6614188.0, 1, 0.0
18154450.0, 6614188.0, 1, 0.0
18275566.0, 6595074.0, 1, 0.0
18275566.0, 6595074.0, 1, 0.0
19072340.0, 6303642.0, 1, 0.0
19072340.0, 6303642.0, 1, 0.0
15825172.0, 9892696.0, 2, inf
19802394.0, 6290512.0, 2, inf
16688100.0, 8046418.0, 2, 0.766810550758
17157642.0, 7100676.0, 2, 0.525876916
18070440.0, 6709552.0, 2, 0.467362258403
Generacion: 259
15801706.0, 9909422.0, 1, inf
19185380.0, 6284830.0, 1, inf
15801706.0, 9909422.0, 1, inf
19185380.0, 6284830.0, 1, inf
16231042.0, 8729046.0, 1, 0.328729661841
18275566.0, 6595074.0, 1, 0.303917970218
18986452.0, 6403850.0, 1, 0.233660828471
16316918.0, 8338366.0, 1, 0.21652899123
17442302.0, 6835196.0, 1, 0.20127591427
17899764.0, 6742608.0, 1, 0.191118219367
16132018.0, 9331812.0, 1, 0.176783454665
16505722.0, 8238454.0, 1, 0.16126447381
16815532.0, 7450386.0, 1, 0.143105707799
15975696.0, 9488294.0, 1, 0.122343359616
16514866.0, 7965890.0, 1, 0.112880649821
17025916.0, 7313618.0, 1, 0.109234863197
16771596.0, 7703098.0, 1, 0.104999723695
17132118.0, 7045174.0, 1, 0.0828109228287
15819630.0, 9789000.0, 1, 0.079462868151
16096542.0, 9471888.0, 1, 0.0743604383295
15944172.0, 9752114.0, 1, 0.0735545187751
16906902.0, 7329338.0, 1, 0.0685693207023
16132018.0, 9331812.0, 1, 0.0679112354808
16642370.0, 7949384.0, 1, 0.0659396423914
16652226.0, 7846962.0, 1, 0.0635357465079
18154450.0, 6614188.0, 1, 0.0622413430032
18110570.0, 6710048.0, 1, 0.062049244119
17321632.0, 6852856.0, 1, 0.0590752610678
17132118.0, 7045174.0, 1, 0.0561292402858
18986452.0, 6403850.0, 1, 0.0558268308439
16771596.0, 7703098.0, 1, 0.052675790417
17161722.0, 6955492.0, 1, 0.0471738858398
18996838.0, 6318426.0, 1, 0.0458815093051
16652226.0, 7846962.0, 1, 0.0426038981485
15941572.0, 9771226.0, 1, 0.0413112110877
17990104.0, 6729276.0, 1, 0.0392803366116
19072340.0, 6303642.0, 1, 0.0374862775554
17281742.0, 6937718.0, 1, 0.0364519232404
17025916.0, 7313618.0, 1, 0.0357236332548
17990104.0, 6729276.0, 1, 0.0320036624753
16906902.0, 7329338.0, 1, 0.0313402322534
19072340.0, 6303642.0, 1, 0.027503716715
17237622.0, 6948220.0, 1, 0.0253286685022
18110570.0, 6710048.0, 1, 0.018273025304
18154450.0, 6614188.0, 1, 0.0182415734881
17321632.0, 6852856.0, 1, 0.0166612332775
17237622.0, 6948220.0, 1, 0.0150453759655
16096542.0, 9471888.0, 1, 0.0150107641112
17281742.0, 6937718.0, 1, 0.0146863903158
15944172.0, 9752114.0, 1, 0.014589369681
17161722.0, 6955492.0, 1, 0.0107553645755
16642370.0, 7949384.0, 1, 0.00746670201715
16514866.0, 7965890.0, 1, 0.00725627985473
18996838.0, 6318426.0, 1, 0.00714824853726
15941572.0, 9771226.0, 1, 0.00567211987334
16906902.0, 7329338.0, 1, 0.0
16906902.0, 7329338.0, 1, 0.0
17132118.0, 7045174.0, 1, 0.0
17132118.0, 7045174.0, 1, 0.0
17161722.0, 6955492.0, 1, 0.0
17161722.0, 6955492.0, 1, 0.0
17161722.0, 6955492.0, 1, 0.0
17161722.0, 6955492.0, 1, 0.0
17161722.0, 6955492.0, 1, 0.0
17161722.0, 6955492.0, 1, 0.0
17237622.0, 6948220.0, 1, 0.0
17237622.0, 6948220.0, 1, 0.0
17990104.0, 6729276.0, 1, 0.0
17990104.0, 6729276.0, 1, 0.0
17990104.0, 6729276.0, 1, 0.0
17990104.0, 6729276.0, 1, 0.0
17990104.0, 6729276.0, 1, 0.0
18154450.0, 6614188.0, 1, 0.0
18154450.0, 6614188.0, 1, 0.0
18154450.0, 6614188.0, 1, 0.0
18986452.0, 6403850.0, 1, 0.0
18986452.0, 6403850.0, 1, 0.0
18996838.0, 6318426.0, 1, 0.0
18996838.0, 6318426.0, 1, 0.0
18996838.0, 6318426.0, 1, 0.0
19072340.0, 6303642.0, 1, 0.0
19072340.0, 6303642.0, 1, 0.0
19072340.0, 6303642.0, 1, 0.0
19072340.0, 6303642.0, 1, 0.0
19072340.0, 6303642.0, 1, 0.0
19072340.0, 6303642.0, 1, 0.0
19072340.0, 6303642.0, 1, 0.0
19072340.0, 6303642.0, 1, 0.0
19072340.0, 6303642.0, 1, 0.0
19072340.0, 6303642.0, 1, 0.0
19072340.0, 6303642.0, 1, 0.0
19072340.0, 6303642.0, 1, 0.0
19072340.0, 6303642.0, 1, 0.0
19072340.0, 6303642.0, 1, 0.0
19072340.0, 6303642.0, 1, 0.0
19185380.0, 6284830.0, 1, 0.0
19185380.0, 6284830.0, 1, 0.0
15801706.0, 9909422.0, 1, 0.0
15801706.0, 9909422.0, 1, 0.0
15801706.0, 9909422.0, 1, 0.0
15801706.0, 9909422.0, 1, 0.0
15801706.0, 9909422.0, 1, 0.0
15801706.0, 9909422.0, 1, 0.0
15801706.0, 9909422.0, 1, 0.0
15944172.0, 9752114.0, 1, 0.0
15944172.0, 9752114.0, 1, 0.0
15944172.0, 9752114.0, 1, 0.0
15944172.0, 9752114.0, 1, 0.0
15944172.0, 9752114.0, 1, 0.0
15944172.0, 9752114.0, 1, 0.0
16132018.0, 9331812.0, 1, 0.0
16132018.0, 9331812.0, 1, 0.0
16132018.0, 9331812.0, 1, 0.0
16132018.0, 9331812.0, 1, 0.0
16132018.0, 9331812.0, 1, 0.0
16514866.0, 7965890.0, 1, 0.0
16514866.0, 7965890.0, 1, 0.0
16652226.0, 7846962.0, 1, 0.0
16652226.0, 7846962.0, 1, 0.0
16652226.0, 7846962.0, 1, 0.0
16652226.0, 7846962.0, 1, 0.0
16652226.0, 7846962.0, 1, 0.0
16771596.0, 7703098.0, 1, 0.0
16906902.0, 7329338.0, 1, 0.0
16906902.0, 7329338.0, 1, 0.0
16906902.0, 7329338.0, 1, 0.0
15825172.0, 9892696.0, 2, inf
15825172.0, 9892696.0, 2, inf
19802394.0, 6290512.0, 2, inf
18792910.0, 6735644.0, 2, 0.624758037561
17907110.0, 6824440.0, 2, 0.278028213124
17012146.0, 7721184.0, 2, 0.26394331634
17137942.0, 7175528.0, 2, 0.238595495101
16266036.0, 9180042.0, 2, 0.23146571094
16266036.0, 9180042.0, 2, 0.205300911314
16295712.0, 8745552.0, 2, 0.172303706151
17558258.0, 6936640.0, 2, 0.143600758867
16439026.0, 8716050.0, 2, 0.135577664383
16865656.0, 7879690.0, 2, 0.131871598725
16628928.0, 8293804.0, 2, 0.127107753327
16648162.0, 8118526.0, 2, 0.12344625702
16767532.0, 7974662.0, 2, 0.120988012628
17209102.0, 6999062.0, 2, 0.116511175044
16501110.0, 8443206.0, 2, 0.107881555644
17708820.0, 6934382.0, 2, 0.08820090598
17846096.0, 6879620.0, 2, 0.080377335726
17201200.0, 7032946.0, 2, 0.0668804989155
16501110.0, 8443206.0, 2, 0.0570852843382
16266036.0, 9180042.0, 2, 0.0
16266036.0, 9180042.0, 2, 0.0
Generacion: 260
15761602.0, 10346532.0, 1, inf
19185380.0, 6284830.0, 1, inf
19185380.0, 6284830.0, 1, inf
16266036.0, 9180042.0, 1, 0.326579309385
18986452.0, 6403850.0, 1, 0.264038571431
18154450.0, 6614188.0, 1, 0.246338602305
17442302.0, 6835196.0, 1, 0.196001211774
16501110.0, 8443206.0, 1, 0.18617549438
16501110.0, 8443206.0, 1, 0.185428433881
16514866.0, 7965890.0, 1, 0.154756985353
17899764.0, 6742608.0, 1, 0.136895586916
15801706.0, 9909422.0, 1, 0.112852599583
17025916.0, 7313618.0, 1, 0.0995028404418
16771596.0, 7703098.0, 1, 0.0970832465157
15975696.0, 9488294.0, 1, 0.0958268793006
16815532.0, 7450386.0, 1, 0.0889051461832
15819630.0, 9789000.0, 1, 0.0803403355528
17078728.0, 7050656.0, 1, 0.0803357098627
18154450.0, 6614188.0, 1, 0.0784684847779
15967382.0, 9734152.0, 1, 0.0741604391474
16132018.0, 9331812.0, 1, 0.073630329407
16096542.0, 9471888.0, 1, 0.0697831173506
18063094.0, 6627720.0, 1, 0.0649534370758
16906902.0, 7329338.0, 1, 0.064563300318
16642370.0, 7949384.0, 1, 0.0624572548455
16652226.0, 7846962.0, 1, 0.0600815166989
17321632.0, 6852856.0, 1, 0.0561379034447
18986452.0, 6403850.0, 1, 0.0548191710666
17899764.0, 6742608.0, 1, 0.0491814265924
16771596.0, 7703098.0, 1, 0.0482522421508
16132018.0, 9331812.0, 1, 0.0477277622055
18023550.0, 6722720.0, 1, 0.0463218665363
17161722.0, 6955492.0, 1, 0.0442483998049
18996838.0, 6318426.0, 1, 0.0430838249492
16815532.0, 7450386.0, 1, 0.0426348925766
15801706.0, 9909422.0, 1, 0.041361538549
15944172.0, 9752114.0, 1, 0.0407978901859
16652226.0, 7846962.0, 1, 0.0382983257461
17132118.0, 7045174.0, 1, 0.0376737912877
19072340.0, 6303642.0, 1, 0.0366560127829
17281742.0, 6937718.0, 1, 0.0337795612858
16906902.0, 7329338.0, 1, 0.0305571925421
17990104.0, 6729276.0, 1, 0.0280001582472
19072340.0, 6303642.0, 1, 0.0266838034804
17237622.0, 6948220.0, 1, 0.0247541089879
17025916.0, 7313618.0, 1, 0.0192953642343
17078728.0, 7050656.0, 1, 0.0167747460304
17321632.0, 6852856.0, 1, 0.0159988032141
15944172.0, 9752114.0, 1, 0.0158604756641
17237622.0, 6948220.0, 1, 0.0146767319793
16096542.0, 9471888.0, 1, 0.0144008465431
17281742.0, 6937718.0, 1, 0.0142364878104
17990104.0, 6729276.0, 1, 0.0130511086821
17161722.0, 6955492.0, 1, 0.0104369711069
17132118.0, 7045174.0, 1, 0.00999626915488
16514866.0, 7965890.0, 1, 0.00808159750598
16642370.0, 7949384.0, 1, 0.00694250495967
18996838.0, 6318426.0, 1, 0.00667334451406
15975696.0, 9488294.0, 1, 0.00646750507058
17990104.0, 6729276.0, 1, 0.0
17990104.0, 6729276.0, 1, 0.0
18154450.0, 6614188.0, 1, 0.0
18154450.0, 6614188.0, 1, 0.0
18154450.0, 6614188.0, 1, 0.0
18154450.0, 6614188.0, 1, 0.0
18154450.0, 6614188.0, 1, 0.0
18986452.0, 6403850.0, 1, 0.0
18996838.0, 6318426.0, 1, 0.0
18996838.0, 6318426.0, 1, 0.0
18996838.0, 6318426.0, 1, 0.0
19072340.0, 6303642.0, 1, 0.0
19072340.0, 6303642.0, 1, 0.0
19072340.0, 6303642.0, 1, 0.0
19072340.0, 6303642.0, 1, 0.0
19072340.0, 6303642.0, 1, 0.0
19072340.0, 6303642.0, 1, 0.0
19072340.0, 6303642.0, 1, 0.0
19072340.0, 6303642.0, 1, 0.0
19072340.0, 6303642.0, 1, 0.0
19072340.0, 6303642.0, 1, 0.0
19072340.0, 6303642.0, 1, 0.0
19072340.0, 6303642.0, 1, 0.0
19072340.0, 6303642.0, 1, 0.0
19072340.0, 6303642.0, 1, 0.0
19072340.0, 6303642.0, 1, 0.0
19072340.0, 6303642.0, 1, 0.0
19072340.0, 6303642.0, 1, 0.0
19072340.0, 6303642.0, 1, 0.0
19072340.0, 6303642.0, 1, 0.0
19072340.0, 6303642.0, 1, 0.0
19185380.0, 6284830.0, 1, 0.0
19185380.0, 6284830.0, 1, 0.0
15801706.0, 9909422.0, 1, 0.0
15801706.0, 9909422.0, 1, 0.0
15801706.0, 9909422.0, 1, 0.0
15801706.0, 9909422.0, 1, 0.0
15801706.0, 9909422.0, 1, 0.0
15801706.0, 9909422.0, 1, 0.0
15801706.0, 9909422.0, 1, 0.0
15944172.0, 9752114.0, 1, 0.0
15944172.0, 9752114.0, 1, 0.0
15944172.0, 9752114.0, 1, 0.0
15975696.0, 9488294.0, 1, 0.0
15975696.0, 9488294.0, 1, 0.0
16096542.0, 9471888.0, 1, 0.0
16132018.0, 9331812.0, 1, 0.0
16132018.0, 9331812.0, 1, 0.0
16132018.0, 9331812.0, 1, 0.0
16514866.0, 7965890.0, 1, 0.0
16514866.0, 7965890.0, 1, 0.0
16514866.0, 7965890.0, 1, 0.0
16514866.0, 7965890.0, 1, 0.0
16514866.0, 7965890.0, 1, 0.0
16652226.0, 7846962.0, 1, 0.0
16652226.0, 7846962.0, 1, 0.0
16652226.0, 7846962.0, 1, 0.0
16771596.0, 7703098.0, 1, 0.0
16815532.0, 7450386.0, 1, 0.0
16906902.0, 7329338.0, 1, 0.0
16906902.0, 7329338.0, 1, 0.0
16906902.0, 7329338.0, 1, 0.0
16906902.0, 7329338.0, 1, 0.0
16906902.0, 7329338.0, 1, 0.0
16906902.0, 7329338.0, 1, 0.0
17078728.0, 7050656.0, 1, 0.0
17132118.0, 7045174.0, 1, 0.0
17161722.0, 6955492.0, 1, 0.0
17161722.0, 6955492.0, 1, 0.0
17161722.0, 6955492.0, 1, 0.0
17161722.0, 6955492.0, 1, 0.0
17161722.0, 6955492.0, 1, 0.0
17237622.0, 6948220.0, 1, 0.0
17281742.0, 6937718.0, 1, 0.0
17281742.0, 6937718.0, 1, 0.0
17321632.0, 6852856.0, 1, 0.0
17990104.0, 6729276.0, 1, 0.0
19101944.0, 6385102.0, 2, inf
15820306.0, 10226598.0, 2, inf
19101944.0, 6385102.0, 2, inf
17026968.0, 7921528.0, 2, 0.513835118102
18070440.0, 6709552.0, 2, 0.478463214394
17209102.0, 6999062.0, 2, 0.333996005255
16207472.0, 9778572.0, 2, 0.27452703471
17907110.0, 6824440.0, 2, 0.267514321179
15825172.0, 9892696.0, 2, 0.234607497999
17377398.0, 6925930.0, 2, 0.21979477226
16628928.0, 8293804.0, 2, 0.192318540619
16383488.0, 9491668.0, 2, 0.186988161495
16537590.0, 8629742.0, 2, 0.169255424763
16521956.0, 9164296.0, 2, 0.164243025328
Generacion: 261
15761602.0, 10346532.0, 1, inf
19185380.0, 6284830.0, 1, inf
19185380.0, 6284830.0, 1, inf
15761602.0, 10346532.0, 1, inf
16371972.0, 9069780.0, 1, 0.250069891359
18986452.0, 6403850.0, 1, 0.228663614293
17321632.0, 6852856.0, 1, 0.216137179099
18275566.0, 6595074.0, 1, 0.212337945891
17990104.0, 6729276.0, 1, 0.196858069011
16501110.0, 8443206.0, 1, 0.15828168604
16501110.0, 8443206.0, 1, 0.155234235922
16514866.0, 7965890.0, 1, 0.154756985353
15801706.0, 9909422.0, 1, 0.149228205712
15944172.0, 9752114.0, 1, 0.106563825115
15975696.0, 9488294.0, 1, 0.100249163358
16771596.0, 7703098.0, 1, 0.0970832465157
16815532.0, 7450386.0, 1, 0.0889051461832
17025916.0, 7313618.0, 1, 0.0828118079633
18275566.0, 6595074.0, 1, 0.0824547281305
17037622.0, 7118450.0, 1, 0.0801668905058
16132018.0, 9331812.0, 1, 0.073630329407
16096542.0, 9471888.0, 1, 0.0697831173506
16642370.0, 7949384.0, 1, 0.0693997598052
16266036.0, 9180042.0, 1, 0.0683073675421
16266036.0, 9180042.0, 1, 0.0662900567824
16906902.0, 7329338.0, 1, 0.064563300318
16652226.0, 7846962.0, 1, 0.0600815166989
15801706.0, 9909422.0, 1, 0.0504429531875
18986452.0, 6403850.0, 1, 0.0501132620659
18063094.0, 6627720.0, 1, 0.0500720145297
16771596.0, 7703098.0, 1, 0.0482522421508
15944172.0, 9752114.0, 1, 0.0479369495856
16132018.0, 9331812.0, 1, 0.0477277622055
17161722.0, 6955492.0, 1, 0.0442483998049
18996838.0, 6318426.0, 1, 0.0430838249492
16815532.0, 7450386.0, 1, 0.0426348925766
17321632.0, 6852856.0, 1, 0.0420765410688
17990104.0, 6729276.0, 1, 0.0401944096923
18154450.0, 6614188.0, 1, 0.0387065654145
16652226.0, 7846962.0, 1, 0.0382983257461
17132118.0, 7045174.0, 1, 0.0376737912877
19072340.0, 6303642.0, 1, 0.0366560127829
17281742.0, 6937718.0, 1, 0.0337795612858
18023550.0, 6722720.0, 1, 0.0331579505922
17078728.0, 7050656.0, 1, 0.0322849173624
18154450.0, 6614188.0, 1, 0.0313887137854
16906902.0, 7329338.0, 1, 0.0305571925421
19072340.0, 6303642.0, 1, 0.0266838034804
17237622.0, 6948220.0, 1, 0.0247541089879
18063094.0, 6627720.0, 1, 0.014881422546
17237622.0, 6948220.0, 1, 0.0146767319793
16096542.0, 9471888.0, 1, 0.0144008465431
17281742.0, 6937718.0, 1, 0.0142364878104
17078728.0, 7050656.0, 1, 0.0133557159414
15975696.0, 9488294.0, 1, 0.0132465660962
18023550.0, 6722720.0, 1, 0.0131639159441
17161722.0, 6955492.0, 1, 0.0104369711069
17132118.0, 7045174.0, 1, 0.00999626915488
16514866.0, 7965890.0, 1, 0.00808159750598
17025916.0, 7313618.0, 1, 0.00728932879627
18996838.0, 6318426.0, 1, 0.00667334451406
17281742.0, 6937718.0, 1, 0.0
17321632.0, 6852856.0, 1, 0.0
17321632.0, 6852856.0, 1, 0.0
17321632.0, 6852856.0, 1, 0.0
17990104.0, 6729276.0, 1, 0.0
17990104.0, 6729276.0, 1, 0.0
17990104.0, 6729276.0, 1, 0.0
17990104.0, 6729276.0, 1, 0.0
17990104.0, 6729276.0, 1, 0.0
18154450.0, 6614188.0, 1, 0.0
18986452.0, 6403850.0, 1, 0.0
18986452.0, 6403850.0, 1, 0.0
18996838.0, 6318426.0, 1, 0.0
18996838.0, 6318426.0, 1, 0.0
18996838.0, 6318426.0, 1, 0.0
18996838.0, 6318426.0, 1, 0.0
18996838.0, 6318426.0, 1, 0.0
19072340.0, 6303642.0, 1, 0.0
19072340.0, 6303642.0, 1, 0.0
19072340.0, 6303642.0, 1, 0.0
19072340.0, 6303642.0, 1, 0.0
19072340.0, 6303642.0, 1, 0.0
19072340.0, 6303642.0, 1, 0.0
19072340.0, 6303642.0, 1, 0.0
19072340.0, 6303642.0, 1, 0.0
19072340.0, 6303642.0, 1, 0.0
19072340.0, 6303642.0, 1, 0.0
19072340.0, 6303642.0, 1, 0.0
19072340.0, 6303642.0, 1, 0.0
19072340.0, 6303642.0, 1, 0.0
19185380.0, 6284830.0, 1, 0.0
15801706.0, 9909422.0, 1, 0.0
15801706.0, 9909422.0, 1, 0.0
15801706.0, 9909422.0, 1, 0.0
15801706.0, 9909422.0, 1, 0.0
15944172.0, 9752114.0, 1, 0.0
15944172.0, 9752114.0, 1, 0.0
15944172.0, 9752114.0, 1, 0.0
15944172.0, 9752114.0, 1, 0.0
15944172.0, 9752114.0, 1, 0.0
15944172.0, 9752114.0, 1, 0.0
15944172.0, 9752114.0, 1, 0.0
15944172.0, 9752114.0, 1, 0.0
15944172.0, 9752114.0, 1, 0.0
15975696.0, 9488294.0, 1, 0.0
16132018.0, 9331812.0, 1, 0.0
16132018.0, 9331812.0, 1, 0.0
16132018.0, 9331812.0, 1, 0.0
16132018.0, 9331812.0, 1, 0.0
16501110.0, 8443206.0, 1, 0.0
16514866.0, 7965890.0, 1, 0.0
16652226.0, 7846962.0, 1, 0.0
16652226.0, 7846962.0, 1, 0.0
16652226.0, 7846962.0, 1, 0.0
16652226.0, 7846962.0, 1, 0.0
16771596.0, 7703098.0, 1, 0.0
16771596.0, 7703098.0, 1, 0.0
16815532.0, 7450386.0, 1, 0.0
16815532.0, 7450386.0, 1, 0.0
16815532.0, 7450386.0, 1, 0.0
16815532.0, 7450386.0, 1, 0.0
16815532.0, 7450386.0, 1, 0.0
16906902.0, 7329338.0, 1, 0.0
16906902.0, 7329338.0, 1, 0.0
16906902.0, 7329338.0, 1, 0.0
16906902.0, 7329338.0, 1, 0.0
16906902.0, 7329338.0, 1, 0.0
16906902.0, 7329338.0, 1, 0.0
17025916.0, 7313618.0, 1, 0.0
17078728.0, 7050656.0, 1, 0.0
17078728.0, 7050656.0, 1, 0.0
17078728.0, 7050656.0, 1, 0.0
17161722.0, 6955492.0, 1, 0.0
17161722.0, 6955492.0, 1, 0.0
17161722.0, 6955492.0, 1, 0.0
17161722.0, 6955492.0, 1, 0.0
17281742.0, 6937718.0, 1, 0.0
17281742.0, 6937718.0, 1, 0.0
18070440.0, 6709552.0, 2, inf
15905054.0, 10501292.0, 2, inf
16383488.0, 9491668.0, 2, 0.483790465557
17674036.0, 6993668.0, 2, 0.423440968596
16042054.0, 9596432.0, 2, 0.367847880448
16537590.0, 8629742.0, 2, 0.328632496522
17116024.0, 7371024.0, 2, 0.311999450783
15938134.0, 10106606.0, 2, 0.301907945737
16777278.0, 7830392.0, 2, 0.262795865096
17318184.0, 6997878.0, 2, 0.229528236914
17240026.0, 7103998.0, 2, 0.191770026756
Generacion: 262
19185380.0, 6284830.0, 1, inf
15728016.0, 9637348.0, 1, inf
18986452.0, 6403850.0, 1, 0.2310955785
16372024.0, 9030754.0, 1, 0.224248113354
16514866.0, 7965890.0, 1, 0.221558048161
18275566.0, 6595074.0, 1, 0.211316415495
17907110.0, 6824440.0, 1, 0.19003915168
16501110.0, 8443206.0, 1, 0.179711910095
16501110.0, 8443206.0, 1, 0.179234486909
17442302.0, 6835196.0, 1, 0.177818325317
16771596.0, 7703098.0, 1, 0.109906063188
16815532.0, 7450386.0, 1, 0.10180740768
17037622.0, 7118450.0, 1, 0.0937123839914
17025916.0, 7313618.0, 1, 0.0926386826242
18275566.0, 6595074.0, 1, 0.0920702310832
16652226.0, 7846962.0, 1, 0.08264191301
16132018.0, 9331812.0, 1, 0.0805453836368
15975696.0, 9488294.0, 1, 0.0794135318088
16096542.0, 9471888.0, 1, 0.0767355446959
15975696.0, 9488294.0, 1, 0.0765320278898
16266036.0, 9180042.0, 1, 0.0759111350867
16371972.0, 9069780.0, 1, 0.0751858363943
16266036.0, 9180042.0, 1, 0.0716523665075
16906902.0, 7329338.0, 1, 0.0705299273543
16652226.0, 7846962.0, 1, 0.070000535462
17321632.0, 6852856.0, 1, 0.0602152269148
18986452.0, 6403850.0, 1, 0.060042940928
18063094.0, 6627720.0, 1, 0.056716053825
16771596.0, 7703098.0, 1, 0.0556201704338
16132018.0, 9331812.0, 1, 0.0555314469775
17990104.0, 6729276.0, 1, 0.0542974482052
17990104.0, 6729276.0, 1, 0.0494972876862
16815532.0, 7450386.0, 1, 0.0488145395618
17161722.0, 6955492.0, 1, 0.0487037805494
18996838.0, 6318426.0, 1, 0.0473185738228
17132118.0, 7045174.0, 1, 0.0421930399968
18154450.0, 6614188.0, 1, 0.0390676819544
17281742.0, 6937718.0, 1, 0.0380740812327
19072340.0, 6303642.0, 1, 0.0371052489581
17078728.0, 7050656.0, 1, 0.0356642159905
18154450.0, 6614188.0, 1, 0.032124985261
16906902.0, 7329338.0, 1, 0.0311166612025
19072340.0, 6303642.0, 1, 0.0274493292729
18063094.0, 6627720.0, 1, 0.0251478285632
17237622.0, 6948220.0, 1, 0.0250857119812
17321632.0, 6852856.0, 1, 0.016805374102
16096542.0, 9471888.0, 1, 0.0151546317001
17237622.0, 6948220.0, 1, 0.0149302830488
17281742.0, 6937718.0, 1, 0.0146702625232
17078728.0, 7050656.0, 1, 0.0135245935946
17161722.0, 6955492.0, 1, 0.0107317086435
17132118.0, 7045174.0, 1, 0.0101977816072
17025916.0, 7313618.0, 1, 0.00807482933294
18996838.0, 6318426.0, 1, 0.00741384244145
16906902.0, 7329338.0, 1, 0.0
16906902.0, 7329338.0, 1, 0.0
16906902.0, 7329338.0, 1, 0.0
16906902.0, 7329338.0, 1, 0.0
17025916.0, 7313618.0, 1, 0.0
17078728.0, 7050656.0, 1, 0.0
17078728.0, 7050656.0, 1, 0.0
17132118.0, 7045174.0, 1, 0.0
17161722.0, 6955492.0, 1, 0.0
17161722.0, 6955492.0, 1, 0.0
17161722.0, 6955492.0, 1, 0.0
17161722.0, 6955492.0, 1, 0.0
17161722.0, 6955492.0, 1, 0.0
17161722.0, 6955492.0, 1, 0.0
17161722.0, 6955492.0, 1, 0.0
17281742.0, 6937718.0, 1, 0.0
17281742.0, 6937718.0, 1, 0.0
17321632.0, 6852856.0, 1, 0.0
17990104.0, 6729276.0, 1, 0.0
18154450.0, 6614188.0, 1, 0.0
18154450.0, 6614188.0, 1, 0.0
18154450.0, 6614188.0, 1, 0.0
18154450.0, 6614188.0, 1, 0.0
18154450.0, 6614188.0, 1, 0.0
18154450.0, 6614188.0, 1, 0.0
18154450.0, 6614188.0, 1, 0.0
18275566.0, 6595074.0, 1, 0.0
18275566.0, 6595074.0, 1, 0.0
18986452.0, 6403850.0, 1, 0.0
18986452.0, 6403850.0, 1, 0.0
18986452.0, 6403850.0, 1, 0.0
18986452.0, 6403850.0, 1, 0.0
18986452.0, 6403850.0, 1, 0.0
18986452.0, 6403850.0, 1, 0.0
18996838.0, 6318426.0, 1, 0.0
18996838.0, 6318426.0, 1, 0.0
18996838.0, 6318426.0, 1, 0.0
18996838.0, 6318426.0, 1, 0.0
18996838.0, 6318426.0, 1, 0.0
19072340.0, 6303642.0, 1, 0.0
19072340.0, 6303642.0, 1, 0.0
19072340.0, 6303642.0, 1, 0.0
19072340.0, 6303642.0, 1, 0.0
19072340.0, 6303642.0, 1, 0.0
19072340.0, 6303642.0, 1, 0.0
19072340.0, 6303642.0, 1, 0.0
19072340.0, 6303642.0, 1, 0.0
19072340.0, 6303642.0, 1, 0.0
19072340.0, 6303642.0, 1, 0.0
15975696.0, 9488294.0, 1, 0.0
15975696.0, 9488294.0, 1, 0.0
16132018.0, 9331812.0, 1, 0.0
16132018.0, 9331812.0, 1, 0.0
16266036.0, 9180042.0, 1, 0.0
16501110.0, 8443206.0, 1, 0.0
16652226.0, 7846962.0, 1, 0.0
16652226.0, 7846962.0, 1, 0.0
16652226.0, 7846962.0, 1, 0.0
16652226.0, 7846962.0, 1, 0.0
16652226.0, 7846962.0, 1, 0.0
16652226.0, 7846962.0, 1, 0.0
16771596.0, 7703098.0, 1, 0.0
16771596.0, 7703098.0, 1, 0.0
16815532.0, 7450386.0, 1, 0.0
15738952.0, 10367056.0, 2, inf
20760706.0, 6387658.0, 2, inf
20466104.0, 6488966.0, 2, 0.608745913879
18110570.0, 6710048.0, 2, 0.514317053314
16531234.0, 8426380.0, 2, 0.333937404211
16935142.0, 7440498.0, 2, 0.216475235948
16453868.0, 9157094.0, 2, 0.214226130021
17975048.0, 6890120.0, 2, 0.193830857986
16767532.0, 7974662.0, 2, 0.193271199741
16726454.0, 8044230.0, 2, 0.160569028309
17410386.0, 6926530.0, 2, 0.14996601658
16383488.0, 9491668.0, 2, 0.145807343965
16158048.0, 9563372.0, 2, 0.14379553463
15801706.0, 9909422.0, 2, 0.138213016457
15761602.0, 10346532.0, 2, 0.114353623902
17027528.0, 7319250.0, 2, 0.106969744357
17137942.0, 7175528.0, 2, 0.106530492989
16384174.0, 9162336.0, 2, 0.0980915596357
15967382.0, 9734152.0, 2, 0.0900196869822
17201200.0, 7032946.0, 2, 0.0884513238037
18110570.0, 6710048.0, 2, 0.082543629523
17283788.0, 6939118.0, 2, 0.0487883574536
15801706.0, 9909422.0, 2, 0.0475166566426
15944172.0, 9752114.0, 2, 0.0441524934438
15944172.0, 9752114.0, 2, 0.0328835168692
17283788.0, 6939118.0, 2, 0.0196093390789
15761602.0, 10346532.0, 2, 0.0131436183086
15801706.0, 9909422.0, 2, 0.0
15801706.0, 9909422.0, 2, 0.0
15944172.0, 9752114.0, 2, 0.0
15944172.0, 9752114.0, 2, 0.0
15801706.0, 9909422.0, 2, 0.0
Generacion: 263
19185380.0, 6284830.0, 1, inf
19185380.0, 6284830.0, 1, inf
15728016.0, 9637348.0, 1, inf
18275566.0, 6595074.0, 1, 0.303386646578
16355602.0, 8865174.0, 1, 0.287778106863
18986452.0, 6403850.0, 1, 0.2310955785
17899764.0, 6742608.0, 1, 0.19003915168
16514866.0, 7965890.0, 1, 0.188156553313
16501110.0, 8443206.0, 1, 0.18446177155
16815532.0, 7450386.0, 1, 0.150621947242
17442302.0, 6835196.0, 1, 0.137582937587
16266036.0, 9180042.0, 1, 0.13268291131
16501110.0, 8443206.0, 1, 0.129844744632
16771596.0, 7703098.0, 1, 0.109906063188
17037622.0, 7118450.0, 1, 0.0937123839914
17025916.0, 7313618.0, 1, 0.0926386826242
16096542.0, 9471888.0, 1, 0.091890176396
16132018.0, 9331812.0, 1, 0.0805453836368
15975696.0, 9488294.0, 1, 0.0794135318088
15975696.0, 9488294.0, 1, 0.0765320278898
16642370.0, 7949384.0, 1, 0.0752039216256
16266036.0, 9180042.0, 1, 0.0711763139918
16906902.0, 7329338.0, 1, 0.0705299273543
16652226.0, 7846962.0, 1, 0.0650770719638
17442302.0, 6835196.0, 1, 0.0625197633856
17321632.0, 6852856.0, 1, 0.0602152269148
18986452.0, 6403850.0, 1, 0.060042940928
18063094.0, 6627720.0, 1, 0.056716053825
17990104.0, 6729276.0, 1, 0.0564221883251
16771596.0, 7703098.0, 1, 0.0556201704338
16132018.0, 9331812.0, 1, 0.0555314469775
17161722.0, 6955492.0, 1, 0.0487037805494
18996838.0, 6318426.0, 1, 0.0473185738228
16652226.0, 7846962.0, 1, 0.0457629497304
17132118.0, 7045174.0, 1, 0.0421930399968
18154450.0, 6614188.0, 1, 0.0390676819544
17281742.0, 6937718.0, 1, 0.0380740812327
19072340.0, 6303642.0, 1, 0.0371052489581
17078728.0, 7050656.0, 1, 0.0356642159905
18154450.0, 6614188.0, 1, 0.032124985261
16906902.0, 7329338.0, 1, 0.0311166612025
19072340.0, 6303642.0, 1, 0.0274493292729
18063094.0, 6627720.0, 1, 0.0251478285632
17990104.0, 6729276.0, 1, 0.0250881719111
17237622.0, 6948220.0, 1, 0.0250857119812
17321632.0, 6852856.0, 1, 0.016805374102
17237622.0, 6948220.0, 1, 0.0149302830488
17281742.0, 6937718.0, 1, 0.0146702625232
17078728.0, 7050656.0, 1, 0.0135245935946
17161722.0, 6955492.0, 1, 0.0107317086435
17132118.0, 7045174.0, 1, 0.0101977816072
17025916.0, 7313618.0, 1, 0.00807482933294
18996838.0, 6318426.0, 1, 0.00741384244145
17990104.0, 6729276.0, 1, 0.0
17990104.0, 6729276.0, 1, 0.0
18154450.0, 6614188.0, 1, 0.0
18154450.0, 6614188.0, 1, 0.0
18154450.0, 6614188.0, 1, 0.0
18154450.0, 6614188.0, 1, 0.0
18154450.0, 6614188.0, 1, 0.0
18986452.0, 6403850.0, 1, 0.0
18986452.0, 6403850.0, 1, 0.0
18986452.0, 6403850.0, 1, 0.0
18986452.0, 6403850.0, 1, 0.0
18986452.0, 6403850.0, 1, 0.0
18986452.0, 6403850.0, 1, 0.0
18996838.0, 6318426.0, 1, 0.0
18996838.0, 6318426.0, 1, 0.0
18996838.0, 6318426.0, 1, 0.0
19072340.0, 6303642.0, 1, 0.0
19072340.0, 6303642.0, 1, 0.0
19072340.0, 6303642.0, 1, 0.0
19072340.0, 6303642.0, 1, 0.0
19072340.0, 6303642.0, 1, 0.0
19072340.0, 6303642.0, 1, 0.0
19072340.0, 6303642.0, 1, 0.0
19072340.0, 6303642.0, 1, 0.0
19072340.0, 6303642.0, 1, 0.0
19072340.0, 6303642.0, 1, 0.0
19072340.0, 6303642.0, 1, 0.0
19072340.0, 6303642.0, 1, 0.0
19072340.0, 6303642.0, 1, 0.0
19072340.0, 6303642.0, 1, 0.0
19072340.0, 6303642.0, 1, 0.0
19072340.0, 6303642.0, 1, 0.0
15975696.0, 9488294.0, 1, 0.0
15975696.0, 9488294.0, 1, 0.0
15975696.0, 9488294.0, 1, 0.0
16132018.0, 9331812.0, 1, 0.0
16266036.0, 9180042.0, 1, 0.0
16501110.0, 8443206.0, 1, 0.0
16501110.0, 8443206.0, 1, 0.0
16501110.0, 8443206.0, 1, 0.0
16652226.0, 7846962.0, 1, 0.0
16652226.0, 7846962.0, 1, 0.0
16652226.0, 7846962.0, 1, 0.0
16652226.0, 7846962.0, 1, 0.0
16652226.0, 7846962.0, 1, 0.0
16652226.0, 7846962.0, 1, 0.0
16652226.0, 7846962.0, 1, 0.0
16771596.0, 7703098.0, 1, 0.0
16771596.0, 7703098.0, 1, 0.0
16906902.0, 7329338.0, 1, 0.0
16906902.0, 7329338.0, 1, 0.0
16906902.0, 7329338.0, 1, 0.0
16906902.0, 7329338.0, 1, 0.0
16906902.0, 7329338.0, 1, 0.0
16906902.0, 7329338.0, 1, 0.0
16906902.0, 7329338.0, 1, 0.0
17025916.0, 7313618.0, 1, 0.0
17078728.0, 7050656.0, 1, 0.0
17132118.0, 7045174.0, 1, 0.0
17132118.0, 7045174.0, 1, 0.0
17132118.0, 7045174.0, 1, 0.0
17161722.0, 6955492.0, 1, 0.0
17161722.0, 6955492.0, 1, 0.0
17161722.0, 6955492.0, 1, 0.0
17161722.0, 6955492.0, 1, 0.0
17161722.0, 6955492.0, 1, 0.0
17161722.0, 6955492.0, 1, 0.0
17161722.0, 6955492.0, 1, 0.0
17161722.0, 6955492.0, 1, 0.0
17161722.0, 6955492.0, 1, 0.0
17161722.0, 6955492.0, 1, 0.0
17237622.0, 6948220.0, 1, 0.0
17237622.0, 6948220.0, 1, 0.0
17281742.0, 6937718.0, 1, 0.0
17281742.0, 6937718.0, 1, 0.0
17281742.0, 6937718.0, 1, 0.0
17281742.0, 6937718.0, 1, 0.0
17281742.0, 6937718.0, 1, 0.0
17321632.0, 6852856.0, 1, 0.0
17321632.0, 6852856.0, 1, 0.0
17321632.0, 6852856.0, 1, 0.0
17990104.0, 6729276.0, 1, 0.0
17990104.0, 6729276.0, 1, 0.0
17990104.0, 6729276.0, 1, 0.0
15738952.0, 10367056.0, 2, inf
21052724.0, 6298380.0, 2, inf
16896392.0, 7685292.0, 2, 0.609933427535
16372024.0, 9030754.0, 2, 0.478082881206
19819190.0, 6612506.0, 2, 0.377433436301
18070440.0, 6709552.0, 2, 0.357334868579
19915878.0, 6586922.0, 2, 0.309345004039
15801706.0, 9909422.0, 2, 0.198543566863
17117732.0, 7120110.0, 2, 0.192851736081
16342532.0, 9206374.0, 2, 0.171175152098
16158048.0, 9563372.0, 2, 0.14498529799
15967382.0, 9734152.0, 2, 0.129588151774
17797026.0, 6835930.0, 2, 0.0976889393124
Generacion: 264
15728016.0, 9637348.0, 1, inf
19185380.0, 6284830.0, 1, inf
19185380.0, 6284830.0, 1, inf
15728016.0, 9637348.0, 1, inf
18275566.0, 6595074.0, 1, 0.303386646578
16348574.0, 8618088.0, 1, 0.232697222983
18986452.0, 6403850.0, 1, 0.2310955785
16266036.0, 9180042.0, 1, 0.206384529019
17442302.0, 6835196.0, 1, 0.200102700972
16514866.0, 7965890.0, 1, 0.179254336059
16501110.0, 8443206.0, 1, 0.150752853427
17899764.0, 6742608.0, 1, 0.136291967635
17025916.0, 7313618.0, 1, 0.132824732081
15744454.0, 9615674.0, 1, 0.116098705832
16771596.0, 7703098.0, 1, 0.109906063188
16815532.0, 7450386.0, 1, 0.10180740768
16472146.0, 8599780.0, 1, 0.0962835344699
17078728.0, 7050656.0, 1, 0.0938795633801
18063094.0, 6627720.0, 1, 0.0818638823882
16132018.0, 9331812.0, 1, 0.0805453836368
16096542.0, 9471888.0, 1, 0.0767355446959
16642370.0, 7949384.0, 1, 0.0752039216256
15975696.0, 9488294.0, 1, 0.0729485404203
15975696.0, 9488294.0, 1, 0.0717775386315
16906902.0, 7329338.0, 1, 0.0705299273543
16266036.0, 9180042.0, 1, 0.0691435514594
16652226.0, 7846962.0, 1, 0.0650770719638
17321632.0, 6852856.0, 1, 0.0602152269148
18986452.0, 6403850.0, 1, 0.060042940928
17990104.0, 6729276.0, 1, 0.0564221883251
16771596.0, 7703098.0, 1, 0.0556201704338
16132018.0, 9331812.0, 1, 0.0555314469775
17899764.0, 6742608.0, 1, 0.0537471840448
17132118.0, 7045174.0, 1, 0.0523908216039
16501110.0, 8443206.0, 1, 0.0506821569888
16815532.0, 7450386.0, 1, 0.0488145395618
17161722.0, 6955492.0, 1, 0.0487037805494
18996838.0, 6318426.0, 1, 0.0473185738228
16652226.0, 7846962.0, 1, 0.0457629497304
18154450.0, 6614188.0, 1, 0.0390676819544
19113198.0, 6298954.0, 1, 0.0383067339315
17281742.0, 6937718.0, 1, 0.0380740812327
18154450.0, 6614188.0, 1, 0.032124985261
16906902.0, 7329338.0, 1, 0.0311166612025
17990104.0, 6729276.0, 1, 0.0250881719111
17237622.0, 6948220.0, 1, 0.0250857119812
19072340.0, 6303642.0, 1, 0.0232363765013
17078728.0, 7050656.0, 1, 0.0169104100721
17321632.0, 6852856.0, 1, 0.016805374102
19072340.0, 6303642.0, 1, 0.0162274935352
16096542.0, 9471888.0, 1, 0.0151546317001
17237622.0, 6948220.0, 1, 0.0149302830488
17281742.0, 6937718.0, 1, 0.0146702625232
17161722.0, 6955492.0, 1, 0.0107317086435
16514866.0, 7965890.0, 1, 0.00890221725393
18996838.0, 6318426.0, 1, 0.00741384244145
17990104.0, 6729276.0, 1, 0.0
18154450.0, 6614188.0, 1, 0.0
18154450.0, 6614188.0, 1, 0.0
18154450.0, 6614188.0, 1, 0.0
18986452.0, 6403850.0, 1, 0.0
18986452.0, 6403850.0, 1, 0.0
18986452.0, 6403850.0, 1, 0.0
18986452.0, 6403850.0, 1, 0.0
18996838.0, 6318426.0, 1, 0.0
18996838.0, 6318426.0, 1, 0.0
18996838.0, 6318426.0, 1, 0.0
18996838.0, 6318426.0, 1, 0.0
19072340.0, 6303642.0, 1, 0.0
19072340.0, 6303642.0, 1, 0.0
19072340.0, 6303642.0, 1, 0.0
19072340.0, 6303642.0, 1, 0.0
19072340.0, 6303642.0, 1, 0.0
19072340.0, 6303642.0, 1, 0.0
19072340.0, 6303642.0, 1, 0.0
19072340.0, 6303642.0, 1, 0.0
19072340.0, 6303642.0, 1, 0.0
19072340.0, 6303642.0, 1, 0.0
19072340.0, 6303642.0, 1, 0.0
19072340.0, 6303642.0, 1, 0.0
19072340.0, 6303642.0, 1, 0.0
19072340.0, 6303642.0, 1, 0.0
19185380.0, 6284830.0, 1, 0.0
15975696.0, 9488294.0, 1, 0.0
16132018.0, 9331812.0, 1, 0.0
16132018.0, 9331812.0, 1, 0.0
16132018.0, 9331812.0, 1, 0.0
16132018.0, 9331812.0, 1, 0.0
16132018.0, 9331812.0, 1, 0.0
16132018.0, 9331812.0, 1, 0.0
16501110.0, 8443206.0, 1, 0.0
16501110.0, 8443206.0, 1, 0.0
16501110.0, 8443206.0, 1, 0.0
16501110.0, 8443206.0, 1, 0.0
16514866.0, 7965890.0, 1, 0.0
16514866.0, 7965890.0, 1, 0.0
16514866.0, 7965890.0, 1, 0.0
16652226.0, 7846962.0, 1, 0.0
16652226.0, 7846962.0, 1, 0.0
16652226.0, 7846962.0, 1, 0.0
16771596.0, 7703098.0, 1, 0.0
16906902.0, 7329338.0, 1, 0.0
16906902.0, 7329338.0, 1, 0.0
16906902.0, 7329338.0, 1, 0.0
16906902.0, 7329338.0, 1, 0.0
16906902.0, 7329338.0, 1, 0.0
16906902.0, 7329338.0, 1, 0.0
16906902.0, 7329338.0, 1, 0.0
16906902.0, 7329338.0, 1, 0.0
17078728.0, 7050656.0, 1, 0.0
17078728.0, 7050656.0, 1, 0.0
17078728.0, 7050656.0, 1, 0.0
17078728.0, 7050656.0, 1, 0.0
17161722.0, 6955492.0, 1, 0.0
17161722.0, 6955492.0, 1, 0.0
17161722.0, 6955492.0, 1, 0.0
17161722.0, 6955492.0, 1, 0.0
17161722.0, 6955492.0, 1, 0.0
17161722.0, 6955492.0, 1, 0.0
17161722.0, 6955492.0, 1, 0.0
17161722.0, 6955492.0, 1, 0.0
17161722.0, 6955492.0, 1, 0.0
17161722.0, 6955492.0, 1, 0.0
17161722.0, 6955492.0, 1, 0.0
17161722.0, 6955492.0, 1, 0.0
17161722.0, 6955492.0, 1, 0.0
17281742.0, 6937718.0, 1, 0.0
17281742.0, 6937718.0, 1, 0.0
17321632.0, 6852856.0, 1, 0.0
17321632.0, 6852856.0, 1, 0.0
17321632.0, 6852856.0, 1, 0.0
17321632.0, 6852856.0, 1, 0.0
17321632.0, 6852856.0, 1, 0.0
17321632.0, 6852856.0, 1, 0.0
17321632.0, 6852856.0, 1, 0.0
17990104.0, 6729276.0, 1, 0.0
15801706.0, 9909422.0, 2, inf
20608224.0, 6361654.0, 2, inf
15801706.0, 9909422.0, 2, inf
18070440.0, 6709552.0, 2, 0.590090744202
16531234.0, 8426380.0, 2, 0.545263327214
17027528.0, 7319250.0, 2, 0.490216264784
16066234.0, 9591868.0, 2, 0.409577942629
16355602.0, 8865174.0, 2, 0.295311511413
17117732.0, 7120110.0, 2, 0.169770316999
16476894.0, 8847286.0, 2, 0.160222087565
18070440.0, 6709552.0, 2, 0.146917664315
17835610.0, 6929878.0, 2, 0.146666713487
17548844.0, 7101736.0, 2, 0.123340273572
17727118.0, 6976480.0, 2, 0.079635022933
Generacion: 265
15705420.0, 9828172.0, 1, inf
19185380.0, 6284830.0, 1, inf
18952884.0, 6390894.0, 1, 0.285339895345
16348574.0, 8618088.0, 1, 0.202427031716
18275566.0, 6595074.0, 1, 0.200028188769
16266036.0, 9180042.0, 1, 0.197105706183
15822020.0, 9416326.0, 1, 0.191481620715
17899764.0, 6742608.0, 1, 0.187308860433
16501110.0, 8443206.0, 1, 0.178540542633
16514866.0, 7965890.0, 1, 0.174179572967
17442302.0, 6835196.0, 1, 0.136440104026
16132018.0, 9331812.0, 1, 0.1319133536
17025916.0, 7313618.0, 1, 0.128025333269
16652226.0, 7846962.0, 1, 0.117275664363
16815532.0, 7450386.0, 1, 0.0975762884002
18275566.0, 6595074.0, 1, 0.0924274138692
17078728.0, 7050656.0, 1, 0.089555119124
15744454.0, 9615674.0, 1, 0.0893896595534
16771596.0, 7703098.0, 1, 0.0802525260581
16740512.0, 7780098.0, 1, 0.0749033361356
16348574.0, 8618088.0, 1, 0.0730731890681
16906902.0, 7329338.0, 1, 0.0683619173337
18063094.0, 6627720.0, 1, 0.0682452153056
16266036.0, 9180042.0, 1, 0.066550533338
16132018.0, 9331812.0, 1, 0.0623628560717
17442302.0, 6835196.0, 1, 0.0608058195696
15720466.0, 9681210.0, 1, 0.060347420772
17321632.0, 6852856.0, 1, 0.0586253921652
16501110.0, 8443206.0, 1, 0.0533080193535
17132118.0, 7045174.0, 1, 0.0507062556259
18023550.0, 6722720.0, 1, 0.0496354566087
17161722.0, 6955492.0, 1, 0.0471205994695
16815532.0, 7450386.0, 1, 0.0467875314212
18996838.0, 6318426.0, 1, 0.0421481048742
17990104.0, 6729276.0, 1, 0.0411838787693
18154450.0, 6614188.0, 1, 0.0386228418014
19113198.0, 6298954.0, 1, 0.037792244122
16514866.0, 7965890.0, 1, 0.0375167127283
17281742.0, 6937718.0, 1, 0.036628012885
16771596.0, 7703098.0, 1, 0.0343563294656
18154450.0, 6614188.0, 1, 0.0316463682887
16906902.0, 7329338.0, 1, 0.0306925385392
15728016.0, 9637348.0, 1, 0.0253887159932
17237622.0, 6948220.0, 1, 0.0247744640979
19072340.0, 6303642.0, 1, 0.0230192711348
18996838.0, 6318426.0, 1, 0.0168029371714
17078728.0, 7050656.0, 1, 0.016723163484
17321632.0, 6852856.0, 1, 0.0164467707697
19072340.0, 6303642.0, 1, 0.015913271773
17237622.0, 6948220.0, 1, 0.0147306064252
17281742.0, 6937718.0, 1, 0.014426644008
17161722.0, 6955492.0, 1, 0.0105592941113
16906902.0, 7329338.0, 1, 0.0
16906902.0, 7329338.0, 1, 0.0
16906902.0, 7329338.0, 1, 0.0
16906902.0, 7329338.0, 1, 0.0
16906902.0, 7329338.0, 1, 0.0
17078728.0, 7050656.0, 1, 0.0
17078728.0, 7050656.0, 1, 0.0
17161722.0, 6955492.0, 1, 0.0
17161722.0, 6955492.0, 1, 0.0
17161722.0, 6955492.0, 1, 0.0
17161722.0, 6955492.0, 1, 0.0
17161722.0, 6955492.0, 1, 0.0
17161722.0, 6955492.0, 1, 0.0
17161722.0, 6955492.0, 1, 0.0
17161722.0, 6955492.0, 1, 0.0
17237622.0, 6948220.0, 1, 0.0
17237622.0, 6948220.0, 1, 0.0
17237622.0, 6948220.0, 1, 0.0
17237622.0, 6948220.0, 1, 0.0
17321632.0, 6852856.0, 1, 0.0
17321632.0, 6852856.0, 1, 0.0
17321632.0, 6852856.0, 1, 0.0
17321632.0, 6852856.0, 1, 0.0
17321632.0, 6852856.0, 1, 0.0
17442302.0, 6835196.0, 1, 0.0
17442302.0, 6835196.0, 1, 0.0
18154450.0, 6614188.0, 1, 0.0
18154450.0, 6614188.0, 1, 0.0
18154450.0, 6614188.0, 1, 0.0
18154450.0, 6614188.0, 1, 0.0
18275566.0, 6595074.0, 1, 0.0
18275566.0, 6595074.0, 1, 0.0
18275566.0, 6595074.0, 1, 0.0
18996838.0, 6318426.0, 1, 0.0
18996838.0, 6318426.0, 1, 0.0
18996838.0, 6318426.0, 1, 0.0
18996838.0, 6318426.0, 1, 0.0
19072340.0, 6303642.0, 1, 0.0
19072340.0, 6303642.0, 1, 0.0
19072340.0, 6303642.0, 1, 0.0
19072340.0, 6303642.0, 1, 0.0
19072340.0, 6303642.0, 1, 0.0
19072340.0, 6303642.0, 1, 0.0
19072340.0, 6303642.0, 1, 0.0
19072340.0, 6303642.0, 1, 0.0
19072340.0, 6303642.0, 1, 0.0
19072340.0, 6303642.0, 1, 0.0
19072340.0, 6303642.0, 1, 0.0
19072340.0, 6303642.0, 1, 0.0
19072340.0, 6303642.0, 1, 0.0
16132018.0, 9331812.0, 1, 0.0
16132018.0, 9331812.0, 1, 0.0
16132018.0, 9331812.0, 1, 0.0
16132018.0, 9331812.0, 1, 0.0
16132018.0, 9331812.0, 1, 0.0
16132018.0, 9331812.0, 1, 0.0
16132018.0, 9331812.0, 1, 0.0
16132018.0, 9331812.0, 1, 0.0
16501110.0, 8443206.0, 1, 0.0
16501110.0, 8443206.0, 1, 0.0
16501110.0, 8443206.0, 1, 0.0
16501110.0, 8443206.0, 1, 0.0
16771596.0, 7703098.0, 1, 0.0
16771596.0, 7703098.0, 1, 0.0
16815532.0, 7450386.0, 1, 0.0
16906902.0, 7329338.0, 1, 0.0
15820996.0, 10226586.0, 2, inf
19802394.0, 6290512.0, 2, inf
15820996.0, 10226586.0, 2, inf
18936108.0, 6615536.0, 2, 0.307739685133
17643916.0, 7219206.0, 2, 0.268506695823
18070440.0, 6709552.0, 2, 0.246616625233
16777278.0, 7830392.0, 2, 0.244340181767
19101944.0, 6385102.0, 2, 0.233733249019
15863722.0, 9915382.0, 2, 0.226426358936
16517958.0, 8775314.0, 2, 0.21771480137
16648162.0, 8118526.0, 2, 0.213215262116
16935142.0, 7440498.0, 2, 0.201789330057
16531234.0, 8426380.0, 2, 0.199566818445
16379052.0, 9132872.0, 2, 0.192587097713
16317594.0, 9335268.0, 2, 0.157087982295
17907110.0, 6824440.0, 2, 0.14131763298
15975696.0, 9488294.0, 2, 0.138858745101
17116024.0, 7371024.0, 2, 0.132136476438
17273430.0, 7254836.0, 2, 0.12257300275
17907110.0, 6824440.0, 2, 0.0952944012302
18986452.0, 6403850.0, 2, 0.0827889023133
16096542.0, 9471888.0, 2, 0.065062368305
18070440.0, 6709552.0, 2, 0.0649090085485
16096542.0, 9471888.0, 2, 0.0596893140399
17273430.0, 7254836.0, 2, 0.0485875263982
15975696.0, 9488294.0, 2, 0.032292404713
18986452.0, 6403850.0, 2, 0.0174079264956
15975696.0, 9488294.0, 2, 0.0
15975696.0, 9488294.0, 2, 0.0
15975696.0, 9488294.0, 2, 0.0
16384174.0, 9162336.0, 3, inf
18110570.0, 6710048.0, 3, inf
Generacion: 266
15403202.0, 11824992.0, 1, inf
19802394.0, 6290512.0, 1, inf
15688982.0, 9849846.0, 1, 0.429494841546
18952884.0, 6390894.0, 1, 0.213941830655
19072340.0, 6303642.0, 1, 0.168623092096
18275566.0, 6595074.0, 1, 0.157417804173
16348574.0, 8618088.0, 1, 0.136210550492
16266036.0, 9180042.0, 1, 0.132001141128
16501110.0, 8443206.0, 1, 0.120917695517
16514866.0, 7965890.0, 1, 0.115227559692
15822020.0, 9416326.0, 1, 0.110402490376
17442302.0, 6835196.0, 1, 0.10717863731
17899764.0, 6742608.0, 1, 0.10639663069
16815532.0, 7450386.0, 1, 0.098290004905
16132018.0, 9331812.0, 1, 0.0978896617095
16771596.0, 7703098.0, 1, 0.0727959093557
15728016.0, 9637348.0, 1, 0.0709453780266
18275566.0, 6595074.0, 1, 0.0644237742434
17025916.0, 7313618.0, 1, 0.0623176219663
17037622.0, 7118450.0, 1, 0.059518338675
16642370.0, 7949384.0, 1, 0.0527124746619
16348574.0, 8618088.0, 1, 0.0503607143366
18063094.0, 6627720.0, 1, 0.049365617262
16906902.0, 7329338.0, 1, 0.048925216537
16266036.0, 9180042.0, 1, 0.0461847122551
16132018.0, 9331812.0, 1, 0.0457346806832
16652226.0, 7846962.0, 1, 0.0456406933282
17442302.0, 6835196.0, 1, 0.044159341441
17321632.0, 6852856.0, 1, 0.0427633656673
15705420.0, 9828172.0, 1, 0.0376268400508
17899764.0, 6742608.0, 1, 0.0372648935515
15822020.0, 9416326.0, 1, 0.0366389194616
16771596.0, 7703098.0, 1, 0.0359814199114
18023550.0, 6722720.0, 1, 0.0349413745893
16501110.0, 8443206.0, 1, 0.0347255704284
17161722.0, 6955492.0, 1, 0.033457400685
17990104.0, 6729276.0, 1, 0.0317318212384
18996838.0, 6318426.0, 1, 0.0302566102185
18154450.0, 6614188.0, 1, 0.0299764548927
17132118.0, 7045174.0, 1, 0.0283405519546
15720466.0, 9681210.0, 1, 0.0282701191076
16652226.0, 7846962.0, 1, 0.0282345427576
17281742.0, 6937718.0, 1, 0.0253624429524
17078728.0, 7050656.0, 1, 0.0243857088619
18154450.0, 6614188.0, 1, 0.0242201624239
16906902.0, 7329338.0, 1, 0.0236100984149
19072340.0, 6303642.0, 1, 0.0195350970862
17237622.0, 6948220.0, 1, 0.0191507268873
18996838.0, 6318426.0, 1, 0.0126626339032
17321632.0, 6852856.0, 1, 0.0122584792445
15720466.0, 9681210.0, 1, 0.0113453986568
17237622.0, 6948220.0, 1, 0.0113430590175
17281742.0, 6937718.0, 1, 0.0109651328055
17078728.0, 7050656.0, 1, 0.010334506251
17161722.0, 6955492.0, 1, 0.00804336216412
17132118.0, 7045174.0, 1, 0.00771993521163
16514866.0, 7965890.0, 1, 0.00610933186578
17025916.0, 7313618.0, 1, 0.00550131843893
17025916.0, 7313618.0, 1, 0.0
17025916.0, 7313618.0, 1, 0.0
17078728.0, 7050656.0, 1, 0.0
17078728.0, 7050656.0, 1, 0.0
17078728.0, 7050656.0, 1, 0.0
17078728.0, 7050656.0, 1, 0.0
17161722.0, 6955492.0, 1, 0.0
17161722.0, 6955492.0, 1, 0.0
17161722.0, 6955492.0, 1, 0.0
17161722.0, 6955492.0, 1, 0.0
17161722.0, 6955492.0, 1, 0.0
17237622.0, 6948220.0, 1, 0.0
17237622.0, 6948220.0, 1, 0.0
17237622.0, 6948220.0, 1, 0.0
17281742.0, 6937718.0, 1, 0.0
17281742.0, 6937718.0, 1, 0.0
17281742.0, 6937718.0, 1, 0.0
17321632.0, 6852856.0, 1, 0.0
17321632.0, 6852856.0, 1, 0.0
17321632.0, 6852856.0, 1, 0.0
17321632.0, 6852856.0, 1, 0.0
17321632.0, 6852856.0, 1, 0.0
17321632.0, 6852856.0, 1, 0.0
17442302.0, 6835196.0, 1, 0.0
17442302.0, 6835196.0, 1, 0.0
17442302.0, 6835196.0, 1, 0.0
17442302.0, 6835196.0, 1, 0.0
17899764.0, 6742608.0, 1, 0.0
18154450.0, 6614188.0, 1, 0.0
18154450.0, 6614188.0, 1, 0.0
18154450.0, 6614188.0, 1, 0.0
18154450.0, 6614188.0, 1, 0.0
18154450.0, 6614188.0, 1, 0.0
18154450.0, 6614188.0, 1, 0.0
18275566.0, 6595074.0, 1, 0.0
18275566.0, 6595074.0, 1, 0.0
18275566.0, 6595074.0, 1, 0.0
19072340.0, 6303642.0, 1, 0.0
19072340.0, 6303642.0, 1, 0.0
19072340.0, 6303642.0, 1, 0.0
19072340.0, 6303642.0, 1, 0.0
19072340.0, 6303642.0, 1, 0.0
19072340.0, 6303642.0, 1, 0.0
19072340.0, 6303642.0, 1, 0.0
16132018.0, 9331812.0, 1, 0.0
16132018.0, 9331812.0, 1, 0.0
16132018.0, 9331812.0, 1, 0.0
16132018.0, 9331812.0, 1, 0.0
16132018.0, 9331812.0, 1, 0.0
16132018.0, 9331812.0, 1, 0.0
16132018.0, 9331812.0, 1, 0.0
16266036.0, 9180042.0, 1, 0.0
16266036.0, 9180042.0, 1, 0.0
16348574.0, 8618088.0, 1, 0.0
16501110.0, 8443206.0, 1, 0.0
16501110.0, 8443206.0, 1, 0.0
16501110.0, 8443206.0, 1, 0.0
16501110.0, 8443206.0, 1, 0.0
16501110.0, 8443206.0, 1, 0.0
16501110.0, 8443206.0, 1, 0.0
16514866.0, 7965890.0, 1, 0.0
16652226.0, 7846962.0, 1, 0.0
16771596.0, 7703098.0, 1, 0.0
16771596.0, 7703098.0, 1, 0.0
16771596.0, 7703098.0, 1, 0.0
16906902.0, 7329338.0, 1, 0.0
16906902.0, 7329338.0, 1, 0.0
17025916.0, 7313618.0, 1, 0.0
15707350.0, 11605204.0, 2, inf
18986452.0, 6403850.0, 2, inf
18986452.0, 6403850.0, 2, inf
18070440.0, 6709552.0, 2, 0.410019437091
15801706.0, 9909422.0, 2, 0.379087289225
17197514.0, 7015538.0, 2, 0.363369681002
16478124.0, 9071602.0, 2, 0.341141175225
17907110.0, 6824440.0, 2, 0.325037001996
16037236.0, 9417190.0, 2, 0.233333434207
17027528.0, 7319250.0, 2, 0.231030903778
16767532.0, 7974662.0, 2, 0.223006578502
16912168.0, 7764592.0, 2, 0.205296739589
15975696.0, 9488294.0, 2, 0.166462950231
16588746.0, 8411512.0, 2, 0.158908035017
16531234.0, 8426380.0, 2, 0.141587801596
15801706.0, 9909422.0, 2, 0.109740022978
16531234.0, 8426380.0, 2, 0.0190549939218
18792910.0, 6735644.0, 3, inf
15819410.0, 10280052.0, 3, inf
18792910.0, 6735644.0, 3, inf
18458194.0, 6983802.0, 3, 0.657489238251
17273430.0, 7254836.0, 3, 0.651474297299
17036222.0, 7597904.0, 3, 0.559324781679
16639092.0, 9593492.0, 3, 0.523990946954
Generacion: 267
15403202.0, 11824992.0, 1, inf
19822694.0, 6273594.0, 1, inf
15617994.0, 9920798.0, 1, 0.420456081421
18952884.0, 6390894.0, 1, 0.213036401337
18275566.0, 6595074.0, 1, 0.212275537009
19185380.0, 6284830.0, 1, 0.175195552563
16348574.0, 8618088.0, 1, 0.151161964376
16514866.0, 7965890.0, 1, 0.114831599568
17442302.0, 6835196.0, 1, 0.106691267348
17899764.0, 6742608.0, 1, 0.105911643909
16266036.0, 9180042.0, 1, 0.104762722535
16501110.0, 8443206.0, 1, 0.092534919316
17025916.0, 7313618.0, 1, 0.0742979481622
15840950.0, 9394448.0, 1, 0.0698010474031
15822020.0, 9416326.0, 1, 0.0693083599649
16132018.0, 9331812.0, 1, 0.0688268783739
16815532.0, 7450386.0, 1, 0.0661965488589
17078728.0, 7050656.0, 1, 0.0661476901687
16472146.0, 8599780.0, 1, 0.0660167091377
16250412.0, 9315342.0, 1, 0.0576633591744
15728016.0, 9637348.0, 1, 0.0556443621057
16740512.0, 7780098.0, 1, 0.0529248053194
16771596.0, 7703098.0, 1, 0.0525556145615
16642370.0, 7949384.0, 1, 0.0525035673946
16906902.0, 7329338.0, 1, 0.0487342973485
15705420.0, 9828172.0, 1, 0.0471105227653
15728016.0, 9637348.0, 1, 0.0449265598418
17442302.0, 6835196.0, 1, 0.0439823644777
16266036.0, 9180042.0, 1, 0.0430481413262
17321632.0, 6852856.0, 1, 0.042590642969
16652226.0, 7846962.0, 1, 0.0384262711546
16132018.0, 9331812.0, 1, 0.0380719754621
17899764.0, 6742608.0, 1, 0.0371195847736
15688982.0, 9849846.0, 1, 0.0364670780974
18016714.0, 6706106.0, 1, 0.034809243145
18063094.0, 6627720.0, 1, 0.0347912009385
17161722.0, 6955492.0, 1, 0.0343162681845
16815532.0, 7450386.0, 1, 0.0317463720394
16501110.0, 8443206.0, 1, 0.0313170019945
18187530.0, 6607946.0, 1, 0.0308480563409
17237622.0, 6948220.0, 1, 0.0303586833981
18996838.0, 6318426.0, 1, 0.0301378730356
17078728.0, 7050656.0, 1, 0.0290921383524
19072340.0, 6303642.0, 1, 0.0282407132887
17281742.0, 6937718.0, 1, 0.0252696477053
17990104.0, 6729276.0, 1, 0.0246149868327
16771596.0, 7703098.0, 1, 0.0238117941187
16906902.0, 7329338.0, 1, 0.0235060409905
18154450.0, 6614188.0, 1, 0.0217955555173
19072340.0, 6303642.0, 1, 0.0204725599018
17161722.0, 6955492.0, 1, 0.0200890217036
15840950.0, 9394448.0, 1, 0.0155662214072
17025916.0, 7313618.0, 1, 0.0147815088497
16652226.0, 7846962.0, 1, 0.0142746542131
18063094.0, 6627720.0, 1, 0.0129320030061
18996838.0, 6318426.0, 1, 0.0126085999146
17321632.0, 6852856.0, 1, 0.0122071049149
17281742.0, 6937718.0, 1, 0.0109176999758
18154450.0, 6614188.0, 1, 0.00992260735606
17990104.0, 6729276.0, 1, 0.00842261123286
16514866.0, 7965890.0, 1, 0.00608588003203
16501110.0, 8443206.0, 1, 0.0
16514866.0, 7965890.0, 1, 0.0
16652226.0, 7846962.0, 1, 0.0
16652226.0, 7846962.0, 1, 0.0
16652226.0, 7846962.0, 1, 0.0
16652226.0, 7846962.0, 1, 0.0
16771596.0, 7703098.0, 1, 0.0
16815532.0, 7450386.0, 1, 0.0
16906902.0, 7329338.0, 1, 0.0
16906902.0, 7329338.0, 1, 0.0
16906902.0, 7329338.0, 1, 0.0
16906902.0, 7329338.0, 1, 0.0
17025916.0, 7313618.0, 1, 0.0
17025916.0, 7313618.0, 1, 0.0
17078728.0, 7050656.0, 1, 0.0
17078728.0, 7050656.0, 1, 0.0
17078728.0, 7050656.0, 1, 0.0
17078728.0, 7050656.0, 1, 0.0
17161722.0, 6955492.0, 1, 0.0
17161722.0, 6955492.0, 1, 0.0
17281742.0, 6937718.0, 1, 0.0
17281742.0, 6937718.0, 1, 0.0
17321632.0, 6852856.0, 1, 0.0
17321632.0, 6852856.0, 1, 0.0
17321632.0, 6852856.0, 1, 0.0
17321632.0, 6852856.0, 1, 0.0
17321632.0, 6852856.0, 1, 0.0
17321632.0, 6852856.0, 1, 0.0
17321632.0, 6852856.0, 1, 0.0
17321632.0, 6852856.0, 1, 0.0
17321632.0, 6852856.0, 1, 0.0
17321632.0, 6852856.0, 1, 0.0
17321632.0, 6852856.0, 1, 0.0
17321632.0, 6852856.0, 1, 0.0
17899764.0, 6742608.0, 1, 0.0
17899764.0, 6742608.0, 1, 0.0
17899764.0, 6742608.0, 1, 0.0
18154450.0, 6614188.0, 1, 0.0
18154450.0, 6614188.0, 1, 0.0
18154450.0, 6614188.0, 1, 0.0
18154450.0, 6614188.0, 1, 0.0
18154450.0, 6614188.0, 1, 0.0
18154450.0, 6614188.0, 1, 0.0
18154450.0, 6614188.0, 1, 0.0
18154450.0, 6614188.0, 1, 0.0
18154450.0, 6614188.0, 1, 0.0
18154450.0, 6614188.0, 1, 0.0
19072340.0, 6303642.0, 1, 0.0
15728016.0, 9637348.0, 1, 0.0
16132018.0, 9331812.0, 1, 0.0
16132018.0, 9331812.0, 1, 0.0
16132018.0, 9331812.0, 1, 0.0
16132018.0, 9331812.0, 1, 0.0
16132018.0, 9331812.0, 1, 0.0
16132018.0, 9331812.0, 1, 0.0
16501110.0, 8443206.0, 1, 0.0
16501110.0, 8443206.0, 1, 0.0
16501110.0, 8443206.0, 1, 0.0
16501110.0, 8443206.0, 1, 0.0
15736548.0, 9662732.0, 2, inf
15736548.0, 9662732.0, 2, inf
19802394.0, 6290512.0, 2, inf
18986452.0, 6403850.0, 2, 0.550238646643
16360444.0, 9379778.0, 2, 0.343703239906
18070440.0, 6709552.0, 2, 0.33138486047
17113468.0, 7404158.0, 2, 0.322004440695
17360408.0, 6911624.0, 2, 0.28999701891
16905910.0, 8074698.0, 2, 0.254091148028
17038606.0, 7990344.0, 2, 0.249891460008
18023550.0, 6722720.0, 2, 0.234555817961
16531234.0, 8426380.0, 2, 0.191947426222
16372024.0, 9030754.0, 2, 0.169836922685
16484700.0, 8762912.0, 2, 0.154890270026
17196522.0, 7035450.0, 2, 0.135912812293
16531234.0, 8426380.0, 2, 0.11573307301
16412722.0, 8850410.0, 2, 0.107138821746
17197514.0, 7015538.0, 2, 0.0770274014627
15781962.0, 10439084.0, 3, inf
19887502.0, 6604142.0, 3, inf
16384174.0, 9162336.0, 3, 0.569991654687
17604890.0, 7056086.0, 3, 0.505489362114
16556170.0, 8428274.0, 3, 0.482931835311
15801706.0, 9909422.0, 3, 0.479607757941
17184448.0, 8057848.0, 3, 0.362425275948
18792910.0, 6735644.0, 3, 0.350171905012
18792910.0, 6735644.0, 3, 0.323660452747
17273430.0, 7254836.0, 3, 0.290128330845
17184448.0, 8057848.0, 3, 0.118265975365
17273430.0, 7254836.0, 3, 0.0734997181437
Generacion: 268
15566706.0, 10972888.0, 1, inf
19185380.0, 6284830.0, 1, inf
15601912.0, 9939276.0, 1, 0.329458389731
18952884.0, 6390894.0, 1, 0.258330634518
18275566.0, 6595074.0, 1, 0.2578001447
16243908.0, 9050530.0, 1, 0.251552372032
16348574.0, 8618088.0, 1, 0.212539645328
15836930.0, 9134536.0, 1, 0.191690760859
16453202.0, 8325276.0, 1, 0.185072862
17442302.0, 6835196.0, 1, 0.130184042819
17899764.0, 6742608.0, 1, 0.12926084605
16514866.0, 7965890.0, 1, 0.111894893712
17027528.0, 7319250.0, 1, 0.0906275428968
16771596.0, 7703098.0, 1, 0.0868926977114
17078728.0, 7050656.0, 1, 0.0802281535072
16815532.0, 7450386.0, 1, 0.0791550567966
15781908.0, 9350658.0, 1, 0.0764519857673
15728016.0, 9637348.0, 1, 0.068946187963
15765830.0, 9400836.0, 1, 0.0668802174343
16642370.0, 7949384.0, 1, 0.0633269423996
15744454.0, 9615674.0, 1, 0.0608995718342
16906902.0, 7329338.0, 1, 0.059154809411
16652226.0, 7846962.0, 1, 0.0548346472351
17442302.0, 6835196.0, 1, 0.0530962245557
18996838.0, 6318426.0, 1, 0.0516225313792
17321632.0, 6852856.0, 1, 0.0514482074023
17899764.0, 6742608.0, 1, 0.044714701379
16771596.0, 7703098.0, 1, 0.0428287976192
18063094.0, 6627720.0, 1, 0.0419660678262
18016714.0, 6706106.0, 1, 0.0418330730712
17161722.0, 6955492.0, 1, 0.0412737706779
15728016.0, 9637348.0, 1, 0.0394713602427
16815532.0, 7450386.0, 1, 0.0379619636338
18187530.0, 6607946.0, 1, 0.0375468864532
17237622.0, 6948220.0, 1, 0.0369581804391
17078728.0, 7050656.0, 1, 0.0344480660137
19072340.0, 6303642.0, 1, 0.0343915063527
16652226.0, 7846962.0, 1, 0.0334109832485
17281742.0, 6937718.0, 1, 0.0302940498297
17990104.0, 6729276.0, 1, 0.0299072907198
16906902.0, 7329338.0, 1, 0.0274014308815
18154450.0, 6614188.0, 1, 0.0265771797194
19072340.0, 6303642.0, 1, 0.024877297716
17161722.0, 6955492.0, 1, 0.0244860957084
16514866.0, 7965890.0, 1, 0.0205613569258
17027528.0, 7319250.0, 1, 0.0163006796119
18063094.0, 6627720.0, 1, 0.0157033325466
17321632.0, 6852856.0, 1, 0.0147903931013
17281742.0, 6937718.0, 1, 0.0132635348585
18154450.0, 6614188.0, 1, 0.012027953112
17990104.0, 6729276.0, 1, 0.0101973437838
18063094.0, 6627720.0, 1, 0.0
18063094.0, 6627720.0, 1, 0.0
18154450.0, 6614188.0, 1, 0.0
18154450.0, 6614188.0, 1, 0.0
18154450.0, 6614188.0, 1, 0.0
18154450.0, 6614188.0, 1, 0.0
18154450.0, 6614188.0, 1, 0.0
18154450.0, 6614188.0, 1, 0.0
19072340.0, 6303642.0, 1, 0.0
19072340.0, 6303642.0, 1, 0.0
15728016.0, 9637348.0, 1, 0.0
15728016.0, 9637348.0, 1, 0.0
15728016.0, 9637348.0, 1, 0.0
16514866.0, 7965890.0, 1, 0.0
16652226.0, 7846962.0, 1, 0.0
16652226.0, 7846962.0, 1, 0.0
16652226.0, 7846962.0, 1, 0.0
16652226.0, 7846962.0, 1, 0.0
16652226.0, 7846962.0, 1, 0.0
16652226.0, 7846962.0, 1, 0.0
16652226.0, 7846962.0, 1, 0.0
16652226.0, 7846962.0, 1, 0.0
16652226.0, 7846962.0, 1, 0.0
16815532.0, 7450386.0, 1, 0.0
16815532.0, 7450386.0, 1, 0.0
17027528.0, 7319250.0, 1, 0.0
17078728.0, 7050656.0, 1, 0.0
17078728.0, 7050656.0, 1, 0.0
17161722.0, 6955492.0, 1, 0.0
17161722.0, 6955492.0, 1, 0.0
17161722.0, 6955492.0, 1, 0.0
17161722.0, 6955492.0, 1, 0.0
17161722.0, 6955492.0, 1, 0.0
17161722.0, 6955492.0, 1, 0.0
17161722.0, 6955492.0, 1, 0.0
17161722.0, 6955492.0, 1, 0.0
17281742.0, 6937718.0, 1, 0.0
17281742.0, 6937718.0, 1, 0.0
17281742.0, 6937718.0, 1, 0.0
17281742.0, 6937718.0, 1, 0.0
17321632.0, 6852856.0, 1, 0.0
17321632.0, 6852856.0, 1, 0.0
17321632.0, 6852856.0, 1, 0.0
17321632.0, 6852856.0, 1, 0.0
17321632.0, 6852856.0, 1, 0.0
17442302.0, 6835196.0, 1, 0.0
17442302.0, 6835196.0, 1, 0.0
17442302.0, 6835196.0, 1, 0.0
17442302.0, 6835196.0, 1, 0.0
17899764.0, 6742608.0, 1, 0.0
17899764.0, 6742608.0, 1, 0.0
17990104.0, 6729276.0, 1, 0.0
17990104.0, 6729276.0, 1, 0.0
17990104.0, 6729276.0, 1, 0.0
21052724.0, 6298380.0, 2, inf
15656968.0, 10507502.0, 2, inf
18986452.0, 6403850.0, 2, 0.631773800284
17459294.0, 6965754.0, 2, 0.300431647207
15736548.0, 9662732.0, 2, 0.289829989327
18141150.0, 6686332.0, 2, 0.242393723186
16777278.0, 7830392.0, 2, 0.209067750413
16680792.0, 8318050.0, 2, 0.18719391683
16375906.0, 9040506.0, 2, 0.176056743899
18023550.0, 6722720.0, 2, 0.17413247855
17147192.0, 7303644.0, 2, 0.168247912118
16472146.0, 8599780.0, 2, 0.165110241904
16863360.0, 7580476.0, 2, 0.163570724795
17113468.0, 7404158.0, 2, 0.118372359189
16132018.0, 9331812.0, 2, 0.0900012784179
15822020.0, 9416326.0, 2, 0.0830876189669
15840950.0, 9394448.0, 2, 0.0591416359557
16266036.0, 9180042.0, 2, 0.0579885253554
16266036.0, 9180042.0, 2, 0.0564197006001
16501110.0, 8443206.0, 2, 0.0427816379763
16132018.0, 9331812.0, 2, 0.0397186819059
16531234.0, 8426380.0, 2, 0.0317152182618
16531234.0, 8426380.0, 2, 0.0313198651885
18070440.0, 6709552.0, 2, 0.030439940295
15840950.0, 9394448.0, 2, 0.0183893260195
16501110.0, 8443206.0, 2, 0.0093654307621
16501110.0, 8443206.0, 2, 0.0
16501110.0, 8443206.0, 2, 0.0
15840950.0, 9394448.0, 2, 0.0
15840950.0, 9394448.0, 2, 0.0
15840950.0, 9394448.0, 2, 0.0
15840950.0, 9394448.0, 2, 0.0
16132018.0, 9331812.0, 2, 0.0
16132018.0, 9331812.0, 2, 0.0
16266036.0, 9180042.0, 2, 0.0
15903260.0, 9982604.0, 3, inf
20571584.0, 6421244.0, 3, inf
15903260.0, 9982604.0, 3, inf
19297474.0, 6618756.0, 3, 0.552846417889
17038606.0, 7990344.0, 3, 0.552128377949
18120966.0, 7285854.0, 3, 0.450292350906
16677148.0, 8460926.0, 3, 0.432868596037
17857754.0, 7395256.0, 3, 0.418709348138
15975696.0, 9488294.0, 3, 0.334357635452
19819190.0, 6612506.0, 3, 0.328386355501
Generacion: 269
15636202.0, 10523264.0, 1, inf
19072340.0, 6303642.0, 1, inf
19072340.0, 6303642.0, 1, inf
18952884.0, 6390894.0, 1, 0.275470021829
16453202.0, 8325276.0, 1, 0.267980855864
15720466.0, 9681210.0, 1, 0.236671621773
16414644.0, 8973594.0, 1, 0.232786193804
18275566.0, 6595074.0, 1, 0.200166574817
17442302.0, 6835196.0, 1, 0.161960641712
17852368.0, 6821194.0, 1, 0.155074853907
16243908.0, 9050530.0, 1, 0.149609895959
16514866.0, 7965890.0, 1, 0.125145299823
16132018.0, 9331812.0, 1, 0.117086426053
17025916.0, 7313618.0, 1, 0.116049863008
15840950.0, 9394448.0, 1, 0.11024579024
16175126.0, 9310760.0, 1, 0.0992231935025
16815532.0, 7450386.0, 1, 0.0864806241536
17078728.0, 7050656.0, 1, 0.0864721313166
18275566.0, 6595074.0, 1, 0.0740088446406
15747256.0, 9419518.0, 1, 0.0698166929023
16771360.0, 7783850.0, 1, 0.0688336318187
16906902.0, 7329338.0, 1, 0.0633229077268
16652226.0, 7846962.0, 1, 0.0628554159835
16771596.0, 7703098.0, 1, 0.0599584064778
15744454.0, 9615674.0, 1, 0.05722241693
17321632.0, 6852856.0, 1, 0.0552291944661
16652226.0, 7846962.0, 1, 0.0549319015617
16514866.0, 7965890.0, 1, 0.0461302437116
18063094.0, 6627720.0, 1, 0.0451633705746
17899764.0, 6742608.0, 1, 0.0449150873947
17161722.0, 6955492.0, 1, 0.0446414829918
17990104.0, 6729276.0, 1, 0.0426858414797
16815532.0, 7450386.0, 1, 0.0414733778185
18996838.0, 6318426.0, 1, 0.0391469744413
17237622.0, 6948220.0, 1, 0.039140974141
17078728.0, 7050656.0, 1, 0.037922311643
15822020.0, 9416326.0, 1, 0.0332085306157
17281742.0, 6937718.0, 1, 0.0329512766409
16771596.0, 7703098.0, 1, 0.0319237072556
16906902.0, 7329338.0, 1, 0.0303163516192
18154450.0, 6614188.0, 1, 0.0280661045162
18187530.0, 6607946.0, 1, 0.027099903508
18016714.0, 6706106.0, 1, 0.0263207047678
17161722.0, 6955492.0, 1, 0.0258766561769
18016714.0, 6706106.0, 1, 0.0189887248512
17899764.0, 6742608.0, 1, 0.0169529171813
18063094.0, 6627720.0, 1, 0.0167046340014
18996838.0, 6318426.0, 1, 0.0162953178485
17321632.0, 6852856.0, 1, 0.0157941723256
15728016.0, 9637348.0, 1, 0.0151786290464
17281742.0, 6937718.0, 1, 0.0140978118459
18154450.0, 6614188.0, 1, 0.0128340094805
18187530.0, 6607946.0, 1, 0.0126775973658
15728016.0, 9637348.0, 1, 0.00733371327006
18154450.0, 6614188.0, 1, 0.0
18154450.0, 6614188.0, 1, 0.0
18187530.0, 6607946.0, 1, 0.0
18275566.0, 6595074.0, 1, 0.0
18275566.0, 6595074.0, 1, 0.0
18996838.0, 6318426.0, 1, 0.0
18996838.0, 6318426.0, 1, 0.0
19072340.0, 6303642.0, 1, 0.0
15728016.0, 9637348.0, 1, 0.0
15728016.0, 9637348.0, 1, 0.0
15728016.0, 9637348.0, 1, 0.0
16514866.0, 7965890.0, 1, 0.0
16514866.0, 7965890.0, 1, 0.0
16514866.0, 7965890.0, 1, 0.0
16652226.0, 7846962.0, 1, 0.0
16652226.0, 7846962.0, 1, 0.0
16652226.0, 7846962.0, 1, 0.0
16652226.0, 7846962.0, 1, 0.0
16652226.0, 7846962.0, 1, 0.0
16652226.0, 7846962.0, 1, 0.0
16652226.0, 7846962.0, 1, 0.0
16652226.0, 7846962.0, 1, 0.0
16652226.0, 7846962.0, 1, 0.0
16815532.0, 7450386.0, 1, 0.0
16906902.0, 7329338.0, 1, 0.0
17078728.0, 7050656.0, 1, 0.0
17078728.0, 7050656.0, 1, 0.0
17078728.0, 7050656.0, 1, 0.0
17078728.0, 7050656.0, 1, 0.0
17078728.0, 7050656.0, 1, 0.0
17161722.0, 6955492.0, 1, 0.0
17161722.0, 6955492.0, 1, 0.0
17161722.0, 6955492.0, 1, 0.0
17161722.0, 6955492.0, 1, 0.0
17161722.0, 6955492.0, 1, 0.0
17161722.0, 6955492.0, 1, 0.0
17161722.0, 6955492.0, 1, 0.0
17281742.0, 6937718.0, 1, 0.0
17321632.0, 6852856.0, 1, 0.0
17321632.0, 6852856.0, 1, 0.0
17321632.0, 6852856.0, 1, 0.0
17321632.0, 6852856.0, 1, 0.0
17321632.0, 6852856.0, 1, 0.0
17321632.0, 6852856.0, 1, 0.0
17321632.0, 6852856.0, 1, 0.0
17321632.0, 6852856.0, 1, 0.0
17321632.0, 6852856.0, 1, 0.0
17321632.0, 6852856.0, 1, 0.0
17321632.0, 6852856.0, 1, 0.0
17899764.0, 6742608.0, 1, 0.0
17899764.0, 6742608.0, 1, 0.0
17899764.0, 6742608.0, 1, 0.0
18154450.0, 6614188.0, 1, 0.0
18154450.0, 6614188.0, 1, 0.0
18154450.0, 6614188.0, 1, 0.0
20069920.0, 6309786.0, 2, inf
15698468.0, 11760240.0, 2, inf
18141150.0, 6686332.0, 2, 0.598981325528
15796352.0, 9493096.0, 2, 0.509731226442
15707350.0, 11605204.0, 2, 0.438346719266
16266036.0, 9180042.0, 2, 0.216629180387
17865480.0, 6825946.0, 2, 0.190512318202
17117732.0, 7120110.0, 2, 0.180358517028
16777278.0, 7830392.0, 2, 0.169679994969
16148216.0, 9376622.0, 2, 0.164879792761
16777278.0, 7830392.0, 2, 0.156955058515
17604890.0, 7056086.0, 2, 0.153664780845
16501110.0, 8443206.0, 2, 0.119059285878
17027528.0, 7319250.0, 2, 0.114414502197
16472146.0, 8599780.0, 2, 0.113086939354
17027528.0, 7319250.0, 2, 0.0937828311733
16501110.0, 8443206.0, 2, 0.0919021289797
16472146.0, 8599780.0, 2, 0.0758758750027
17604890.0, 7056086.0, 2, 0.0713583164316
17027528.0, 7319250.0, 2, 0.0
19020118.0, 6732134.0, 3, inf
15819410.0, 10280052.0, 3, inf
17987016.0, 7031792.0, 3, 0.616890474313
16023356.0, 9844570.0, 3, 0.503738704144
16905910.0, 8074698.0, 3, 0.469453135138
16659292.0, 9368596.0, 3, 0.324883996811
16767344.0, 8686068.0, 3, 0.315037927738
17443420.0, 7173074.0, 3, 0.285812463584
16660916.0, 8920856.0, 3, 0.226133012743
17113468.0, 7404158.0, 3, 0.199531767639
16659292.0, 9368596.0, 3, 0.134663250418
17273430.0, 7254836.0, 3, 0.129352638348
15820996.0, 10226586.0, 3, 0.108168804321
17113468.0, 7404158.0, 3, 0.0931779454931
17147192.0, 7303644.0, 3, 0.0920642860495
15820996.0, 10226586.0, 3, 0.0782931949192
16659292.0, 9368596.0, 3, 0.0
16659292.0, 9368596.0, 3, 0.0
16213450.0, 10476712.0, 4, inf
18151652.0, 7269346.0, 4, inf
17121600.0, 7895180.0, 4, 1.11696278484
Generacion: 270
19802394.0, 6290512.0, 1, inf
15636202.0, 10523264.0, 1, inf
15636202.0, 10523264.0, 1, inf
16355602.0, 8865174.0, 1, 0.23472579737
15720466.0, 9681210.0, 1, 0.200749918838
18952884.0, 6390894.0, 1, 0.179695616796
15975696.0, 9488294.0, 1, 0.169155297744
18275566.0, 6595074.0, 1, 0.16709057875
19113198.0, 6298954.0, 1, 0.166533438984
17321632.0, 6852856.0, 1, 0.147440047303
17852368.0, 6821194.0, 1, 0.145957324007
16453202.0, 8325276.0, 1, 0.142353522633
16342532.0, 9206374.0, 1, 0.139264962385
16514866.0, 7965890.0, 1, 0.1178761462
16453202.0, 8325276.0, 1, 0.108332659006
17025916.0, 7313618.0, 1, 0.107082373354
16132018.0, 9331812.0, 1, 0.0898115782727
16771596.0, 7703098.0, 1, 0.0883560107898
17078728.0, 7050656.0, 1, 0.08204636851
16815532.0, 7450386.0, 1, 0.0816352451602
18275566.0, 6595074.0, 1, 0.077309272044
15728016.0, 9637348.0, 1, 0.0698124979144
16652226.0, 7846962.0, 1, 0.0669584453757
16192106.0, 9288540.0, 1, 0.0648435143583
18952884.0, 6390894.0, 1, 0.0587882821328
16906902.0, 7329338.0, 1, 0.0571645572073
16652226.0, 7846962.0, 1, 0.0567491507612
17161722.0, 6955492.0, 1, 0.0512908542541
17281742.0, 6937718.0, 1, 0.04885697672
16771596.0, 7703098.0, 1, 0.0445341307977
18063094.0, 6627720.0, 1, 0.04437196499
16514866.0, 7965890.0, 1, 0.0428981328532
18023550.0, 6722720.0, 1, 0.0415124969048
17899764.0, 6742608.0, 1, 0.0402502418558
16815532.0, 7450386.0, 1, 0.0391437842809
15728016.0, 9637348.0, 1, 0.0370266484928
18996838.0, 6318426.0, 1, 0.0352433207907
17078728.0, 7050656.0, 1, 0.0351590965243
18154450.0, 6614188.0, 1, 0.0322681262363
15720466.0, 9681210.0, 1, 0.0305881894812
18154450.0, 6614188.0, 1, 0.0264436762549
16906902.0, 7329338.0, 1, 0.025645194243
17161722.0, 6955492.0, 1, 0.0241199886985
17990104.0, 6729276.0, 1, 0.0232329443624
19072340.0, 6303642.0, 1, 0.0192300981875
17852368.0, 6821194.0, 1, 0.0188565757984
17321632.0, 6852856.0, 1, 0.0170549305549
16175126.0, 9310760.0, 1, 0.0155966385208
17899764.0, 6742608.0, 1, 0.0145260598598
18996838.0, 6318426.0, 1, 0.0140429249751
17281742.0, 6937718.0, 1, 0.0137738500664
19072340.0, 6303642.0, 1, 0.0132998003184
18063094.0, 6627720.0, 1, 0.0126886157384
19113198.0, 6298954.0, 1, 0.0118014843292
17990104.0, 6729276.0, 1, 0.0111776784122
16175126.0, 9310760.0, 1, 0.00904926067386
16652226.0, 7846962.0, 1, 0.0
16652226.0, 7846962.0, 1, 0.0
16652226.0, 7846962.0, 1, 0.0
16652226.0, 7846962.0, 1, 0.0
16815532.0, 7450386.0, 1, 0.0
16815532.0, 7450386.0, 1, 0.0
16815532.0, 7450386.0, 1, 0.0
16906902.0, 7329338.0, 1, 0.0
17078728.0, 7050656.0, 1, 0.0
17078728.0, 7050656.0, 1, 0.0
17078728.0, 7050656.0, 1, 0.0
17078728.0, 7050656.0, 1, 0.0
17078728.0, 7050656.0, 1, 0.0
17078728.0, 7050656.0, 1, 0.0
17161722.0, 6955492.0, 1, 0.0
17161722.0, 6955492.0, 1, 0.0
17161722.0, 6955492.0, 1, 0.0
17161722.0, 6955492.0, 1, 0.0
17161722.0, 6955492.0, 1, 0.0
17161722.0, 6955492.0, 1, 0.0
17161722.0, 6955492.0, 1, 0.0
17161722.0, 6955492.0, 1, 0.0
17161722.0, 6955492.0, 1, 0.0
17281742.0, 6937718.0, 1, 0.0
17281742.0, 6937718.0, 1, 0.0
17281742.0, 6937718.0, 1, 0.0
17281742.0, 6937718.0, 1, 0.0
17321632.0, 6852856.0, 1, 0.0
17321632.0, 6852856.0, 1, 0.0
17321632.0, 6852856.0, 1, 0.0
17321632.0, 6852856.0, 1, 0.0
17321632.0, 6852856.0, 1, 0.0
17321632.0, 6852856.0, 1, 0.0
17321632.0, 6852856.0, 1, 0.0
17899764.0, 6742608.0, 1, 0.0
17899764.0, 6742608.0, 1, 0.0
17899764.0, 6742608.0, 1, 0.0
17899764.0, 6742608.0, 1, 0.0
17899764.0, 6742608.0, 1, 0.0
18063094.0, 6627720.0, 1, 0.0
18063094.0, 6627720.0, 1, 0.0
18063094.0, 6627720.0, 1, 0.0
18154450.0, 6614188.0, 1, 0.0
18154450.0, 6614188.0, 1, 0.0
18275566.0, 6595074.0, 1, 0.0
18996838.0, 6318426.0, 1, 0.0
18996838.0, 6318426.0, 1, 0.0
18996838.0, 6318426.0, 1, 0.0
19072340.0, 6303642.0, 1, 0.0
15728016.0, 9637348.0, 1, 0.0
15728016.0, 9637348.0, 1, 0.0
16453202.0, 8325276.0, 1, 0.0
16453202.0, 8325276.0, 1, 0.0
16514866.0, 7965890.0, 1, 0.0
16514866.0, 7965890.0, 1, 0.0
16514866.0, 7965890.0, 1, 0.0
16652226.0, 7846962.0, 1, 0.0
16652226.0, 7846962.0, 1, 0.0
16652226.0, 7846962.0, 1, 0.0
16652226.0, 7846962.0, 1, 0.0
15653168.0, 11533592.0, 2, inf
18986452.0, 6403850.0, 2, inf
16556170.0, 8428274.0, 2, 0.506368351091
17027528.0, 7319250.0, 2, 0.485461679021
16334504.0, 9316334.0, 2, 0.422357273486
15820996.0, 10226586.0, 2, 0.342399194678
18070440.0, 6709552.0, 2, 0.292694336697
15819410.0, 10280052.0, 2, 0.244842872676
16414644.0, 8973594.0, 2, 0.239620601933
17976154.0, 6801306.0, 2, 0.167097263817
17611596.0, 6860582.0, 2, 0.161048063669
17400562.0, 7237454.0, 2, 0.147268020407
17604890.0, 7056086.0, 2, 0.136779159373
18070440.0, 6709552.0, 2, 0.0878802489011
17400562.0, 7237454.0, 2, 0.0772447485404
15819410.0, 10280052.0, 2, 0.0602960845325
15819410.0, 10280052.0, 2, 0.0
17400562.0, 7237454.0, 2, 0.0
18070440.0, 6709552.0, 2, 0.0
18458194.0, 6983802.0, 3, inf
16492484.0, 9780748.0, 3, inf
17038268.0, 7413944.0, 3, 1.2166018428
16660916.0, 8920856.0, 3, 0.891645691721
17729570.0, 7038640.0, 3, 0.876137534148
16550512.0, 9493428.0, 3, 0.232216774131
16659292.0, 9368596.0, 3, 0.215420529747
16659292.0, 9368596.0, 3, 0.0454577019902
16659292.0, 9368596.0, 3, 0.0
16676202.0, 9349662.0, 4, inf
18348726.0, 7071554.0, 4, inf
17069276.0, 7448186.0, 4, 2.0
16907542.0, 10507006.0, 5, inf
17282680.0, 7468402.0, 5, inf
17282680.0, 7468402.0, 5, inf
Generacion: 271
15461044.0, 11569364.0, 1, inf
19822694.0, 6273594.0, 1, inf
15720466.0, 9681210.0, 1, 0.358271027303
16316918.0, 8338366.0, 1, 0.20431716569
16266036.0, 9180042.0, 1, 0.187475549822
18952884.0, 6390894.0, 1, 0.168973526392
18275566.0, 6595074.0, 1, 0.157720016516
19185380.0, 6284830.0, 1, 0.148784673223
15975696.0, 9488294.0, 1, 0.115736140633
16771596.0, 7703098.0, 1, 0.112326762701
17852368.0, 6821194.0, 1, 0.108855646
17442302.0, 6835196.0, 1, 0.0973509922855
16514866.0, 7965890.0, 1, 0.082960916358
16505722.0, 8238454.0, 1, 0.0820006104389
17025916.0, 7313618.0, 1, 0.0769415647828
17078728.0, 7050656.0, 1, 0.0686832221831
16815532.0, 7450386.0, 1, 0.0686680893355
15720466.0, 9681210.0, 1, 0.0677604092553
16096542.0, 9471888.0, 1, 0.0653885950812
15728016.0, 9637348.0, 1, 0.0650683087887
18275566.0, 6595074.0, 1, 0.0587394044352
16652226.0, 7846962.0, 1, 0.0586585014117
18063094.0, 6627720.0, 1, 0.0505056706421
16906902.0, 7329338.0, 1, 0.0501439508381
16652226.0, 7846962.0, 1, 0.0498252518254
18952884.0, 6390894.0, 1, 0.0486326787694
16132018.0, 9331812.0, 1, 0.0484428274987
16453202.0, 8325276.0, 1, 0.0476405676036
16227822.0, 9223016.0, 1, 0.0455265033788
17321632.0, 6852856.0, 1, 0.0436906229904
18023550.0, 6722720.0, 1, 0.0359113073836
17899764.0, 6742608.0, 1, 0.0355517357823
17161722.0, 6955492.0, 1, 0.0353714850295
16815532.0, 7450386.0, 1, 0.0329307402412
17990104.0, 6729276.0, 1, 0.0321359941647
18187530.0, 6607946.0, 1, 0.0313776861236
18996838.0, 6318426.0, 1, 0.0309945505461
17237622.0, 6948220.0, 1, 0.0308733729348
17442302.0, 6835196.0, 1, 0.0303101325235
17078728.0, 7050656.0, 1, 0.0300780754254
15728016.0, 9637348.0, 1, 0.0298768561061
16175126.0, 9310760.0, 1, 0.0264521110726
17281742.0, 6937718.0, 1, 0.0261399254333
16514866.0, 7965890.0, 1, 0.0245536229694
16906902.0, 7329338.0, 1, 0.0239169011231
18154450.0, 6614188.0, 1, 0.0221239610344
17161722.0, 6955492.0, 1, 0.0204012915101
19185380.0, 6284830.0, 1, 0.0186709350375
19072340.0, 6303642.0, 1, 0.0181956563343
19113198.0, 6298954.0, 1, 0.0174344765055
16175126.0, 9310760.0, 1, 0.0160569145116
17025916.0, 7313618.0, 1, 0.0150766686422
16453202.0, 8325276.0, 1, 0.0145130987244
17852368.0, 6821194.0, 1, 0.0135105268697
17899764.0, 6742608.0, 1, 0.0133840108012
18996838.0, 6318426.0, 1, 0.0128690409982
17321632.0, 6852856.0, 1, 0.0124803584658
19072340.0, 6303642.0, 1, 0.0121592178808
19113198.0, 6298954.0, 1, 0.0120345901118
17281742.0, 6937718.0, 1, 0.0111287136625
18154450.0, 6614188.0, 1, 0.0101395326869
15728016.0, 9637348.0, 1, 0.0
16175126.0, 9310760.0, 1, 0.0
16453202.0, 8325276.0, 1, 0.0
16453202.0, 8325276.0, 1, 0.0
16453202.0, 8325276.0, 1, 0.0
16514866.0, 7965890.0, 1, 0.0
16514866.0, 7965890.0, 1, 0.0
16514866.0, 7965890.0, 1, 0.0
16652226.0, 7846962.0, 1, 0.0
16652226.0, 7846962.0, 1, 0.0
16652226.0, 7846962.0, 1, 0.0
16652226.0, 7846962.0, 1, 0.0
16815532.0, 7450386.0, 1, 0.0
16815532.0, 7450386.0, 1, 0.0
16815532.0, 7450386.0, 1, 0.0
16815532.0, 7450386.0, 1, 0.0
16815532.0, 7450386.0, 1, 0.0
16815532.0, 7450386.0, 1, 0.0
16906902.0, 7329338.0, 1, 0.0
17078728.0, 7050656.0, 1, 0.0
17078728.0, 7050656.0, 1, 0.0
17078728.0, 7050656.0, 1, 0.0
17078728.0, 7050656.0, 1, 0.0
17078728.0, 7050656.0, 1, 0.0
17078728.0, 7050656.0, 1, 0.0
17161722.0, 6955492.0, 1, 0.0
17161722.0, 6955492.0, 1, 0.0
17161722.0, 6955492.0, 1, 0.0
17161722.0, 6955492.0, 1, 0.0
17161722.0, 6955492.0, 1, 0.0
17161722.0, 6955492.0, 1, 0.0
17161722.0, 6955492.0, 1, 0.0
17161722.0, 6955492.0, 1, 0.0
17161722.0, 6955492.0, 1, 0.0
17161722.0, 6955492.0, 1, 0.0
17161722.0, 6955492.0, 1, 0.0
17161722.0, 6955492.0, 1, 0.0
17281742.0, 6937718.0, 1, 0.0
17321632.0, 6852856.0, 1, 0.0
17321632.0, 6852856.0, 1, 0.0
17321632.0, 6852856.0, 1, 0.0
17852368.0, 6821194.0, 1, 0.0
17852368.0, 6821194.0, 1, 0.0
17852368.0, 6821194.0, 1, 0.0
17899764.0, 6742608.0, 1, 0.0
17899764.0, 6742608.0, 1, 0.0
17899764.0, 6742608.0, 1, 0.0
17899764.0, 6742608.0, 1, 0.0
18154450.0, 6614188.0, 1, 0.0
18154450.0, 6614188.0, 1, 0.0
18275566.0, 6595074.0, 1, 0.0
18996838.0, 6318426.0, 1, 0.0
19072340.0, 6303642.0, 1, 0.0
19072340.0, 6303642.0, 1, 0.0
15728016.0, 9637348.0, 1, 0.0
21100108.0, 6280828.0, 2, inf
15819410.0, 10280052.0, 2, inf
19069244.0, 6371422.0, 2, 0.416953272625
16935142.0, 7440498.0, 2, 0.331868387599
16342532.0, 9206374.0, 2, 0.319443717116
16581196.0, 8308446.0, 2, 0.318757429248
16262682.0, 10072330.0, 2, 0.26327885793
18070440.0, 6709552.0, 2, 0.247096358727
18936108.0, 6615536.0, 2, 0.227071290088
17360408.0, 6911624.0, 2, 0.210998334837
17907110.0, 6824440.0, 2, 0.184985785032
16355602.0, 8865174.0, 2, 0.123297894029
16261736.0, 10198096.0, 2, 0.122213077218
17027528.0, 7319250.0, 2, 0.11468941027
16556170.0, 8428274.0, 2, 0.113985339988
16355602.0, 8865174.0, 2, 0.111721245355
15820996.0, 10226586.0, 2, 0.104255766087
17157642.0, 7100676.0, 2, 0.0980869020195
18993998.0, 6500880.0, 2, 0.0862521604154
17117732.0, 7120110.0, 2, 0.079293648653
16556170.0, 8428274.0, 2, 0.0679441554036
19069244.0, 6371422.0, 2, 0.0369021473172
16355602.0, 8865174.0, 2, 0.0
16492484.0, 9780748.0, 3, inf
19887502.0, 6604142.0, 3, inf
16717220.0, 9007242.0, 3, 0.726954272177
18110570.0, 6710048.0, 3, 0.638237941047
17038268.0, 7413944.0, 3, 0.632551127274
17432224.0, 7074862.0, 3, 0.501018943566
18110570.0, 6710048.0, 3, 0.233145660948
17116024.0, 7371024.0, 3, 0.222782930281
16659292.0, 9368596.0, 3, 0.162887914287
16659292.0, 9368596.0, 3, 0.146808673388
16659292.0, 9368596.0, 3, 0.0
Generacion: 272
19822694.0, 6273594.0, 1, inf
15461044.0, 11569364.0, 1, inf
15461044.0, 11569364.0, 1, inf
15659260.0, 9932926.0, 1, 0.416017980864
18986452.0, 6403850.0, 1, 0.206884567693
18154450.0, 6614188.0, 1, 0.193309204715
16218700.0, 8663926.0, 1, 0.189017500818
19185380.0, 6284830.0, 1, 0.148784673223
16174696.0, 9166678.0, 1, 0.126622994262
17852368.0, 6821194.0, 1, 0.108855646
17442302.0, 6835196.0, 1, 0.0973509922855
16316918.0, 8338366.0, 1, 0.0898560235466
15889652.0, 9537728.0, 1, 0.0849317092007
16001062.0, 9253102.0, 1, 0.0847561544448
16505722.0, 8238454.0, 1, 0.0838727942537
16514866.0, 7965890.0, 1, 0.0807012210592
15720466.0, 9681210.0, 1, 0.0715777389646
16815532.0, 7450386.0, 1, 0.0686680893355
17025916.0, 7313618.0, 1, 0.0641400269516
15975696.0, 9488294.0, 1, 0.0641386910392
16440704.0, 8320016.0, 1, 0.062153666328
17037622.0, 7118450.0, 1, 0.0617633638726
18154450.0, 6614188.0, 1, 0.0606633991143
16147642.0, 9248216.0, 1, 0.0561286863556
16771360.0, 7783850.0, 1, 0.0545339155325
16642370.0, 7949384.0, 1, 0.0539498377046
16906902.0, 7329338.0, 1, 0.0501439508381
16771596.0, 7703098.0, 1, 0.0477737030368
16652226.0, 7846962.0, 1, 0.0466543166581
15728016.0, 9637348.0, 1, 0.0453409120466
17321632.0, 6852856.0, 1, 0.0436906229904
18986452.0, 6403850.0, 1, 0.0420993235924
18063094.0, 6627720.0, 1, 0.0388841299995
18023550.0, 6722720.0, 1, 0.0359113073836
17899764.0, 6742608.0, 1, 0.0355517357823
17161722.0, 6955492.0, 1, 0.0353714850295
18996838.0, 6318426.0, 1, 0.0334410314167
16815532.0, 7450386.0, 1, 0.0329307402412
17078728.0, 7050656.0, 1, 0.0318296579233
17442302.0, 6835196.0, 1, 0.0303101325235
19113198.0, 6298954.0, 1, 0.0294690666173
17078728.0, 7050656.0, 1, 0.027394228716
17281742.0, 6937718.0, 1, 0.0261399254333
16316918.0, 8338366.0, 1, 0.0259835719316
16771596.0, 7703098.0, 1, 0.0253216484566
16906902.0, 7329338.0, 1, 0.0239169011231
17990104.0, 6729276.0, 1, 0.0219503142704
15728016.0, 9637348.0, 1, 0.0205422362114
17161722.0, 6955492.0, 1, 0.0204012915101
17237622.0, 6948220.0, 1, 0.0193847635518
19185380.0, 6284830.0, 1, 0.0186709350375
19072340.0, 6303642.0, 1, 0.0181956563343
15975696.0, 9488294.0, 1, 0.0151503089115
16652226.0, 7846962.0, 1, 0.0141771312902
17852368.0, 6821194.0, 1, 0.0135105268697
17899764.0, 6742608.0, 1, 0.0133840108012
17321632.0, 6852856.0, 1, 0.0124803584658
19072340.0, 6303642.0, 1, 0.0121592178808
18063094.0, 6627720.0, 1, 0.0116215406426
17237622.0, 6948220.0, 1, 0.0114886093829
17281742.0, 6937718.0, 1, 0.0111287136625
17990104.0, 6729276.0, 1, 0.0101856798943
17025916.0, 7313618.0, 1, 0.00565225356996
16514866.0, 7965890.0, 1, 0.00521328152708
18996838.0, 6318426.0, 1, 0.00517287097075
16652226.0, 7846962.0, 1, 0.0
16652226.0, 7846962.0, 1, 0.0
16771596.0, 7703098.0, 1, 0.0
16771596.0, 7703098.0, 1, 0.0
16771596.0, 7703098.0, 1, 0.0
16771596.0, 7703098.0, 1, 0.0
16771596.0, 7703098.0, 1, 0.0
16815532.0, 7450386.0, 1, 0.0
16815532.0, 7450386.0, 1, 0.0
16815532.0, 7450386.0, 1, 0.0
16815532.0, 7450386.0, 1, 0.0
16815532.0, 7450386.0, 1, 0.0
16815532.0, 7450386.0, 1, 0.0
16815532.0, 7450386.0, 1, 0.0
16815532.0, 7450386.0, 1, 0.0
16815532.0, 7450386.0, 1, 0.0
16906902.0, 7329338.0, 1, 0.0
16906902.0, 7329338.0, 1, 0.0
16906902.0, 7329338.0, 1, 0.0
17025916.0, 7313618.0, 1, 0.0
17025916.0, 7313618.0, 1, 0.0
17025916.0, 7313618.0, 1, 0.0
17078728.0, 7050656.0, 1, 0.0
17078728.0, 7050656.0, 1, 0.0
17078728.0, 7050656.0, 1, 0.0
17078728.0, 7050656.0, 1, 0.0
17078728.0, 7050656.0, 1, 0.0
17078728.0, 7050656.0, 1, 0.0
17078728.0, 7050656.0, 1, 0.0
17161722.0, 6955492.0, 1, 0.0
17161722.0, 6955492.0, 1, 0.0
17161722.0, 6955492.0, 1, 0.0
17161722.0, 6955492.0, 1, 0.0
17161722.0, 6955492.0, 1, 0.0
17161722.0, 6955492.0, 1, 0.0
17161722.0, 6955492.0, 1, 0.0
17161722.0, 6955492.0, 1, 0.0
17161722.0, 6955492.0, 1, 0.0
17161722.0, 6955492.0, 1, 0.0
17161722.0, 6955492.0, 1, 0.0
17281742.0, 6937718.0, 1, 0.0
17281742.0, 6937718.0, 1, 0.0
17281742.0, 6937718.0, 1, 0.0
17281742.0, 6937718.0, 1, 0.0
17321632.0, 6852856.0, 1, 0.0
17442302.0, 6835196.0, 1, 0.0
17442302.0, 6835196.0, 1, 0.0
17852368.0, 6821194.0, 1, 0.0
17899764.0, 6742608.0, 1, 0.0
17990104.0, 6729276.0, 1, 0.0
18063094.0, 6627720.0, 1, 0.0
18154450.0, 6614188.0, 1, 0.0
18154450.0, 6614188.0, 1, 0.0
18154450.0, 6614188.0, 1, 0.0
19072340.0, 6303642.0, 1, 0.0
16514866.0, 7965890.0, 1, 0.0
21052724.0, 6298380.0, 2, inf
16096542.0, 9471888.0, 2, inf
16096542.0, 9471888.0, 2, inf
17038606.0, 7990344.0, 2, 0.434429525534
20608224.0, 6361654.0, 2, 0.423219391065
19069244.0, 6371422.0, 2, 0.387186978486
17683326.0, 6886376.0, 2, 0.369973210279
16348574.0, 8618088.0, 2, 0.366641486637
18547636.0, 6614734.0, 2, 0.308074607979
16175126.0, 9310760.0, 2, 0.268594763995
17242506.0, 7353528.0, 2, 0.267180316681
18070440.0, 6709552.0, 2, 0.259987045887
17116024.0, 7371024.0, 2, 0.220673171413
16453202.0, 8325276.0, 2, 0.210383531163
16453202.0, 8325276.0, 2, 0.126650594083
19069244.0, 6371422.0, 2, 0.108321897421
16132018.0, 9331812.0, 2, 0.0528369913825
17116024.0, 7371024.0, 2, 0.0211336336651
16132018.0, 9331812.0, 2, 0.0137915977115
17116024.0, 7371024.0, 2, 0.0
16096542.0, 9471888.0, 2, 0.0
16453202.0, 8325276.0, 2, 0.0
16453202.0, 8325276.0, 2, 0.0
16453202.0, 8325276.0, 2, 0.0
16453202.0, 8325276.0, 2, 0.0
17116024.0, 7371024.0, 2, 0.0
16355602.0, 8865174.0, 3, inf
19734544.0, 6398450.0, 3, inf
19243258.0, 6930586.0, 3, 0.852903764501
Generacion: 273
19822694.0, 6273594.0, 1, inf
15461044.0, 11569364.0, 1, inf
19822694.0, 6273594.0, 1, inf
15461044.0, 11569364.0, 1, inf
15545226.0, 9725304.0, 1, 0.416017980864
16218700.0, 8663926.0, 1, 0.180679413727
18996838.0, 6318426.0, 1, 0.168158438359
18275566.0, 6595074.0, 1, 0.167797395489
16194926.0, 9147084.0, 1, 0.161152165393
19185380.0, 6284830.0, 1, 0.149669908042
17852368.0, 6821194.0, 1, 0.122366172869
16316918.0, 8338366.0, 1, 0.104762767554
17442302.0, 6835196.0, 1, 0.0973509922855
16505722.0, 8238454.0, 1, 0.0947555353668
16652226.0, 7846962.0, 1, 0.0931812489118
16001062.0, 9253102.0, 1, 0.0888586937905
16514866.0, 7965890.0, 1, 0.082960916358
18275566.0, 6595074.0, 1, 0.0724235334665
18996838.0, 6318426.0, 1, 0.069549850342
16815532.0, 7450386.0, 1, 0.0686680893355
15851668.0, 9612868.0, 1, 0.065883148258
17025916.0, 7313618.0, 1, 0.0641400269516
15975696.0, 9488294.0, 1, 0.0641386910392
17037622.0, 7118450.0, 1, 0.0617633638726
15720466.0, 9681210.0, 1, 0.0530824724247
16906902.0, 7329338.0, 1, 0.0501439508381
16771596.0, 7703098.0, 1, 0.0477737030368
17321632.0, 6852856.0, 1, 0.0436906229904
16771360.0, 7783850.0, 1, 0.0425623715774
16316918.0, 8338366.0, 1, 0.0413849205552
18063094.0, 6627720.0, 1, 0.0401220991711
17990104.0, 6729276.0, 1, 0.0398891598018
15720466.0, 9681210.0, 1, 0.038407085985
17899764.0, 6742608.0, 1, 0.0355517357823
17161722.0, 6955492.0, 1, 0.0353714850295
15889652.0, 9537728.0, 1, 0.0339160794077
16815532.0, 7450386.0, 1, 0.0329307402412
17078728.0, 7050656.0, 1, 0.0318296579233
18187530.0, 6607946.0, 1, 0.0313776861236
17442302.0, 6835196.0, 1, 0.0303101325235
19072340.0, 6303642.0, 1, 0.0287084595668
19185380.0, 6284830.0, 1, 0.0280384908937
17078728.0, 7050656.0, 1, 0.027394228716
17281742.0, 6937718.0, 1, 0.0261399254333
16001062.0, 9253102.0, 1, 0.0258350629699
16771596.0, 7703098.0, 1, 0.0253216484566
16514866.0, 7965890.0, 1, 0.0245536229694
16906902.0, 7329338.0, 1, 0.0239169011231
18154450.0, 6614188.0, 1, 0.0221239610344
16505722.0, 8238454.0, 1, 0.0209628325839
19072340.0, 6303642.0, 1, 0.0208626905899
17161722.0, 6955492.0, 1, 0.0204012915101
17237622.0, 6948220.0, 1, 0.0193847635518
18063094.0, 6627720.0, 1, 0.019289739604
17990104.0, 6729276.0, 1, 0.0192519736134
15889652.0, 9537728.0, 1, 0.0180432508028
15975696.0, 9488294.0, 1, 0.0151503089115
17899764.0, 6742608.0, 1, 0.0133840108012
17321632.0, 6852856.0, 1, 0.0124803584658
16771360.0, 7783850.0, 1, 0.0119715439551
17237622.0, 6948220.0, 1, 0.0114886093829
17281742.0, 6937718.0, 1, 0.0111287136625
18154450.0, 6614188.0, 1, 0.0101395326869
17025916.0, 7313618.0, 1, 0.00565225356996
17161722.0, 6955492.0, 1, 0.0
17161722.0, 6955492.0, 1, 0.0
17161722.0, 6955492.0, 1, 0.0
17161722.0, 6955492.0, 1, 0.0
17161722.0, 6955492.0, 1, 0.0
17161722.0, 6955492.0, 1, 0.0
17161722.0, 6955492.0, 1, 0.0
17161722.0, 6955492.0, 1, 0.0
17161722.0, 6955492.0, 1, 0.0
17161722.0, 6955492.0, 1, 0.0
17161722.0, 6955492.0, 1, 0.0
17161722.0, 6955492.0, 1, 0.0
17161722.0, 6955492.0, 1, 0.0
17237622.0, 6948220.0, 1, 0.0
17281742.0, 6937718.0, 1, 0.0
17281742.0, 6937718.0, 1, 0.0
17321632.0, 6852856.0, 1, 0.0
17321632.0, 6852856.0, 1, 0.0
17321632.0, 6852856.0, 1, 0.0
17321632.0, 6852856.0, 1, 0.0
17321632.0, 6852856.0, 1, 0.0
17321632.0, 6852856.0, 1, 0.0
17442302.0, 6835196.0, 1, 0.0
17442302.0, 6835196.0, 1, 0.0
17442302.0, 6835196.0, 1, 0.0
17442302.0, 6835196.0, 1, 0.0
17990104.0, 6729276.0, 1, 0.0
17990104.0, 6729276.0, 1, 0.0
17990104.0, 6729276.0, 1, 0.0
17990104.0, 6729276.0, 1, 0.0
18063094.0, 6627720.0, 1, 0.0
18154450.0, 6614188.0, 1, 0.0
18154450.0, 6614188.0, 1, 0.0
19185380.0, 6284830.0, 1, 0.0
19185380.0, 6284830.0, 1, 0.0
15461044.0, 11569364.0, 1, 0.0
15720466.0, 9681210.0, 1, 0.0
15720466.0, 9681210.0, 1, 0.0
15720466.0, 9681210.0, 1, 0.0
15889652.0, 9537728.0, 1, 0.0
16001062.0, 9253102.0, 1, 0.0
16316918.0, 8338366.0, 1, 0.0
16316918.0, 8338366.0, 1, 0.0
16316918.0, 8338366.0, 1, 0.0
16514866.0, 7965890.0, 1, 0.0
16514866.0, 7965890.0, 1, 0.0
16771596.0, 7703098.0, 1, 0.0
16771596.0, 7703098.0, 1, 0.0
16771596.0, 7703098.0, 1, 0.0
16815532.0, 7450386.0, 1, 0.0
16815532.0, 7450386.0, 1, 0.0
16815532.0, 7450386.0, 1, 0.0
16906902.0, 7329338.0, 1, 0.0
16906902.0, 7329338.0, 1, 0.0
16906902.0, 7329338.0, 1, 0.0
16906902.0, 7329338.0, 1, 0.0
16906902.0, 7329338.0, 1, 0.0
16906902.0, 7329338.0, 1, 0.0
16906902.0, 7329338.0, 1, 0.0
17025916.0, 7313618.0, 1, 0.0
17025916.0, 7313618.0, 1, 0.0
17025916.0, 7313618.0, 1, 0.0
17025916.0, 7313618.0, 1, 0.0
17078728.0, 7050656.0, 1, 0.0
17078728.0, 7050656.0, 1, 0.0
17078728.0, 7050656.0, 1, 0.0
17078728.0, 7050656.0, 1, 0.0
17078728.0, 7050656.0, 1, 0.0
17161722.0, 6955492.0, 1, 0.0
15593210.0, 11813402.0, 2, inf
19802394.0, 6290512.0, 2, inf
18070440.0, 6709552.0, 2, 0.656954772273
19734544.0, 6398450.0, 2, 0.487343571663
15659260.0, 9932926.0, 2, 0.413476745324
16348574.0, 8618088.0, 2, 0.360305935061
17360408.0, 6911624.0, 2, 0.300677837098
16175126.0, 9310760.0, 2, 0.249451124765
16726454.0, 8044230.0, 2, 0.241348578893
17027528.0, 7319250.0, 2, 0.21261552447
16771572.0, 7840164.0, 2, 0.202796109032
16154424.0, 9741034.0, 2, 0.174455246641
17117732.0, 7120110.0, 2, 0.152890860378
15855800.0, 9855268.0, 2, 0.0950866177879
15845326.0, 9860618.0, 2, 0.0607542523248
21186558.0, 6293676.0, 3, inf
16003766.0, 10500226.0, 3, inf
Generacion: 274
19822694.0, 6273594.0, 1, inf
15461044.0, 11569364.0, 1, inf
15461044.0, 11569364.0, 1, inf
15545226.0, 9725304.0, 1, 0.388391218839
18275566.0, 6595074.0, 1, 0.240220928956
18996838.0, 6318426.0, 1, 0.168158438359
16174696.0, 9166678.0, 1, 0.161152165393
19185380.0, 6284830.0, 1, 0.149669908042
16218700.0, 8663926.0, 1, 0.117453178807
16642370.0, 7949384.0, 1, 0.108483753237
17442302.0, 6835196.0, 1, 0.108217522154
17899764.0, 6742608.0, 1, 0.107400266117
16316918.0, 8338366.0, 1, 0.104762767554
16505722.0, 8238454.0, 1, 0.0947555353668
15889652.0, 9537728.0, 1, 0.0877688282753
16001062.0, 9253102.0, 1, 0.0842205407979
16514866.0, 7965890.0, 1, 0.0807012210592
15975696.0, 9488294.0, 1, 0.0792889999507
16771596.0, 7703098.0, 1, 0.0773473735514
16218700.0, 8663926.0, 1, 0.0715643220116
18996838.0, 6318426.0, 1, 0.069549850342
16815532.0, 7450386.0, 1, 0.0686680893355
15736548.0, 9662732.0, 1, 0.065883148258
17025916.0, 7313618.0, 1, 0.0641400269516
18063094.0, 6627720.0, 1, 0.0594118387751
16771596.0, 7703098.0, 1, 0.0565794258903
16906902.0, 7329338.0, 1, 0.0501439508381
17037622.0, 7118450.0, 1, 0.0462779793321
17442302.0, 6835196.0, 1, 0.045149523207
17321632.0, 6852856.0, 1, 0.0436906229904
15720466.0, 9681210.0, 1, 0.0436666556502
16316918.0, 8338366.0, 1, 0.0413849205552
17990104.0, 6729276.0, 1, 0.0398891598018
17899764.0, 6742608.0, 1, 0.0381957327836
17161722.0, 6955492.0, 1, 0.0353714850295
16815532.0, 7450386.0, 1, 0.0329307402412
17078728.0, 7050656.0, 1, 0.0318296579233
18187530.0, 6607946.0, 1, 0.0313776861236
19072340.0, 6303642.0, 1, 0.0287084595668
19185380.0, 6284830.0, 1, 0.0280384908937
15545226.0, 9725304.0, 1, 0.027626762025
17078728.0, 7050656.0, 1, 0.027394228716
17281742.0, 6937718.0, 1, 0.0261399254333
16906902.0, 7329338.0, 1, 0.0239169011231
16001062.0, 9253102.0, 1, 0.0221351288716
18154450.0, 6614188.0, 1, 0.0221239610344
16505722.0, 8238454.0, 1, 0.0209628325839
19072340.0, 6303642.0, 1, 0.0208626905899
17161722.0, 6955492.0, 1, 0.0204012915101
17237622.0, 6948220.0, 1, 0.0193847635518
17990104.0, 6729276.0, 1, 0.0192519736134
17037622.0, 7118450.0, 1, 0.0154853845405
17321632.0, 6852856.0, 1, 0.0124803584658
15720466.0, 9681210.0, 1, 0.0120134046946
17237622.0, 6948220.0, 1, 0.0114886093829
17281742.0, 6937718.0, 1, 0.0111287136625
18154450.0, 6614188.0, 1, 0.0101395326869
17025916.0, 7313618.0, 1, 0.00565225356996
16514866.0, 7965890.0, 1, 0.00521328152708
15720466.0, 9681210.0, 1, 0.0
15720466.0, 9681210.0, 1, 0.0
16218700.0, 8663926.0, 1, 0.0
16316918.0, 8338366.0, 1, 0.0
16514866.0, 7965890.0, 1, 0.0
16514866.0, 7965890.0, 1, 0.0
16771596.0, 7703098.0, 1, 0.0
16771596.0, 7703098.0, 1, 0.0
16815532.0, 7450386.0, 1, 0.0
16906902.0, 7329338.0, 1, 0.0
16906902.0, 7329338.0, 1, 0.0
16906902.0, 7329338.0, 1, 0.0
16906902.0, 7329338.0, 1, 0.0
16906902.0, 7329338.0, 1, 0.0
16906902.0, 7329338.0, 1, 0.0
16906902.0, 7329338.0, 1, 0.0
17025916.0, 7313618.0, 1, 0.0
17025916.0, 7313618.0, 1, 0.0
17025916.0, 7313618.0, 1, 0.0
17078728.0, 7050656.0, 1, 0.0
17078728.0, 7050656.0, 1, 0.0
17078728.0, 7050656.0, 1, 0.0
17078728.0, 7050656.0, 1, 0.0
17161722.0, 6955492.0, 1, 0.0
17161722.0, 6955492.0, 1, 0.0
17161722.0, 6955492.0, 1, 0.0
17161722.0, 6955492.0, 1, 0.0
17161722.0, 6955492.0, 1, 0.0
17161722.0, 6955492.0, 1, 0.0
17161722.0, 6955492.0, 1, 0.0
17161722.0, 6955492.0, 1, 0.0
17161722.0, 6955492.0, 1, 0.0
17237622.0, 6948220.0, 1, 0.0
17237622.0, 6948220.0, 1, 0.0
17237622.0, 6948220.0, 1, 0.0
17237622.0, 6948220.0, 1, 0.0
17237622.0, 6948220.0, 1, 0.0
17281742.0, 6937718.0, 1, 0.0
17281742.0, 6937718.0, 1, 0.0
17321632.0, 6852856.0, 1, 0.0
17321632.0, 6852856.0, 1, 0.0
17321632.0, 6852856.0, 1, 0.0
17321632.0, 6852856.0, 1, 0.0
17442302.0, 6835196.0, 1, 0.0
17899764.0, 6742608.0, 1, 0.0
17899764.0, 6742608.0, 1, 0.0
17990104.0, 6729276.0, 1, 0.0
18154450.0, 6614188.0, 1, 0.0
18154450.0, 6614188.0, 1, 0.0
19072340.0, 6303642.0, 1, 0.0
15461044.0, 11569364.0, 1, 0.0
15545226.0, 9725304.0, 1, 0.0
19802394.0, 6290512.0, 2, inf
19802394.0, 6290512.0, 2, inf
15819410.0, 10280052.0, 2, inf
16158048.0, 9563372.0, 2, 0.532484915702
18181296.0, 6630888.0, 2, 0.529921932314
16445090.0, 8782392.0, 2, 0.384474227516
17976154.0, 6801306.0, 2, 0.337162811122
17157642.0, 7100676.0, 2, 0.334039631934
16889518.0, 7782856.0, 2, 0.27534248026
16581656.0, 8184920.0, 2, 0.245470578439
16556170.0, 8428274.0, 2, 0.184046979833
16935142.0, 7440498.0, 2, 0.10900907562
17147192.0, 7303644.0, 2, 0.0874542348031
17027528.0, 7319250.0, 2, 0.060435280056
18110570.0, 6710048.0, 2, 0.0535894486626
16935142.0, 7440498.0, 2, 0.0418462021184
18110570.0, 6710048.0, 2, 0.0406313547788
17027528.0, 7319250.0, 2, 0.0271069014346
18110570.0, 6710048.0, 2, 0.0
18110570.0, 6710048.0, 2, 0.0
17027528.0, 7319250.0, 2, 0.0
15943020.0, 10450570.0, 3, inf
19857586.0, 6699796.0, 3, inf
17116024.0, 7371024.0, 3, 1.24191349401
16913030.0, 8536582.0, 3, 0.53401820123
16659388.0, 8936476.0, 3, 0.49087894117
16281936.0, 9773070.0, 3, 0.443180001819
16240046.0, 10196948.0, 3, 0.26720756482
16003766.0, 10500226.0, 4, inf
18061338.0, 7394132.0, 4, inf
16682356.0, 9115334.0, 4, 0.934611871792
17197334.0, 7988640.0, 4, 0.821989366877
17282680.0, 7468402.0, 4, 0.611314863467
16576150.0, 9953898.0, 4, 0.515827236221
16471148.0, 10398704.0, 4, 0.34459452217
16213450.0, 10476712.0, 4, 0.259836977167
16016064.0, 11072836.0, 5, inf
17349052.0, 7780010.0, 5, inf
16867346.0, 9346262.0, 5, 1.59608590097
Generacion: 275
19822694.0, 6273594.0, 1, inf
15358586.0, 11031918.0, 1, inf
15545226.0, 9725304.0, 1, 0.278749446139
18275566.0, 6595074.0, 1, 0.253888504177
18986452.0, 6403850.0, 1, 0.177197342809
19185380.0, 6284830.0, 1, 0.146717512019
15747256.0, 9419518.0, 1, 0.145340528769
17852368.0, 6821194.0, 1, 0.121933679069
16202448.0, 9024084.0, 1, 0.115514658515
16514866.0, 7965890.0, 1, 0.114791322757
16771596.0, 7703098.0, 1, 0.110619265537
16815532.0, 7450386.0, 1, 0.108858416025
16218700.0, 8663926.0, 1, 0.0976918037685
16316918.0, 8338366.0, 1, 0.0961482162303
17442302.0, 6835196.0, 1, 0.0955698315182
16218700.0, 8663926.0, 1, 0.0720596413123
16505722.0, 8238454.0, 1, 0.0718461251949
17025916.0, 7313618.0, 1, 0.0676763197726
18063094.0, 6627720.0, 1, 0.0675606355776
17037622.0, 7118450.0, 1, 0.0670939349415
16771596.0, 7703098.0, 1, 0.065069904926
16440704.0, 8320016.0, 1, 0.0632910887674
16001062.0, 9253102.0, 1, 0.0609726437245
16514866.0, 7965890.0, 1, 0.0572761866737
15736548.0, 9662732.0, 1, 0.0547158866224
16906902.0, 7329338.0, 1, 0.0520994065569
16174696.0, 9166678.0, 1, 0.0498973524183
15563770.0, 9701846.0, 1, 0.0485220308698
16170376.0, 9227326.0, 1, 0.0484087251305
15545226.0, 9725304.0, 1, 0.0467389114115
17321632.0, 6852856.0, 1, 0.0448655868348
16021292.0, 9233508.0, 1, 0.0433448792241
18986452.0, 6403850.0, 1, 0.042513815827
18996838.0, 6318426.0, 1, 0.0402991938067
16001062.0, 9253102.0, 1, 0.0395053591904
15720466.0, 9681210.0, 1, 0.0389846013989
17161722.0, 6955492.0, 1, 0.0370017556347
17899764.0, 6742608.0, 1, 0.0367524445727
17078728.0, 7050656.0, 1, 0.0328388496014
17990104.0, 6729276.0, 1, 0.031908790752
17442302.0, 6835196.0, 1, 0.0299737887984
17078728.0, 7050656.0, 1, 0.0292075893645
19072340.0, 6303642.0, 1, 0.0284289443388
17281742.0, 6937718.0, 1, 0.0277177042119
19185380.0, 6284830.0, 1, 0.0276833036468
18023550.0, 6722720.0, 1, 0.0274572151407
16316918.0, 8338366.0, 1, 0.0258581077024
16906902.0, 7329338.0, 1, 0.0237713790164
19072340.0, 6303642.0, 1, 0.020866614146
17161722.0, 6955492.0, 1, 0.0201196652836
17237622.0, 6948220.0, 1, 0.0192093564622
16505722.0, 8238454.0, 1, 0.0191892468184
18063094.0, 6627720.0, 1, 0.0157190276891
17899764.0, 6742608.0, 1, 0.0134189535083
17321632.0, 6852856.0, 1, 0.0126471065304
17237622.0, 6948220.0, 1, 0.0114115426307
17281742.0, 6937718.0, 1, 0.0111427953486
18023550.0, 6722720.0, 1, 0.0102360046751
15720466.0, 9681210.0, 1, 0.00793933252478
15736548.0, 9662732.0, 1, 0.00628198757328
17025916.0, 7313618.0, 1, 0.00592593262486
16514866.0, 7965890.0, 1, 0.0
16514866.0, 7965890.0, 1, 0.0
16514866.0, 7965890.0, 1, 0.0
16514866.0, 7965890.0, 1, 0.0
16771596.0, 7703098.0, 1, 0.0
16771596.0, 7703098.0, 1, 0.0
16906902.0, 7329338.0, 1, 0.0
16906902.0, 7329338.0, 1, 0.0
16906902.0, 7329338.0, 1, 0.0
16906902.0, 7329338.0, 1, 0.0
16906902.0, 7329338.0, 1, 0.0
16906902.0, 7329338.0, 1, 0.0
16906902.0, 7329338.0, 1, 0.0
16906902.0, 7329338.0, 1, 0.0
16906902.0, 7329338.0, 1, 0.0
17025916.0, 7313618.0, 1, 0.0
17078728.0, 7050656.0, 1, 0.0
17078728.0, 7050656.0, 1, 0.0
17078728.0, 7050656.0, 1, 0.0
17078728.0, 7050656.0, 1, 0.0
17078728.0, 7050656.0, 1, 0.0
17078728.0, 7050656.0, 1, 0.0
17078728.0, 7050656.0, 1, 0.0
17161722.0, 6955492.0, 1, 0.0
17161722.0, 6955492.0, 1, 0.0
17161722.0, 6955492.0, 1, 0.0
17161722.0, 6955492.0, 1, 0.0
17161722.0, 6955492.0, 1, 0.0
17161722.0, 6955492.0, 1, 0.0
17161722.0, 6955492.0, 1, 0.0
17161722.0, 6955492.0, 1, 0.0
17161722.0, 6955492.0, 1, 0.0
17161722.0, 6955492.0, 1, 0.0
17161722.0, 6955492.0, 1, 0.0
17237622.0, 6948220.0, 1, 0.0
17237622.0, 6948220.0, 1, 0.0
17237622.0, 6948220.0, 1, 0.0
17237622.0, 6948220.0, 1, 0.0
17281742.0, 6937718.0, 1, 0.0
17281742.0, 6937718.0, 1, 0.0
17321632.0, 6852856.0, 1, 0.0
17321632.0, 6852856.0, 1, 0.0
17321632.0, 6852856.0, 1, 0.0
17321632.0, 6852856.0, 1, 0.0
17321632.0, 6852856.0, 1, 0.0
17321632.0, 6852856.0, 1, 0.0
17442302.0, 6835196.0, 1, 0.0
17442302.0, 6835196.0, 1, 0.0
17899764.0, 6742608.0, 1, 0.0
17899764.0, 6742608.0, 1, 0.0
18063094.0, 6627720.0, 1, 0.0
18986452.0, 6403850.0, 1, 0.0
19072340.0, 6303642.0, 1, 0.0
15720466.0, 9681210.0, 1, 0.0
15720466.0, 9681210.0, 1, 0.0
16001062.0, 9253102.0, 1, 0.0
16218700.0, 8663926.0, 1, 0.0
16218700.0, 8663926.0, 1, 0.0
16218700.0, 8663926.0, 1, 0.0
16514866.0, 7965890.0, 1, 0.0
16514866.0, 7965890.0, 1, 0.0
15461044.0, 11569364.0, 2, inf
19734544.0, 6398450.0, 2, inf
15461044.0, 11569364.0, 2, inf
15819410.0, 10280052.0, 2, 0.490730041807
18547636.0, 6614734.0, 2, 0.449564557172
16305544.0, 8762876.0, 2, 0.27863838822
16051774.0, 9348836.0, 2, 0.226433672837
17027528.0, 7319250.0, 2, 0.22626705037
16905910.0, 8074698.0, 2, 0.198607285494
17360744.0, 6930624.0, 2, 0.188025925809
15916192.0, 9582568.0, 2, 0.180727566189
16994138.0, 7657040.0, 2, 0.174554282351
17480900.0, 6895562.0, 2, 0.148384632805
16581656.0, 8184920.0, 2, 0.14003097833
18070440.0, 6709552.0, 2, 0.133882098031
16539648.0, 8498346.0, 2, 0.133541142537
17907110.0, 6824440.0, 2, 0.1219513621
15928854.0, 9477952.0, 2, 0.0769275129599
16544958.0, 8362036.0, 2, 0.0704431505866
18070440.0, 6709552.0, 2, 0.0565560551569
17907110.0, 6824440.0, 2, 0.0519734997325
15461044.0, 11569364.0, 2, 0.0
18070440.0, 6709552.0, 2, 0.0
18110570.0, 6710048.0, 3, inf
15614458.0, 11798668.0, 3, inf
15975696.0, 9488294.0, 3, 1.07245332753
17116024.0, 7371024.0, 3, 0.5813176192
16614898.0, 8380876.0, 3, 0.542067538931
Generacion: 276
15342114.0, 11051446.0, 1, inf
19822694.0, 6273594.0, 1, inf
15342114.0, 11051446.0, 1, inf
15720466.0, 9681210.0, 1, 0.292768262789
18275566.0, 6595074.0, 1, 0.252935800155
18986452.0, 6403850.0, 1, 0.176538534102
15747256.0, 9419518.0, 1, 0.152227536057
19185380.0, 6284830.0, 1, 0.145195314516
15720466.0, 9681210.0, 1, 0.139214532434
17852368.0, 6821194.0, 1, 0.121477418096
16202448.0, 9024084.0, 1, 0.115046578078
16514866.0, 7965890.0, 1, 0.114345778322
16316918.0, 8338366.0, 1, 0.110277701174
16001062.0, 9253102.0, 1, 0.100092552638
16505722.0, 8238454.0, 1, 0.0991856874409
16218700.0, 8663926.0, 1, 0.0973015586964
17442302.0, 6835196.0, 1, 0.0952169622678
16771596.0, 7703098.0, 1, 0.0796071551918
16218700.0, 8663926.0, 1, 0.0717666155559
17025916.0, 7313618.0, 1, 0.0674106678482
18063094.0, 6627720.0, 1, 0.0673040584779
16174696.0, 9166678.0, 1, 0.0640823239267
16800464.0, 7596510.0, 1, 0.062698260972
16771596.0, 7703098.0, 1, 0.0614450381651
18023550.0, 6722720.0, 1, 0.0604988219713
16514866.0, 7965890.0, 1, 0.0570429295095
16021292.0, 9233508.0, 1, 0.0568410353955
16906902.0, 7329338.0, 1, 0.0518974204726
16815532.0, 7450386.0, 1, 0.0509760671022
17037622.0, 7118450.0, 1, 0.0500227403924
17321632.0, 6852856.0, 1, 0.0446933191834
17899764.0, 6742608.0, 1, 0.044075203873
16316918.0, 8338366.0, 1, 0.0428323118466
18986452.0, 6403850.0, 1, 0.042341009627
17161722.0, 6955492.0, 1, 0.0368575082822
18996838.0, 6318426.0, 1, 0.0347301075144
17078728.0, 7050656.0, 1, 0.0327122697879
17442302.0, 6835196.0, 1, 0.0298623867895
19113198.0, 6298954.0, 1, 0.0291662108015
17078728.0, 7050656.0, 1, 0.0290919957816
16815532.0, 7450386.0, 1, 0.0286981918013
17281742.0, 6937718.0, 1, 0.0276084774888
16906902.0, 7329338.0, 1, 0.0236826306374
16505722.0, 8238454.0, 1, 0.0229522963129
16174696.0, 9166678.0, 1, 0.020181298101
17161722.0, 6955492.0, 1, 0.0200450712225
17237622.0, 6948220.0, 1, 0.019137830067
19185380.0, 6284830.0, 1, 0.018461652303
19072340.0, 6303642.0, 1, 0.0178321374642
17037622.0, 7118450.0, 1, 0.0168018296217
18063094.0, 6627720.0, 1, 0.0156584206832
17899764.0, 6742608.0, 1, 0.0147406347868
17321632.0, 6852856.0, 1, 0.0125990869034
19072340.0, 6303642.0, 1, 0.0122131862249
17237622.0, 6948220.0, 1, 0.0113689623259
17281742.0, 6937718.0, 1, 0.0111009241307
17025916.0, 7313618.0, 1, 0.00590278963467
18996838.0, 6318426.0, 1, 0.00541228098492
18063094.0, 6627720.0, 1, 0.0
18986452.0, 6403850.0, 1, 0.0
18986452.0, 6403850.0, 1, 0.0
15720466.0, 9681210.0, 1, 0.0
15720466.0, 9681210.0, 1, 0.0
15720466.0, 9681210.0, 1, 0.0
15720466.0, 9681210.0, 1, 0.0
15720466.0, 9681210.0, 1, 0.0
15720466.0, 9681210.0, 1, 0.0
15720466.0, 9681210.0, 1, 0.0
16316918.0, 8338366.0, 1, 0.0
16316918.0, 8338366.0, 1, 0.0
16514866.0, 7965890.0, 1, 0.0
16514866.0, 7965890.0, 1, 0.0
16771596.0, 7703098.0, 1, 0.0
16771596.0, 7703098.0, 1, 0.0
16906902.0, 7329338.0, 1, 0.0
17025916.0, 7313618.0, 1, 0.0
17025916.0, 7313618.0, 1, 0.0
17078728.0, 7050656.0, 1, 0.0
17078728.0, 7050656.0, 1, 0.0
17078728.0, 7050656.0, 1, 0.0
17078728.0, 7050656.0, 1, 0.0
17078728.0, 7050656.0, 1, 0.0
17078728.0, 7050656.0, 1, 0.0
17161722.0, 6955492.0, 1, 0.0
17161722.0, 6955492.0, 1, 0.0
17161722.0, 6955492.0, 1, 0.0
17161722.0, 6955492.0, 1, 0.0
17161722.0, 6955492.0, 1, 0.0
17161722.0, 6955492.0, 1, 0.0
17161722.0, 6955492.0, 1, 0.0
17161722.0, 6955492.0, 1, 0.0
17161722.0, 6955492.0, 1, 0.0
17237622.0, 6948220.0, 1, 0.0
17237622.0, 6948220.0, 1, 0.0
17237622.0, 6948220.0, 1, 0.0
17237622.0, 6948220.0, 1, 0.0
17237622.0, 6948220.0, 1, 0.0
17237622.0, 6948220.0, 1, 0.0
17281742.0, 6937718.0, 1, 0.0
17281742.0, 6937718.0, 1, 0.0
17281742.0, 6937718.0, 1, 0.0
17281742.0, 6937718.0, 1, 0.0
17321632.0, 6852856.0, 1, 0.0
17321632.0, 6852856.0, 1, 0.0
17321632.0, 6852856.0, 1, 0.0
17321632.0, 6852856.0, 1, 0.0
17321632.0, 6852856.0, 1, 0.0
17321632.0, 6852856.0, 1, 0.0
17442302.0, 6835196.0, 1, 0.0
17899764.0, 6742608.0, 1, 0.0
17899764.0, 6742608.0, 1, 0.0
15461044.0, 11569364.0, 2, inf
19101944.0, 6385102.0, 2, inf
15686184.0, 11268926.0, 2, 0.509605630533
15889652.0, 9537728.0, 2, 0.477636068441
18302412.0, 6611774.0, 2, 0.345893813133
16628928.0, 8293804.0, 2, 0.337588385717
16188856.0, 9508488.0, 2, 0.270490788527
17907110.0, 6824440.0, 2, 0.237566139817
17360744.0, 6930624.0, 2, 0.234102412623
16896392.0, 7685292.0, 2, 0.223133970318
16341622.0, 8645504.0, 2, 0.172499158187
16313858.0, 8739458.0, 2, 0.155964926411
18070440.0, 6709552.0, 2, 0.149594066395
17201200.0, 7032946.0, 2, 0.130606011633
17027528.0, 7319250.0, 2, 0.110204487852
16994138.0, 7657040.0, 2, 0.106623853457
17147192.0, 7303644.0, 2, 0.102925897836
16313858.0, 8739458.0, 2, 0.0524556465895
18110570.0, 6710048.0, 3, inf
16108282.0, 9858360.0, 3, inf
16108282.0, 9858360.0, 3, inf
16913030.0, 8536582.0, 3, 0.776513661069
17116024.0, 7371024.0, 3, 0.587115744339
17273430.0, 7254836.0, 3, 0.454996558773
16484164.0, 9558246.0, 3, 0.403016922844
16581464.0, 8975212.0, 3, 0.350782957697
16281936.0, 9773070.0, 3, 0.283051609187
17273430.0, 7254836.0, 3, 0.251654366243
16581464.0, 8975212.0, 3, 0.187916686094
16108282.0, 9858360.0, 3, 0.0
17991084.0, 7335670.0, 4, inf
16204036.0, 10360890.0, 4, inf
17991084.0, 7335670.0, 4, inf
17099452.0, 8984512.0, 4, 0.732217700571
16689602.0, 9378988.0, 4, 0.731114195759
17121600.0, 7895180.0, 4, 0.512053008866
17282680.0, 7468402.0, 4, 0.485720698655
16331438.0, 9896154.0, 4, 0.388863122802
17278526.0, 7738586.0, 4, 0.231210854602
Generacion: 277
15255746.0, 12592510.0, 1, inf
19822694.0, 6273594.0, 1, inf
15624738.0, 10692526.0, 1, 0.263413787735
15260712.0, 11414350.0, 1, 0.26279260641
18795066.0, 6599930.0, 1, 0.210166181717
15641548.0, 9758940.0, 1, 0.181006849769
18154450.0, 6614188.0, 1, 0.164673871704
19185380.0, 6284830.0, 1, 0.142526306079
16514866.0, 7965890.0, 1, 0.137937261923
16218700.0, 8663926.0, 1, 0.133583175707
15358586.0, 11031918.0, 1, 0.118685536367
17852368.0, 6821194.0, 1, 0.102226569656
17442302.0, 6835196.0, 1, 0.0925847260236
18952884.0, 6390894.0, 1, 0.088730341054
16001062.0, 9253102.0, 1, 0.0824176291614
15765830.0, 9400836.0, 1, 0.0819106952102
16202448.0, 9024084.0, 1, 0.0816678300482
16316918.0, 8338366.0, 1, 0.0786262486891
16771596.0, 7703098.0, 1, 0.0730828680861
16194926.0, 9147084.0, 1, 0.0728091467872
16490244.0, 8185428.0, 1, 0.0722810608457
15342114.0, 11051446.0, 1, 0.0610381546579
16021292.0, 9233508.0, 1, 0.0592272333993
18023550.0, 6722720.0, 1, 0.053945089693
17037744.0, 7219986.0, 1, 0.0531790082889
16800464.0, 7596510.0, 1, 0.0496133647204
16440704.0, 8320016.0, 1, 0.048403976388
16771596.0, 7703098.0, 1, 0.047909216254
15747256.0, 9419518.0, 1, 0.047858071131
15736548.0, 9662732.0, 1, 0.0472801272979
19072340.0, 6303642.0, 1, 0.0466007607118
17025916.0, 7313618.0, 1, 0.0459552677211
18063094.0, 6627720.0, 1, 0.0458381985753
16906902.0, 7329338.0, 1, 0.0452163046667
17078728.0, 7050656.0, 1, 0.0449700668335
16815532.0, 7450386.0, 1, 0.0431316490888
18996838.0, 6318426.0, 1, 0.0399647013214
17321632.0, 6852856.0, 1, 0.0398522949307
17899764.0, 6742608.0, 1, 0.0395413803351
17161722.0, 6955492.0, 1, 0.0316795921464
17442302.0, 6835196.0, 1, 0.0286383462091
19185380.0, 6284830.0, 1, 0.0265299129069
16316918.0, 8338366.0, 1, 0.0244102454295
17078728.0, 7050656.0, 1, 0.0240342237297
17281742.0, 6937718.0, 1, 0.0230905538292
16906902.0, 7329338.0, 1, 0.0224945651333
16815532.0, 7450386.0, 1, 0.0224558090359
15342114.0, 11051446.0, 1, 0.0209145608829
15720466.0, 9681210.0, 1, 0.0202044850435
17161722.0, 6955492.0, 1, 0.0193235793663
17237622.0, 6948220.0, 1, 0.0182814080275
15720466.0, 9681210.0, 1, 0.0158225494168
16440704.0, 8320016.0, 1, 0.0137514860129
17899764.0, 6742608.0, 1, 0.0135254220608
17852368.0, 6821194.0, 1, 0.0125939331788
17321632.0, 6852856.0, 1, 0.0115292815561
17237622.0, 6948220.0, 1, 0.0108115490126
17281742.0, 6937718.0, 1, 0.0103964923245
17161722.0, 6955492.0, 1, 0.0
17237622.0, 6948220.0, 1, 0.0
17237622.0, 6948220.0, 1, 0.0
17321632.0, 6852856.0, 1, 0.0
17321632.0, 6852856.0, 1, 0.0
17321632.0, 6852856.0, 1, 0.0
17321632.0, 6852856.0, 1, 0.0
17321632.0, 6852856.0, 1, 0.0
17321632.0, 6852856.0, 1, 0.0
17321632.0, 6852856.0, 1, 0.0
17321632.0, 6852856.0, 1, 0.0
17442302.0, 6835196.0, 1, 0.0
17442302.0, 6835196.0, 1, 0.0
17442302.0, 6835196.0, 1, 0.0
17442302.0, 6835196.0, 1, 0.0
17442302.0, 6835196.0, 1, 0.0
17899764.0, 6742608.0, 1, 0.0
17899764.0, 6742608.0, 1, 0.0
19185380.0, 6284830.0, 1, 0.0
15342114.0, 11051446.0, 1, 0.0
15720466.0, 9681210.0, 1, 0.0
15720466.0, 9681210.0, 1, 0.0
15720466.0, 9681210.0, 1, 0.0
15720466.0, 9681210.0, 1, 0.0
16316918.0, 8338366.0, 1, 0.0
16316918.0, 8338366.0, 1, 0.0
16316918.0, 8338366.0, 1, 0.0
16771596.0, 7703098.0, 1, 0.0
16771596.0, 7703098.0, 1, 0.0
16906902.0, 7329338.0, 1, 0.0
16906902.0, 7329338.0, 1, 0.0
16906902.0, 7329338.0, 1, 0.0
16906902.0, 7329338.0, 1, 0.0
16906902.0, 7329338.0, 1, 0.0
16906902.0, 7329338.0, 1, 0.0
16906902.0, 7329338.0, 1, 0.0
17078728.0, 7050656.0, 1, 0.0
17078728.0, 7050656.0, 1, 0.0
17078728.0, 7050656.0, 1, 0.0
17078728.0, 7050656.0, 1, 0.0
17078728.0, 7050656.0, 1, 0.0
17078728.0, 7050656.0, 1, 0.0
17078728.0, 7050656.0, 1, 0.0
17161722.0, 6955492.0, 1, 0.0
17161722.0, 6955492.0, 1, 0.0
17161722.0, 6955492.0, 1, 0.0
17161722.0, 6955492.0, 1, 0.0
17161722.0, 6955492.0, 1, 0.0
17161722.0, 6955492.0, 1, 0.0
15451810.0, 11569732.0, 2, inf
18986452.0, 6403850.0, 2, inf
15451810.0, 11569732.0, 2, inf
18986452.0, 6403850.0, 2, inf
16313858.0, 8739458.0, 2, 0.460349937358
15819410.0, 10280052.0, 2, 0.410329111473
18070440.0, 6709552.0, 2, 0.386777933113
16058946.0, 9446780.0, 2, 0.378750917172
15461044.0, 11569364.0, 2, 0.353652615868
16726454.0, 8044230.0, 2, 0.299856832961
17273430.0, 7254836.0, 2, 0.272564622398
17027528.0, 7319250.0, 2, 0.259009439169
15834460.0, 9995400.0, 2, 0.229071056622
16841998.0, 7962310.0, 2, 0.225518097864
17825890.0, 7078020.0, 2, 0.206242170432
17907110.0, 6824440.0, 2, 0.0899635184366
17862592.0, 7050474.0, 2, 0.0720657367768
17907110.0, 6824440.0, 2, 0.0348345338163
15451810.0, 11569732.0, 2, 0.0
18986452.0, 6403850.0, 2, 0.0
16134648.0, 9839002.0, 3, inf
16134648.0, 9839002.0, 3, inf
20076670.0, 6725290.0, 3, inf
16445090.0, 8782392.0, 3, 0.762275385372
18436572.0, 6992990.0, 3, 0.688786608596
16905910.0, 8074698.0, 3, 0.623475532771
17116024.0, 7371024.0, 3, 0.477819614631
18108734.0, 7315546.0, 3, 0.456401979797
17116024.0, 7371024.0, 3, 0.0711183914008
18110166.0, 7332016.0, 4, inf
16240046.0, 10196948.0, 4, inf
16240046.0, 10196948.0, 4, inf
16909568.0, 8684348.0, 4, 0.572443684142
17197334.0, 7988640.0, 4, 0.52740781868
16629418.0, 9904552.0, 4, 0.496187184689
17943688.0, 7414256.0, 4, 0.490082806457
17282680.0, 7468402.0, 4, 0.447764831577
16682662.0, 8840200.0, 4, 0.37266453136
16260006.0, 10178452.0, 4, 0.310267323019
17278526.0, 7738586.0, 4, 0.22722489774
16659292.0, 9368596.0, 4, 0.200410167122
16659292.0, 9368596.0, 4, 0.19957112152
17282680.0, 7468402.0, 4, 0.0211208238103
Generacion: 278
15232496.0, 12610750.0, 1, inf
19822694.0, 6273594.0, 1, inf
15247730.0, 11253932.0, 1, 0.269938266738
15624738.0, 10692526.0, 1, 0.269190142301
15641548.0, 9758940.0, 1, 0.180440025245
15342114.0, 11051446.0, 1, 0.170722857993
18795066.0, 6599930.0, 1, 0.170269643726
19072340.0, 6303642.0, 1, 0.165801673095
18154450.0, 6614188.0, 1, 0.163849393013
16218700.0, 8663926.0, 1, 0.161691061768
17852368.0, 6821194.0, 1, 0.114270964063
16174696.0, 9166678.0, 1, 0.112753919518
16771596.0, 7703098.0, 1, 0.0958078745259
17442302.0, 6835196.0, 1, 0.0921218831841
16514866.0, 7965890.0, 1, 0.0905730341653
16815532.0, 7450386.0, 1, 0.0884562980847
18911694.0, 6580602.0, 1, 0.0883783335097
15822020.0, 9416326.0, 1, 0.0815533999723
16316918.0, 8338366.0, 1, 0.0783406668913
16001062.0, 9253102.0, 1, 0.0722610939885
16440704.0, 8320016.0, 1, 0.0618935656767
15720466.0, 9681210.0, 1, 0.0584875871681
18996838.0, 6318426.0, 1, 0.0578197676454
15747256.0, 9419518.0, 1, 0.0575826153129
17037744.0, 7219986.0, 1, 0.0530006561602
16021292.0, 9233508.0, 1, 0.0514647897419
16771596.0, 7703098.0, 1, 0.0510401445972
16514866.0, 7965890.0, 1, 0.0468324829669
16490244.0, 8185428.0, 1, 0.0454355477214
16906902.0, 7329338.0, 1, 0.0450291705332
17078728.0, 7050656.0, 1, 0.0448008895761
18063094.0, 6627720.0, 1, 0.0445111624787
17025916.0, 7313618.0, 1, 0.0407029396498
17321632.0, 6852856.0, 1, 0.0396798068527
17899764.0, 6742608.0, 1, 0.0320818991331
18016714.0, 6706106.0, 1, 0.0319267600962
17161722.0, 6955492.0, 1, 0.0315520653217
17990104.0, 6729276.0, 1, 0.0312382008437
17442302.0, 6835196.0, 1, 0.0284981348219
16490244.0, 8185428.0, 1, 0.0266019568445
16316918.0, 8338366.0, 1, 0.0242929547437
17078728.0, 7050656.0, 1, 0.0239454217738
17281742.0, 6937718.0, 1, 0.0230029663329
16906902.0, 7329338.0, 1, 0.0223860674363
19072340.0, 6303642.0, 1, 0.0211900870758
18996838.0, 6318426.0, 1, 0.0208819986062
16174696.0, 9166678.0, 1, 0.0201322546451
17161722.0, 6955492.0, 1, 0.0192282194383
17237622.0, 6948220.0, 1, 0.0181924446969
15720466.0, 9681210.0, 1, 0.0181021040866
17899764.0, 6742608.0, 1, 0.0124292633456
17321632.0, 6852856.0, 1, 0.0114769959701
17237622.0, 6948220.0, 1, 0.0107593037183
17281742.0, 6937718.0, 1, 0.0103474672035
15747256.0, 9419518.0, 1, 0.0063400455228
17025916.0, 7313618.0, 1, 0.00505740318259
17321632.0, 6852856.0, 1, 0.0
17321632.0, 6852856.0, 1, 0.0
17321632.0, 6852856.0, 1, 0.0
17442302.0, 6835196.0, 1, 0.0
17899764.0, 6742608.0, 1, 0.0
17899764.0, 6742608.0, 1, 0.0
18996838.0, 6318426.0, 1, 0.0
18996838.0, 6318426.0, 1, 0.0
19072340.0, 6303642.0, 1, 0.0
19072340.0, 6303642.0, 1, 0.0
19072340.0, 6303642.0, 1, 0.0
19072340.0, 6303642.0, 1, 0.0
19072340.0, 6303642.0, 1, 0.0
15720466.0, 9681210.0, 1, 0.0
15747256.0, 9419518.0, 1, 0.0
16316918.0, 8338366.0, 1, 0.0
16490244.0, 8185428.0, 1, 0.0
16490244.0, 8185428.0, 1, 0.0
16490244.0, 8185428.0, 1, 0.0
16771596.0, 7703098.0, 1, 0.0
16771596.0, 7703098.0, 1, 0.0
16906902.0, 7329338.0, 1, 0.0
16906902.0, 7329338.0, 1, 0.0
16906902.0, 7329338.0, 1, 0.0
16906902.0, 7329338.0, 1, 0.0
17078728.0, 7050656.0, 1, 0.0
17078728.0, 7050656.0, 1, 0.0
17078728.0, 7050656.0, 1, 0.0
17078728.0, 7050656.0, 1, 0.0
17078728.0, 7050656.0, 1, 0.0
17078728.0, 7050656.0, 1, 0.0
17078728.0, 7050656.0, 1, 0.0
17078728.0, 7050656.0, 1, 0.0
17161722.0, 6955492.0, 1, 0.0
17161722.0, 6955492.0, 1, 0.0
17161722.0, 6955492.0, 1, 0.0
17161722.0, 6955492.0, 1, 0.0
17161722.0, 6955492.0, 1, 0.0
17161722.0, 6955492.0, 1, 0.0
17161722.0, 6955492.0, 1, 0.0
17237622.0, 6948220.0, 1, 0.0
17237622.0, 6948220.0, 1, 0.0
17281742.0, 6937718.0, 1, 0.0
17281742.0, 6937718.0, 1, 0.0
17281742.0, 6937718.0, 1, 0.0
17281742.0, 6937718.0, 1, 0.0
17321632.0, 6852856.0, 1, 0.0
17321632.0, 6852856.0, 1, 0.0
17321632.0, 6852856.0, 1, 0.0
17321632.0, 6852856.0, 1, 0.0
17321632.0, 6852856.0, 1, 0.0
17321632.0, 6852856.0, 1, 0.0
17321632.0, 6852856.0, 1, 0.0
15394442.0, 11460068.0, 2, inf
15394442.0, 11460068.0, 2, inf
20069920.0, 6309786.0, 2, inf
15694810.0, 10082180.0, 2, 0.564488131781
18836694.0, 6623388.0, 2, 0.366961390178
16094626.0, 9324084.0, 2, 0.280820432445
16726454.0, 8044230.0, 2, 0.232537674698
17197514.0, 7015538.0, 2, 0.226242153479
16439026.0, 8716050.0, 2, 0.220626985923
17907110.0, 6824440.0, 2, 0.208133151865
18639710.0, 6624290.0, 2, 0.180617799755
18070440.0, 6709552.0, 2, 0.150897030808
16227822.0, 9223016.0, 2, 0.144921894924
16355602.0, 8865174.0, 2, 0.11489931375
16936998.0, 7434730.0, 2, 0.107994875271
16841998.0, 7962310.0, 2, 0.106039540868
17116024.0, 7371024.0, 2, 0.0870089138654
17117732.0, 7120110.0, 2, 0.086451862249
16896392.0, 7685292.0, 2, 0.0624718450912
16896392.0, 7685292.0, 2, 0.0602840422792
16412534.0, 8834722.0, 2, 0.0467974125527
17976154.0, 6801306.0, 2, 0.0446547803299
18023550.0, 6722720.0, 2, 0.0379814016031
17116024.0, 7371024.0, 2, 0.0127347300137
15434250.0, 11878624.0, 3, inf
18797464.0, 6729374.0, 3, inf
16188856.0, 9508488.0, 3, 0.596413934859
17939554.0, 7057694.0, 3, 0.555194407317
16812034.0, 8676466.0, 3, 0.42098670092
16931964.0, 8478458.0, 3, 0.315022664716
17069276.0, 7448186.0, 3, 0.292147187752
17273430.0, 7254836.0, 3, 0.283360901891
15841628.0, 10261810.0, 3, 0.259689164578
15819410.0, 10280052.0, 3, 0.257065956569
15451810.0, 11569732.0, 3, 0.255680971849
15451810.0, 11569732.0, 3, 0.169287976257
15819410.0, 10280052.0, 3, 0.112842862891
17147192.0, 7303644.0, 3, 0.0982512122861
16204036.0, 10360890.0, 4, inf
19020118.0, 6732134.0, 4, inf
16944292.0, 9061432.0, 4, 0.605706146835
Generacion: 279
19185380.0, 6284830.0, 1, inf
15342114.0, 11051446.0, 1, inf
15601912.0, 9939276.0, 1, 0.349069326084
16218700.0, 8663926.0, 1, 0.210779100569
18795066.0, 6599930.0, 1, 0.210539486437
18154450.0, 6614188.0, 1, 0.196285853675
16514866.0, 7965890.0, 1, 0.174395673824
16174696.0, 9166678.0, 1, 0.150652330692
15641548.0, 9758940.0, 1, 0.146859134044
17852368.0, 6821194.0, 1, 0.138453754516
16001062.0, 9253102.0, 1, 0.134623586319
16771596.0, 7703098.0, 1, 0.119817023114
17442302.0, 6835196.0, 1, 0.110402207066
15747256.0, 9419518.0, 1, 0.107465112209
16316918.0, 8338366.0, 1, 0.100508570148
15840950.0, 9394448.0, 1, 0.0921997524147
16440704.0, 8320016.0, 1, 0.077183858
16815532.0, 7450386.0, 1, 0.0767911175426
16771596.0, 7703098.0, 1, 0.0665637183878
16490244.0, 8185428.0, 1, 0.0589474910247
17078728.0, 7050656.0, 1, 0.0571188079533
16906902.0, 7329338.0, 1, 0.0567812813562
18952884.0, 6390894.0, 1, 0.0562667506514
18952884.0, 6390894.0, 1, 0.055290799513
18063094.0, 6627720.0, 1, 0.0551219702829
17027528.0, 7319250.0, 1, 0.0522111628486
17321632.0, 6852856.0, 1, 0.0492011807274
18795066.0, 6599930.0, 1, 0.0440547327334
18016714.0, 6706106.0, 1, 0.0402973407092
17899764.0, 6742608.0, 1, 0.0399927979524
17161722.0, 6955492.0, 1, 0.0397135159467
17037744.0, 7219986.0, 1, 0.0381823096729
17990104.0, 6729276.0, 1, 0.0380876915829
16815532.0, 7450386.0, 1, 0.0368268988076
17237622.0, 6948220.0, 1, 0.034957498542
18996838.0, 6318426.0, 1, 0.0348485089788
16490244.0, 8185428.0, 1, 0.0346420751605
17442302.0, 6835196.0, 1, 0.0343352884466
19113198.0, 6298954.0, 1, 0.0333590994461
17037744.0, 7219986.0, 1, 0.0314886835823
17078728.0, 7050656.0, 1, 0.0306285345793
15765830.0, 9400836.0, 1, 0.0296382410011
16174696.0, 9166678.0, 1, 0.0295807386584
16316918.0, 8338366.0, 1, 0.0294055596377
17281742.0, 6937718.0, 1, 0.0292832255299
16906902.0, 7329338.0, 1, 0.0258904366403
17161722.0, 6955492.0, 1, 0.023120264752
19072340.0, 6303642.0, 1, 0.0206287774124
17899764.0, 6742608.0, 1, 0.0151291723305
18996838.0, 6318426.0, 1, 0.0145381985064
17321632.0, 6852856.0, 1, 0.0140841275994
19072340.0, 6303642.0, 1, 0.0137326336561
17281742.0, 6937718.0, 1, 0.0125824333156
17027528.0, 7319250.0, 1, 0.00477454198195
17281742.0, 6937718.0, 1, 0.0
17281742.0, 6937718.0, 1, 0.0
17321632.0, 6852856.0, 1, 0.0
17321632.0, 6852856.0, 1, 0.0
17321632.0, 6852856.0, 1, 0.0
17321632.0, 6852856.0, 1, 0.0
17321632.0, 6852856.0, 1, 0.0
17321632.0, 6852856.0, 1, 0.0
17899764.0, 6742608.0, 1, 0.0
17899764.0, 6742608.0, 1, 0.0
17899764.0, 6742608.0, 1, 0.0
17899764.0, 6742608.0, 1, 0.0
17899764.0, 6742608.0, 1, 0.0
18996838.0, 6318426.0, 1, 0.0
18996838.0, 6318426.0, 1, 0.0
19072340.0, 6303642.0, 1, 0.0
19072340.0, 6303642.0, 1, 0.0
19072340.0, 6303642.0, 1, 0.0
19072340.0, 6303642.0, 1, 0.0
16771596.0, 7703098.0, 1, 0.0
16771596.0, 7703098.0, 1, 0.0
16815532.0, 7450386.0, 1, 0.0
16815532.0, 7450386.0, 1, 0.0
16906902.0, 7329338.0, 1, 0.0
16906902.0, 7329338.0, 1, 0.0
16906902.0, 7329338.0, 1, 0.0
16906902.0, 7329338.0, 1, 0.0
16906902.0, 7329338.0, 1, 0.0
16906902.0, 7329338.0, 1, 0.0
17078728.0, 7050656.0, 1, 0.0
17078728.0, 7050656.0, 1, 0.0
17078728.0, 7050656.0, 1, 0.0
17078728.0, 7050656.0, 1, 0.0
17078728.0, 7050656.0, 1, 0.0
17078728.0, 7050656.0, 1, 0.0
17078728.0, 7050656.0, 1, 0.0
17078728.0, 7050656.0, 1, 0.0
17078728.0, 7050656.0, 1, 0.0
17161722.0, 6955492.0, 1, 0.0
17161722.0, 6955492.0, 1, 0.0
17161722.0, 6955492.0, 1, 0.0
17161722.0, 6955492.0, 1, 0.0
17161722.0, 6955492.0, 1, 0.0
17161722.0, 6955492.0, 1, 0.0
17161722.0, 6955492.0, 1, 0.0
17161722.0, 6955492.0, 1, 0.0
17281742.0, 6937718.0, 1, 0.0
17281742.0, 6937718.0, 1, 0.0
15451810.0, 11569732.0, 2, inf
19802394.0, 6290512.0, 2, inf
15822020.0, 9416326.0, 2, 0.460818383241
18527116.0, 6641648.0, 2, 0.439198481037
16538604.0, 8884776.0, 2, 0.365875973166
17480900.0, 6895562.0, 2, 0.310647975554
15728752.0, 10334822.0, 2, 0.279403654574
18986452.0, 6403850.0, 2, 0.232591848996
15624738.0, 10692526.0, 2, 0.171094717774
16847532.0, 8024580.0, 2, 0.156035110374
16544958.0, 8362036.0, 2, 0.153412528638
16614680.0, 8167192.0, 2, 0.133469468544
18986452.0, 6403850.0, 2, 0.127049010115
16896392.0, 7685292.0, 2, 0.114751922541
17164844.0, 7123016.0, 2, 0.10253505727
15646198.0, 10678008.0, 2, 0.0916650338935
17328944.0, 6982886.0, 2, 0.0814717000131
16896392.0, 7685292.0, 2, 0.0707599247965
17116024.0, 7371024.0, 2, 0.0666933443098
17116024.0, 7371024.0, 2, 0.0632465865258
17147192.0, 7303644.0, 2, 0.058199634065
15624738.0, 10692526.0, 2, 0.0424982543709
17410386.0, 6926530.0, 2, 0.0342598725566
17360744.0, 6930624.0, 2, 0.0293948475118
17116024.0, 7371024.0, 2, 0.0
15928326.0, 9960962.0, 3, inf
22103378.0, 6588344.0, 3, inf
19857586.0, 6699796.0, 3, 0.577182359509
16281936.0, 9773070.0, 3, 0.473648951313
16905740.0, 7893144.0, 3, 0.382844946666
16553494.0, 8704972.0, 3, 0.378699656475
18797464.0, 6729374.0, 3, 0.370381468746
16761296.0, 8519450.0, 3, 0.279728901174
17338396.0, 7543454.0, 3, 0.268465713389
17956994.0, 6910908.0, 3, 0.260714072706
17618594.0, 7377050.0, 3, 0.170703568548
17699226.0, 7164810.0, 3, 0.122233978339
17825890.0, 7078020.0, 3, 0.117026809686
16612818.0, 8676578.0, 3, 0.0886601674857
16240046.0, 10196948.0, 4, inf
18568036.0, 7044980.0, 4, inf
17055584.0, 8741844.0, 4, 0.668926434613
16659292.0, 9368596.0, 4, 0.551944969543
16629418.0, 9904552.0, 4, 0.442893960077
17991084.0, 7335670.0, 4, 0.388804923067
17991084.0, 7335670.0, 4, 0.368013047303
17349052.0, 7780010.0, 4, 0.341978519034
17197334.0, 7988640.0, 4, 0.304134328064
Generacion: 280
15232496.0, 12610750.0, 1, inf
19185380.0, 6284830.0, 1, inf
19185380.0, 6284830.0, 1, inf
15342114.0, 11051446.0, 1, 0.319573151018
15504340.0, 11024196.0, 1, 0.241535240536
18795066.0, 6599930.0, 1, 0.237285978191
16218700.0, 8663926.0, 1, 0.22450646297
16001062.0, 9253102.0, 1, 0.219291268248
15601912.0, 9939276.0, 1, 0.201495680827
18154450.0, 6614188.0, 1, 0.164202074856
17442302.0, 6835196.0, 1, 0.163683725293
17899764.0, 6742608.0, 1, 0.118872558513
18952884.0, 6390894.0, 1, 0.0955443387481
16316918.0, 8338366.0, 1, 0.0953124364408
16614680.0, 8167192.0, 1, 0.0784476772938
15720466.0, 9681210.0, 1, 0.0713599851498
16726454.0, 8044230.0, 1, 0.0689753264575
15601912.0, 9939276.0, 1, 0.0654787646862
16771596.0, 7703098.0, 1, 0.0650409919258
16815532.0, 7450386.0, 1, 0.063063424552
15747256.0, 9419518.0, 1, 0.0602819975337
18023550.0, 6722720.0, 1, 0.0594806678469
16490244.0, 8185428.0, 1, 0.0556562049516
16771596.0, 7703098.0, 1, 0.0513686720625
17025916.0, 7313618.0, 1, 0.0503867288661
16906902.0, 7329338.0, 1, 0.0492433842338
16316918.0, 8338366.0, 1, 0.0490235792535
17078728.0, 7050656.0, 1, 0.0477634576677
16713474.0, 8046416.0, 1, 0.0477143748086
15720466.0, 9681210.0, 1, 0.0475723449684
16490244.0, 8185428.0, 1, 0.0467307281676
17899764.0, 6742608.0, 1, 0.0459516537261
15822020.0, 9416326.0, 1, 0.0457986088775
15822020.0, 9416326.0, 1, 0.0447161984088
17321632.0, 6852856.0, 1, 0.0439420441855
18063094.0, 6627720.0, 1, 0.0381288056153
17161722.0, 6955492.0, 1, 0.034244674142
19072340.0, 6303642.0, 1, 0.0309338935739
18996838.0, 6318426.0, 1, 0.0305562096253
16815532.0, 7450386.0, 1, 0.0302501630819
17037744.0, 7219986.0, 1, 0.0297598936875
16906902.0, 7329338.0, 1, 0.0255997828999
17078728.0, 7050656.0, 1, 0.0254116297116
18154450.0, 6614188.0, 1, 0.0253651285533
17037744.0, 7219986.0, 1, 0.0251694514988
17281742.0, 6937718.0, 1, 0.0245764366948
17161722.0, 6955492.0, 1, 0.0221453657538
19072340.0, 6303642.0, 1, 0.022074281305
17237622.0, 6948220.0, 1, 0.0208613243684
18996838.0, 6318426.0, 1, 0.0134565276811
17321632.0, 6852856.0, 1, 0.0128830550003
17237622.0, 6948220.0, 1, 0.0123110270785
18063094.0, 6627720.0, 1, 0.0121429706679
17281742.0, 6937718.0, 1, 0.0117515199825
15747256.0, 9419518.0, 1, 0.00728192080872
18063094.0, 6627720.0, 1, 0.0
18996838.0, 6318426.0, 1, 0.0
18996838.0, 6318426.0, 1, 0.0
18996838.0, 6318426.0, 1, 0.0
18996838.0, 6318426.0, 1, 0.0
18996838.0, 6318426.0, 1, 0.0
19072340.0, 6303642.0, 1, 0.0
19072340.0, 6303642.0, 1, 0.0
19072340.0, 6303642.0, 1, 0.0
19072340.0, 6303642.0, 1, 0.0
19072340.0, 6303642.0, 1, 0.0
19072340.0, 6303642.0, 1, 0.0
19072340.0, 6303642.0, 1, 0.0
15601912.0, 9939276.0, 1, 0.0
16316918.0, 8338366.0, 1, 0.0
16316918.0, 8338366.0, 1, 0.0
16316918.0, 8338366.0, 1, 0.0
16490244.0, 8185428.0, 1, 0.0
16771596.0, 7703098.0, 1, 0.0
16771596.0, 7703098.0, 1, 0.0
16771596.0, 7703098.0, 1, 0.0
16815532.0, 7450386.0, 1, 0.0
16815532.0, 7450386.0, 1, 0.0
16906902.0, 7329338.0, 1, 0.0
16906902.0, 7329338.0, 1, 0.0
17037744.0, 7219986.0, 1, 0.0
17037744.0, 7219986.0, 1, 0.0
17078728.0, 7050656.0, 1, 0.0
17078728.0, 7050656.0, 1, 0.0
17078728.0, 7050656.0, 1, 0.0
17078728.0, 7050656.0, 1, 0.0
17078728.0, 7050656.0, 1, 0.0
17078728.0, 7050656.0, 1, 0.0
17078728.0, 7050656.0, 1, 0.0
17161722.0, 6955492.0, 1, 0.0
17161722.0, 6955492.0, 1, 0.0
17161722.0, 6955492.0, 1, 0.0
17161722.0, 6955492.0, 1, 0.0
17161722.0, 6955492.0, 1, 0.0
17161722.0, 6955492.0, 1, 0.0
17161722.0, 6955492.0, 1, 0.0
17161722.0, 6955492.0, 1, 0.0
17161722.0, 6955492.0, 1, 0.0
17237622.0, 6948220.0, 1, 0.0
17237622.0, 6948220.0, 1, 0.0
17281742.0, 6937718.0, 1, 0.0
17321632.0, 6852856.0, 1, 0.0
17321632.0, 6852856.0, 1, 0.0
17321632.0, 6852856.0, 1, 0.0
17321632.0, 6852856.0, 1, 0.0
17899764.0, 6742608.0, 1, 0.0
17899764.0, 6742608.0, 1, 0.0
17899764.0, 6742608.0, 1, 0.0
15624738.0, 10692526.0, 2, inf
19802394.0, 6290512.0, 2, inf
17976154.0, 6801306.0, 2, 0.378914677977
16090272.0, 9654834.0, 2, 0.373915260556
16820346.0, 8037606.0, 2, 0.357953013726
18723386.0, 6642056.0, 2, 0.332123279218
16394398.0, 8854138.0, 2, 0.290088932581
16612818.0, 8676578.0, 2, 0.252051573377
17410386.0, 6926530.0, 2, 0.224401466628
19044640.0, 6341978.0, 2, 0.221057810392
16935142.0, 7440498.0, 2, 0.21278091341
15834460.0, 9995400.0, 2, 0.174833804331
15903260.0, 9982604.0, 2, 0.138599331763
16434966.0, 8741064.0, 2, 0.0926189894993
17158878.0, 7212750.0, 2, 0.0774473812813
18986452.0, 6403850.0, 2, 0.0770251456824
17258066.0, 7032472.0, 2, 0.0742469658518
18986452.0, 6403850.0, 2, 0.0680413430169
17027528.0, 7319250.0, 2, 0.0589848321564
15834460.0, 9995400.0, 2, 0.0531077294689
17164844.0, 7123016.0, 2, 0.0509764104479
17027528.0, 7319250.0, 2, 0.0463077862644
17201200.0, 7032946.0, 2, 0.0428831939701
17027528.0, 7319250.0, 2, 0.0
17027528.0, 7319250.0, 2, 0.0
18986452.0, 6403850.0, 2, 0.0
15834460.0, 9995400.0, 2, 0.0
17027528.0, 7319250.0, 2, 0.0
21052724.0, 6298380.0, 3, inf
15748728.0, 10969562.0, 3, inf
16423372.0, 8901754.0, 3, 0.653235735368
20069920.0, 6309786.0, 3, 0.517466752468
17197334.0, 7988640.0, 3, 0.485879165583
18797464.0, 6729374.0, 3, 0.454206028526
16240046.0, 10196948.0, 3, 0.316900770581
17242506.0, 7353528.0, 3, 0.270989614788
16029862.0, 10481966.0, 3, 0.258031775091
18436572.0, 6992990.0, 3, 0.257815379848
17825890.0, 7078020.0, 3, 0.175800054432
17699226.0, 7164810.0, 3, 0.168969885738
16240046.0, 10196948.0, 3, 0.0955799996923
16313232.0, 10346160.0, 4, inf
Generacion: 281
15210744.0, 11489998.0, 1, inf
19185380.0, 6284830.0, 1, inf
15342114.0, 11051446.0, 1, 0.396335739112
16001062.0, 9253102.0, 1, 0.322642393086
18154450.0, 6614188.0, 1, 0.269365284191
15601912.0, 9939276.0, 1, 0.223638728465
18952884.0, 6390894.0, 1, 0.214804611835
16316918.0, 8338366.0, 1, 0.206880098572
16726454.0, 8044230.0, 1, 0.163450535269
17321632.0, 6852856.0, 1, 0.161758744563
17899764.0, 6742608.0, 1, 0.149276150341
15601912.0, 9939276.0, 1, 0.100009540588
16490244.0, 8185428.0, 1, 0.0852859516539
16316918.0, 8338366.0, 1, 0.0829932484977
15641548.0, 9758940.0, 1, 0.0794064402667
16771596.0, 7703098.0, 1, 0.0765912678343
15840950.0, 9394448.0, 1, 0.0764042032345
16815532.0, 7450386.0, 1, 0.0715384787102
15720466.0, 9681210.0, 1, 0.070744058386
17037744.0, 7219986.0, 1, 0.0638066613471
18023550.0, 6722720.0, 1, 0.0631649812352
16771596.0, 7703098.0, 1, 0.0599077281207
16440704.0, 8320016.0, 1, 0.0570005942023
15822020.0, 9416326.0, 1, 0.0556513555574
18952884.0, 6390894.0, 1, 0.0539571420444
17078728.0, 7050656.0, 1, 0.0534120364233
16906902.0, 7329338.0, 1, 0.053198720214
17899764.0, 6742608.0, 1, 0.0523244723173
17161722.0, 6955492.0, 1, 0.0484790749933
17025916.0, 7313618.0, 1, 0.0479316471819
17281742.0, 6937718.0, 1, 0.0464998881544
18063094.0, 6627720.0, 1, 0.0412358382678
15720466.0, 9681210.0, 1, 0.0404837514051
16490244.0, 8185428.0, 1, 0.0395905364112
16815532.0, 7450386.0, 1, 0.0343094433091
18996838.0, 6318426.0, 1, 0.0329182705449
19072340.0, 6303642.0, 1, 0.0312805943446
17321632.0, 6852856.0, 1, 0.0312166274731
15822020.0, 9416326.0, 1, 0.0297536462481
17078728.0, 7050656.0, 1, 0.028593983629
16906902.0, 7329338.0, 1, 0.026008344044
17161722.0, 6955492.0, 1, 0.0242955890771
19072340.0, 6303642.0, 1, 0.022610053788
16440704.0, 8320016.0, 1, 0.0159893769482
18996838.0, 6318426.0, 1, 0.0138988768741
17281742.0, 6937718.0, 1, 0.0134508224117
18063094.0, 6627720.0, 1, 0.0125488111283
17025916.0, 7313618.0, 1, 0.00599594542434
16771596.0, 7703098.0, 1, 0.0
16771596.0, 7703098.0, 1, 0.0
16771596.0, 7703098.0, 1, 0.0
16815532.0, 7450386.0, 1, 0.0
16815532.0, 7450386.0, 1, 0.0
16815532.0, 7450386.0, 1, 0.0
16906902.0, 7329338.0, 1, 0.0
16906902.0, 7329338.0, 1, 0.0
17078728.0, 7050656.0, 1, 0.0
17078728.0, 7050656.0, 1, 0.0
17078728.0, 7050656.0, 1, 0.0
17078728.0, 7050656.0, 1, 0.0
17078728.0, 7050656.0, 1, 0.0
17161722.0, 6955492.0, 1, 0.0
17161722.0, 6955492.0, 1, 0.0
17161722.0, 6955492.0, 1, 0.0
17161722.0, 6955492.0, 1, 0.0
17161722.0, 6955492.0, 1, 0.0
17161722.0, 6955492.0, 1, 0.0
17161722.0, 6955492.0, 1, 0.0
17161722.0, 6955492.0, 1, 0.0
17161722.0, 6955492.0, 1, 0.0
17161722.0, 6955492.0, 1, 0.0
17161722.0, 6955492.0, 1, 0.0
17161722.0, 6955492.0, 1, 0.0
17161722.0, 6955492.0, 1, 0.0
17281742.0, 6937718.0, 1, 0.0
17281742.0, 6937718.0, 1, 0.0
17281742.0, 6937718.0, 1, 0.0
17281742.0, 6937718.0, 1, 0.0
17321632.0, 6852856.0, 1, 0.0
17321632.0, 6852856.0, 1, 0.0
17321632.0, 6852856.0, 1, 0.0
17321632.0, 6852856.0, 1, 0.0
17321632.0, 6852856.0, 1, 0.0
17321632.0, 6852856.0, 1, 0.0
17899764.0, 6742608.0, 1, 0.0
17899764.0, 6742608.0, 1, 0.0
17899764.0, 6742608.0, 1, 0.0
17899764.0, 6742608.0, 1, 0.0
18063094.0, 6627720.0, 1, 0.0
18063094.0, 6627720.0, 1, 0.0
18063094.0, 6627720.0, 1, 0.0
18996838.0, 6318426.0, 1, 0.0
18996838.0, 6318426.0, 1, 0.0
18996838.0, 6318426.0, 1, 0.0
18996838.0, 6318426.0, 1, 0.0
18996838.0, 6318426.0, 1, 0.0
18996838.0, 6318426.0, 1, 0.0
18996838.0, 6318426.0, 1, 0.0
19072340.0, 6303642.0, 1, 0.0
19072340.0, 6303642.0, 1, 0.0
19072340.0, 6303642.0, 1, 0.0
19072340.0, 6303642.0, 1, 0.0
15601912.0, 9939276.0, 1, 0.0
15601912.0, 9939276.0, 1, 0.0
15601912.0, 9939276.0, 1, 0.0
15601912.0, 9939276.0, 1, 0.0
15601912.0, 9939276.0, 1, 0.0
15601912.0, 9939276.0, 1, 0.0
15601912.0, 9939276.0, 1, 0.0
15720466.0, 9681210.0, 1, 0.0
15720466.0, 9681210.0, 1, 0.0
16316918.0, 8338366.0, 1, 0.0
16490244.0, 8185428.0, 1, 0.0
15624738.0, 10692526.0, 2, inf
19802394.0, 6290512.0, 2, inf
16847532.0, 8024580.0, 2, 0.415809800512
18070440.0, 6709552.0, 2, 0.403122967737
16108282.0, 9858360.0, 2, 0.39776106195
16341622.0, 8645504.0, 2, 0.396621985159
17283622.0, 7105926.0, 2, 0.329065998428
18527116.0, 6641648.0, 2, 0.288710522791
18986452.0, 6403850.0, 2, 0.249331232512
16341622.0, 8645504.0, 2, 0.196908814073
15928326.0, 9960962.0, 2, 0.16494215199
16935142.0, 7440498.0, 2, 0.154799490289
18986452.0, 6403850.0, 2, 0.135697503081
17137942.0, 7175528.0, 2, 0.10976142816
17027528.0, 7319250.0, 2, 0.108736870809
15819410.0, 10280052.0, 2, 0.100865389569
15819410.0, 10280052.0, 2, 0.0846956086835
15700856.0, 10538118.0, 2, 0.0768447947342
15700856.0, 10538118.0, 2, 0.0634547861493
16935142.0, 7440498.0, 2, 0.0485148461164
18986452.0, 6403850.0, 2, 0.0
18986452.0, 6403850.0, 2, 0.0
19020118.0, 6732134.0, 3, inf
15748728.0, 10969562.0, 3, inf
16581464.0, 8975212.0, 3, 0.805261791172
17286994.0, 7115580.0, 3, 0.65728199164
16612818.0, 8676578.0, 3, 0.438269449765
17017230.0, 7682524.0, 3, 0.26478839605
17017230.0, 7682524.0, 3, 0.197132419715
17116024.0, 7371024.0, 3, 0.121627512015
17273430.0, 7254836.0, 3, 0.11254498243
17116024.0, 7371024.0, 3, 0.0576188583024
17116024.0, 7371024.0, 3, 0.0
16702982.0, 9238352.0, 4, inf
17875780.0, 7158012.0, 4, inf
17107176.0, 8113266.0, 4, 1.02223992502
17699226.0, 7164810.0, 4, 0.654915259235
Generacion: 282
19185380.0, 6284830.0, 1, inf
15233676.0, 11471140.0, 1, inf
19185380.0, 6284830.0, 1, inf
16192106.0, 9288540.0, 1, 0.324075052484
15377132.0, 10204622.0, 1, 0.278775411169
16316918.0, 8338366.0, 1, 0.22706917845
18911694.0, 6580602.0, 1, 0.210768002339
15341846.0, 11143204.0, 1, 0.209627082295
18275566.0, 6595074.0, 1, 0.163457538375
15435852.0, 9820764.0, 1, 0.152846209745
16767532.0, 7974662.0, 1, 0.137043886441
17852368.0, 6821194.0, 1, 0.133615609631
16815532.0, 7450386.0, 1, 0.124210113513
17442302.0, 6835196.0, 1, 0.107174530354
15641548.0, 9758940.0, 1, 0.0989312555619
15840950.0, 9394448.0, 1, 0.0930803322847
15271074.0, 11152620.0, 1, 0.090604084993
16614680.0, 8167192.0, 1, 0.0869993508052
15736548.0, 9662732.0, 1, 0.0767724792416
17025916.0, 7313618.0, 1, 0.067748513815
17037622.0, 7118450.0, 1, 0.064067462347
16316918.0, 8338366.0, 1, 0.0610731381885
16490244.0, 8185428.0, 1, 0.0609779893616
16906902.0, 7329338.0, 1, 0.0534570426149
15822020.0, 9416326.0, 1, 0.0523011892295
17161722.0, 6955492.0, 1, 0.0487207847063
18952884.0, 6390894.0, 1, 0.0477014045587
16490244.0, 8185428.0, 1, 0.047377258761
17321632.0, 6852856.0, 1, 0.0468988873279
17281742.0, 6937718.0, 1, 0.0467344013239
16726454.0, 8044230.0, 1, 0.041698789133
18063094.0, 6627720.0, 1, 0.0382321496178
18016714.0, 6706106.0, 1, 0.0380520651755
17899764.0, 6742608.0, 1, 0.0380136084039
16815532.0, 7450386.0, 1, 0.0354865670934
18154450.0, 6614188.0, 1, 0.0353019306609
18187530.0, 6607946.0, 1, 0.0343345286551
16726454.0, 8044230.0, 1, 0.0341039661927
17078728.0, 7050656.0, 1, 0.0340738006161
17442302.0, 6835196.0, 1, 0.033235994057
18996838.0, 6318426.0, 1, 0.0330791284139
19072340.0, 6303642.0, 1, 0.0314559630021
17078728.0, 7050656.0, 1, 0.0287511715976
17990104.0, 6729276.0, 1, 0.0273285548687
16906902.0, 7329338.0, 1, 0.0261527278192
15822020.0, 9416326.0, 1, 0.0258475638385
15840950.0, 9394448.0, 1, 0.0252110230034
18275566.0, 6595074.0, 1, 0.0250684076323
17161722.0, 6955492.0, 1, 0.0244291785245
18952884.0, 6390894.0, 1, 0.0243962918452
15720466.0, 9681210.0, 1, 0.0235334667339
19072340.0, 6303642.0, 1, 0.0227334298344
15720466.0, 9681210.0, 1, 0.0190571712845
17899764.0, 6742608.0, 1, 0.0145644270908
18063094.0, 6627720.0, 1, 0.0143458858769
18996838.0, 6318426.0, 1, 0.0139733782741
17281742.0, 6937718.0, 1, 0.0135214789599
17321632.0, 6852856.0, 1, 0.0134994980139
17990104.0, 6729276.0, 1, 0.00930441773787
17025916.0, 7313618.0, 1, 0.00599332316747
17161722.0, 6955492.0, 1, 0.0
17161722.0, 6955492.0, 1, 0.0
17281742.0, 6937718.0, 1, 0.0
17321632.0, 6852856.0, 1, 0.0
17321632.0, 6852856.0, 1, 0.0
17321632.0, 6852856.0, 1, 0.0
17321632.0, 6852856.0, 1, 0.0
17321632.0, 6852856.0, 1, 0.0
17321632.0, 6852856.0, 1, 0.0
17321632.0, 6852856.0, 1, 0.0
17321632.0, 6852856.0, 1, 0.0
17321632.0, 6852856.0, 1, 0.0
17321632.0, 6852856.0, 1, 0.0
17321632.0, 6852856.0, 1, 0.0
17899764.0, 6742608.0, 1, 0.0
18063094.0, 6627720.0, 1, 0.0
18952884.0, 6390894.0, 1, 0.0
18952884.0, 6390894.0, 1, 0.0
18952884.0, 6390894.0, 1, 0.0
18952884.0, 6390894.0, 1, 0.0
18952884.0, 6390894.0, 1, 0.0
18952884.0, 6390894.0, 1, 0.0
18996838.0, 6318426.0, 1, 0.0
18996838.0, 6318426.0, 1, 0.0
18996838.0, 6318426.0, 1, 0.0
18996838.0, 6318426.0, 1, 0.0
18996838.0, 6318426.0, 1, 0.0
18996838.0, 6318426.0, 1, 0.0
18996838.0, 6318426.0, 1, 0.0
18996838.0, 6318426.0, 1, 0.0
18996838.0, 6318426.0, 1, 0.0
18996838.0, 6318426.0, 1, 0.0
18996838.0, 6318426.0, 1, 0.0
19072340.0, 6303642.0, 1, 0.0
19072340.0, 6303642.0, 1, 0.0
19072340.0, 6303642.0, 1, 0.0
19072340.0, 6303642.0, 1, 0.0
15720466.0, 9681210.0, 1, 0.0
15720466.0, 9681210.0, 1, 0.0
15720466.0, 9681210.0, 1, 0.0
15720466.0, 9681210.0, 1, 0.0
16316918.0, 8338366.0, 1, 0.0
16316918.0, 8338366.0, 1, 0.0
16490244.0, 8185428.0, 1, 0.0
16815532.0, 7450386.0, 1, 0.0
16815532.0, 7450386.0, 1, 0.0
16906902.0, 7329338.0, 1, 0.0
16906902.0, 7329338.0, 1, 0.0
17025916.0, 7313618.0, 1, 0.0
17025916.0, 7313618.0, 1, 0.0
17025916.0, 7313618.0, 1, 0.0
17025916.0, 7313618.0, 1, 0.0
17078728.0, 7050656.0, 1, 0.0
17078728.0, 7050656.0, 1, 0.0
17078728.0, 7050656.0, 1, 0.0
17078728.0, 7050656.0, 1, 0.0
17078728.0, 7050656.0, 1, 0.0
17078728.0, 7050656.0, 1, 0.0
17078728.0, 7050656.0, 1, 0.0
17161722.0, 6955492.0, 1, 0.0
17161722.0, 6955492.0, 1, 0.0
17161722.0, 6955492.0, 1, 0.0
17161722.0, 6955492.0, 1, 0.0
17161722.0, 6955492.0, 1, 0.0
17161722.0, 6955492.0, 1, 0.0
17161722.0, 6955492.0, 1, 0.0
17161722.0, 6955492.0, 1, 0.0
17161722.0, 6955492.0, 1, 0.0
17161722.0, 6955492.0, 1, 0.0
17161722.0, 6955492.0, 1, 0.0
17161722.0, 6955492.0, 1, 0.0
17161722.0, 6955492.0, 1, 0.0
17161722.0, 6955492.0, 1, 0.0
17161722.0, 6955492.0, 1, 0.0
15451810.0, 11569732.0, 2, inf
19069244.0, 6371422.0, 2, inf
16489764.0, 9018884.0, 2, 0.712668479762
15601912.0, 9939276.0, 2, 0.559088126304
16847532.0, 8024580.0, 2, 0.401406886684
18070440.0, 6709552.0, 2, 0.277791220133
17699226.0, 7164810.0, 2, 0.245184357099
18527116.0, 6641648.0, 2, 0.228397910922
15601912.0, 9939276.0, 2, 0.21855005826
17037744.0, 7219986.0, 2, 0.201954889094
17825890.0, 7078020.0, 2, 0.190196121879
16994138.0, 7657040.0, 2, 0.1854424044
18836694.0, 6623388.0, 2, 0.172723656957
18986452.0, 6403850.0, 2, 0.11275665289
17027528.0, 7319250.0, 2, 0.0961305719019
17037744.0, 7219986.0, 2, 0.0134383201347
Generacion: 283
15233676.0, 11471140.0, 1, inf
15233676.0, 11471140.0, 1, inf
19185380.0, 6284830.0, 1, inf
15435852.0, 9820764.0, 1, 0.324988340327
15342114.0, 11051446.0, 1, 0.298500196298
16170376.0, 9227326.0, 1, 0.247406840289
16316918.0, 8338366.0, 1, 0.215266181714
18911694.0, 6580602.0, 1, 0.210768002339
16767532.0, 7974662.0, 1, 0.192055253425
16490244.0, 8185428.0, 1, 0.184158003448
18275566.0, 6595074.0, 1, 0.163457538375
16021292.0, 9233508.0, 1, 0.124595458382
17852368.0, 6821194.0, 1, 0.118921996279
16800464.0, 7596510.0, 1, 0.113235101215
15271074.0, 11152620.0, 1, 0.108364251576
17442302.0, 6835196.0, 1, 0.107174530354
15796352.0, 9493096.0, 1, 0.0691400010434
17025916.0, 7313618.0, 1, 0.067748513815
15641548.0, 9758940.0, 1, 0.0670400161534
16316918.0, 8338366.0, 1, 0.0665720318304
15822020.0, 9416326.0, 1, 0.0652292856199
15736548.0, 9662732.0, 1, 0.0554746216841
16906902.0, 7329338.0, 1, 0.0534570426149
17899764.0, 6742608.0, 1, 0.0525780354947
16815532.0, 7450386.0, 1, 0.0512966162486
17037622.0, 7118450.0, 1, 0.0480334744295
18952884.0, 6390894.0, 1, 0.0477014045587
17321632.0, 6852856.0, 1, 0.0468988873279
15822020.0, 9416326.0, 1, 0.0417455361575
18063094.0, 6627720.0, 1, 0.0382321496178
18016714.0, 6706106.0, 1, 0.0380520651755
17161722.0, 6955492.0, 1, 0.0375559808647
18154450.0, 6614188.0, 1, 0.0353019306609
18187530.0, 6607946.0, 1, 0.0343345286551
17078728.0, 7050656.0, 1, 0.0340738006161
17237622.0, 6948220.0, 1, 0.0337988074238
17442302.0, 6835196.0, 1, 0.033235994057
18996838.0, 6318426.0, 1, 0.0330791284139
19113198.0, 6298954.0, 1, 0.0322326230938
15641548.0, 9758940.0, 1, 0.0318912394085
17078728.0, 7050656.0, 1, 0.0287511715976
17281742.0, 6937718.0, 1, 0.027527497163
17990104.0, 6729276.0, 1, 0.0273285548687
16815532.0, 7450386.0, 1, 0.027152946964
16906902.0, 7329338.0, 1, 0.0261527278192
18275566.0, 6595074.0, 1, 0.0250684076323
18952884.0, 6390894.0, 1, 0.0243962918452
15720466.0, 9681210.0, 1, 0.0235334667339
17161722.0, 6955492.0, 1, 0.0224042320789
19072340.0, 6303642.0, 1, 0.0200101063153
15720466.0, 9681210.0, 1, 0.0190571712845
17037622.0, 7118450.0, 1, 0.0160339879176
17852368.0, 6821194.0, 1, 0.0146936133523
18063094.0, 6627720.0, 1, 0.0143458858769
18996838.0, 6318426.0, 1, 0.0139733782741
17321632.0, 6852856.0, 1, 0.0134994980139
19072340.0, 6303642.0, 1, 0.0131899187842
17281742.0, 6937718.0, 1, 0.0121193259841
17990104.0, 6729276.0, 1, 0.00930441773787
17025916.0, 7313618.0, 1, 0.00599332316747
15822020.0, 9416326.0, 1, 0.0
15822020.0, 9416326.0, 1, 0.0
16316918.0, 8338366.0, 1, 0.0
16815532.0, 7450386.0, 1, 0.0
16815532.0, 7450386.0, 1, 0.0
16815532.0, 7450386.0, 1, 0.0
16906902.0, 7329338.0, 1, 0.0
16906902.0, 7329338.0, 1, 0.0
16906902.0, 7329338.0, 1, 0.0
16906902.0, 7329338.0, 1, 0.0
16906902.0, 7329338.0, 1, 0.0
16906902.0, 7329338.0, 1, 0.0
17025916.0, 7313618.0, 1, 0.0
17025916.0, 7313618.0, 1, 0.0
17025916.0, 7313618.0, 1, 0.0
17025916.0, 7313618.0, 1, 0.0
17025916.0, 7313618.0, 1, 0.0
17078728.0, 7050656.0, 1, 0.0
17078728.0, 7050656.0, 1, 0.0
17078728.0, 7050656.0, 1, 0.0
17078728.0, 7050656.0, 1, 0.0
17078728.0, 7050656.0, 1, 0.0
17078728.0, 7050656.0, 1, 0.0
17161722.0, 6955492.0, 1, 0.0
17161722.0, 6955492.0, 1, 0.0
17161722.0, 6955492.0, 1, 0.0
17161722.0, 6955492.0, 1, 0.0
17161722.0, 6955492.0, 1, 0.0
17161722.0, 6955492.0, 1, 0.0
17161722.0, 6955492.0, 1, 0.0
17161722.0, 6955492.0, 1, 0.0
17161722.0, 6955492.0, 1, 0.0
17161722.0, 6955492.0, 1, 0.0
17161722.0, 6955492.0, 1, 0.0
17281742.0, 6937718.0, 1, 0.0
17281742.0, 6937718.0, 1, 0.0
17321632.0, 6852856.0, 1, 0.0
17321632.0, 6852856.0, 1, 0.0
17321632.0, 6852856.0, 1, 0.0
17321632.0, 6852856.0, 1, 0.0
17442302.0, 6835196.0, 1, 0.0
17442302.0, 6835196.0, 1, 0.0
17852368.0, 6821194.0, 1, 0.0
18063094.0, 6627720.0, 1, 0.0
18063094.0, 6627720.0, 1, 0.0
18952884.0, 6390894.0, 1, 0.0
18952884.0, 6390894.0, 1, 0.0
18952884.0, 6390894.0, 1, 0.0
18952884.0, 6390894.0, 1, 0.0
18996838.0, 6318426.0, 1, 0.0
18996838.0, 6318426.0, 1, 0.0
18996838.0, 6318426.0, 1, 0.0
18996838.0, 6318426.0, 1, 0.0
18996838.0, 6318426.0, 1, 0.0
18996838.0, 6318426.0, 1, 0.0
18996838.0, 6318426.0, 1, 0.0
19072340.0, 6303642.0, 1, 0.0
15720466.0, 9681210.0, 1, 0.0
15720466.0, 9681210.0, 1, 0.0
15380238.0, 11673638.0, 2, inf
20311964.0, 6286128.0, 2, inf
15889652.0, 9537728.0, 2, 0.280591466454
16581464.0, 8975212.0, 2, 0.272144128174
20069920.0, 6309786.0, 2, 0.267816605636
16175126.0, 9310760.0, 2, 0.244688994911
19069244.0, 6371422.0, 2, 0.237153113166
16847532.0, 8024580.0, 2, 0.230558097023
16590228.0, 8298046.0, 2, 0.230401368081
15530696.0, 10942778.0, 2, 0.228204571034
17907110.0, 6824440.0, 2, 0.200132210889
15728752.0, 10334822.0, 2, 0.188111778886
16936998.0, 7434730.0, 2, 0.167417045549
15490982.0, 11304532.0, 2, 0.166166400015
18723386.0, 6642056.0, 2, 0.159233907933
15728752.0, 10334822.0, 2, 0.145470946399
17201200.0, 7032946.0, 2, 0.143601279004
18110570.0, 6710048.0, 2, 0.141198753159
18986452.0, 6403850.0, 2, 0.0980091342181
18795066.0, 6599930.0, 2, 0.0975560571459
17037744.0, 7219986.0, 2, 0.0869441014259
17196522.0, 7035450.0, 2, 0.0678611085236
17976154.0, 6801306.0, 2, 0.0624881477425
17027528.0, 7319250.0, 2, 0.0602877433847
18110570.0, 6710048.0, 2, 0.0398756679804
17201200.0, 7032946.0, 2, 0.0396502902004
18110570.0, 6710048.0, 2, 0.0
19020118.0, 6732134.0, 3, inf
15534200.0, 11324480.0, 3, inf
16659292.0, 9368596.0, 3, 0.884933053061
17038268.0, 7413944.0, 3, 0.566000563951
Generacion: 284
19822694.0, 6273594.0, 1, inf
15233676.0, 11471140.0, 1, inf
15601912.0, 9939276.0, 1, 0.306579730935
15358586.0, 11031918.0, 1, 0.270592811604
16767532.0, 7974662.0, 1, 0.212304981068
16313858.0, 8739458.0, 1, 0.202967754861
18952884.0, 6390894.0, 1, 0.187930719845
18154450.0, 6614188.0, 1, 0.176591522462
16490244.0, 8185428.0, 1, 0.168170092961
19185380.0, 6284830.0, 1, 0.141595514322
16170376.0, 9227326.0, 1, 0.134104656046
16815532.0, 7450386.0, 1, 0.120780488349
16316918.0, 8338366.0, 1, 0.114939231346
15695476.0, 9467676.0, 1, 0.105245348368
17852368.0, 6821194.0, 1, 0.1044779431
16001062.0, 9253102.0, 1, 0.103300903021
17442302.0, 6835196.0, 1, 0.0927558727226
17025916.0, 7313618.0, 1, 0.0910608649181
15342114.0, 11051446.0, 1, 0.0843379306526
17078728.0, 7050656.0, 1, 0.0686788423429
15641548.0, 9758940.0, 1, 0.0646758956501
18154450.0, 6614188.0, 1, 0.0628689553926
15822020.0, 9416326.0, 1, 0.0589794495496
18952884.0, 6390894.0, 1, 0.0525395123614
16906902.0, 7329338.0, 1, 0.0492239769225
15822020.0, 9416326.0, 1, 0.0488949811865
17899764.0, 6742608.0, 1, 0.0476991488563
15641548.0, 9758940.0, 1, 0.04644790779
17321632.0, 6852856.0, 1, 0.0426227066957
16147642.0, 9248216.0, 1, 0.0418547387089
18063094.0, 6627720.0, 1, 0.0349888750624
17161722.0, 6955492.0, 1, 0.0348488960894
16815532.0, 7450386.0, 1, 0.0337492065032
17990104.0, 6729276.0, 1, 0.0325076847935
18996838.0, 6318426.0, 1, 0.0303954911749
16316918.0, 8338366.0, 1, 0.0300918495278
17078728.0, 7050656.0, 1, 0.0298177543506
17442302.0, 6835196.0, 1, 0.028989349723
15342114.0, 11051446.0, 1, 0.0273870497645
17281742.0, 6937718.0, 1, 0.0259415779662
16906902.0, 7329338.0, 1, 0.022935082075
18016714.0, 6706106.0, 1, 0.0208799742038
17161722.0, 6955492.0, 1, 0.0194844725384
17237622.0, 6948220.0, 1, 0.0185600551633
19185380.0, 6284830.0, 1, 0.0178910805323
19072340.0, 6303642.0, 1, 0.0173547215501
19113198.0, 6298954.0, 1, 0.0166312552225
18016714.0, 6706106.0, 1, 0.0145646104366
17852368.0, 6821194.0, 1, 0.0130220992132
18063094.0, 6627720.0, 1, 0.0127102737939
18996838.0, 6318426.0, 1, 0.012422503296
17321632.0, 6852856.0, 1, 0.0120902488353
19072340.0, 6303642.0, 1, 0.0117478491543
19113198.0, 6298954.0, 1, 0.0116208661512
17237622.0, 6948220.0, 1, 0.0110133791585
17281742.0, 6937718.0, 1, 0.0107130604468
18952884.0, 6390894.0, 1, 0.0
18952884.0, 6390894.0, 1, 0.0
18952884.0, 6390894.0, 1, 0.0
18952884.0, 6390894.0, 1, 0.0
18952884.0, 6390894.0, 1, 0.0
18952884.0, 6390894.0, 1, 0.0
18952884.0, 6390894.0, 1, 0.0
18952884.0, 6390894.0, 1, 0.0
18996838.0, 6318426.0, 1, 0.0
18996838.0, 6318426.0, 1, 0.0
18996838.0, 6318426.0, 1, 0.0
19185380.0, 6284830.0, 1, 0.0
15342114.0, 11051446.0, 1, 0.0
15822020.0, 9416326.0, 1, 0.0
16316918.0, 8338366.0, 1, 0.0
16815532.0, 7450386.0, 1, 0.0
16906902.0, 7329338.0, 1, 0.0
16906902.0, 7329338.0, 1, 0.0
16906902.0, 7329338.0, 1, 0.0
16906902.0, 7329338.0, 1, 0.0
16906902.0, 7329338.0, 1, 0.0
16906902.0, 7329338.0, 1, 0.0
17078728.0, 7050656.0, 1, 0.0
17078728.0, 7050656.0, 1, 0.0
17161722.0, 6955492.0, 1, 0.0
17161722.0, 6955492.0, 1, 0.0
17161722.0, 6955492.0, 1, 0.0
17161722.0, 6955492.0, 1, 0.0
17161722.0, 6955492.0, 1, 0.0
17161722.0, 6955492.0, 1, 0.0
17161722.0, 6955492.0, 1, 0.0
17161722.0, 6955492.0, 1, 0.0
17161722.0, 6955492.0, 1, 0.0
17161722.0, 6955492.0, 1, 0.0
17161722.0, 6955492.0, 1, 0.0
17161722.0, 6955492.0, 1, 0.0
17161722.0, 6955492.0, 1, 0.0
17161722.0, 6955492.0, 1, 0.0
17237622.0, 6948220.0, 1, 0.0
17281742.0, 6937718.0, 1, 0.0
17281742.0, 6937718.0, 1, 0.0
17281742.0, 6937718.0, 1, 0.0
17321632.0, 6852856.0, 1, 0.0
17852368.0, 6821194.0, 1, 0.0
17852368.0, 6821194.0, 1, 0.0
17852368.0, 6821194.0, 1, 0.0
17852368.0, 6821194.0, 1, 0.0
18016714.0, 6706106.0, 1, 0.0
18063094.0, 6627720.0, 1, 0.0
18063094.0, 6627720.0, 1, 0.0
18952884.0, 6390894.0, 1, 0.0
15380238.0, 11673638.0, 2, inf
19069244.0, 6371422.0, 2, inf
15380238.0, 11673638.0, 2, inf
16505722.0, 8238454.0, 2, 0.602479733162
15796352.0, 9493096.0, 2, 0.47712378951
15464458.0, 11204830.0, 2, 0.379982550935
15720466.0, 9681210.0, 2, 0.291714764556
16905740.0, 7893144.0, 2, 0.266900152606
18110570.0, 6710048.0, 2, 0.26226319996
17907110.0, 6824440.0, 2, 0.128214755948
17027528.0, 7319250.0, 2, 0.12281394804
17727118.0, 6976480.0, 2, 0.11215280257
17157642.0, 7100676.0, 2, 0.101075310207
17321958.0, 7020276.0, 2, 0.0889659213578
15451810.0, 11569732.0, 2, 0.0880176988392
18110570.0, 6710048.0, 2, 0.0874540054713
16935142.0, 7440498.0, 2, 0.0858723282231
17569902.0, 7008958.0, 2, 0.0834024496498
18023550.0, 6722720.0, 2, 0.0767274440283
15720466.0, 9681210.0, 2, 0.0728825138602
15461200.0, 11323316.0, 2, 0.0722492249879
15736548.0, 9662732.0, 2, 0.0560492265321
17607792.0, 6988888.0, 2, 0.0487428056382
16936998.0, 7434730.0, 2, 0.0479110224932
17201200.0, 7032946.0, 2, 0.0400858101906
17258066.0, 7032472.0, 2, 0.0351241301141
16935142.0, 7440498.0, 2, 0.00905801570147
15720466.0, 9681210.0, 2, 0.0
15720466.0, 9681210.0, 2, 0.0
15720466.0, 9681210.0, 2, 0.0
16935142.0, 7440498.0, 2, 0.0
15728752.0, 10334822.0, 3, inf
19400102.0, 6709570.0, 3, inf
16530106.0, 9513378.0, 3, 0.796478474633
17843582.0, 7093390.0, 3, 0.608176582523
16590228.0, 8298046.0, 3, 0.547090862905
18902972.0, 6801434.0, 3, 0.529837956212
17195710.0, 7320402.0, 3, 0.478209393723
16995516.0, 7989602.0, 3, 0.434596955108
17875780.0, 7158012.0, 4, inf
15801060.0, 10871218.0, 4, inf
16313232.0, 10346160.0, 4, 0.818331313825
16821628.0, 9231848.0, 4, 0.796573349627
Generacion: 285
19822694.0, 6273594.0, 1, inf
15210744.0, 11489998.0, 1, inf
16243208.0, 9113384.0, 1, 0.243844015487
15601912.0, 9939276.0, 1, 0.218056882836
15358586.0, 11031918.0, 1, 0.213034278515
18754666.0, 6586582.0, 1, 0.186003429737
16316918.0, 8338366.0, 1, 0.175413505312
16815532.0, 7450386.0, 1, 0.153929831697
16440704.0, 8320016.0, 1, 0.145185618084
19185380.0, 6284830.0, 1, 0.140895146927
16726454.0, 8044230.0, 1, 0.137070847318
17321632.0, 6852856.0, 1, 0.131346732708
17852368.0, 6821194.0, 1, 0.130143605036
18275566.0, 6595074.0, 1, 0.110140640035
16767532.0, 7974662.0, 1, 0.1094121138
15342114.0, 11051446.0, 1, 0.0876433003622
15601912.0, 9939276.0, 1, 0.0873308374635
16001062.0, 9253102.0, 1, 0.0837945596316
17025916.0, 7313618.0, 1, 0.0762161596758
17078728.0, 7050656.0, 1, 0.0684060142926
16001062.0, 9253102.0, 1, 0.0656056746933
18063094.0, 6627720.0, 1, 0.0610967105816
15676932.0, 9491134.0, 1, 0.0599205095979
15660122.0, 9740258.0, 1, 0.0590114411816
15822020.0, 9416326.0, 1, 0.0587288065336
18952884.0, 6390894.0, 1, 0.0568715459257
15358586.0, 11031918.0, 1, 0.0565034705647
15641548.0, 9758940.0, 1, 0.0507738955708
16906902.0, 7329338.0, 1, 0.0490108281869
15822020.0, 9416326.0, 1, 0.0486652690038
18275566.0, 6595074.0, 1, 0.0476978250659
17899764.0, 6742608.0, 1, 0.0474859756938
18952884.0, 6390894.0, 1, 0.0470444244759
15695476.0, 9467676.0, 1, 0.0458000579587
17161722.0, 6955492.0, 1, 0.0347004658264
17990104.0, 6729276.0, 1, 0.0323555781074
15342114.0, 11051446.0, 1, 0.0322282724381
18996838.0, 6318426.0, 1, 0.0302632782732
17078728.0, 7050656.0, 1, 0.0296943404347
17281742.0, 6937718.0, 1, 0.0258347475387
16767532.0, 7974662.0, 1, 0.0237441354532
16906902.0, 7329338.0, 1, 0.0228251467161
18016714.0, 6706106.0, 1, 0.020796620598
16316918.0, 8338366.0, 1, 0.0195001425732
17161722.0, 6955492.0, 1, 0.0193894887321
17237622.0, 6948220.0, 1, 0.0184705112446
19185380.0, 6284830.0, 1, 0.017805054616
19072340.0, 6303642.0, 1, 0.0172696527795
19113198.0, 6298954.0, 1, 0.0165497837436
17852368.0, 6821194.0, 1, 0.0163464795605
18063094.0, 6627720.0, 1, 0.0163148179854
17321632.0, 6852856.0, 1, 0.0147189684209
18016714.0, 6706106.0, 1, 0.0144982408951
17025916.0, 7313618.0, 1, 0.0144646918109
18996838.0, 6318426.0, 1, 0.0123645952296
19072340.0, 6303642.0, 1, 0.0116932956708
19113198.0, 6298954.0, 1, 0.0115667717283
17237622.0, 6948220.0, 1, 0.0109605161716
17281742.0, 6937718.0, 1, 0.0106625341417
15601912.0, 9939276.0, 1, 0.0
15822020.0, 9416326.0, 1, 0.0
15822020.0, 9416326.0, 1, 0.0
15822020.0, 9416326.0, 1, 0.0
16316918.0, 8338366.0, 1, 0.0
16316918.0, 8338366.0, 1, 0.0
16906902.0, 7329338.0, 1, 0.0
16906902.0, 7329338.0, 1, 0.0
16906902.0, 7329338.0, 1, 0.0
16906902.0, 7329338.0, 1, 0.0
17078728.0, 7050656.0, 1, 0.0
17078728.0, 7050656.0, 1, 0.0
17078728.0, 7050656.0, 1, 0.0
17078728.0, 7050656.0, 1, 0.0
17161722.0, 6955492.0, 1, 0.0
17161722.0, 6955492.0, 1, 0.0
17161722.0, 6955492.0, 1, 0.0
17161722.0, 6955492.0, 1, 0.0
17161722.0, 6955492.0, 1, 0.0
17161722.0, 6955492.0, 1, 0.0
17161722.0, 6955492.0, 1, 0.0
17161722.0, 6955492.0, 1, 0.0
17237622.0, 6948220.0, 1, 0.0
17237622.0, 6948220.0, 1, 0.0
17237622.0, 6948220.0, 1, 0.0
17281742.0, 6937718.0, 1, 0.0
17281742.0, 6937718.0, 1, 0.0
17281742.0, 6937718.0, 1, 0.0
17281742.0, 6937718.0, 1, 0.0
17321632.0, 6852856.0, 1, 0.0
17321632.0, 6852856.0, 1, 0.0
17321632.0, 6852856.0, 1, 0.0
18016714.0, 6706106.0, 1, 0.0
18016714.0, 6706106.0, 1, 0.0
18016714.0, 6706106.0, 1, 0.0
18275566.0, 6595074.0, 1, 0.0
18952884.0, 6390894.0, 1, 0.0
18952884.0, 6390894.0, 1, 0.0
18952884.0, 6390894.0, 1, 0.0
18952884.0, 6390894.0, 1, 0.0
18952884.0, 6390894.0, 1, 0.0
18952884.0, 6390894.0, 1, 0.0
18952884.0, 6390894.0, 1, 0.0
18952884.0, 6390894.0, 1, 0.0
18952884.0, 6390894.0, 1, 0.0
18996838.0, 6318426.0, 1, 0.0
18996838.0, 6318426.0, 1, 0.0
18996838.0, 6318426.0, 1, 0.0
18996838.0, 6318426.0, 1, 0.0
19072340.0, 6303642.0, 1, 0.0
19113198.0, 6298954.0, 1, 0.0
19185380.0, 6284830.0, 1, 0.0
19185380.0, 6284830.0, 1, 0.0
19185380.0, 6284830.0, 1, 0.0
19185380.0, 6284830.0, 1, 0.0
15342114.0, 11051446.0, 1, 0.0
15601912.0, 9939276.0, 1, 0.0
15354938.0, 11692880.0, 2, inf
19802394.0, 6290512.0, 2, inf
16581464.0, 8975212.0, 2, 0.458773830142
16935142.0, 7440498.0, 2, 0.40682165178
15464458.0, 11204830.0, 2, 0.335433183475
16050924.0, 10149394.0, 2, 0.255778590528
17137942.0, 7175528.0, 2, 0.253769653244
18527116.0, 6641648.0, 2, 0.253618482224
17835610.0, 6929878.0, 2, 0.25040863091
16483306.0, 9869576.0, 2, 0.241468025419
15728752.0, 10334822.0, 2, 0.233481587622
16508114.0, 9400248.0, 2, 0.187620961027
18986452.0, 6403850.0, 2, 0.171916120325
19069244.0, 6371422.0, 2, 0.170849602594
18110570.0, 6710048.0, 2, 0.160767199842
18011268.0, 6883566.0, 2, 0.102515523305
17027528.0, 7319250.0, 2, 0.0946461125446
15728752.0, 10334822.0, 2, 0.0937493500643
19069244.0, 6371422.0, 2, 0.0335923518231
15728752.0, 10334822.0, 2, 0.0
19069244.0, 6371422.0, 2, 0.0
19688674.0, 6390112.0, 3, inf
15820024.0, 10851486.0, 3, inf
16659292.0, 9368596.0, 3, 0.57086891992
17063678.0, 7768634.0, 3, 0.565807948394
19297114.0, 6830164.0, 3, 0.546030316617
18132012.0, 7030996.0, 3, 0.42018851851
17116024.0, 7371024.0, 3, 0.367482594731
17862592.0, 7050474.0, 3, 0.33883679277
16313232.0, 10346160.0, 3, 0.30238890167
16529244.0, 9699178.0, 3, 0.246936040549
16449700.0, 10228566.0, 3, 0.200855084704
18195414.0, 7301802.0, 4, inf
16308400.0, 12050758.0, 4, inf
Generacion: 286
15210744.0, 11489998.0, 1, inf
19185380.0, 6284830.0, 1, inf
19185380.0, 6284830.0, 1, inf
15270750.0, 10692458.0, 1, 0.396335739112
16726454.0, 8044230.0, 1, 0.26137548402
18952884.0, 6390894.0, 1, 0.18433238746
18275566.0, 6595074.0, 1, 0.174082189964
16301142.0, 8992020.0, 1, 0.161598566848
16001062.0, 9253102.0, 1, 0.161043826238
15601912.0, 9939276.0, 1, 0.159344250146
16316918.0, 8338366.0, 1, 0.15672187121
16815532.0, 7450386.0, 1, 0.137075652534
16284354.0, 9136868.0, 1, 0.125656964856
15601912.0, 9939276.0, 1, 0.121553517572
17442302.0, 6835196.0, 1, 0.118488101363
17899764.0, 6742608.0, 1, 0.117656620036
17025916.0, 7313618.0, 1, 0.0967701076948
16440704.0, 8320016.0, 1, 0.0841270961711
15676932.0, 9491134.0, 1, 0.0835420395389
15840950.0, 9394448.0, 1, 0.0764042032345
16440704.0, 8320016.0, 1, 0.0754187184023
17078728.0, 7050656.0, 1, 0.0714003126902
18275566.0, 6595074.0, 1, 0.0696986239838
15660122.0, 9740258.0, 1, 0.0625062614394
16906902.0, 7329338.0, 1, 0.053198720214
15747256.0, 9419518.0, 1, 0.0508753389117
18952884.0, 6390894.0, 1, 0.0502850223357
17442302.0, 6835196.0, 1, 0.0481477192132
17321632.0, 6852856.0, 1, 0.0466634251424
16815532.0, 7450386.0, 1, 0.0456669613309
15660122.0, 9740258.0, 1, 0.0424640110113
17899764.0, 6742608.0, 1, 0.0405168317559
18063094.0, 6627720.0, 1, 0.0380440104536
17161722.0, 6955492.0, 1, 0.0373786874358
17990104.0, 6729276.0, 1, 0.0364367239726
18154450.0, 6614188.0, 1, 0.0330719483414
18996838.0, 6318426.0, 1, 0.0329182705449
17078728.0, 7050656.0, 1, 0.0315698536206
17281742.0, 6937718.0, 1, 0.0274037998585
18154450.0, 6614188.0, 1, 0.0266568659849
16906902.0, 7329338.0, 1, 0.026008344044
15822020.0, 9416326.0, 1, 0.0230134063872
17161722.0, 6955492.0, 1, 0.0222779788866
18016714.0, 6706106.0, 1, 0.0217542168725
17237622.0, 6948220.0, 1, 0.0211136984864
19072340.0, 6303642.0, 1, 0.0198965967007
19113198.0, 6298954.0, 1, 0.0190613000849
18016714.0, 6706106.0, 1, 0.0161203383635
18063094.0, 6627720.0, 1, 0.0142687170518
18996838.0, 6318426.0, 1, 0.0138988768741
17321632.0, 6852856.0, 1, 0.0134289211013
19072340.0, 6303642.0, 1, 0.0131199376203
19113198.0, 6298954.0, 1, 0.0129931405602
17237622.0, 6948220.0, 1, 0.0124974606203
17281742.0, 6937718.0, 1, 0.0120537493489
16316918.0, 8338366.0, 1, 0.0074945110032
15822020.0, 9416326.0, 1, 0.00537593697341
18952884.0, 6390894.0, 1, 0.0
18952884.0, 6390894.0, 1, 0.0
18996838.0, 6318426.0, 1, 0.0
18996838.0, 6318426.0, 1, 0.0
18996838.0, 6318426.0, 1, 0.0
18996838.0, 6318426.0, 1, 0.0
18996838.0, 6318426.0, 1, 0.0
18996838.0, 6318426.0, 1, 0.0
19072340.0, 6303642.0, 1, 0.0
19072340.0, 6303642.0, 1, 0.0
19113198.0, 6298954.0, 1, 0.0
19113198.0, 6298954.0, 1, 0.0
15601912.0, 9939276.0, 1, 0.0
15601912.0, 9939276.0, 1, 0.0
15601912.0, 9939276.0, 1, 0.0
15601912.0, 9939276.0, 1, 0.0
15822020.0, 9416326.0, 1, 0.0
15822020.0, 9416326.0, 1, 0.0
16316918.0, 8338366.0, 1, 0.0
16440704.0, 8320016.0, 1, 0.0
16906902.0, 7329338.0, 1, 0.0
16906902.0, 7329338.0, 1, 0.0
16906902.0, 7329338.0, 1, 0.0
16906902.0, 7329338.0, 1, 0.0
16906902.0, 7329338.0, 1, 0.0
16906902.0, 7329338.0, 1, 0.0
17078728.0, 7050656.0, 1, 0.0
17078728.0, 7050656.0, 1, 0.0
17078728.0, 7050656.0, 1, 0.0
17161722.0, 6955492.0, 1, 0.0
17161722.0, 6955492.0, 1, 0.0
17161722.0, 6955492.0, 1, 0.0
17161722.0, 6955492.0, 1, 0.0
17281742.0, 6937718.0, 1, 0.0
17321632.0, 6852856.0, 1, 0.0
17321632.0, 6852856.0, 1, 0.0
17321632.0, 6852856.0, 1, 0.0
17442302.0, 6835196.0, 1, 0.0
18016714.0, 6706106.0, 1, 0.0
18016714.0, 6706106.0, 1, 0.0
18063094.0, 6627720.0, 1, 0.0
18063094.0, 6627720.0, 1, 0.0
18063094.0, 6627720.0, 1, 0.0
18275566.0, 6595074.0, 1, 0.0
18275566.0, 6595074.0, 1, 0.0
18952884.0, 6390894.0, 1, 0.0
18952884.0, 6390894.0, 1, 0.0
18952884.0, 6390894.0, 1, 0.0
19802394.0, 6290512.0, 2, inf
15221580.0, 11641518.0, 2, inf
16935142.0, 7440498.0, 2, 0.448144839153
16417138.0, 8515082.0, 2, 0.421092923246
17201200.0, 7032946.0, 2, 0.371740328419
18986452.0, 6403850.0, 2, 0.316192706904
16375906.0, 9040506.0, 2, 0.306263998679
15889652.0, 9537728.0, 2, 0.252973840423
18023550.0, 6722720.0, 2, 0.250192780089
15665660.0, 10890880.0, 2, 0.24818976568
15707848.0, 10111838.0, 2, 0.247873424739
15728016.0, 9637348.0, 2, 0.146978248585
18639710.0, 6624290.0, 2, 0.144713749397
18527116.0, 6641648.0, 2, 0.14020649921
18070440.0, 6709552.0, 2, 0.125080166575
15342114.0, 11051446.0, 2, 0.113868963771
15358586.0, 11031918.0, 2, 0.0706842180766
15342114.0, 11051446.0, 2, 0.0299621979291
15358586.0, 11031918.0, 2, 0.0299531542948
15358586.0, 11031918.0, 2, 0.0
15358586.0, 11031918.0, 2, 0.0
15358586.0, 11031918.0, 2, 0.0
15358586.0, 11031918.0, 2, 0.0
20229124.0, 6568042.0, 3, inf
15451810.0, 11569732.0, 3, inf
15928326.0, 9960962.0, 3, 0.581297044264
19857586.0, 6699796.0, 3, 0.471852929395
18110570.0, 6710048.0, 3, 0.43925954257
17197334.0, 7988640.0, 3, 0.391826241781
17091434.0, 9155154.0, 3, 0.388522320776
16426444.0, 9682674.0, 3, 0.271440905735
16659292.0, 9368596.0, 3, 0.244665817051
17242506.0, 7353528.0, 3, 0.222581319123
17699226.0, 7164810.0, 3, 0.17719846358
17825890.0, 7078020.0, 3, 0.100083176938
17825890.0, 7078020.0, 3, 0.0769421054095
18110570.0, 6710048.0, 3, 0.06163967763
17242506.0, 7353528.0, 3, 0.0471863694703
17825890.0, 7078020.0, 3, 0.0
16681098.0, 10372400.0, 4, inf
19424604.0, 6850694.0, 4, inf
17857754.0, 7395256.0, 4, 0.935469135877
17294556.0, 9047014.0, 4, 0.709274419573
16850036.0, 9600604.0, 4, 0.493998099188
17441522.0, 7862010.0, 4, 0.464579484569
Generacion: 287
19185380.0, 6284830.0, 1, inf
15210744.0, 11489998.0, 1, inf
19185380.0, 6284830.0, 1, inf
15270750.0, 10692458.0, 1, 0.396335739112
16726454.0, 8044230.0, 1, 0.18598075982
18952884.0, 6390894.0, 1, 0.18433238746
18275566.0, 6595074.0, 1, 0.174082189964
16440704.0, 8320016.0, 1, 0.159545814573
15601912.0, 9939276.0, 1, 0.15690830381
16316918.0, 8338366.0, 1, 0.15672187121
16815532.0, 7450386.0, 1, 0.137075652534
16301142.0, 8992020.0, 1, 0.129801670216
16284354.0, 9136868.0, 1, 0.125656964856
17442302.0, 6835196.0, 1, 0.118488101363
17899764.0, 6742608.0, 1, 0.117656620036
15601912.0, 9939276.0, 1, 0.117522139527
16001062.0, 9253102.0, 1, 0.0984298897354
15747256.0, 9419518.0, 1, 0.0918042971404
17025916.0, 7313618.0, 1, 0.0804627777814
16726454.0, 8044230.0, 1, 0.0753947242004
17078728.0, 7050656.0, 1, 0.0714003126902
18275566.0, 6595074.0, 1, 0.0696986239838
15660122.0, 9740258.0, 1, 0.0640554752347
16001062.0, 9253102.0, 1, 0.0626139365027
16906902.0, 7329338.0, 1, 0.053198720214
15650440.0, 9761242.0, 1, 0.0528800591727
18952884.0, 6390894.0, 1, 0.0502850223357
17442302.0, 6835196.0, 1, 0.0481477192132
17321632.0, 6852856.0, 1, 0.0466634251424
15840950.0, 9394448.0, 1, 0.0460547791592
16815532.0, 7450386.0, 1, 0.0456669613309
15840950.0, 9394448.0, 1, 0.0415106791246
17899764.0, 6742608.0, 1, 0.0405168317559
18063094.0, 6627720.0, 1, 0.0380440104536
17161722.0, 6955492.0, 1, 0.0373786874358
17990104.0, 6729276.0, 1, 0.0364367239726
18154450.0, 6614188.0, 1, 0.0330719483414
18996838.0, 6318426.0, 1, 0.0329182705449
16301142.0, 8992020.0, 1, 0.0317968966322
17078728.0, 7050656.0, 1, 0.0315698536206
15765830.0, 9400836.0, 1, 0.0283893433606
17281742.0, 6937718.0, 1, 0.0274037998585
18154450.0, 6614188.0, 1, 0.0266568659849
16906902.0, 7329338.0, 1, 0.026008344044
15660122.0, 9740258.0, 1, 0.0259538886858
17161722.0, 6955492.0, 1, 0.0222779788866
18016714.0, 6706106.0, 1, 0.0217542168725
17237622.0, 6948220.0, 1, 0.0211136984864
19072340.0, 6303642.0, 1, 0.0198965967007
19113198.0, 6298954.0, 1, 0.0190613000849
17025916.0, 7313618.0, 1, 0.0163073299134
18016714.0, 6706106.0, 1, 0.0161203383635
18063094.0, 6627720.0, 1, 0.0142687170518
18996838.0, 6318426.0, 1, 0.0138988768741
17321632.0, 6852856.0, 1, 0.0134289211013
19072340.0, 6303642.0, 1, 0.0131199376203
19113198.0, 6298954.0, 1, 0.0129931405602
17237622.0, 6948220.0, 1, 0.0124974606203
17281742.0, 6937718.0, 1, 0.0120537493489
16316918.0, 8338366.0, 1, 0.0074945110032
17899764.0, 6742608.0, 1, 0.0
18063094.0, 6627720.0, 1, 0.0
18063094.0, 6627720.0, 1, 0.0
18063094.0, 6627720.0, 1, 0.0
18063094.0, 6627720.0, 1, 0.0
18063094.0, 6627720.0, 1, 0.0
18154450.0, 6614188.0, 1, 0.0
18275566.0, 6595074.0, 1, 0.0
18275566.0, 6595074.0, 1, 0.0
18275566.0, 6595074.0, 1, 0.0
18952884.0, 6390894.0, 1, 0.0
18996838.0, 6318426.0, 1, 0.0
18996838.0, 6318426.0, 1, 0.0
18996838.0, 6318426.0, 1, 0.0
18996838.0, 6318426.0, 1, 0.0
18996838.0, 6318426.0, 1, 0.0
18996838.0, 6318426.0, 1, 0.0
19072340.0, 6303642.0, 1, 0.0
19185380.0, 6284830.0, 1, 0.0
15601912.0, 9939276.0, 1, 0.0
16001062.0, 9253102.0, 1, 0.0
16906902.0, 7329338.0, 1, 0.0
16906902.0, 7329338.0, 1, 0.0
16906902.0, 7329338.0, 1, 0.0
16906902.0, 7329338.0, 1, 0.0
17078728.0, 7050656.0, 1, 0.0
17078728.0, 7050656.0, 1, 0.0
17078728.0, 7050656.0, 1, 0.0
17161722.0, 6955492.0, 1, 0.0
17161722.0, 6955492.0, 1, 0.0
17161722.0, 6955492.0, 1, 0.0
17161722.0, 6955492.0, 1, 0.0
17281742.0, 6937718.0, 1, 0.0
17281742.0, 6937718.0, 1, 0.0
17321632.0, 6852856.0, 1, 0.0
17321632.0, 6852856.0, 1, 0.0
17321632.0, 6852856.0, 1, 0.0
17321632.0, 6852856.0, 1, 0.0
17321632.0, 6852856.0, 1, 0.0
17321632.0, 6852856.0, 1, 0.0
17442302.0, 6835196.0, 1, 0.0
17442302.0, 6835196.0, 1, 0.0
17442302.0, 6835196.0, 1, 0.0
17442302.0, 6835196.0, 1, 0.0
17899764.0, 6742608.0, 1, 0.0
15221580.0, 11641518.0, 2, inf
19802394.0, 6290512.0, 2, inf
18141150.0, 6686332.0, 2, 0.456399206115
16847532.0, 8024580.0, 2, 0.315383369458
15822020.0, 9416326.0, 2, 0.301206818418
15665660.0, 10890880.0, 2, 0.293032544423
16417138.0, 8515082.0, 2, 0.292813820798
17797026.0, 6835930.0, 2, 0.250192780089
17201200.0, 7032946.0, 2, 0.248662737663
15688982.0, 9849846.0, 2, 0.22359164843
16375906.0, 9040506.0, 2, 0.219105947609
16936998.0, 7434730.0, 2, 0.180749323977
15286832.0, 11456818.0, 2, 0.136585887007
17116024.0, 7371024.0, 2, 0.102261969607
15358586.0, 11031918.0, 2, 0.100637372371
15342114.0, 11051446.0, 2, 0.0950696577918
15688982.0, 9849846.0, 2, 0.0861077764391
16375906.0, 9040506.0, 2, 0.0792345427869
18070440.0, 6709552.0, 2, 0.0640261427789
18070440.0, 6709552.0, 2, 0.0390537362587
17116024.0, 7371024.0, 2, 0.0304995000879
17116024.0, 7371024.0, 2, 0.0
17116024.0, 7371024.0, 2, 0.0
17116024.0, 7371024.0, 2, 0.0
15451810.0, 11569732.0, 3, inf
20229124.0, 6568042.0, 3, inf
17825890.0, 7078020.0, 3, 0.683606241604
15928326.0, 9960962.0, 3, 0.559108408656
19887502.0, 6604142.0, 3, 0.535668228088
16445090.0, 8782392.0, 3, 0.496018079624
17197334.0, 7988640.0, 3, 0.400258664169
16292088.0, 9521806.0, 3, 0.206087227137
17556066.0, 7582392.0, 3, 0.199926121957
16172762.0, 9528058.0, 3, 0.163945146887
17243944.0, 7616796.0, 3, 0.113707345056
19915878.0, 6586922.0, 3, 0.0787267809177
17365684.0, 7596168.0, 3, 0.0439754697201
17365684.0, 7596168.0, 3, 0.0282372077963
17843582.0, 7093390.0, 4, inf
16240046.0, 10196948.0, 4, inf
16240046.0, 10196948.0, 4, inf
16388688.0, 9555970.0, 4, 1.38406079296
17310212.0, 7972684.0, 4, 1.17113746847
17442182.0, 7600402.0, 4, 0.529636086979
17349052.0, 7780010.0, 4, 0.202252660714
Generacion: 288
19185380.0, 6284830.0, 1, inf
15221580.0, 11641518.0, 1, inf
19185380.0, 6284830.0, 1, inf
15363838.0, 10668164.0, 1, 0.207015545688
15223184.0, 11443200.0, 1, 0.189577672934
18952884.0, 6390894.0, 1, 0.184404435801
16820346.0, 8037606.0, 1, 0.178981830256
18275566.0, 6595074.0, 1, 0.173278904503
15270750.0, 10692458.0, 1, 0.169287470008
16906902.0, 7329338.0, 1, 0.162246481449
16316918.0, 8338366.0, 1, 0.153254897703
15601912.0, 9939276.0, 1, 0.148313443954
16301142.0, 8992020.0, 1, 0.141817892809
16222690.0, 9003398.0, 1, 0.12444457641
16490244.0, 8185428.0, 1, 0.123574338423
17442302.0, 6835196.0, 1, 0.118706773394
17899764.0, 6742608.0, 1, 0.117898811459
16726454.0, 8044230.0, 1, 0.110874959614
15601912.0, 9939276.0, 1, 0.0932978969353
16001062.0, 9253102.0, 1, 0.0870089330228
15840950.0, 9394448.0, 1, 0.0869244279143
16001062.0, 9253102.0, 1, 0.0822998398497
15720466.0, 9681210.0, 1, 0.0818589916769
17025916.0, 7313618.0, 1, 0.0791156364192
17078728.0, 7050656.0, 1, 0.0700283969015
15747256.0, 9419518.0, 1, 0.0637854974826
18275566.0, 6595074.0, 1, 0.0603268368781
16440704.0, 8320016.0, 1, 0.0563543502009
15650440.0, 9761242.0, 1, 0.0518385841157
18952884.0, 6390894.0, 1, 0.0492056905034
17442302.0, 6835196.0, 1, 0.0477275701413
17321632.0, 6852856.0, 1, 0.046285261013
17899764.0, 6742608.0, 1, 0.040075821819
18063094.0, 6627720.0, 1, 0.0376808764022
17161722.0, 6955492.0, 1, 0.0369137471152
17990104.0, 6729276.0, 1, 0.0363188011135
18187530.0, 6607946.0, 1, 0.0341237771589
18996838.0, 6318426.0, 1, 0.0325763920048
17078728.0, 7050656.0, 1, 0.0310890334566
15334766.0, 10687172.0, 1, 0.0280198001164
17281742.0, 6937718.0, 1, 0.0269729849143
16906902.0, 7329338.0, 1, 0.0247712705952
18154450.0, 6614188.0, 1, 0.0242128528772
15765830.0, 9400836.0, 1, 0.0224391139635
17161722.0, 6955492.0, 1, 0.0222955440641
18016714.0, 6706106.0, 1, 0.0213465507551
17237622.0, 6948220.0, 1, 0.0211088318392
19072340.0, 6303642.0, 1, 0.0199230509852
15660122.0, 9740258.0, 1, 0.0191411211074
19113198.0, 6298954.0, 1, 0.0190854708853
17025916.0, 7313618.0, 1, 0.0162582275557
18016714.0, 6706106.0, 1, 0.0160263270072
16440704.0, 8320016.0, 1, 0.0159237320679
18063094.0, 6627720.0, 1, 0.0142270809059
18996838.0, 6318426.0, 1, 0.013848768465
15660122.0, 9740258.0, 1, 0.0134658348595
17321632.0, 6852856.0, 1, 0.0133603886117
19072340.0, 6303642.0, 1, 0.0130676997935
19113198.0, 6298954.0, 1, 0.0129444893321
17237622.0, 6948220.0, 1, 0.0124882884004
17281742.0, 6937718.0, 1, 0.0120241151532
18154450.0, 6614188.0, 1, 0.010871714843
16316918.0, 8338366.0, 1, 0.00740564336519
16301142.0, 8992020.0, 1, 0.00610409285487
15765830.0, 9400836.0, 1, 0.00587843538277
19185380.0, 6284830.0, 1, 0.0
15601912.0, 9939276.0, 1, 0.0
15601912.0, 9939276.0, 1, 0.0
15601912.0, 9939276.0, 1, 0.0
15660122.0, 9740258.0, 1, 0.0
15660122.0, 9740258.0, 1, 0.0
16001062.0, 9253102.0, 1, 0.0
16001062.0, 9253102.0, 1, 0.0
16001062.0, 9253102.0, 1, 0.0
16301142.0, 8992020.0, 1, 0.0
16301142.0, 8992020.0, 1, 0.0
16440704.0, 8320016.0, 1, 0.0
16906902.0, 7329338.0, 1, 0.0
16906902.0, 7329338.0, 1, 0.0
17025916.0, 7313618.0, 1, 0.0
17078728.0, 7050656.0, 1, 0.0
17161722.0, 6955492.0, 1, 0.0
17237622.0, 6948220.0, 1, 0.0
17237622.0, 6948220.0, 1, 0.0
17237622.0, 6948220.0, 1, 0.0
17281742.0, 6937718.0, 1, 0.0
17321632.0, 6852856.0, 1, 0.0
17321632.0, 6852856.0, 1, 0.0
17321632.0, 6852856.0, 1, 0.0
17321632.0, 6852856.0, 1, 0.0
17442302.0, 6835196.0, 1, 0.0
17442302.0, 6835196.0, 1, 0.0
17442302.0, 6835196.0, 1, 0.0
17442302.0, 6835196.0, 1, 0.0
17899764.0, 6742608.0, 1, 0.0
17899764.0, 6742608.0, 1, 0.0
18063094.0, 6627720.0, 1, 0.0
18154450.0, 6614188.0, 1, 0.0
18154450.0, 6614188.0, 1, 0.0
18154450.0, 6614188.0, 1, 0.0
18275566.0, 6595074.0, 1, 0.0
18952884.0, 6390894.0, 1, 0.0
18952884.0, 6390894.0, 1, 0.0
18952884.0, 6390894.0, 1, 0.0
18996838.0, 6318426.0, 1, 0.0
18996838.0, 6318426.0, 1, 0.0
18996838.0, 6318426.0, 1, 0.0
18996838.0, 6318426.0, 1, 0.0
19072340.0, 6303642.0, 1, 0.0
19072340.0, 6303642.0, 1, 0.0
19072340.0, 6303642.0, 1, 0.0
19072340.0, 6303642.0, 1, 0.0
19072340.0, 6303642.0, 1, 0.0
19072340.0, 6303642.0, 1, 0.0
19072340.0, 6303642.0, 1, 0.0
19072340.0, 6303642.0, 1, 0.0
19113198.0, 6298954.0, 1, 0.0
19185380.0, 6284830.0, 1, 0.0
19185380.0, 6284830.0, 1, 0.0
15233676.0, 11471140.0, 2, inf
19069244.0, 6371422.0, 2, inf
15233676.0, 11471140.0, 2, inf
16531386.0, 8631374.0, 2, 0.392497013273
15637058.0, 10193894.0, 2, 0.358050097441
18110570.0, 6710048.0, 2, 0.341516576986
16930608.0, 7776406.0, 2, 0.338784296717
17360744.0, 6930624.0, 2, 0.314086591832
15822020.0, 9416326.0, 2, 0.296880561093
18023550.0, 6722720.0, 2, 0.238745406487
16375906.0, 9040506.0, 2, 0.224634213354
15286832.0, 11456818.0, 2, 0.198268510764
15438586.0, 10732472.0, 2, 0.193781620414
17117732.0, 7120110.0, 2, 0.150160521988
15438586.0, 10732472.0, 2, 0.145174304352
15822020.0, 9416326.0, 2, 0.121917115638
16375906.0, 9040506.0, 2, 0.114230639997
16935142.0, 7440498.0, 2, 0.101935456611
17116024.0, 7371024.0, 2, 0.0755436656327
17057258.0, 7424956.0, 2, 0.0607822231997
15451810.0, 11569732.0, 3, inf
18092548.0, 6988432.0, 3, inf
18092548.0, 6988432.0, 3, inf
17035242.0, 7470154.0, 3, 0.795361976671
16581464.0, 8975212.0, 3, 0.700127484805
15891578.0, 9734782.0, 3, 0.576512687417
15648832.0, 10913604.0, 3, 0.56706265168
16388688.0, 9555970.0, 3, 0.427045341637
17653546.0, 7191328.0, 3, 0.318088879824
17825890.0, 7078020.0, 3, 0.119922994503
17825890.0, 7078020.0, 3, 0.0675205274771
Generacion: 289
19185380.0, 6284830.0, 1, inf
15210744.0, 11489998.0, 1, inf
19185380.0, 6284830.0, 1, inf
15299798.0, 10673266.0, 1, 0.228017708546
18952884.0, 6390894.0, 1, 0.18433238746
16820346.0, 8037606.0, 1, 0.182742613865
15270750.0, 10692458.0, 1, 0.17931347758
18275566.0, 6595074.0, 1, 0.172882997162
16316918.0, 8338366.0, 1, 0.169185905652
16906902.0, 7329338.0, 1, 0.166013522733
15601912.0, 9939276.0, 1, 0.15565714533
16301142.0, 8992020.0, 1, 0.144024859459
17442302.0, 6835196.0, 1, 0.118488101363
17899764.0, 6742608.0, 1, 0.117656620036
16227822.0, 9223016.0, 1, 0.116802854845
15601912.0, 9939276.0, 1, 0.114245175375
16726454.0, 8044230.0, 1, 0.111451216952
15765830.0, 9400836.0, 1, 0.0958277158853
16490244.0, 8185428.0, 1, 0.0888112941596
15720466.0, 9681210.0, 1, 0.0835420395389
15660122.0, 9740258.0, 1, 0.0794064402667
16490244.0, 8185428.0, 1, 0.0707345204138
17037744.0, 7219986.0, 1, 0.0638066613471
16001062.0, 9253102.0, 1, 0.0629476169385
16021292.0, 9233508.0, 1, 0.0628317900188
18275566.0, 6595074.0, 1, 0.0613758492693
15747256.0, 9419518.0, 1, 0.0549485509161
17078728.0, 7050656.0, 1, 0.0534120364233
18952884.0, 6390894.0, 1, 0.0502850223357
16301142.0, 8992020.0, 1, 0.0483473710838
17442302.0, 6835196.0, 1, 0.0481477192132
17025916.0, 7313618.0, 1, 0.0479316471819
17321632.0, 6852856.0, 1, 0.0466634251424
17899764.0, 6742608.0, 1, 0.0405168317559
18063094.0, 6627720.0, 1, 0.0380440104536
18016714.0, 6706106.0, 1, 0.037874555236
17161722.0, 6955492.0, 1, 0.0373786874358
17990104.0, 6729276.0, 1, 0.0364367239726
16001062.0, 9253102.0, 1, 0.0334719513564
16316918.0, 8338366.0, 1, 0.0333511212029
18996838.0, 6318426.0, 1, 0.0329182705449
17078728.0, 7050656.0, 1, 0.028593983629
17281742.0, 6937718.0, 1, 0.0274037998585
16906902.0, 7329338.0, 1, 0.024797163951
18154450.0, 6614188.0, 1, 0.0241839390784
18187530.0, 6607946.0, 1, 0.0233486424625
17161722.0, 6955492.0, 1, 0.0222779788866
17237622.0, 6948220.0, 1, 0.0211136984864
19072340.0, 6303642.0, 1, 0.0198965967007
19113198.0, 6298954.0, 1, 0.0190613000849
18063094.0, 6627720.0, 1, 0.0142687170518
18996838.0, 6318426.0, 1, 0.0138988768741
17321632.0, 6852856.0, 1, 0.0134289211013
19072340.0, 6303642.0, 1, 0.0131199376203
19113198.0, 6298954.0, 1, 0.0129931405602
17237622.0, 6948220.0, 1, 0.0124974606203
17281742.0, 6937718.0, 1, 0.0120537493489
18154450.0, 6614188.0, 1, 0.0109224986811
18187530.0, 6607946.0, 1, 0.010795701621
15747256.0, 9419518.0, 1, 0.0103293651303
17025916.0, 7313618.0, 1, 0.00599594542434
16301142.0, 8992020.0, 1, 0.0
16906902.0, 7329338.0, 1, 0.0
16906902.0, 7329338.0, 1, 0.0
16906902.0, 7329338.0, 1, 0.0
17025916.0, 7313618.0, 1, 0.0
17025916.0, 7313618.0, 1, 0.0
17025916.0, 7313618.0, 1, 0.0
17161722.0, 6955492.0, 1, 0.0
17237622.0, 6948220.0, 1, 0.0
17237622.0, 6948220.0, 1, 0.0
17281742.0, 6937718.0, 1, 0.0
17321632.0, 6852856.0, 1, 0.0
17321632.0, 6852856.0, 1, 0.0
17321632.0, 6852856.0, 1, 0.0
17321632.0, 6852856.0, 1, 0.0
17321632.0, 6852856.0, 1, 0.0
17442302.0, 6835196.0, 1, 0.0
17899764.0, 6742608.0, 1, 0.0
17899764.0, 6742608.0, 1, 0.0
18063094.0, 6627720.0, 1, 0.0
18063094.0, 6627720.0, 1, 0.0
18154450.0, 6614188.0, 1, 0.0
18154450.0, 6614188.0, 1, 0.0
18154450.0, 6614188.0, 1, 0.0
18154450.0, 6614188.0, 1, 0.0
18154450.0, 6614188.0, 1, 0.0
18952884.0, 6390894.0, 1, 0.0
18952884.0, 6390894.0, 1, 0.0
19072340.0, 6303642.0, 1, 0.0
19072340.0, 6303642.0, 1, 0.0
19113198.0, 6298954.0, 1, 0.0
19113198.0, 6298954.0, 1, 0.0
19185380.0, 6284830.0, 1, 0.0
15747256.0, 9419518.0, 1, 0.0
15747256.0, 9419518.0, 1, 0.0
16001062.0, 9253102.0, 1, 0.0
16001062.0, 9253102.0, 1, 0.0
15286832.0, 11456818.0, 2, inf
20696180.0, 6400070.0, 2, inf
15470022.0, 10713466.0, 2, 0.489400479612
15909882.0, 9518134.0, 2, 0.404790339535
16457968.0, 8524926.0, 2, 0.400537303011
18986452.0, 6403850.0, 2, 0.387916557286
16273374.0, 9417530.0, 2, 0.297734405603
16944400.0, 8019400.0, 2, 0.267763922761
17117732.0, 7120110.0, 2, 0.235676777939
18836694.0, 6623388.0, 2, 0.212129276338
17360744.0, 6930624.0, 2, 0.195943446765
15315880.0, 11437626.0, 2, 0.180867435475
18141150.0, 6686332.0, 2, 0.169965452788
17976154.0, 6801306.0, 2, 0.163643909868
16944400.0, 8019400.0, 2, 0.132013622415
17240026.0, 7103998.0, 2, 0.0823963618261
18023550.0, 6722720.0, 2, 0.0372809611072
18023550.0, 6722720.0, 2, 0.0159577983511
19915878.0, 6586922.0, 3, inf
15354938.0, 11692880.0, 3, inf
18902972.0, 6801434.0, 3, 0.554417603802
17349052.0, 7780010.0, 3, 0.446604397915
16670654.0, 8616578.0, 3, 0.40237588212
16029862.0, 10481966.0, 3, 0.386231925305
15648832.0, 10913604.0, 3, 0.385136207047
17825890.0, 7078020.0, 3, 0.335092036588
16172762.0, 9528058.0, 3, 0.29937762635
16581464.0, 8975212.0, 3, 0.206453528292
16530106.0, 9513378.0, 3, 0.197883845676
17676298.0, 7462050.0, 3, 0.197263411252
17699226.0, 7164810.0, 3, 0.108010636593
16240046.0, 10196948.0, 4, inf
18150646.0, 7082670.0, 4, inf
17421678.0, 8601130.0, 4, 0.913617917219
17843582.0, 7093390.0, 4, 0.869118890478
17091434.0, 9155154.0, 4, 0.638606135997
16388688.0, 9555970.0, 4, 0.567694335573
17354896.0, 9142092.0, 4, 0.350746375243
16260006.0, 10178452.0, 4, 0.28361773098
16388688.0, 9555970.0, 4, 0.196054321419
20038126.0, 7277990.0, 5, inf
16409232.0, 10994238.0, 5, inf
17991084.0, 7335670.0, 5, 0.942442035202
17839996.0, 8653292.0, 5, 0.693469415138
16415276.0, 9775682.0, 5, 0.658223935006
19930672.0, 7291946.0, 5, 0.579616317222
17345834.0, 9251992.0, 5, 0.365967954416
17303614.0, 9464026.0, 5, 0.301851731121
17303614.0, 9464026.0, 5, 0.0954974779059
16730038.0, 10022382.0, 6, inf
18628464.0, 8498420.0, 6, inf
18086684.0, 8998914.0, 6, 1.08521386238
Generacion: 290
15210744.0, 11489998.0, 1, inf
19822694.0, 6273594.0, 1, inf
15253784.0, 10533232.0, 1, 0.368806793348
15435852.0, 9820764.0, 1, 0.233406209046
16726454.0, 8044230.0, 1, 0.211441268713
16301142.0, 8992020.0, 1, 0.169039005943
18952884.0, 6390894.0, 1, 0.160753851675
16316918.0, 8338366.0, 1, 0.159086097204
18275566.0, 6595074.0, 1, 0.149329123069
15975696.0, 9488294.0, 1, 0.142910639531
19185380.0, 6284830.0, 1, 0.140895146927
16815532.0, 7450386.0, 1, 0.133653219082
17852368.0, 6821194.0, 1, 0.116939973101
16099454.0, 9018632.0, 1, 0.115115940928
17442302.0, 6835196.0, 1, 0.0922992739974
15673958.0, 9790934.0, 1, 0.0884652034393
16490244.0, 8185428.0, 1, 0.0770178630049
15720466.0, 9681210.0, 1, 0.0763754300185
16001062.0, 9253102.0, 1, 0.0664211414543
17037744.0, 7219986.0, 1, 0.0618617109068
18275566.0, 6595074.0, 1, 0.0582305787735
16440704.0, 8320016.0, 1, 0.0526411893636
16001062.0, 9253102.0, 1, 0.0504486487324
16906902.0, 7329338.0, 1, 0.0490108281869
18952884.0, 6390894.0, 1, 0.04867236587
15720466.0, 9681210.0, 1, 0.0470668026876
17078728.0, 7050656.0, 1, 0.0440375075213
17025916.0, 7313618.0, 1, 0.0437551002946
16815532.0, 7450386.0, 1, 0.0425198644947
17321632.0, 6852856.0, 1, 0.0424329326881
16490244.0, 8185428.0, 1, 0.0378097324337
17132118.0, 7045174.0, 1, 0.0362386438205
18063094.0, 6627720.0, 1, 0.0348353677657
17899764.0, 6742608.0, 1, 0.0346534110831
17161722.0, 6955492.0, 1, 0.0336495502915
18996838.0, 6318426.0, 1, 0.0302632782732
17442302.0, 6835196.0, 1, 0.0288488621292
17281742.0, 6937718.0, 1, 0.0258347475387
17990104.0, 6729276.0, 1, 0.0240300007798
16906902.0, 7329338.0, 1, 0.0228251467161
18154450.0, 6614188.0, 1, 0.0210051506276
18016714.0, 6706106.0, 1, 0.020796620598
18187530.0, 6607946.0, 1, 0.0202852815917
17237622.0, 6948220.0, 1, 0.0184705112446
19185380.0, 6284830.0, 1, 0.017805054616
19072340.0, 6303642.0, 1, 0.0172696527795
19113198.0, 6298954.0, 1, 0.0165497837436
18016714.0, 6706106.0, 1, 0.0144982408951
16440704.0, 8320016.0, 1, 0.0142594092609
17899764.0, 6742608.0, 1, 0.0128325646106
18063094.0, 6627720.0, 1, 0.0126506079281
18996838.0, 6318426.0, 1, 0.0123645952296
17321632.0, 6852856.0, 1, 0.0120347438095
19072340.0, 6303642.0, 1, 0.0116932956708
19113198.0, 6298954.0, 1, 0.0115667717283
17237622.0, 6948220.0, 1, 0.0109605161716
17281742.0, 6937718.0, 1, 0.0106625341417
17078728.0, 7050656.0, 1, 0.00993739522355
18154450.0, 6614188.0, 1, 0.00976679522411
18187530.0, 6607946.0, 1, 0.00964027128156
16301142.0, 8992020.0, 1, 0.00852227761441
17990104.0, 6729276.0, 1, 0.00832557732759
17161722.0, 6955492.0, 1, 0.0078130405919
17025916.0, 7313618.0, 1, 0.00557821212226
16301142.0, 8992020.0, 1, 0.0
16490244.0, 8185428.0, 1, 0.0
16490244.0, 8185428.0, 1, 0.0
16906902.0, 7329338.0, 1, 0.0
16906902.0, 7329338.0, 1, 0.0
16906902.0, 7329338.0, 1, 0.0
16906902.0, 7329338.0, 1, 0.0
16906902.0, 7329338.0, 1, 0.0
17025916.0, 7313618.0, 1, 0.0
17025916.0, 7313618.0, 1, 0.0
17025916.0, 7313618.0, 1, 0.0
17078728.0, 7050656.0, 1, 0.0
17078728.0, 7050656.0, 1, 0.0
17161722.0, 6955492.0, 1, 0.0
17161722.0, 6955492.0, 1, 0.0
17161722.0, 6955492.0, 1, 0.0
17237622.0, 6948220.0, 1, 0.0
17281742.0, 6937718.0, 1, 0.0
17281742.0, 6937718.0, 1, 0.0
17321632.0, 6852856.0, 1, 0.0
17321632.0, 6852856.0, 1, 0.0
17321632.0, 6852856.0, 1, 0.0
17321632.0, 6852856.0, 1, 0.0
17442302.0, 6835196.0, 1, 0.0
17442302.0, 6835196.0, 1, 0.0
17899764.0, 6742608.0, 1, 0.0
18016714.0, 6706106.0, 1, 0.0
18016714.0, 6706106.0, 1, 0.0
18016714.0, 6706106.0, 1, 0.0
18016714.0, 6706106.0, 1, 0.0
18063094.0, 6627720.0, 1, 0.0
18063094.0, 6627720.0, 1, 0.0
18154450.0, 6614188.0, 1, 0.0
18154450.0, 6614188.0, 1, 0.0
18275566.0, 6595074.0, 1, 0.0
18275566.0, 6595074.0, 1, 0.0
18275566.0, 6595074.0, 1, 0.0
18275566.0, 6595074.0, 1, 0.0
18996838.0, 6318426.0, 1, 0.0
18996838.0, 6318426.0, 1, 0.0
18996838.0, 6318426.0, 1, 0.0
18996838.0, 6318426.0, 1, 0.0
19072340.0, 6303642.0, 1, 0.0
19072340.0, 6303642.0, 1, 0.0
19072340.0, 6303642.0, 1, 0.0
19072340.0, 6303642.0, 1, 0.0
19072340.0, 6303642.0, 1, 0.0
19072340.0, 6303642.0, 1, 0.0
19113198.0, 6298954.0, 1, 0.0
19185380.0, 6284830.0, 1, 0.0
19185380.0, 6284830.0, 1, 0.0
19185380.0, 6284830.0, 1, 0.0
16001062.0, 9253102.0, 1, 0.0
16001062.0, 9253102.0, 1, 0.0
16001062.0, 9253102.0, 1, 0.0
18986452.0, 6403850.0, 2, inf
15270750.0, 10692458.0, 2, inf
17328944.0, 6982886.0, 2, 0.487877716865
16867018.0, 7613474.0, 2, 0.382813315954
15944172.0, 9752114.0, 2, 0.333450276406
18141150.0, 6686332.0, 2, 0.317806950486
16317594.0, 9335268.0, 2, 0.317540420689
16355602.0, 8865174.0, 2, 0.298097832904
15601912.0, 9939276.0, 2, 0.267735685558
17976154.0, 6801306.0, 2, 0.247602466155
16659746.0, 8451750.0, 2, 0.215093909908
16820346.0, 8037606.0, 2, 0.214408796566
16680792.0, 8318050.0, 2, 0.139790377683
15601912.0, 9939276.0, 2, 0.132766682426
18023550.0, 6722720.0, 2, 0.0467698375023
18070440.0, 6709552.0, 2, 0.0401342746685
15601912.0, 9939276.0, 2, 0.0
15354938.0, 11692880.0, 3, inf
19205764.0, 6612036.0, 3, inf
16670654.0, 8616578.0, 3, 0.380773140185
18110570.0, 6710048.0, 3, 0.353608025647
16240046.0, 10196948.0, 3, 0.310446857847
16379052.0, 9132872.0, 3, 0.308821843208
17500822.0, 7628662.0, 3, 0.270507518038
16905740.0, 7893144.0, 3, 0.245398526273
15421028.0, 11500748.0, 3, 0.210747380795
16942968.0, 7729042.0, 3, 0.206588336128
15470022.0, 10713466.0, 3, 0.203704049636
17758932.0, 7431232.0, 3, 0.192791224567
15438586.0, 10732472.0, 3, 0.167674012449
16377596.0, 9798988.0, 3, 0.161639720819
Generacion: 291
15342114.0, 11051446.0, 1, inf
19185380.0, 6284830.0, 1, inf
19185380.0, 6284830.0, 1, inf
15469730.0, 10057930.0, 1, 0.300923093178
16771360.0, 7783850.0, 1, 0.202641239037
18952884.0, 6390894.0, 1, 0.191438242815
16301142.0, 8992020.0, 1, 0.189609950207
16316918.0, 8338366.0, 1, 0.182230289263
18275566.0, 6595074.0, 1, 0.178935452575
17899764.0, 6742608.0, 1, 0.164756756604
15747256.0, 9419518.0, 1, 0.162823600459
16614680.0, 8167192.0, 1, 0.157393108623
16099454.0, 9018632.0, 1, 0.132852454911
16815532.0, 7450386.0, 1, 0.130620581551
17442302.0, 6835196.0, 1, 0.12273442659
16001062.0, 9253102.0, 1, 0.11522917818
15601912.0, 9939276.0, 1, 0.1074320888
17025916.0, 7313618.0, 1, 0.0861343307226
15641548.0, 9758940.0, 1, 0.0849874970696
17078728.0, 7050656.0, 1, 0.0767620936721
15720466.0, 9681210.0, 1, 0.0754351009655
18275566.0, 6595074.0, 1, 0.0657419795094
16490244.0, 8185428.0, 1, 0.0644629066008
16001062.0, 9253102.0, 1, 0.0605139610155
16906902.0, 7329338.0, 1, 0.0563618464277
18952884.0, 6390894.0, 1, 0.0542720474256
17442302.0, 6835196.0, 1, 0.0508220371169
17321632.0, 6852856.0, 1, 0.0492011807274
16490244.0, 8185428.0, 1, 0.0489243967805
17281742.0, 6937718.0, 1, 0.0418656588455
18063094.0, 6627720.0, 1, 0.0402151979554
17161722.0, 6955492.0, 1, 0.0397135159467
16316918.0, 8338366.0, 1, 0.0361900782304
18996838.0, 6318426.0, 1, 0.0348485089788
17078728.0, 7050656.0, 1, 0.0337061253576
19113198.0, 6298954.0, 1, 0.0333590994461
17990104.0, 6729276.0, 1, 0.0283669401111
16906902.0, 7329338.0, 1, 0.027071987661
18154450.0, 6614188.0, 1, 0.0250799321819
18187530.0, 6607946.0, 1, 0.0242160835698
18016714.0, 6706106.0, 1, 0.0233685888474
15720466.0, 9681210.0, 1, 0.0232778001726
17161722.0, 6955492.0, 1, 0.023120264752
17237622.0, 6948220.0, 1, 0.0219520684124
19072340.0, 6303642.0, 1, 0.0206287774124
17025916.0, 7313618.0, 1, 0.0170393747739
18016714.0, 6706106.0, 1, 0.0169287518618
18063094.0, 6627720.0, 1, 0.0149067723275
18996838.0, 6318426.0, 1, 0.0145381985064
17321632.0, 6852856.0, 1, 0.0140841275994
19072340.0, 6303642.0, 1, 0.0137326336561
17237622.0, 6948220.0, 1, 0.0130054301296
18154450.0, 6614188.0, 1, 0.0114461739718
18187530.0, 6607946.0, 1, 0.0113077109616
17990104.0, 6729276.0, 1, 0.00972075147176
16301142.0, 8992020.0, 1, 0.0096878384863
16001062.0, 9253102.0, 1, 0.0
16001062.0, 9253102.0, 1, 0.0
16001062.0, 9253102.0, 1, 0.0
16001062.0, 9253102.0, 1, 0.0
16906902.0, 7329338.0, 1, 0.0
16906902.0, 7329338.0, 1, 0.0
16906902.0, 7329338.0, 1, 0.0
17025916.0, 7313618.0, 1, 0.0
17078728.0, 7050656.0, 1, 0.0
17078728.0, 7050656.0, 1, 0.0
17161722.0, 6955492.0, 1, 0.0
17161722.0, 6955492.0, 1, 0.0
17161722.0, 6955492.0, 1, 0.0
17161722.0, 6955492.0, 1, 0.0
17161722.0, 6955492.0, 1, 0.0
17237622.0, 6948220.0, 1, 0.0
17237622.0, 6948220.0, 1, 0.0
17237622.0, 6948220.0, 1, 0.0
17321632.0, 6852856.0, 1, 0.0
17321632.0, 6852856.0, 1, 0.0
17442302.0, 6835196.0, 1, 0.0
17990104.0, 6729276.0, 1, 0.0
18016714.0, 6706106.0, 1, 0.0
18016714.0, 6706106.0, 1, 0.0
18016714.0, 6706106.0, 1, 0.0
18063094.0, 6627720.0, 1, 0.0
18063094.0, 6627720.0, 1, 0.0
18063094.0, 6627720.0, 1, 0.0
18063094.0, 6627720.0, 1, 0.0
18063094.0, 6627720.0, 1, 0.0
18154450.0, 6614188.0, 1, 0.0
18154450.0, 6614188.0, 1, 0.0
18154450.0, 6614188.0, 1, 0.0
18154450.0, 6614188.0, 1, 0.0
18154450.0, 6614188.0, 1, 0.0
18187530.0, 6607946.0, 1, 0.0
18187530.0, 6607946.0, 1, 0.0
18187530.0, 6607946.0, 1, 0.0
18275566.0, 6595074.0, 1, 0.0
18275566.0, 6595074.0, 1, 0.0
18275566.0, 6595074.0, 1, 0.0
18952884.0, 6390894.0, 1, 0.0
18952884.0, 6390894.0, 1, 0.0
18996838.0, 6318426.0, 1, 0.0
18996838.0, 6318426.0, 1, 0.0
18996838.0, 6318426.0, 1, 0.0
18996838.0, 6318426.0, 1, 0.0
18996838.0, 6318426.0, 1, 0.0
18996838.0, 6318426.0, 1, 0.0
18996838.0, 6318426.0, 1, 0.0
18996838.0, 6318426.0, 1, 0.0
18996838.0, 6318426.0, 1, 0.0
19072340.0, 6303642.0, 1, 0.0
19072340.0, 6303642.0, 1, 0.0
19072340.0, 6303642.0, 1, 0.0
19185380.0, 6284830.0, 1, 0.0
19185380.0, 6284830.0, 1, 0.0
15673958.0, 9790934.0, 2, inf
19802394.0, 6290512.0, 2, inf
18110570.0, 6710048.0, 2, 0.512168597918
19688674.0, 6390112.0, 2, 0.508081453144
17699226.0, 7164810.0, 2, 0.374133022325
16325702.0, 9107638.0, 2, 0.319735411179
16546848.0, 8853354.0, 2, 0.317758665611
16867526.0, 8100600.0, 2, 0.264036764085
16935142.0, 7440498.0, 2, 0.261972024673
16649176.0, 8269616.0, 2, 0.233641248236
17158878.0, 7212750.0, 2, 0.20682074895
18110570.0, 6710048.0, 2, 0.191036028746
15975696.0, 9488294.0, 2, 0.181833471712
15975696.0, 9488294.0, 2, 0.171237467835
16736614.0, 8196410.0, 2, 0.101173742155
17027528.0, 7319250.0, 2, 0.066454031891
19741966.0, 6314778.0, 2, 0.0559992524006
17027528.0, 7319250.0, 2, 0.0528028689477
18110570.0, 6710048.0, 2, 0.0
18674662.0, 6768794.0, 3, inf
15745600.0, 9840710.0, 3, inf
17116024.0, 7371024.0, 3, 0.809428831511
17282028.0, 7223446.0, 3, 0.72817248764
16581464.0, 8975212.0, 3, 0.547253040386
16581464.0, 8975212.0, 3, 0.320863967846
16377596.0, 9798988.0, 3, 0.312245582989
16508114.0, 9400248.0, 3, 0.254868923987
16388688.0, 9555970.0, 3, 0.174361384014
15819410.0, 10280052.0, 4, inf
17943688.0, 7414256.0, 4, inf
16617562.0, 9355038.0, 4, 0.997837312952
17243944.0, 7616796.0, 4, 0.965922778846
17365684.0, 7596168.0, 4, 0.400078167538
16108282.0, 9858360.0, 4, 0.373774818024
16042292.0, 9926446.0, 4, 0.283132519891
16530106.0, 9513378.0, 4, 0.253824544629
16530106.0, 9513378.0, 4, 0.161548872533
Generacion: 292
19822694.0, 6273594.0, 1, inf
15355576.0, 9966534.0, 1, inf
16301142.0, 8992020.0, 1, 0.222150447982
16316918.0, 8338366.0, 1, 0.215801388028
18952884.0, 6390894.0, 1, 0.19095398788
18187530.0, 6607946.0, 1, 0.173020850597
16759046.0, 8031182.0, 1, 0.171672145408
15601912.0, 9939276.0, 1, 0.158945556229
19185380.0, 6284830.0, 1, 0.146492418006
17852368.0, 6821194.0, 1, 0.127478141179
15747256.0, 9419518.0, 1, 0.122675677744
16815532.0, 7450386.0, 1, 0.110751606574
16490244.0, 8185428.0, 1, 0.101587088275
17442302.0, 6835196.0, 1, 0.0965786430666
16771360.0, 7783850.0, 1, 0.0930542903179
17037744.0, 7219986.0, 1, 0.083029068355
16490244.0, 8185428.0, 1, 0.0805682133763
16771360.0, 7783850.0, 1, 0.0768625352293
16071518.0, 9036414.0, 1, 0.0756828062706
16021292.0, 9233508.0, 1, 0.0744484226707
15720466.0, 9681210.0, 1, 0.073480991886
15736548.0, 9662732.0, 1, 0.0694592639403
18952884.0, 6390894.0, 1, 0.0686143050092
18187530.0, 6607946.0, 1, 0.0661800733636
17078728.0, 7050656.0, 1, 0.0644312250883
16099454.0, 9018632.0, 1, 0.0634244805373
16001062.0, 9253102.0, 1, 0.0621222975108
16906902.0, 7329338.0, 1, 0.0594204533778
17899764.0, 6742608.0, 1, 0.0557234982536
17025916.0, 7313618.0, 1, 0.0519965580532
17321632.0, 6852856.0, 1, 0.0499924652151
16001062.0, 9253102.0, 1, 0.0495919297943
15747256.0, 9419518.0, 1, 0.0474603541341
16316918.0, 8338366.0, 1, 0.044945199702
17161722.0, 6955492.0, 1, 0.0427599908427
16815532.0, 7450386.0, 1, 0.042666474638
18063094.0, 6627720.0, 1, 0.0416766761076
18996838.0, 6318426.0, 1, 0.0365251144994
17078728.0, 7050656.0, 1, 0.034943765706
17281742.0, 6937718.0, 1, 0.0328561370501
15720466.0, 9681210.0, 1, 0.0315428601116
17442302.0, 6835196.0, 1, 0.030804501154
19113198.0, 6298954.0, 1, 0.0303989500696
18016714.0, 6706106.0, 1, 0.027182767507
17990104.0, 6729276.0, 1, 0.0264974635604
16906902.0, 7329338.0, 1, 0.0247106744171
18154450.0, 6614188.0, 1, 0.0221410215885
17161722.0, 6955492.0, 1, 0.0205480317519
17237622.0, 6948220.0, 1, 0.0198346251449
19185380.0, 6284830.0, 1, 0.0192010788146
19072340.0, 6303642.0, 1, 0.0181711742783
18016714.0, 6706106.0, 1, 0.0166566668767
18063094.0, 6627720.0, 1, 0.014046822146
18996838.0, 6318426.0, 1, 0.0138427679682
17321632.0, 6852856.0, 1, 0.0137117924484
19072340.0, 6303642.0, 1, 0.0131497036704
17237622.0, 6948220.0, 1, 0.0118457767409
17281742.0, 6937718.0, 1, 0.011773499381
18154450.0, 6614188.0, 1, 0.0110695110474
16301142.0, 8992020.0, 1, 0.0107377660583
17990104.0, 6729276.0, 1, 0.00956699254184
15736548.0, 9662732.0, 1, 0.00740067268789
17025916.0, 7313618.0, 1, 0.00690456318389
16001062.0, 9253102.0, 1, 0.0
16001062.0, 9253102.0, 1, 0.0
16001062.0, 9253102.0, 1, 0.0
16001062.0, 9253102.0, 1, 0.0
16001062.0, 9253102.0, 1, 0.0
16815532.0, 7450386.0, 1, 0.0
16815532.0, 7450386.0, 1, 0.0
16906902.0, 7329338.0, 1, 0.0
16906902.0, 7329338.0, 1, 0.0
16906902.0, 7329338.0, 1, 0.0
16906902.0, 7329338.0, 1, 0.0
16906902.0, 7329338.0, 1, 0.0
16906902.0, 7329338.0, 1, 0.0
16906902.0, 7329338.0, 1, 0.0
17078728.0, 7050656.0, 1, 0.0
17078728.0, 7050656.0, 1, 0.0
17078728.0, 7050656.0, 1, 0.0
17078728.0, 7050656.0, 1, 0.0
17078728.0, 7050656.0, 1, 0.0
17161722.0, 6955492.0, 1, 0.0
17161722.0, 6955492.0, 1, 0.0
17161722.0, 6955492.0, 1, 0.0
17161722.0, 6955492.0, 1, 0.0
17161722.0, 6955492.0, 1, 0.0
17161722.0, 6955492.0, 1, 0.0
17161722.0, 6955492.0, 1, 0.0
17237622.0, 6948220.0, 1, 0.0
17321632.0, 6852856.0, 1, 0.0
17442302.0, 6835196.0, 1, 0.0
18016714.0, 6706106.0, 1, 0.0
18016714.0, 6706106.0, 1, 0.0
18016714.0, 6706106.0, 1, 0.0
18016714.0, 6706106.0, 1, 0.0
18016714.0, 6706106.0, 1, 0.0
18016714.0, 6706106.0, 1, 0.0
18063094.0, 6627720.0, 1, 0.0
18063094.0, 6627720.0, 1, 0.0
18063094.0, 6627720.0, 1, 0.0
18063094.0, 6627720.0, 1, 0.0
18063094.0, 6627720.0, 1, 0.0
18063094.0, 6627720.0, 1, 0.0
18063094.0, 6627720.0, 1, 0.0
18154450.0, 6614188.0, 1, 0.0
18154450.0, 6614188.0, 1, 0.0
18154450.0, 6614188.0, 1, 0.0
18187530.0, 6607946.0, 1, 0.0
18996838.0, 6318426.0, 1, 0.0
18996838.0, 6318426.0, 1, 0.0
18996838.0, 6318426.0, 1, 0.0
18996838.0, 6318426.0, 1, 0.0
19185380.0, 6284830.0, 1, 0.0
19185380.0, 6284830.0, 1, 0.0
19185380.0, 6284830.0, 1, 0.0
15720466.0, 9681210.0, 1, 0.0
15747256.0, 9419518.0, 1, 0.0
15747256.0, 9419518.0, 1, 0.0
18986452.0, 6403850.0, 2, inf
15469730.0, 10057930.0, 2, inf
15469730.0, 10057930.0, 2, inf
16830666.0, 8115768.0, 2, 0.497065251379
16325702.0, 9107638.0, 2, 0.386950457306
18639710.0, 6624290.0, 2, 0.344133703787
17360744.0, 6930624.0, 2, 0.315022592233
16134648.0, 9839002.0, 2, 0.267272228879
16546848.0, 8853354.0, 2, 0.264736852558
18023550.0, 6722720.0, 2, 0.262306157548
15834460.0, 9995400.0, 2, 0.236191573241
16935142.0, 7440498.0, 2, 0.216613531138
18070440.0, 6709552.0, 2, 0.202145630444
17137942.0, 7175528.0, 2, 0.154160836876
16546848.0, 8853354.0, 2, 0.150294332509
16936998.0, 7434730.0, 2, 0.130180803475
16108282.0, 9858360.0, 2, 0.128161097379
17197514.0, 7015538.0, 2, 0.104290783463
17157642.0, 7100676.0, 2, 0.0607235733452
19014720.0, 6445794.0, 3, inf
15819410.0, 10280052.0, 3, inf
17195710.0, 7320402.0, 3, 0.665242274393
17727118.0, 6976480.0, 3, 0.584840187673
16377596.0, 9798988.0, 3, 0.578802368536
16581464.0, 8975212.0, 3, 0.495387719486
18793492.0, 6836428.0, 3, 0.43561094602
16581464.0, 8975212.0, 3, 0.407079879697
17273430.0, 7254836.0, 3, 0.159085646725
18793492.0, 6836428.0, 3, 0.105761716396
17273430.0, 7254836.0, 3, 0.096920245628
18886456.0, 6875752.0, 4, inf
Generacion: 293
15601912.0, 9939276.0, 1, inf
20425682.0, 6272108.0, 1, inf
18275566.0, 6595074.0, 1, 0.217850944816
16316918.0, 8338366.0, 1, 0.187644439794
16313858.0, 8739458.0, 1, 0.18151537281
16759046.0, 8031182.0, 1, 0.167783539816
18952884.0, 6390894.0, 1, 0.160173879952
16867018.0, 7613474.0, 1, 0.152039641304
17321632.0, 6852856.0, 1, 0.142991674039
19185380.0, 6284830.0, 1, 0.137249327374
16771360.0, 7783850.0, 1, 0.136288112333
19822694.0, 6273594.0, 1, 0.132524700632
19822694.0, 6273594.0, 1, 0.128067417099
17899764.0, 6742608.0, 1, 0.123486159157
15747256.0, 9419518.0, 1, 0.118937715585
16906902.0, 7329338.0, 1, 0.102153446127
16490244.0, 8185428.0, 1, 0.0974291259466
15673958.0, 9790934.0, 1, 0.0949490570278
16123150.0, 9145834.0, 1, 0.0944078966724
16301142.0, 8992020.0, 1, 0.0849403030036
17037622.0, 7118450.0, 1, 0.0826553879633
16223628.0, 9041120.0, 1, 0.0788424779424
16490244.0, 8185428.0, 1, 0.0779929868007
17025916.0, 7313618.0, 1, 0.077892763224
15736548.0, 9662732.0, 1, 0.0769145358687
18952884.0, 6390894.0, 1, 0.0647898020133
16001062.0, 9253102.0, 1, 0.0579587803411
16021292.0, 9233508.0, 1, 0.0545605741264
16001062.0, 9253102.0, 1, 0.0495737923486
17899764.0, 6742608.0, 1, 0.0487916161294
18996838.0, 6318426.0, 1, 0.0485567799936
15747256.0, 9419518.0, 1, 0.0475998176359
17132118.0, 7045174.0, 1, 0.0431554850803
18016714.0, 6706106.0, 1, 0.0428246229292
18063094.0, 6627720.0, 1, 0.0403137913544
17161722.0, 6955492.0, 1, 0.0401899645983
17321632.0, 6852856.0, 1, 0.0383329914437
15720466.0, 9681210.0, 1, 0.0332545431877
17078728.0, 7050656.0, 1, 0.0295548515661
17281742.0, 6937718.0, 1, 0.0294207533695
19072340.0, 6303642.0, 1, 0.0274654019024
19185380.0, 6284830.0, 1, 0.0264978978229
17990104.0, 6729276.0, 1, 0.0250463173048
19072340.0, 6303642.0, 1, 0.0207819170286
18154450.0, 6614188.0, 1, 0.0206408448191
18187530.0, 6607946.0, 1, 0.0199525864652
17237622.0, 6948220.0, 1, 0.0183491326539
16301142.0, 8992020.0, 1, 0.016025190857
15720466.0, 9681210.0, 1, 0.0146801871525
18063094.0, 6627720.0, 1, 0.0133049272072
16906902.0, 7329338.0, 1, 0.0125549083639
17251450.0, 6938632.0, 1, 0.012010163325
18154450.0, 6614188.0, 1, 0.0105477476568
18187530.0, 6607946.0, 1, 0.0103677722643
17078728.0, 7050656.0, 1, 0.0100164370888
17990104.0, 6729276.0, 1, 0.0091519350958
17281742.0, 6937718.0, 1, 0.00851870423352
17161722.0, 6955492.0, 1, 0.00812011012402
17025916.0, 7313618.0, 1, 0.00671341923815
17237622.0, 6948220.0, 1, 0.00484963910239
16001062.0, 9253102.0, 1, 0.0
16001062.0, 9253102.0, 1, 0.0
16001062.0, 9253102.0, 1, 0.0
16001062.0, 9253102.0, 1, 0.0
16301142.0, 8992020.0, 1, 0.0
16301142.0, 8992020.0, 1, 0.0
16301142.0, 8992020.0, 1, 0.0
16301142.0, 8992020.0, 1, 0.0
16906902.0, 7329338.0, 1, 0.0
16906902.0, 7329338.0, 1, 0.0
16906902.0, 7329338.0, 1, 0.0
16906902.0, 7329338.0, 1, 0.0
16906902.0, 7329338.0, 1, 0.0
16906902.0, 7329338.0, 1, 0.0
16906902.0, 7329338.0, 1, 0.0
16906902.0, 7329338.0, 1, 0.0
16906902.0, 7329338.0, 1, 0.0
16906902.0, 7329338.0, 1, 0.0
17025916.0, 7313618.0, 1, 0.0
17025916.0, 7313618.0, 1, 0.0
17025916.0, 7313618.0, 1, 0.0
17025916.0, 7313618.0, 1, 0.0
17078728.0, 7050656.0, 1, 0.0
17078728.0, 7050656.0, 1, 0.0
17078728.0, 7050656.0, 1, 0.0
17078728.0, 7050656.0, 1, 0.0
17078728.0, 7050656.0, 1, 0.0
17078728.0, 7050656.0, 1, 0.0
17078728.0, 7050656.0, 1, 0.0
17078728.0, 7050656.0, 1, 0.0
17161722.0, 6955492.0, 1, 0.0
17161722.0, 6955492.0, 1, 0.0
17161722.0, 6955492.0, 1, 0.0
17161722.0, 6955492.0, 1, 0.0
17161722.0, 6955492.0, 1, 0.0
17237622.0, 6948220.0, 1, 0.0
17237622.0, 6948220.0, 1, 0.0
17281742.0, 6937718.0, 1, 0.0
17281742.0, 6937718.0, 1, 0.0
17281742.0, 6937718.0, 1, 0.0
17321632.0, 6852856.0, 1, 0.0
17990104.0, 6729276.0, 1, 0.0
18063094.0, 6627720.0, 1, 0.0
18063094.0, 6627720.0, 1, 0.0
18063094.0, 6627720.0, 1, 0.0
18063094.0, 6627720.0, 1, 0.0
18063094.0, 6627720.0, 1, 0.0
18063094.0, 6627720.0, 1, 0.0
18187530.0, 6607946.0, 1, 0.0
19185380.0, 6284830.0, 1, 0.0
19185380.0, 6284830.0, 1, 0.0
19822694.0, 6273594.0, 1, 0.0
15720466.0, 9681210.0, 1, 0.0
15720466.0, 9681210.0, 1, 0.0
15720466.0, 9681210.0, 1, 0.0
15720466.0, 9681210.0, 1, 0.0
15720466.0, 9681210.0, 1, 0.0
15747256.0, 9419518.0, 1, 0.0
15747256.0, 9419518.0, 1, 0.0
15747256.0, 9419518.0, 1, 0.0
15747256.0, 9419518.0, 1, 0.0
15747256.0, 9419518.0, 1, 0.0
19802394.0, 6290512.0, 2, inf
19802394.0, 6290512.0, 2, inf
15834460.0, 9995400.0, 2, inf
16325702.0, 9107638.0, 2, 0.652404888558
19471670.0, 6631638.0, 2, 0.360629230438
18527116.0, 6641648.0, 2, 0.350080736859
16830666.0, 8115768.0, 2, 0.28041204552
16108282.0, 9858360.0, 2, 0.271638855294
16936998.0, 7434730.0, 2, 0.224141247257
17835610.0, 6929878.0, 2, 0.22315671712
16881030.0, 8012882.0, 2, 0.210619306005
17360744.0, 6930624.0, 2, 0.183933965577
19688674.0, 6390112.0, 2, 0.175423746843
17197514.0, 7015538.0, 2, 0.159505329511
16830666.0, 8115768.0, 2, 0.15503152948
18023550.0, 6722720.0, 2, 0.128630634435
18141150.0, 6686332.0, 2, 0.123440153151
16108282.0, 9858360.0, 2, 0.0917832305768
17027528.0, 7319250.0, 2, 0.0833523852099
17037744.0, 7219986.0, 2, 0.0670579994328
17037744.0, 7219986.0, 2, 0.0577579541817
18110570.0, 6710048.0, 2, 0.0394592091771
16108282.0, 9858360.0, 2, 0.0
16141658.0, 10090334.0, 3, inf
19734544.0, 6398450.0, 3, inf
19734544.0, 6398450.0, 3, inf
16379052.0, 9132872.0, 3, 1.0077574424
17729570.0, 7038640.0, 3, 0.895224866319
Generacion: 294
15313496.0, 12710748.0, 1, inf
19822694.0, 6273594.0, 1, inf
15435852.0, 9820764.0, 1, 0.524444865024
18798620.0, 6443908.0, 1, 0.181927072156
19185380.0, 6284830.0, 1, 0.171073102476
16301142.0, 8992020.0, 1, 0.163605977269
18275566.0, 6595074.0, 1, 0.161003774035
16316918.0, 8338366.0, 1, 0.139982264138
17865480.0, 6825946.0, 1, 0.115834231684
17442302.0, 6835196.0, 1, 0.109774334383
16021292.0, 9233508.0, 1, 0.107107026586
16771360.0, 7783850.0, 1, 0.102752426855
15747256.0, 9419518.0, 1, 0.0940691304388
16581656.0, 8184920.0, 1, 0.0835737625704
16759046.0, 8031182.0, 1, 0.0777621598525
16815532.0, 7450386.0, 1, 0.0720660441138
17025916.0, 7313618.0, 1, 0.0672442686661
15645866.0, 9809294.0, 1, 0.0664721924753
16001062.0, 9253102.0, 1, 0.0593301759256
17078728.0, 7050656.0, 1, 0.0526909046311
15736548.0, 9662732.0, 1, 0.0465945590279
18952884.0, 6390894.0, 1, 0.0454687318096
16906902.0, 7329338.0, 1, 0.0451981905391
16490244.0, 8185428.0, 1, 0.0440309773049
17281742.0, 6937718.0, 1, 0.042543310152
16301142.0, 8992020.0, 1, 0.0410133419391
17161722.0, 6955492.0, 1, 0.0405486398365
16490244.0, 8185428.0, 1, 0.0385172378238
17281742.0, 6937718.0, 1, 0.038368376959
17442302.0, 6835196.0, 1, 0.0370441892822
18063094.0, 6627720.0, 1, 0.0360364593236
17990104.0, 6729276.0, 1, 0.0358111420943
17132118.0, 7045174.0, 1, 0.0331890421505
17899764.0, 6742608.0, 1, 0.032981009399
16001062.0, 9253102.0, 1, 0.0303388040148
16815532.0, 7450386.0, 1, 0.0286005605392
15747256.0, 9419518.0, 1, 0.0282271202963
18996838.0, 6318426.0, 1, 0.0280017676177
19072340.0, 6303642.0, 1, 0.0273654265853
16316918.0, 8338366.0, 1, 0.0272572627774
16759046.0, 8031182.0, 1, 0.026613777278
15720466.0, 9681210.0, 1, 0.0234641010143
16906902.0, 7329338.0, 1, 0.0227050998207
18154450.0, 6614188.0, 1, 0.0212296052387
18187530.0, 6607946.0, 1, 0.0204933324026
19072340.0, 6303642.0, 1, 0.019666406991
15720466.0, 9681210.0, 1, 0.0194144851353
15645866.0, 9809294.0, 1, 0.0183258052622
18063094.0, 6627720.0, 1, 0.0182890851869
17990104.0, 6729276.0, 1, 0.0182580155558
18952884.0, 6390894.0, 1, 0.017983258508
17025916.0, 7313618.0, 1, 0.0141541335513
17078728.0, 7050656.0, 1, 0.0125636791362
18996838.0, 6318426.0, 1, 0.0120442985266
17899764.0, 6742608.0, 1, 0.00967422748532
18154450.0, 6614188.0, 1, 0.00943828732885
18187530.0, 6607946.0, 1, 0.00933575754628
17161722.0, 6955492.0, 1, 0.00932640541547
18063094.0, 6627720.0, 1, 0.0
18063094.0, 6627720.0, 1, 0.0
18063094.0, 6627720.0, 1, 0.0
18154450.0, 6614188.0, 1, 0.0
18187530.0, 6607946.0, 1, 0.0
18187530.0, 6607946.0, 1, 0.0
19072340.0, 6303642.0, 1, 0.0
19072340.0, 6303642.0, 1, 0.0
15720466.0, 9681210.0, 1, 0.0
15720466.0, 9681210.0, 1, 0.0
15720466.0, 9681210.0, 1, 0.0
15720466.0, 9681210.0, 1, 0.0
15720466.0, 9681210.0, 1, 0.0
15747256.0, 9419518.0, 1, 0.0
15747256.0, 9419518.0, 1, 0.0
15747256.0, 9419518.0, 1, 0.0
15747256.0, 9419518.0, 1, 0.0
15747256.0, 9419518.0, 1, 0.0
15747256.0, 9419518.0, 1, 0.0
15747256.0, 9419518.0, 1, 0.0
16001062.0, 9253102.0, 1, 0.0
16301142.0, 8992020.0, 1, 0.0
16301142.0, 8992020.0, 1, 0.0
16301142.0, 8992020.0, 1, 0.0
16490244.0, 8185428.0, 1, 0.0
16490244.0, 8185428.0, 1, 0.0
16490244.0, 8185428.0, 1, 0.0
16906902.0, 7329338.0, 1, 0.0
16906902.0, 7329338.0, 1, 0.0
16906902.0, 7329338.0, 1, 0.0
16906902.0, 7329338.0, 1, 0.0
16906902.0, 7329338.0, 1, 0.0
16906902.0, 7329338.0, 1, 0.0
16906902.0, 7329338.0, 1, 0.0
16906902.0, 7329338.0, 1, 0.0
16906902.0, 7329338.0, 1, 0.0
16906902.0, 7329338.0, 1, 0.0
16906902.0, 7329338.0, 1, 0.0
17025916.0, 7313618.0, 1, 0.0
17025916.0, 7313618.0, 1, 0.0
17078728.0, 7050656.0, 1, 0.0
17078728.0, 7050656.0, 1, 0.0
17078728.0, 7050656.0, 1, 0.0
17078728.0, 7050656.0, 1, 0.0
17161722.0, 6955492.0, 1, 0.0
17161722.0, 6955492.0, 1, 0.0
17161722.0, 6955492.0, 1, 0.0
17161722.0, 6955492.0, 1, 0.0
17161722.0, 6955492.0, 1, 0.0
17281742.0, 6937718.0, 1, 0.0
17281742.0, 6937718.0, 1, 0.0
17442302.0, 6835196.0, 1, 0.0
17442302.0, 6835196.0, 1, 0.0
18063094.0, 6627720.0, 1, 0.0
15479570.0, 11368896.0, 2, inf
19802394.0, 6290512.0, 2, inf
19802394.0, 6290512.0, 2, inf
18986452.0, 6403850.0, 2, 0.437032035199
18110570.0, 6710048.0, 2, 0.415753264587
16453462.0, 8658108.0, 2, 0.301882870097
16777098.0, 8013580.0, 2, 0.301370067119
17729570.0, 7038640.0, 2, 0.297360826582
16114816.0, 9578620.0, 2, 0.225749985875
19734544.0, 6398450.0, 2, 0.194310715926
17157642.0, 7100676.0, 2, 0.193990805218
15819410.0, 10280052.0, 2, 0.173264885874
15479934.0, 10761920.0, 2, 0.170003821443
17038268.0, 7413944.0, 2, 0.168206735374
16379052.0, 9132872.0, 2, 0.159499771523
15965678.0, 9793692.0, 2, 0.146924240589
15698992.0, 10716160.0, 2, 0.12301902945
16867018.0, 7613474.0, 2, 0.118401393313
16390660.0, 9092676.0, 2, 0.110700504206
15834460.0, 9995400.0, 2, 0.0864063829448
16867018.0, 7613474.0, 2, 0.0600912746069
15674672.0, 10734754.0, 2, 0.059685484527
15834460.0, 9995400.0, 2, 0.0432004546257
17157642.0, 7100676.0, 2, 0.0398305154231
19734544.0, 6398450.0, 2, 0.0167590885256
19802394.0, 6290512.0, 2, 0.0
20186958.0, 6295106.0, 3, inf
16003766.0, 10500226.0, 3, inf
17800022.0, 7100698.0, 3, 0.630725913085
16546848.0, 8853354.0, 3, 0.570989864841
16059878.0, 10046512.0, 3, 0.401563043055
17196480.0, 7530886.0, 3, 0.325492557899
17800022.0, 7100698.0, 3, 0.324849340778
16499916.0, 9310356.0, 3, 0.298946305403
17242506.0, 7353528.0, 3, 0.246578866945
17196480.0, 7530886.0, 3, 0.197472444431
16531286.0, 9263286.0, 3, 0.119896700751
18141430.0, 7221800.0, 4, inf
Generacion: 295
15313496.0, 12710748.0, 1, inf
19822694.0, 6273594.0, 1, inf
15313496.0, 12710748.0, 1, inf
15479934.0, 10761920.0, 1, 0.524444865024
15645866.0, 9809294.0, 1, 0.221228828472
16301142.0, 8992020.0, 1, 0.163605977269
19185380.0, 6284830.0, 1, 0.161283795523
18275566.0, 6595074.0, 1, 0.161003774035
17737658.0, 6847706.0, 1, 0.145338536474
16771360.0, 7783850.0, 1, 0.141820037189
16316918.0, 8338366.0, 1, 0.131767499561
18798620.0, 6443908.0, 1, 0.124232751212
17321632.0, 6852856.0, 1, 0.105444794596
16906902.0, 7329338.0, 1, 0.0995972348892
16759046.0, 8031182.0, 1, 0.0942982280015
15765830.0, 9400836.0, 1, 0.0821387027995
17037622.0, 7118450.0, 1, 0.0813984022174
17899764.0, 6742608.0, 1, 0.0743825604738
16021292.0, 9233508.0, 1, 0.0651059258483
16614680.0, 8167192.0, 1, 0.0632225045949
16906902.0, 7329338.0, 1, 0.062820065639
16453202.0, 8325276.0, 1, 0.0621969571532
18798620.0, 6443908.0, 1, 0.0576943209441
16001062.0, 9253102.0, 1, 0.0552110398841
18952884.0, 6390894.0, 1, 0.0454687318096
16021292.0, 9233508.0, 1, 0.0420011007379
16490244.0, 8185428.0, 1, 0.0419974699505
15747256.0, 9419518.0, 1, 0.0419019823117
17161722.0, 6955492.0, 1, 0.0414002584245
15736548.0, 9662732.0, 1, 0.0413493341468
16301142.0, 8992020.0, 1, 0.0410133419391
17281742.0, 6937718.0, 1, 0.0397998617274
18063094.0, 6627720.0, 1, 0.0324370425627
18016714.0, 6706106.0, 1, 0.0319634512189
17078728.0, 7050656.0, 1, 0.0289371631369
19072340.0, 6303642.0, 1, 0.0288299715739
18996838.0, 6318426.0, 1, 0.0280017676177
16001062.0, 9253102.0, 1, 0.0274365897754
17078728.0, 7050656.0, 1, 0.0238995853558
17990104.0, 6729276.0, 1, 0.0236340215842
15720466.0, 9681210.0, 1, 0.0234641010143
16581656.0, 8184920.0, 1, 0.0230263532117
18154450.0, 6614188.0, 1, 0.0212296052387
17161722.0, 6955492.0, 1, 0.0211666484032
18187530.0, 6607946.0, 1, 0.0204933324026
15720466.0, 9681210.0, 1, 0.0194144851353
18952884.0, 6390894.0, 1, 0.017983258508
19113198.0, 6298954.0, 1, 0.0167359968078
18063094.0, 6627720.0, 1, 0.0123878140518
18996838.0, 6318426.0, 1, 0.0120442985266
17281742.0, 6937718.0, 1, 0.0116075205938
19113198.0, 6298954.0, 1, 0.0112551721475
17321632.0, 6852856.0, 1, 0.00964640547991
18154450.0, 6614188.0, 1, 0.00943828732885
18187530.0, 6607946.0, 1, 0.00933575754628
16490244.0, 8185428.0, 1, 0.00829368143971
17990104.0, 6729276.0, 1, 0.00797237274308
16581656.0, 8184920.0, 1, 0.00740261389289
16316918.0, 8338366.0, 1, 0.00553213393937
15747256.0, 9419518.0, 1, 0.00527691590475
15736548.0, 9662732.0, 1, 0.00524522488105
18063094.0, 6627720.0, 1, 0.0
18063094.0, 6627720.0, 1, 0.0
18063094.0, 6627720.0, 1, 0.0
18063094.0, 6627720.0, 1, 0.0
18063094.0, 6627720.0, 1, 0.0
18154450.0, 6614188.0, 1, 0.0
18154450.0, 6614188.0, 1, 0.0
18154450.0, 6614188.0, 1, 0.0
18154450.0, 6614188.0, 1, 0.0
18154450.0, 6614188.0, 1, 0.0
18154450.0, 6614188.0, 1, 0.0
18187530.0, 6607946.0, 1, 0.0
18187530.0, 6607946.0, 1, 0.0
18187530.0, 6607946.0, 1, 0.0
18187530.0, 6607946.0, 1, 0.0
18952884.0, 6390894.0, 1, 0.0
18996838.0, 6318426.0, 1, 0.0
18996838.0, 6318426.0, 1, 0.0
15313496.0, 12710748.0, 1, 0.0
15720466.0, 9681210.0, 1, 0.0
15747256.0, 9419518.0, 1, 0.0
15747256.0, 9419518.0, 1, 0.0
15747256.0, 9419518.0, 1, 0.0
15747256.0, 9419518.0, 1, 0.0
15747256.0, 9419518.0, 1, 0.0
15747256.0, 9419518.0, 1, 0.0
15747256.0, 9419518.0, 1, 0.0
16001062.0, 9253102.0, 1, 0.0
16490244.0, 8185428.0, 1, 0.0
16490244.0, 8185428.0, 1, 0.0
16581656.0, 8184920.0, 1, 0.0
16906902.0, 7329338.0, 1, 0.0
16906902.0, 7329338.0, 1, 0.0
16906902.0, 7329338.0, 1, 0.0
16906902.0, 7329338.0, 1, 0.0
16906902.0, 7329338.0, 1, 0.0
16906902.0, 7329338.0, 1, 0.0
16906902.0, 7329338.0, 1, 0.0
17078728.0, 7050656.0, 1, 0.0
17078728.0, 7050656.0, 1, 0.0
17078728.0, 7050656.0, 1, 0.0
17078728.0, 7050656.0, 1, 0.0
17161722.0, 6955492.0, 1, 0.0
17321632.0, 6852856.0, 1, 0.0
18063094.0, 6627720.0, 1, 0.0
18063094.0, 6627720.0, 1, 0.0
18063094.0, 6627720.0, 1, 0.0
18063094.0, 6627720.0, 1, 0.0
19802394.0, 6290512.0, 2, inf
19802394.0, 6290512.0, 2, inf
15384290.0, 12919992.0, 2, inf
15707848.0, 10111838.0, 2, 0.543041655951
16581464.0, 8975212.0, 2, 0.514415945383
16771572.0, 7840164.0, 2, 0.357067750287
15845326.0, 9860618.0, 2, 0.322964536762
18639710.0, 6624290.0, 2, 0.256421886423
17196480.0, 7530886.0, 2, 0.231947136782
17986686.0, 6808574.0, 2, 0.181380990297
19069244.0, 6371422.0, 2, 0.18045137775
17360744.0, 6930624.0, 2, 0.17878638093
19765586.0, 6297200.0, 2, 0.178146800311
18110570.0, 6710048.0, 2, 0.154309857023
19062568.0, 6438602.0, 2, 0.135364303444
17258066.0, 7032472.0, 2, 0.081003416591
15834460.0, 9995400.0, 2, 0.0489882464578
18023550.0, 6722720.0, 2, 0.0429018814675
17283788.0, 6939118.0, 2, 0.0386031801023
17258066.0, 7032472.0, 2, 0.0280211110545
15834460.0, 9995400.0, 2, 0.0200230961864
17258066.0, 7032472.0, 2, 0.0
15834460.0, 9995400.0, 2, 0.0
15834460.0, 9995400.0, 2, 0.0
15834460.0, 9995400.0, 2, 0.0
15819410.0, 10280052.0, 3, inf
19117528.0, 6923382.0, 3, inf
15819410.0, 10280052.0, 3, inf
17268022.0, 7032872.0, 3, 0.899564598747
16782890.0, 9138942.0, 3, 0.741304688455
16246188.0, 9885142.0, 3, 0.477856891227
16868568.0, 8030256.0, 3, 0.468352173006
17197334.0, 7988640.0, 3, 0.384419866639
16141658.0, 10090334.0, 3, 0.247049801135
17197334.0, 7988640.0, 3, 0.0338308308589
17197334.0, 7988640.0, 3, 0.0
17197334.0, 7988640.0, 3, 0.0
15943020.0, 10450570.0, 4, inf
18758398.0, 7048870.0, 4, inf
17041670.0, 8337978.0, 4, 0.882515514044
16912688.0, 9821020.0, 4, 0.595644089039
Generacion: 296
19822694.0, 6273594.0, 1, inf
15274746.0, 11296408.0, 1, inf
15577722.0, 9935096.0, 1, 0.419576968349
16440704.0, 8320016.0, 1, 0.202165310738
16301142.0, 8992020.0, 1, 0.196734088326
19185380.0, 6284830.0, 1, 0.190514381633
18798620.0, 6443908.0, 1, 0.174496360411
16815532.0, 7450386.0, 1, 0.172241720372
17529700.0, 6819712.0, 1, 0.141538146422
16759046.0, 8031182.0, 1, 0.122797905003
18275566.0, 6595074.0, 1, 0.117571497659
16225322.0, 9070304.0, 1, 0.109611473981
17990104.0, 6729276.0, 1, 0.105846299457
17078728.0, 7050656.0, 1, 0.101927650664
17027528.0, 7319250.0, 1, 0.0932642359251
16021292.0, 9233508.0, 1, 0.0857036939634
16581656.0, 8184920.0, 1, 0.0800490426573
16726454.0, 8044230.0, 1, 0.0696123458262
15736548.0, 9662732.0, 1, 0.0579912437096
18996838.0, 6318426.0, 1, 0.0558842675988
16001062.0, 9253102.0, 1, 0.0556236675286
15765830.0, 9400836.0, 1, 0.0554420960032
15720466.0, 9681210.0, 1, 0.0540826663649
15747256.0, 9419518.0, 1, 0.052505900393
17442302.0, 6835196.0, 1, 0.0523485549454
16906902.0, 7329338.0, 1, 0.0506228086206
18275566.0, 6595074.0, 1, 0.0494531798842
16490244.0, 8185428.0, 1, 0.0468949523864
18914362.0, 6424106.0, 1, 0.0444741144166
17321632.0, 6852856.0, 1, 0.0434281552216
18063094.0, 6627720.0, 1, 0.0356932938855
17161722.0, 6955492.0, 1, 0.0356351967541
15720466.0, 9681210.0, 1, 0.0350652769481
16001062.0, 9253102.0, 1, 0.0338607561234
15765830.0, 9400836.0, 1, 0.0334966358652
17281742.0, 6937718.0, 1, 0.0265963884556
17990104.0, 6729276.0, 1, 0.0238560369542
18952884.0, 6390894.0, 1, 0.0228979625663
16906902.0, 7329338.0, 1, 0.0220988151302
18016714.0, 6706106.0, 1, 0.021456983356
18154450.0, 6614188.0, 1, 0.0213300305833
18187530.0, 6607946.0, 1, 0.0206000310318
17161722.0, 6955492.0, 1, 0.0196964635154
17237622.0, 6948220.0, 1, 0.0187797049919
18996838.0, 6318426.0, 1, 0.0163532592857
18952884.0, 6390894.0, 1, 0.0162768081171
16759046.0, 8031182.0, 1, 0.0150178538262
18016714.0, 6706106.0, 1, 0.0148109578045
18063094.0, 6627720.0, 1, 0.012892113109
17321632.0, 6852856.0, 1, 0.0122869459761
17237622.0, 6948220.0, 1, 0.011148872382
16490244.0, 8185428.0, 1, 0.0109939631573
17281742.0, 6937718.0, 1, 0.0108618484113
18154450.0, 6614188.0, 1, 0.00996771731559
18187530.0, 6607946.0, 1, 0.00983631686955
15747256.0, 9419518.0, 1, 0.0060738974222
15747256.0, 9419518.0, 1, 0.0
15747256.0, 9419518.0, 1, 0.0
15747256.0, 9419518.0, 1, 0.0
15747256.0, 9419518.0, 1, 0.0
15765830.0, 9400836.0, 1, 0.0
16001062.0, 9253102.0, 1, 0.0
16001062.0, 9253102.0, 1, 0.0
16490244.0, 8185428.0, 1, 0.0
16490244.0, 8185428.0, 1, 0.0
16490244.0, 8185428.0, 1, 0.0
16759046.0, 8031182.0, 1, 0.0
16906902.0, 7329338.0, 1, 0.0
16906902.0, 7329338.0, 1, 0.0
17161722.0, 6955492.0, 1, 0.0
17161722.0, 6955492.0, 1, 0.0
17161722.0, 6955492.0, 1, 0.0
17281742.0, 6937718.0, 1, 0.0
17321632.0, 6852856.0, 1, 0.0
17321632.0, 6852856.0, 1, 0.0
17990104.0, 6729276.0, 1, 0.0
18063094.0, 6627720.0, 1, 0.0
18063094.0, 6627720.0, 1, 0.0
18063094.0, 6627720.0, 1, 0.0
18063094.0, 6627720.0, 1, 0.0
18154450.0, 6614188.0, 1, 0.0
18154450.0, 6614188.0, 1, 0.0
18154450.0, 6614188.0, 1, 0.0
18154450.0, 6614188.0, 1, 0.0
18154450.0, 6614188.0, 1, 0.0
18187530.0, 6607946.0, 1, 0.0
18187530.0, 6607946.0, 1, 0.0
18187530.0, 6607946.0, 1, 0.0
18275566.0, 6595074.0, 1, 0.0
18275566.0, 6595074.0, 1, 0.0
18952884.0, 6390894.0, 1, 0.0
18952884.0, 6390894.0, 1, 0.0
15720466.0, 9681210.0, 1, 0.0
15720466.0, 9681210.0, 1, 0.0
15747256.0, 9419518.0, 1, 0.0
15313496.0, 12710748.0, 2, inf
15313496.0, 12710748.0, 2, inf
19802394.0, 6290512.0, 2, inf
15739382.0, 10442386.0, 2, 0.464901890034
15405978.0, 12421424.0, 2, 0.448189827938
16388688.0, 9555970.0, 2, 0.315627810817
18070440.0, 6709552.0, 2, 0.274153683841
18795066.0, 6599930.0, 2, 0.263220663735
17737658.0, 6847706.0, 2, 0.244013226772
16453202.0, 8325276.0, 2, 0.240828548929
16891822.0, 7823386.0, 2, 0.190996191509
19741966.0, 6314778.0, 2, 0.175927504023
19069244.0, 6371422.0, 2, 0.170637250846
16108282.0, 9858360.0, 2, 0.168496959601
17117732.0, 7120110.0, 2, 0.142159987223
17201200.0, 7032946.0, 2, 0.1330841757
17017230.0, 7682524.0, 2, 0.115537575635
16590228.0, 8298046.0, 2, 0.104457393796
19062568.0, 6438602.0, 2, 0.0966709715103
15806440.0, 10009404.0, 2, 0.0908021278303
15845326.0, 9860618.0, 2, 0.0823448364308
16590228.0, 8298046.0, 2, 0.0714279229212
17201200.0, 7032946.0, 2, 0.0474468406269
17017230.0, 7682524.0, 2, 0.0443293289295
15834460.0, 9995400.0, 2, 0.0318372426988
17201200.0, 7032946.0, 2, 0.0
17201200.0, 7032946.0, 2, 0.0
15943020.0, 10450570.0, 3, inf
20069920.0, 6309786.0, 3, inf
18110570.0, 6710048.0, 3, 0.674861264929
19734544.0, 6398450.0, 3, 0.571438592219
16141658.0, 10090334.0, 3, 0.532043071932
16546848.0, 8853354.0, 3, 0.482783332892
17107176.0, 8113266.0, 3, 0.390920464387
16834082.0, 8785986.0, 3, 0.314505923005
17196480.0, 7530886.0, 3, 0.151797544577
17604890.0, 7056086.0, 3, 0.150785272387
17604890.0, 7056086.0, 3, 0.122694453139
17273430.0, 7254836.0, 3, 0.0922636700338
17242506.0, 7353528.0, 3, 0.08531207628
17443420.0, 7173074.0, 3, 0.0694433450322
17196480.0, 7530886.0, 3, 0.0644714727069
17443420.0, 7173074.0, 3, 0.0588717567609
15975432.0, 10697738.0, 4, inf
17825890.0, 7078020.0, 4, inf
16550512.0, 9493428.0, 4, 0.755921578125
16240046.0, 10196948.0, 4, 0.643485354317
17148640.0, 9238044.0, 4, 0.519891406972
17642732.0, 7567168.0, 4, 0.515546796597
17197334.0, 7988640.0, 4, 0.483007228496
17191664.0, 8865738.0, 4, 0.371480681598
17750388.0, 7204346.0, 4, 0.234114104072
17197334.0, 7988640.0, 4, 0.119501906142
17875780.0, 7158012.0, 5, inf
16340646.0, 10296000.0, 5, inf
Generacion: 297
15303814.0, 11277786.0, 1, inf
19822694.0, 6273594.0, 1, inf
19822694.0, 6273594.0, 1, inf
15454172.0, 11224864.0, 1, 0.411250203053
15720466.0, 9681210.0, 1, 0.312031023367
16771572.0, 7840164.0, 1, 0.172970825322
19185380.0, 6284830.0, 1, 0.162074797191
16906902.0, 7329338.0, 1, 0.16150572585
16301142.0, 8992020.0, 1, 0.158470142662
16316918.0, 8338366.0, 1, 0.158014357962
18798620.0, 6443908.0, 1, 0.126342510631
17899764.0, 6742608.0, 1, 0.119956586156
17529700.0, 6819712.0, 1, 0.119735579334
18275566.0, 6595074.0, 1, 0.118320836003
16243908.0, 9050530.0, 1, 0.110186203281
16614680.0, 8167192.0, 1, 0.0903075661733
17025916.0, 7313618.0, 1, 0.0710697897864
16759046.0, 8031182.0, 1, 0.0701188936084
18798620.0, 6443908.0, 1, 0.0643455361483
17037622.0, 7118450.0, 1, 0.0642353101508
15720466.0, 9681210.0, 1, 0.062621707901
17078728.0, 7050656.0, 1, 0.0600268551863
16001062.0, 9253102.0, 1, 0.0559708937838
15765830.0, 9400836.0, 1, 0.0557886465799
16490244.0, 8185428.0, 1, 0.0544319629902
16440704.0, 8320016.0, 1, 0.0542881220385
16021292.0, 9233508.0, 1, 0.0531790515574
15747256.0, 9419518.0, 1, 0.052712362559
17442302.0, 6835196.0, 1, 0.052667399603
15736548.0, 9662732.0, 1, 0.0521608984794
18275566.0, 6595074.0, 1, 0.0496896922224
18952884.0, 6390894.0, 1, 0.0486191211746
17321632.0, 6852856.0, 1, 0.0436617017161
16021292.0, 9233508.0, 1, 0.0410417169567
17281742.0, 6937718.0, 1, 0.0376477125378
18063094.0, 6627720.0, 1, 0.0358805810725
17161722.0, 6955492.0, 1, 0.0358130535555
16001062.0, 9253102.0, 1, 0.0339988217201
15765830.0, 9400836.0, 1, 0.0336323592338
18996838.0, 6318426.0, 1, 0.0311895811116
17237622.0, 6948220.0, 1, 0.0301115006567
16759046.0, 8031182.0, 1, 0.0299511387348
19113198.0, 6298954.0, 1, 0.0287742962228
17990104.0, 6729276.0, 1, 0.0246217974632
18016714.0, 6706106.0, 1, 0.0215526945165
18154450.0, 6614188.0, 1, 0.0214638680447
18187530.0, 6607946.0, 1, 0.0207291727219
18952884.0, 6390894.0, 1, 0.0203206645095
17161722.0, 6955492.0, 1, 0.0198192369582
19072340.0, 6303642.0, 1, 0.0176449369413
18016714.0, 6706106.0, 1, 0.0148937232501
16440704.0, 8320016.0, 1, 0.0146298191099
16490244.0, 8185428.0, 1, 0.0146070382094
18063094.0, 6627720.0, 1, 0.0129677379961
18996838.0, 6318426.0, 1, 0.012681069546
17321632.0, 6852856.0, 1, 0.0123564498132
19072340.0, 6303642.0, 1, 0.0119959440281
18154450.0, 6614188.0, 1, 0.0100245308297
18187530.0, 6607946.0, 1, 0.00989264140583
17990104.0, 6729276.0, 1, 0.0085527936334
16316918.0, 8338366.0, 1, 0.00715805619516
15747256.0, 9419518.0, 1, 0.006102883736
15736548.0, 9662732.0, 1, 0.00606211791407
18063094.0, 6627720.0, 1, 0.0
18187530.0, 6607946.0, 1, 0.0
18187530.0, 6607946.0, 1, 0.0
18996838.0, 6318426.0, 1, 0.0
15720466.0, 9681210.0, 1, 0.0
15720466.0, 9681210.0, 1, 0.0
15720466.0, 9681210.0, 1, 0.0
15720466.0, 9681210.0, 1, 0.0
15736548.0, 9662732.0, 1, 0.0
15736548.0, 9662732.0, 1, 0.0
15736548.0, 9662732.0, 1, 0.0
15747256.0, 9419518.0, 1, 0.0
15747256.0, 9419518.0, 1, 0.0
15747256.0, 9419518.0, 1, 0.0
15747256.0, 9419518.0, 1, 0.0
15747256.0, 9419518.0, 1, 0.0
15765830.0, 9400836.0, 1, 0.0
15765830.0, 9400836.0, 1, 0.0
15765830.0, 9400836.0, 1, 0.0
16001062.0, 9253102.0, 1, 0.0
16001062.0, 9253102.0, 1, 0.0
16316918.0, 8338366.0, 1, 0.0
17161722.0, 6955492.0, 1, 0.0
17161722.0, 6955492.0, 1, 0.0
17161722.0, 6955492.0, 1, 0.0
17321632.0, 6852856.0, 1, 0.0
17321632.0, 6852856.0, 1, 0.0
17321632.0, 6852856.0, 1, 0.0
17321632.0, 6852856.0, 1, 0.0
17321632.0, 6852856.0, 1, 0.0
17321632.0, 6852856.0, 1, 0.0
17321632.0, 6852856.0, 1, 0.0
17321632.0, 6852856.0, 1, 0.0
17990104.0, 6729276.0, 1, 0.0
19741966.0, 6314778.0, 2, inf
15313496.0, 12710748.0, 2, inf
15613532.0, 12403182.0, 2, 0.494276815292
15819410.0, 10280052.0, 2, 0.386306922555
18911694.0, 6580602.0, 2, 0.335191207143
16607768.0, 8610988.0, 2, 0.282630136436
16258834.0, 9644794.0, 2, 0.282306267171
16921072.0, 7586146.0, 2, 0.256929152427
19390460.0, 6346818.0, 2, 0.229046238756
18141150.0, 6686332.0, 2, 0.210126064168
15859170.0, 9976954.0, 2, 0.190679459799
16414644.0, 8973594.0, 2, 0.188777326704
17197514.0, 7015538.0, 2, 0.147854950067
17027528.0, 7319250.0, 2, 0.125688484857
17410386.0, 6926530.0, 2, 0.12367854491
17852368.0, 6821194.0, 2, 0.121278729307
17681754.0, 6923874.0, 2, 0.116273793345
16546848.0, 8853354.0, 2, 0.100302530265
18070440.0, 6709552.0, 2, 0.0862957969902
16935142.0, 7440498.0, 2, 0.0657677782723
15841628.0, 10261810.0, 2, 0.0563671728471
18110570.0, 6710048.0, 3, inf
15384290.0, 12919992.0, 3, inf
16003766.0, 10500226.0, 3, 0.76268858887
17907110.0, 6824440.0, 3, 0.364619219328
17017230.0, 7682524.0, 3, 0.354083403974
16777078.0, 8797808.0, 3, 0.321856261038
17258066.0, 7032472.0, 3, 0.292504064619
16260006.0, 10178452.0, 3, 0.290360416509
16509848.0, 9849862.0, 3, 0.206170957401
17116024.0, 7371024.0, 3, 0.172083105116
16530106.0, 9513378.0, 3, 0.167115442572
16581464.0, 8975212.0, 3, 0.129816014524
16699114.0, 8956626.0, 3, 0.100318980224
17201200.0, 7032946.0, 3, 0.075299851854
17201200.0, 7032946.0, 3, 0.031318901487
16581464.0, 8975212.0, 3, 0.021831065387
19117528.0, 6923382.0, 4, inf
16605772.0, 9660920.0, 4, inf
18613558.0, 6931520.0, 4, 0.570725034686
17197334.0, 7988640.0, 4, 0.561954971317
17825890.0, 7078020.0, 4, 0.554102197945
17191664.0, 8865738.0, 4, 0.475783389516
17442182.0, 7600402.0, 4, 0.395893205991
17148640.0, 9238044.0, 4, 0.352131170137
17443420.0, 7173074.0, 4, 0.343586664658
17148640.0, 9238044.0, 4, 0.171602159202
18607946.0, 7080578.0, 5, inf
16643620.0, 11047822.0, 5, inf
17801294.0, 8475400.0, 5, 0.928843414327
18034126.0, 7177970.0, 5, 0.762235404432
17474408.0, 9732486.0, 5, 0.565860220098
16882668.0, 10524716.0, 5, 0.537551578992
Generacion: 298
19822694.0, 6273594.0, 1, inf
15247730.0, 11253932.0, 1, inf
15253784.0, 10533232.0, 1, 0.345079167877
15598096.0, 9916732.0, 1, 0.27308494098
16906902.0, 7329338.0, 1, 0.20163358275
18914362.0, 6424106.0, 1, 0.189046032705
16759046.0, 8031182.0, 1, 0.179697041069
19185380.0, 6284830.0, 1, 0.160174337091
16316918.0, 8338366.0, 1, 0.15830417746
16301142.0, 8992020.0, 1, 0.147819723375
18275566.0, 6595074.0, 1, 0.142213203238
16225322.0, 9070304.0, 1, 0.109658155538
17852368.0, 6821194.0, 1, 0.105411868198
17442302.0, 6835196.0, 1, 0.0931785619446
16581656.0, 8184920.0, 1, 0.0897259881759
16021292.0, 9233508.0, 1, 0.0886087913389
16021292.0, 9233508.0, 1, 0.0781947919121
17027528.0, 7319250.0, 1, 0.066685094933
17037622.0, 7118450.0, 1, 0.0651222226774
16759046.0, 8031182.0, 1, 0.0631874948889
15765830.0, 9400836.0, 1, 0.0595902789407
17899764.0, 6742608.0, 1, 0.0590313773772
16440704.0, 8320016.0, 1, 0.0540811307511
18275566.0, 6595074.0, 1, 0.0535715867124
15747256.0, 9419518.0, 1, 0.0528947607747
15736548.0, 9662732.0, 1, 0.052350057035
15720466.0, 9681210.0, 1, 0.0508055835474
16490244.0, 8185428.0, 1, 0.0470047909154
17321632.0, 6852856.0, 1, 0.0434155695935
18016714.0, 6706106.0, 1, 0.0413021350888
15765830.0, 9400836.0, 1, 0.0376576423302
17281742.0, 6937718.0, 1, 0.0375110840062
18063094.0, 6627720.0, 1, 0.0357077741278
17161722.0, 6955492.0, 1, 0.0356982345445
17078728.0, 7050656.0, 1, 0.0317532368985
18996838.0, 6318426.0, 1, 0.0310541189041
15720466.0, 9681210.0, 1, 0.0304579414087
17442302.0, 6835196.0, 1, 0.029187619603
19113198.0, 6298954.0, 1, 0.0284856448203
17078728.0, 7050656.0, 1, 0.0280929287978
18952884.0, 6390894.0, 1, 0.0229709951899
18154450.0, 6614188.0, 1, 0.0212220103101
18187530.0, 6607946.0, 1, 0.0204963215397
17161722.0, 6955492.0, 1, 0.0196010496373
16301142.0, 8992020.0, 1, 0.0191669450147
17237622.0, 6948220.0, 1, 0.0186989867023
18016714.0, 6706106.0, 1, 0.0174670061211
19072340.0, 6303642.0, 1, 0.0174446008352
18952884.0, 6390894.0, 1, 0.0162761309899
16440704.0, 8320016.0, 1, 0.0145129893925
17852368.0, 6821194.0, 1, 0.0131713187097
18063094.0, 6627720.0, 1, 0.0128548693545
18996838.0, 6318426.0, 1, 0.0125759805182
17321632.0, 6852856.0, 1, 0.0122651383636
19072340.0, 6303642.0, 1, 0.0118992538816
17237622.0, 6948220.0, 1, 0.0111039335944
16490244.0, 8185428.0, 1, 0.0109305016176
18154450.0, 6614188.0, 1, 0.00994774265361
18187530.0, 6607946.0, 1, 0.00981522152753
16316918.0, 8338366.0, 1, 0.00713282202944
15747256.0, 9419518.0, 1, 0.00609171589194
15736548.0, 9662732.0, 1, 0.00605075481661
17027528.0, 7319250.0, 1, 0.00423192149242
15736548.0, 9662732.0, 1, 0.0
15747256.0, 9419518.0, 1, 0.0
15747256.0, 9419518.0, 1, 0.0
15747256.0, 9419518.0, 1, 0.0
15747256.0, 9419518.0, 1, 0.0
15747256.0, 9419518.0, 1, 0.0
15747256.0, 9419518.0, 1, 0.0
15765830.0, 9400836.0, 1, 0.0
15765830.0, 9400836.0, 1, 0.0
15765830.0, 9400836.0, 1, 0.0
15765830.0, 9400836.0, 1, 0.0
16301142.0, 8992020.0, 1, 0.0
16301142.0, 8992020.0, 1, 0.0
16301142.0, 8992020.0, 1, 0.0
16316918.0, 8338366.0, 1, 0.0
17161722.0, 6955492.0, 1, 0.0
17161722.0, 6955492.0, 1, 0.0
17161722.0, 6955492.0, 1, 0.0
17321632.0, 6852856.0, 1, 0.0
17321632.0, 6852856.0, 1, 0.0
17321632.0, 6852856.0, 1, 0.0
17442302.0, 6835196.0, 1, 0.0
17442302.0, 6835196.0, 1, 0.0
18063094.0, 6627720.0, 1, 0.0
18063094.0, 6627720.0, 1, 0.0
18063094.0, 6627720.0, 1, 0.0
18063094.0, 6627720.0, 1, 0.0
18154450.0, 6614188.0, 1, 0.0
18154450.0, 6614188.0, 1, 0.0
18275566.0, 6595074.0, 1, 0.0
19072340.0, 6303642.0, 1, 0.0
19072340.0, 6303642.0, 1, 0.0
15720466.0, 9681210.0, 1, 0.0
15720466.0, 9681210.0, 1, 0.0
15736548.0, 9662732.0, 1, 0.0
15736548.0, 9662732.0, 1, 0.0
15736548.0, 9662732.0, 1, 0.0
19765586.0, 6297200.0, 2, inf
15274746.0, 11296408.0, 2, inf
16935142.0, 7440498.0, 2, 0.391769944247
15717548.0, 10063818.0, 2, 0.384877411983
16188720.0, 9379730.0, 2, 0.324394236921
16590228.0, 8298046.0, 2, 0.317849803998
18836694.0, 6623388.0, 2, 0.281209132603
19069244.0, 6371422.0, 2, 0.263313664999
16414644.0, 8973594.0, 2, 0.22599823132
18110570.0, 6710048.0, 2, 0.218063784158
15859170.0, 9976954.0, 2, 0.202038526799
17197514.0, 7015538.0, 2, 0.196762089498
19741966.0, 6314778.0, 2, 0.169905048169
18009390.0, 6903512.0, 2, 0.167403654554
17377398.0, 6925930.0, 2, 0.14986082529
16531386.0, 8631374.0, 2, 0.10472011966
16560894.0, 8612882.0, 2, 0.0797788327192
18016170.0, 6800126.0, 2, 0.0612292360448
17360744.0, 6930624.0, 2, 0.057980197174
15834460.0, 9995400.0, 2, 0.0489113006107
15517282.0, 12691886.0, 3, inf
22077312.0, 6370912.0, 3, inf
17258066.0, 7032472.0, 3, 0.848042430733
15754656.0, 11705980.0, 3, 0.420887017125
17019298.0, 7807192.0, 3, 0.333053501581
16546848.0, 8853354.0, 3, 0.308050491274
16634824.0, 8592432.0, 3, 0.237525942892
16003766.0, 10500226.0, 3, 0.226772590807
16260006.0, 10178452.0, 3, 0.212677766388
17201200.0, 7032946.0, 3, 0.15896078428
16003766.0, 10500226.0, 3, 0.0859535426919
16240046.0, 10196948.0, 3, 0.0510222999994
16260006.0, 10178452.0, 3, 0.0466518459899
16240046.0, 10196948.0, 3, 0.0389442592868
16003766.0, 10500226.0, 3, 0.0
16240046.0, 10196948.0, 3, 0.0
16003766.0, 10500226.0, 3, 0.0
16581050.0, 9680458.0, 4, inf
17729570.0, 7038640.0, 4, inf
17273430.0, 7254836.0, 4, 1.35180743412
16800864.0, 8777900.0, 4, 1.14422258113
16581464.0, 8975212.0, 4, 0.376786750963
17604890.0, 7056086.0, 4, 0.295201285117
16699114.0, 8956626.0, 4, 0.265716415104
17604890.0, 7056086.0, 4, 0.183789382795
16629418.0, 9904552.0, 5, inf
17825890.0, 7078020.0, 5, inf
17825890.0, 7078020.0, 5, inf
17318220.0, 7510258.0, 5, 0.977814256011
17296292.0, 8895418.0, 5, 0.652545194955
Generacion: 299
15247730.0, 11253932.0, 1, inf
19822694.0, 6273594.0, 1, inf
15482784.0, 9906682.0, 1, 0.419117283965
18911694.0, 6580602.0, 1, 0.173957233463
16867018.0, 7613474.0, 1, 0.173241471145
15817042.0, 9155396.0, 1, 0.166803583251
16316918.0, 8338366.0, 1, 0.165436999489
19185380.0, 6284830.0, 1, 0.160174337091
16301142.0, 8992020.0, 1, 0.147819723375
18275566.0, 6595074.0, 1, 0.14288335784
16759046.0, 8031182.0, 1, 0.14262641381
16490244.0, 8185428.0, 1, 0.127578357345
17442302.0, 6835196.0, 1, 0.122366181548
17852368.0, 6821194.0, 1, 0.112741089628
16225322.0, 9070304.0, 1, 0.104960844158
17078728.0, 7050656.0, 1, 0.102371070516
18016714.0, 6706106.0, 1, 0.0849082544749
16906902.0, 7329338.0, 1, 0.0834180957856
17027528.0, 7319250.0, 1, 0.0802974240561
16440704.0, 8320016.0, 1, 0.0685941201436
15720466.0, 9681210.0, 1, 0.0556629484863
16759046.0, 8031182.0, 1, 0.0545716131906
15765830.0, 9400836.0, 1, 0.0533417183909
15747256.0, 9419518.0, 1, 0.0528947607747
15736548.0, 9662732.0, 1, 0.052350057035
15720466.0, 9681210.0, 1, 0.0487876482186
18914362.0, 6424106.0, 1, 0.0470947401189
17321632.0, 6852856.0, 1, 0.0434155695935
18952884.0, 6390894.0, 1, 0.0392471261798
17852368.0, 6821194.0, 1, 0.0387343613915
17281742.0, 6937718.0, 1, 0.0375110840062
18063094.0, 6627720.0, 1, 0.0357077741278
17161722.0, 6955492.0, 1, 0.0356982345445
16225322.0, 9070304.0, 1, 0.0336583953684
18996838.0, 6318426.0, 1, 0.0310541189041
17237622.0, 6948220.0, 1, 0.0298029202967
18275566.0, 6595074.0, 1, 0.0293794778138
18154450.0, 6614188.0, 1, 0.0291907356039
18154450.0, 6614188.0, 1, 0.0238065738478
17161722.0, 6955492.0, 1, 0.0196010496373
16301142.0, 8992020.0, 1, 0.0191669450147
19072340.0, 6303642.0, 1, 0.0174446008352
19113198.0, 6298954.0, 1, 0.0167189120648
15765830.0, 9400836.0, 1, 0.0149451188914
17027528.0, 7319250.0, 1, 0.0132169102268
18063094.0, 6627720.0, 1, 0.0128548693545
18996838.0, 6318426.0, 1, 0.0125759805182
17321632.0, 6852856.0, 1, 0.0122651383636
19072340.0, 6303642.0, 1, 0.0118992538816
19113198.0, 6298954.0, 1, 0.0117667327555
16906902.0, 7329338.0, 1, 0.0107434481405
15747256.0, 9419518.0, 1, 0.00609171589194
15736548.0, 9662732.0, 1, 0.00605075481661
18063094.0, 6627720.0, 1, 0.0
18063094.0, 6627720.0, 1, 0.0
18063094.0, 6627720.0, 1, 0.0
18063094.0, 6627720.0, 1, 0.0
18063094.0, 6627720.0, 1, 0.0
18063094.0, 6627720.0, 1, 0.0
18063094.0, 6627720.0, 1, 0.0
18154450.0, 6614188.0, 1, 0.0
18275566.0, 6595074.0, 1, 0.0
18275566.0, 6595074.0, 1, 0.0
18996838.0, 6318426.0, 1, 0.0
18996838.0, 6318426.0, 1, 0.0
18996838.0, 6318426.0, 1, 0.0
19072340.0, 6303642.0, 1, 0.0
19072340.0, 6303642.0, 1, 0.0
19072340.0, 6303642.0, 1, 0.0
15720466.0, 9681210.0, 1, 0.0
15720466.0, 9681210.0, 1, 0.0
15720466.0, 9681210.0, 1, 0.0
15720466.0, 9681210.0, 1, 0.0
15736548.0, 9662732.0, 1, 0.0
15736548.0, 9662732.0, 1, 0.0
15736548.0, 9662732.0, 1, 0.0
15747256.0, 9419518.0, 1, 0.0
15747256.0, 9419518.0, 1, 0.0
15747256.0, 9419518.0, 1, 0.0
15747256.0, 9419518.0, 1, 0.0
15747256.0, 9419518.0, 1, 0.0
16301142.0, 8992020.0, 1, 0.0
16301142.0, 8992020.0, 1, 0.0
16759046.0, 8031182.0, 1, 0.0
17321632.0, 6852856.0, 1, 0.0
17321632.0, 6852856.0, 1, 0.0
17852368.0, 6821194.0, 1, 0.0
15313496.0, 12710748.0, 2, inf
19802394.0, 6290512.0, 2, inf
15394442.0, 11460068.0, 2, 0.498589848236
15598096.0, 9916732.0, 2, 0.478889382628
16607768.0, 8610988.0, 2, 0.299018772672
17197514.0, 7015538.0, 2, 0.283726120145
18136810.0, 6782568.0, 2, 0.261491822142
16935142.0, 7440498.0, 2, 0.222608026069
16001062.0, 9253102.0, 2, 0.20069341717
19069244.0, 6371422.0, 2, 0.183115476019
19741966.0, 6314778.0, 2, 0.166686012431
18723386.0, 6642056.0, 2, 0.164751607269
18141150.0, 6686332.0, 2, 0.152558405897
16379052.0, 9132872.0, 2, 0.128111301482
16021292.0, 9233508.0, 2, 0.102932248091
18836694.0, 6623388.0, 2, 0.0947714572937
18986544.0, 6409982.0, 2, 0.0910511857447
16935142.0, 7440498.0, 2, 0.0837508010017
17137942.0, 7175528.0, 2, 0.0735232917211
17116024.0, 7371024.0, 2, 0.0707453842597
16517408.0, 8762806.0, 2, 0.0629375359239
16445090.0, 8782392.0, 2, 0.0557247387364
16414644.0, 8973594.0, 2, 0.0377100430297
16414644.0, 8973594.0, 2, 0.0315912563343
19765586.0, 6297200.0, 2, 0.017241267685
17116024.0, 7371024.0, 2, 0.015703810404
16414644.0, 8973594.0, 2, 0.0
17116024.0, 7371024.0, 2, 0.0
15717548.0, 10063818.0, 3, inf
18905082.0, 6631304.0, 3, inf
17098086.0, 8103894.0, 3, 0.622137980004
17825890.0, 7078020.0, 3, 0.550184426328
16388688.0, 9555970.0, 3, 0.462267224073
16699114.0, 8956626.0, 3, 0.415918280311
18641654.0, 6839700.0, 3, 0.397616799826
17273430.0, 7254836.0, 3, 0.278654005922
17147192.0, 7303644.0, 3, 0.272741816536
15834460.0, 9995400.0, 3, 0.193805925811
15834460.0, 9995400.0, 3, 0.164697754429
16490062.0, 9114650.0, 3, 0.157245319376
18745396.0, 6703370.0, 3, 0.143355549425
16581464.0, 8975212.0, 3, 0.111621635778
16490062.0, 9114650.0, 3, 0.0724259725506
17147192.0, 7303644.0, 3, 0.0296249552334
15754656.0, 11705980.0, 4, inf
17989444.0, 7137686.0, 4, inf
16492484.0, 9780748.0, 4, 0.945852829413
17184768.0, 7747892.0, 4, 0.877560980899
17243312.0, 7306614.0, 4, 0.493642311217
15819410.0, 10280052.0, 4, 0.322077660231
15841628.0, 10261810.0, 4, 0.20641335422
16240046.0, 10196948.0, 4, 0.205458568177
16260006.0, 10178452.0, 4, 0.204064586022
15819410.0, 10280052.0, 4, 0.0329686309605
16003766.0, 10500226.0, 5, inf
16003766.0, 10500226.0, 5, inf
17642732.0, 7567168.0, 5, inf
17128500.0, 10220742.0, 5, 1.44726137972
17197334.0, 7988640.0, 5, 0.966713605674
17349052.0, 7780010.0, 5, 0.275294166776
17128500.0, 10220742.0, 5, 0.13728601112
17476736.0, 7681198.0, 5, 0.134970000831
17476736.0, 7681198.0, 5, 0.116782728671
Generacion: 300
21230622.0, 6276784.0, 1, inf
15223184.0, 11443200.0, 1, inf
15462410.0, 9925046.0, 1, 0.389990804808
19185380.0, 6284830.0, 1, 0.343185430195
15277760.0, 11236698.0, 1, 0.292951920715
16800464.0, 7596510.0, 1, 0.160459520779
16316918.0, 8338366.0, 1, 0.155371715599
15680064.0, 9567826.0, 1, 0.148229577782
16301142.0, 8992020.0, 1, 0.132241389493
16759046.0, 8031182.0, 1, 0.113662541013
18754666.0, 6586582.0, 1, 0.108691233109
15693232.0, 9357738.0, 1, 0.102630434817
16243908.0, 9050530.0, 1, 0.0951297344951
17078728.0, 7050656.0, 1, 0.0919243817675
15836930.0, 9134536.0, 1, 0.0913538771959
18275566.0, 6595074.0, 1, 0.0822426108916
16581656.0, 8184920.0, 1, 0.0746003776062
18911694.0, 6580602.0, 1, 0.0739523695782
16490244.0, 8185428.0, 1, 0.0737690366786
17852368.0, 6821194.0, 1, 0.0723375893032
17442302.0, 6835196.0, 1, 0.0716779443966
16906902.0, 7329338.0, 1, 0.0715243260997
17025916.0, 7313618.0, 1, 0.0707094478553
15817042.0, 9155396.0, 1, 0.0671224969369
18986452.0, 6403850.0, 1, 0.0649193006959
15247730.0, 11253932.0, 1, 0.0490548061784
17321632.0, 6852856.0, 1, 0.0465707980858
18016170.0, 6800126.0, 1, 0.0454648341886
16759046.0, 8031182.0, 1, 0.0366516388152
17281742.0, 6937718.0, 1, 0.0324427746773
16316918.0, 8338366.0, 1, 0.0322284172889
17161722.0, 6955492.0, 1, 0.0310540699966
18063094.0, 6627720.0, 1, 0.0303793681736
17852368.0, 6821194.0, 1, 0.0299767279269
18996838.0, 6318426.0, 1, 0.0291025660372
18016714.0, 6706106.0, 1, 0.0259187315072
18187530.0, 6607946.0, 1, 0.0238606704359
17237622.0, 6948220.0, 1, 0.0234188625124
17442302.0, 6835196.0, 1, 0.022796961777
19113198.0, 6298954.0, 1, 0.0224578825124
16266770.0, 9012720.0, 1, 0.0208522550382
16906902.0, 7329338.0, 1, 0.0207604308879
18154450.0, 6614188.0, 1, 0.0164153358541
18275566.0, 6595074.0, 1, 0.0162981926204
18016714.0, 6706106.0, 1, 0.0152627743777
17161722.0, 6955492.0, 1, 0.0152227592416
19185380.0, 6284830.0, 1, 0.0135728040751
19072340.0, 6303642.0, 1, 0.013475485291
17025916.0, 7313618.0, 1, 0.0118338302305
18063094.0, 6627720.0, 1, 0.01033965309
19072340.0, 6303642.0, 1, 0.00966279358841
18154450.0, 6614188.0, 1, 0.00812573094883
16301142.0, 8992020.0, 1, 0.00663272387199
18996838.0, 6318426.0, 1, 0.00459041498043
18016170.0, 6800126.0, 1, 0.00416842967146
16906902.0, 7329338.0, 1, 0.0
16906902.0, 7329338.0, 1, 0.0
16906902.0, 7329338.0, 1, 0.0
17161722.0, 6955492.0, 1, 0.0
17161722.0, 6955492.0, 1, 0.0
17161722.0, 6955492.0, 1, 0.0
17442302.0, 6835196.0, 1, 0.0
17442302.0, 6835196.0, 1, 0.0
17852368.0, 6821194.0, 1, 0.0
18016170.0, 6800126.0, 1, 0.0
18063094.0, 6627720.0, 1, 0.0
18063094.0, 6627720.0, 1, 0.0
18063094.0, 6627720.0, 1, 0.0
18154450.0, 6614188.0, 1, 0.0
18154450.0, 6614188.0, 1, 0.0
18154450.0, 6614188.0, 1, 0.0
18275566.0, 6595074.0, 1, 0.0
18275566.0, 6595074.0, 1, 0.0
18275566.0, 6595074.0, 1, 0.0
18996838.0, 6318426.0, 1, 0.0
19072340.0, 6303642.0, 1, 0.0
19185380.0, 6284830.0, 1, 0.0
16316918.0, 8338366.0, 1, 0.0
16759046.0, 8031182.0, 1, 0.0
16906902.0, 7329338.0, 1, 0.0
19802394.0, 6290512.0, 2, inf
19802394.0, 6290512.0, 2, inf
15313496.0, 12710748.0, 2, inf
18905082.0, 6631304.0, 2, 0.350561810684
16607768.0, 8610988.0, 2, 0.345362731966
15579498.0, 10072130.0, 2, 0.279493845052
15426840.0, 11442450.0, 2, 0.257407035617
19390460.0, 6346818.0, 2, 0.252976746677
16867018.0, 7613474.0, 2, 0.229422146259
16379052.0, 9132872.0, 2, 0.227612496624
15394442.0, 11460068.0, 2, 0.222796793498
18070440.0, 6709552.0, 2, 0.209458778989
17611596.0, 6860582.0, 2, 0.195135446399
16021292.0, 9233508.0, 2, 0.140361085465
18070440.0, 6709552.0, 2, 0.114405229273
17348824.0, 6930278.0, 2, 0.103374069149
17268022.0, 7032872.0, 2, 0.103072488682
15717548.0, 10063818.0, 2, 0.0922924260909
16921072.0, 7586146.0, 2, 0.0815847045024
17147192.0, 7303644.0, 2, 0.0688325413124
17027528.0, 7319250.0, 2, 0.0682288251874
15720466.0, 9681210.0, 2, 0.0655621281903
15921652.0, 9379828.0, 2, 0.0520800900112
15747256.0, 9419518.0, 2, 0.0448982592874
15720466.0, 9681210.0, 2, 0.0414105435941
15904256.0, 9400484.0, 2, 0.0379849051841
15765830.0, 9400836.0, 2, 0.0337472745372
17147192.0, 7303644.0, 2, 0.0293482713896
17027528.0, 7319250.0, 2, 0.0261461491761
15747256.0, 9419518.0, 2, 0.00887791907401
15765830.0, 9400836.0, 2, 0.0041925905238
17027528.0, 7319250.0, 2, 0.0
19802394.0, 6290512.0, 2, 0.0
15720466.0, 9681210.0, 2, 0.0
15720466.0, 9681210.0, 2, 0.0
15720466.0, 9681210.0, 2, 0.0
15720466.0, 9681210.0, 2, 0.0
15720466.0, 9681210.0, 2, 0.0
15720466.0, 9681210.0, 2, 0.0
15720466.0, 9681210.0, 2, 0.0
15747256.0, 9419518.0, 2, 0.0
15747256.0, 9419518.0, 2, 0.0
15747256.0, 9419518.0, 2, 0.0
15747256.0, 9419518.0, 2, 0.0
15747256.0, 9419518.0, 2, 0.0
15747256.0, 9419518.0, 2, 0.0
17027528.0, 7319250.0, 2, 0.0
21186558.0, 6293676.0, 3, inf
15819410.0, 10280052.0, 3, inf
18110570.0, 6710048.0, 3, 0.685998991367
20186958.0, 6295106.0, 3, 0.677562816009
16881030.0, 8012882.0, 3, 0.284852281201
16141658.0, 10090334.0, 3, 0.272379984111
16682356.0, 9115334.0, 3, 0.256959959187
17360744.0, 6930624.0, 3, 0.253383612632
16176596.0, 9459538.0, 3, 0.2415783253
16997724.0, 7603276.0, 3, 0.204796684892
16844054.0, 8624668.0, 3, 0.183596576156
16307410.0, 9250422.0, 3, 0.180577633506
16844054.0, 8624668.0, 3, 0.129975049985
17116024.0, 7371024.0, 3, 0.108257849506
17283622.0, 7105926.0, 3, 0.0975982403666
17273430.0, 7254836.0, 3, 0.0697727330323
17242506.0, 7353528.0, 3, 0.0584739523789
16003766.0, 10500226.0, 4, inf
18119574.0, 6874848.0, 4, inf
17148640.0, 9238044.0, 4, 0.731579464428
17196480.0, 7530886.0, 4, 0.556729974244
16388688.0, 9555970.0, 4, 0.455851193812
16732700.0, 9388464.0, 4, 0.4468727282
