fd1 = 60.557787
fd2 = 55.481876
fd3 = 57.481448
fd4 = 56.189892
dd = 59.164131
