fd1 = 60.557787
fd2 = 55.943852
fd3 = 58.021118
fd4 = 55.312410
dd = 59.164131
