fd1 = 59.011253
fd2 = 55.600016
dd = 59.164131
