n_fac = 60
n_k = 3
corr[1] = 0.500000
corr[2] = 0.500000
overlap = 1.000000
A = -5
B = 5
M = 0
m = 100
K = 1
seed = 23453464
fd1 = 329.524793
fd2 = 364.244954
fd3 = 385.698996
dd = 56.273446
