fd1 = 58.118428
fd2 = 57.040399
dd = 59.164131
